/*--------------------------------*- C++ -*----------------------------------*\
| =========                 |                                                 |
| \\      /  F ield         | OpenFOAM: The Open Source CFD Toolbox           |
|  \\    /   O peration     | Version:  2.4.0                                 |
|   \\  /    A nd           | Web:      www.OpenFOAM.org                      |
|    \\/     M anipulation  |                                                 |
\*---------------------------------------------------------------------------*/
FoamFile
{
    version     2.0;
    format      ascii;
    class       volVectorField;
    location    "0.124";
    object      U;
}
// * * * * * * * * * * * * * * * * * * * * * * * * * * * * * * * * * * * * * //

dimensions      [0 1 -1 0 0 0 0];

internalField   nonuniform List<vector> 
3600
(
(-0.00386293 9.02304e-05 0)
(-0.00568033 -0.000129369 0)
(0.000628391 -0.000261032 0)
(0.00833536 -0.000276572 0)
(0.0169329 -0.000359394 0)
(0.026322 -0.000313135 0)
(0.0345841 -0.000286925 0)
(0.0410783 -0.000166746 0)
(0.0465454 4.95816e-05 0)
(0.0437872 0.000508879 0)
(0.0456322 0.000637617 0)
(0.0290948 0.00120603 0)
(0.0286795 0.00123236 0)
(0.0119956 0.001883 0)
(-0.00515152 0.00148394 0)
(-0.00706439 0.00163468 0)
(-0.0259909 0.000698246 0)
(-0.0277417 -0.000761653 0)
(-0.0329581 -0.0025515 0)
(-0.0319622 0.00156576 0)
(-0.0530887 0.00440377 0)
(-0.0584925 -0.001311 0)
(-0.042554 -0.00327057 0)
(-0.0385551 -0.00141523 0)
(-0.0245969 -0.00304778 0)
(-0.018804 0.000757431 0)
(-0.023292 0.00608015 0)
(-0.0341561 -0.00575388 0)
(-0.0110619 -0.0231659 0)
(0.0117688 0.00212696 0)
(-0.00704439 0.000601402 0)
(-0.0127775 -0.000241686 0)
(-0.00655615 -0.000923851 0)
(0.00253493 -0.00113998 0)
(0.0134619 -0.00155386 0)
(0.0262466 -0.00158587 0)
(0.0383573 -0.00162084 0)
(0.0488405 -0.00141084 0)
(0.0591216 -0.000668742 0)
(0.0583807 0.000315138 0)
(0.0688568 0.00137993 0)
(0.0469418 0.00304967 0)
(0.0581129 0.00193541 0)
(0.0410668 0.00711904 0)
(0.0174578 0.00382954 0)
(0.026773 0.00479332 0)
(-0.00127249 0.00726477 0)
(-0.0149368 0.00373425 0)
(-0.0368683 0.00369942 0)
(-0.0586424 0.00795239 0)
(-0.0718406 0.00862496 0)
(-0.0820017 -0.00271528 0)
(-0.0850386 -0.00806117 0)
(-0.072229 -0.0111734 0)
(-0.0567819 -0.0141729 0)
(-0.0489996 -0.00206433 0)
(-0.0281617 0.0114118 0)
(-0.0202192 -0.00951188 0)
(-0.0133797 -0.0345516 0)
(-0.000542271 0.0040212 0)
(-0.00788609 0.00137962 0)
(-0.014757 -0.000243293 0)
(-0.0089046 -0.00154034 0)
(4.63946e-05 -0.00199174 0)
(0.0110549 -0.00276744 0)
(0.0241521 -0.00293474 0)
(0.0367143 -0.00308055 0)
(0.047831 -0.00284944 0)
(0.0589305 -0.00156491 0)
(0.0587476 -0.000306177 0)
(0.0715299 0.00200555 0)
(0.0469625 0.00435028 0)
(0.0664473 0.00158676 0)
(0.0455804 0.0121824 0)
(0.0301371 0.0053673 0)
(0.0390988 0.0068296 0)
(0.0168479 0.0145033 0)
(-0.00173288 0.0124504 0)
(-0.0226111 0.0151373 0)
(-0.0529964 0.0154319 0)
(-0.0763531 0.0173957 0)
(-0.0954728 0.00724144 0)
(-0.109434 -0.00983242 0)
(-0.101178 -0.0207927 0)
(-0.0920348 -0.0205152 0)
(-0.0740996 -0.0201468 0)
(-0.0393441 -0.0148904 0)
(-0.0157047 -0.0273802 0)
(-0.0112194 -0.0386925 0)
(-0.00623978 -0.0138967 0)
(-0.00812832 0.00217057 0)
(-0.0152832 -0.00023733 0)
(-0.00946527 -0.00216511 0)
(-0.000553748 -0.0028533 0)
(0.0104658 -0.00399655 0)
(0.023625 -0.00430522 0)
(0.0362636 -0.00457129 0)
(0.0475659 -0.00432869 0)
(0.0588557 -0.00249559 0)
(0.0587378 -0.00102356 0)
(0.0725915 0.00290321 0)
(0.043556 0.00499966 0)
(0.0743068 0.00136324 0)
(0.0375714 0.0165923 0)
(0.0440799 0.00590782 0)
(0.0441033 0.00802958 0)
(0.0285167 0.0214291 0)
(0.0059017 0.0191395 0)
(-0.00538631 0.0268026 0)
(-0.04197 0.0288865 0)
(-0.0680534 0.0293502 0)
(-0.0920376 0.0176843 0)
(-0.105226 -0.00468844 0)
(-0.10437 -0.0283968 0)
(-0.0972768 -0.0386299 0)
(-0.0743179 -0.0439627 0)
(-0.0572887 -0.0428242 0)
(-0.0373931 -0.0421834 0)
(-0.0320324 -0.0418719 0)
(-0.00985297 -0.0268079 0)
(-0.00825809 0.00297559 0)
(-0.0155387 -0.000224567 0)
(-0.00966533 -0.00279164 0)
(-0.000734124 -0.00371552 0)
(0.0103062 -0.00522787 0)
(0.0235196 -0.00567776 0)
(0.0362105 -0.00607493 0)
(0.0476916 -0.00583114 0)
(0.0591299 -0.00343491 0)
(0.0591826 -0.00184053 0)
(0.0735778 0.00420882 0)
(0.0408032 0.004781 0)
(0.0809903 0.00265176 0)
(0.0204544 0.0199811 0)
(0.0602047 0.00417268 0)
(0.0433648 0.00966245 0)
(0.0329679 0.0280693 0)
(0.0127592 0.0237335 0)
(0.0169325 0.0346958 0)
(-0.0101356 0.0398727 0)
(-0.0453786 0.0403235 0)
(-0.0625463 0.0286344 0)
(-0.0724216 -0.00146616 0)
(-0.0745089 -0.0286087 0)
(-0.0756357 -0.0487887 0)
(-0.0616788 -0.0606894 0)
(-0.0544524 -0.0612993 0)
(-0.0361731 -0.0633117 0)
(-0.0224125 -0.0668702 0)
(-0.00720419 -0.0638854 0)
(-0.00838611 0.00379167 0)
(-0.0157864 -0.000211643 0)
(-0.00983224 -0.00342348 0)
(-0.000865962 -0.00458064 0)
(0.0101929 -0.00646351 0)
(0.0234615 -0.00705274 0)
(0.0362032 -0.00759601 0)
(0.0478982 -0.00736246 0)
(0.0594792 -0.00440527 0)
(0.0599971 -0.0027007 0)
(0.074041 0.00571188 0)
(0.0409009 0.00411021 0)
(0.0839132 0.00616382 0)
(0.00373478 0.0217886 0)
(0.0726505 0.000651701 0)
(0.0300017 0.0141628 0)
(0.0333485 0.0337564 0)
(0.0175301 0.0252518 0)
(0.0248514 0.0368477 0)
(0.0204514 0.0550885 0)
(-0.00668489 0.0536191 0)
(-0.0130915 0.0350105 0)
(-0.0197189 0.00869813 0)
(-0.0223879 -0.0196449 0)
(-0.0262892 -0.0452446 0)
(-0.0155059 -0.0613443 0)
(-0.0147556 -0.069047 0)
(-0.00861346 -0.0761605 0)
(-0.00448349 -0.0789075 0)
(-0.00113601 -0.0772966 0)
(-0.00853569 0.00462148 0)
(-0.0160765 -0.000197978 0)
(-0.0100238 -0.00406125 0)
(-0.00101388 -0.00544831 0)
(0.0100638 -0.00770255 0)
(0.0233936 -0.00842894 0)
(0.0361911 -0.00913731 0)
(0.0481465 -0.0089261 0)
(0.0598709 -0.00543138 0)
(0.0611929 -0.00353905 0)
(0.0737789 0.00715808 0)
(0.0445473 0.00328982 0)
(0.0843781 0.0111252 0)
(-0.00316574 0.0219526 0)
(0.0766305 -0.00050497 0)
(0.00621479 0.0187571 0)
(0.0408355 0.03498 0)
(0.0211869 0.0279515 0)
(0.0303304 0.0334191 0)
(0.0397129 0.0579173 0)
(0.0333481 0.0575639 0)
(0.0210893 0.04063 0)
(0.0133817 0.00725165 0)
(0.00880584 -0.0215515 0)
(-0.00197486 -0.0489476 0)
(0.00748892 -0.0674285 0)
(0.0123378 -0.0662669 0)
(0.0122736 -0.0680899 0)
(0.0100301 -0.0716862 0)
(0.00481089 -0.0690921 0)
(-0.00871185 0.00546769 0)
(-0.0164187 -0.000183367 0)
(-0.010249 -0.00470607 0)
(-0.00118674 -0.0063192 0)
(0.00991145 -0.00894524 0)
(0.0233091 -0.00980612 0)
(0.036169 -0.0107029 0)
(0.0484318 -0.0105276 0)
(0.0603239 -0.00654157 0)
(0.0626814 -0.0042489 0)
(0.0726798 0.00820217 0)
(0.0521806 0.00244955 0)
(0.0798473 0.0165176 0)
(0.00912729 0.022183 0)
(0.0708815 0.000766923 0)
(-0.00283179 0.0227574 0)
(0.0402145 0.0320913 0)
(0.0230969 0.0276932 0)
(0.0190861 0.0292899 0)
(0.0478503 0.053981 0)
(0.0577377 0.0622706 0)
(0.0524508 0.049249 0)
(0.0493153 0.013058 0)
(0.0367104 -0.0116194 0)
(0.0205046 -0.0473964 0)
(0.0206679 -0.0754128 0)
(0.0143608 -0.0736036 0)
(0.00949202 -0.0685851 0)
(0.00746141 -0.0658051 0)
(0.00430617 -0.060383 0)
(-0.00891599 0.00633305 0)
(-0.0168153 -0.000167678 0)
(-0.0105091 -0.00535908 0)
(-0.00138544 -0.00719383 0)
(0.00973534 -0.0101922 0)
(0.0232066 -0.0111837 0)
(0.036135 -0.0122955 0)
(0.0487485 -0.0121758 0)
(0.0608902 -0.00774329 0)
(0.0641175 -0.00477598 0)
(0.0718715 0.00841008 0)
(0.0599837 0.00296246 0)
(0.0662899 0.0204865 0)
(0.0342969 0.0230195 0)
(0.0561358 0.00520784 0)
(0.00524122 0.0251189 0)
(0.0219872 0.0273715 0)
(0.0219166 0.0332421 0)
(0.00628665 0.0256188 0)
(0.0390534 0.037596 0)
(0.0702911 0.0554299 0)
(0.0848717 0.0475069 0)
(0.0749492 0.0233636 0)
(0.0603468 0.000587661 0)
(0.0523269 -0.0337158 0)
(0.047842 -0.0605594 0)
(0.0341111 -0.056689 0)
(0.0131071 -0.0595837 0)
(-2.99004e-05 -0.0658981 0)
(0.00117898 -0.0607584 0)
(-0.00914889 0.00722042 0)
(-0.0172676 -0.000150754 0)
(-0.0108046 -0.00602156 0)
(-0.00160991 -0.00807272 0)
(0.00953563 -0.0114433 0)
(0.0230848 -0.012561 0)
(0.0360861 -0.013917 0)
(0.0490943 -0.0138844 0)
(0.061588 -0.00900901 0)
(0.065332 -0.00529809 0)
(0.0728967 0.00822089 0)
(0.0621388 0.0050161 0)
(0.0572464 0.0216434 0)
(0.0513825 0.025185 0)
(0.0438174 0.00877669 0)
(0.0181889 0.0309188 0)
(0.00787385 0.0269387 0)
(0.0258753 0.0332455 0)
(0.0238263 0.0246316 0)
(0.0251653 0.0199522 0)
(0.0601818 0.0362306 0)
(0.0910854 0.0463329 0)
(0.0911156 0.030275 0)
(0.0803171 0.0063094 0)
(0.0742311 -0.0322515 0)
(0.0522041 -0.0607397 0)
(0.0331533 -0.0466458 0)
(0.0207847 -0.0388957 0)
(0.00449232 -0.0547484 0)
(0.000255898 -0.0631497 0)
(-0.00941129 0.00813275 0)
(-0.017777 -0.000132557 0)
(-0.0111359 -0.00669474 0)
(-0.00185986 -0.00895696 0)
(0.00931274 -0.0126981 0)
(0.0229422 -0.0139385 0)
(0.036018 -0.0155698 0)
(0.0494713 -0.0156639 0)
(0.0623677 -0.0103316 0)
(0.0667216 -0.00593904 0)
(0.0745564 0.00827579 0)
(0.0614658 0.00741503 0)
(0.0605324 0.0213403 0)
(0.0559916 0.0275643 0)
(0.0404855 0.0141466 0)
(0.0221538 0.0360689 0)
(0.0204528 0.0269527 0)
(0.0284037 0.0267837 0)
(0.0398715 0.0256914 0)
(0.0290597 0.0198271 0)
(0.0469613 0.0178967 0)
(0.0852161 0.0329218 0)
(0.0934255 0.031392 0)
(0.0799102 0.0188815 0)
(0.0896616 -0.0131192 0)
(0.06388 -0.0296919 0)
(0.016295 -0.0256006 0)
(0.0188546 -0.0301436 0)
(0.0135696 -0.0407184 0)
(0.00280602 -0.0540055 0)
(-0.009704 0.00907305 0)
(-0.018345 -0.000113421 0)
(-0.0115031 -0.0073799 0)
(-0.00213472 -0.00984729 0)
(0.00906691 -0.0139568 0)
(0.0227769 -0.015316 0)
(0.0359264 -0.0172578 0)
(0.0498772 -0.0175205 0)
(0.063224 -0.0117395 0)
(0.0684777 -0.00662744 0)
(0.075372 0.0086442 0)
(0.0628992 0.00877063 0)
(0.0688761 0.0218618 0)
(0.0481177 0.0314512 0)
(0.0442395 0.0174577 0)
(0.0257904 0.0361756 0)
(0.0349366 0.0259907 0)
(0.0273925 0.0226837 0)
(0.0463228 0.0272698 0)
(0.0483442 0.0145684 0)
(0.0448353 -0.000472753 0)
(0.0663242 0.0163017 0)
(0.0804321 0.0288957 0)
(0.0719449 0.011958 0)
(0.0695794 -0.0154697 0)
(0.0493444 -0.00152566 0)
(0.0396475 -0.00267335 0)
(0.0370272 -0.0342671 0)
(0.0106904 -0.0383367 0)
(-0.0013902 -0.0351292 0)
(-0.0100279 0.0100444 0)
(-0.0189731 -9.26992e-05 0)
(-0.0119067 -0.00807836 0)
(-0.00243421 -0.0107447 0)
(0.00879833 -0.0152183 0)
(0.022587 -0.0166927 0)
(0.0358067 -0.0189846 0)
(0.0503051 -0.0194624 0)
(0.06421 -0.0132528 0)
(0.0703226 -0.00724848 0)
(0.075676 0.00875475 0)
(0.0681945 0.00991312 0)
(0.0690605 0.0237117 0)
(0.0440789 0.0349316 0)
(0.0473726 0.0208151 0)
(0.0165436 0.0360582 0)
(0.0514473 0.0287275 0)
(0.0243379 0.0194049 0)
(0.0420626 0.0214148 0)
(0.0487738 0.0217485 0)
(0.0383656 0.0110758 0)
(0.0456735 0.0205267 0)
(0.0553483 0.0322864 0)
(0.063757 0.0184831 0)
(0.0696237 -0.00236893 0)
(0.0570371 -0.00887718 0)
(0.0658658 -0.0176232 0)
(0.028621 0.00824401 0)
(-0.0119538 0.00408604 0)
(0.000260214 -0.0383452 0)
(-0.010384 0.0110501 0)
(-0.0196631 -7.09866e-05 0)
(-0.0123471 -0.00879151 0)
(-0.00275747 -0.0116499 0)
(0.00850777 -0.0164828 0)
(0.0223702 -0.0180694 0)
(0.035654 -0.0207537 0)
(0.0507522 -0.0215021 0)
(0.065357 -0.0148491 0)
(0.0719252 -0.00791259 0)
(0.0774724 0.00863697 0)
(0.0719605 0.0111488 0)
(0.066573 0.0267819 0)
(0.0418615 0.0374503 0)
(0.0488131 0.0263405 0)
(0.0157822 0.0315953 0)
(0.0534137 0.0248776 0)
(0.0259499 0.0263763 0)
(0.0323712 0.0157799 0)
(0.050712 0.0119215 0)
(0.0519643 -0.00307074 0)
(0.0543786 0.00516987 0)
(0.0629514 0.0204622 0)
(0.0682493 0.00417967 0)
(0.0352888 -0.00692449 0)
(0.0033723 0.00992442 0)
(-0.0127967 0.0325111 0)
(-0.0268312 0.0335475 0)
(-0.0114876 -0.0181311 0)
(-0.00300024 -0.0568129 0)
(-0.0107735 0.0120933 0)
(-0.0204171 -4.7953e-05 0)
(-0.0128247 -0.00952081 0)
(-0.00310416 -0.0125637 0)
(0.00819532 -0.017749 0)
(0.0221243 -0.0194458 0)
(0.0354622 -0.0225699 0)
(0.0512249 -0.0236497 0)
(0.0665974 -0.0165098 0)
(0.0736003 -0.00876941 0)
(0.0805481 0.00836355 0)
(0.0735021 0.0133554 0)
(0.0616387 0.0296619 0)
(0.0502253 0.0402146 0)
(0.0451757 0.026807 0)
(0.0250387 0.0329075 0)
(0.0394567 0.0291496 0)
(0.0306033 0.0229855 0)
(0.0206099 0.0152416 0)
(0.0203407 0.0137921 0)
(0.00491041 0.0109142 0)
(0.00817077 0.0147286 0)
(0.0179914 0.0248571 0)
(0.0188066 0.0322763 0)
(-0.00477508 0.036374 0)
(-0.0209209 0.0242588 0)
(-0.0202909 0.0157505 0)
(-0.014028 0.00761411 0)
(0.00567857 -0.0323621 0)
(-0.000581317 -0.0559133 0)
(-0.0111973 0.0131775 0)
(-0.0212372 -2.34158e-05 0)
(-0.0133401 -0.0102678 0)
(-0.00347314 -0.0134874 0)
(0.00786167 -0.0190162 0)
(0.0218462 -0.0208216 0)
(0.0352251 -0.0244389 0)
(0.0517301 -0.025908 0)
(0.0678442 -0.0182553 0)
(0.0758777 -0.00996151 0)
(0.0836894 0.00873026 0)
(0.0706233 0.0157008 0)
(0.0685566 0.0308173 0)
(0.0621643 0.0439804 0)
(0.039406 0.0355785 0)
(0.0242643 0.029656 0)
(0.0395003 0.0254506 0)
(0.0127134 0.0338898 0)
(0.018375 0.0172629 0)
(0.0196255 0.0189218 0)
(0.0237231 0.00373582 0)
(0.0241716 0.0058603 0)
(0.0276316 0.0171609 0)
(0.0485798 0.023239 0)
(0.0448033 0.0338334 0)
(0.05715 0.0294419 0)
(0.05681 0.0219592 0)
(0.0411617 0.0135099 0)
(0.0436239 -0.0164938 0)
(0.0193436 -0.0316769 0)
(-0.0116571 0.0143062 0)
(-0.0221258 1.31043e-06 0)
(-0.0138939 -0.0110339 0)
(-0.00386363 -0.0144207 0)
(0.00750726 -0.0202855 0)
(0.0215328 -0.022197 0)
(0.0349369 -0.0263657 0)
(0.0522612 -0.0282723 0)
(0.0690994 -0.0201892 0)
(0.0791788 -0.0111304 0)
(0.08288 0.00974293 0)
(0.0743774 0.016017 0)
(0.0832731 0.0307866 0)
(0.0579732 0.0434255 0)
(0.0308553 0.0370605 0)
(0.00525654 0.0321509 0)
(-0.00621376 0.033091 0)
(0.0141055 0.0299785 0)
(0.0298303 0.0116215 0)
(0.0353867 0.00583892 0)
(0.0507505 0.00495768 0)
(0.0248819 0.00655537 0)
(0.0194697 0.00858134 0)
(0.0385713 0.0164254 0)
(0.0501144 0.0231649 0)
(0.0753939 0.0218136 0)
(0.0756547 0.0296056 0)
(0.0660574 0.0221057 0)
(0.0549172 0.00280394 0)
(0.0215387 0.0115218 0)
(-0.012154 0.0154831 0)
(-0.0230854 2.64529e-05 0)
(-0.0144865 -0.0118208 0)
(-0.00427484 -0.0153639 0)
(0.00713237 -0.0215543 0)
(0.0211808 -0.0235713 0)
(0.034593 -0.0283542 0)
(0.0527905 -0.0307538 0)
(0.0706287 -0.0223284 0)
(0.081877 -0.0119846 0)
(0.0808545 0.00998073 0)
(0.0850529 0.0147479 0)
(0.0831127 0.0390902 0)
(0.039283 0.0662212 0)
(0.015541 0.0496093 0)
(-0.00457015 0.0361575 0)
(0.0326877 0.0228589 0)
(0.0430421 0.0227402 0)
(0.0477705 0.0129627 0)
(0.0203847 0.0144089 0)
(0.0369308 0.0165528 0)
(0.00835637 0.0323665 0)
(-0.0314229 0.00718284 0)
(-0.0282008 -0.000454988 0)
(-0.00423968 0.00428552 0)
(0.0203857 0.0135865 0)
(0.0339818 0.0244527 0)
(0.0291435 0.0252994 0)
(0.0178082 0.0338103 0)
(0.00602416 0.0501365 0)
(-0.0126898 0.0167118 0)
(-0.024119 5.16262e-05 0)
(-0.0151184 -0.01263 0)
(-0.00470548 -0.0163187 0)
(0.00673755 -0.0228216 0)
(0.0207862 -0.024943 0)
(0.0341851 -0.0304084 0)
(0.0533309 -0.0333798 0)
(0.0723543 -0.0245344 0)
(0.0823622 -0.012946 0)
(0.0811908 0.00985433 0)
(0.0884698 0.015134 0)
(0.0746881 0.032319 0)
(0.0543829 0.0498162 0)
(0.0244483 0.0498783 0)
(0.00356925 0.0299932 0)
(0.0386841 0.0186118 0)
(0.000695737 0.0275629 0)
(-0.023869 0.0142336 0)
(0.0275006 0.00414312 0)
(0.023518 0.00423131 0)
(0.0616244 0.0398368 0)
(0.00813702 0.0262784 0)
(-0.0491641 -0.00408837 0)
(-0.0600671 -0.0201691 0)
(-0.0370923 -0.00648979 0)
(-0.0139474 0.0290647 0)
(-0.0219743 0.0338447 0)
(-0.0146004 0.0419923 0)
(-0.00569748 0.0505691 0)
(-0.0132657 0.0179977 0)
(-0.0252294 7.6632e-05 0)
(-0.0157903 -0.0134634 0)
(-0.00515426 -0.0172852 0)
(0.0063235 -0.0240871 0)
(0.0203448 -0.0263107 0)
(0.033699 -0.0325374 0)
(0.0539349 -0.0361616 0)
(0.0729929 -0.0266834 0)
(0.0792135 -0.0140026 0)
(0.0783168 0.00979508 0)
(0.0801322 0.017048 0)
(0.0696951 0.0607777 0)
(-0.0215687 0.0926072 0)
(0.00433097 0.0612781 0)
(-0.0202533 0.0223917 0)
(0.00749577 0.0262891 0)
(-0.0419142 0.0419502 0)
(0.0162174 0.00456876 0)
(-0.0272065 -0.00315329 0)
(0.0560667 0.000435314 0)
(0.0466929 0.0547318 0)
(0.0631397 0.0709256 0)
(0.015509 0.0451926 0)
(-0.0260869 0.000949948 0)
(-0.0447652 -0.0234051 0)
(-0.0403194 0.0177485 0)
(-0.0368976 0.0280069 0)
(-0.0259942 0.0197868 0)
(-0.00989163 0.0214094 0)
(-0.0138874 0.0193394 0)
(-0.0264202 8.94015e-05 0)
(-0.0165025 -0.0143228 0)
(-0.00561998 -0.0182625 0)
(0.00589087 -0.0253506 0)
(0.01985 -0.0276731 0)
(0.0331159 -0.0347523 0)
(0.0542648 -0.0390554 0)
(0.0685368 -0.0283384 0)
(0.0688853 -0.0145062 0)
(0.0719084 0.0132726 0)
(0.0788803 0.0110592 0)
(0.109228 0.0407509 0)
(0.118968 0.0576887 0)
(0.0362159 0.0548098 0)
(-0.0265942 0.0313052 0)
(0.0195404 0.0241779 0)
(0.0313662 0.0324361 0)
(-0.0202305 0.00535841 0)
(-0.0623655 -0.0230361 0)
(0.0555975 -0.0346582 0)
(0.0234082 0.0295959 0)
(0.0770008 0.0526856 0)
(0.0443793 0.0633249 0)
(0.0170988 0.0270855 0)
(-0.00644008 0.000394049 0)
(-0.0350663 0.013798 0)
(-0.0265008 0.0191761 0)
(-0.0178132 0.00360992 0)
(-0.00808703 -0.00238338 0)
(-0.0145241 0.0207617 0)
(-0.0276947 0.000290442 0)
(-0.0172547 -0.0152106 0)
(-0.00610145 -0.0192515 0)
(0.00544007 -0.0266093 0)
(0.0192837 -0.0290273 0)
(0.0323863 -0.0370166 0)
(0.0516783 -0.0414826 0)
(0.0507792 -0.0283896 0)
(0.0555644 -0.0156924 0)
(0.0841015 0.00745162 0)
(0.0459009 0.00934771 0)
(0.00533132 0.0603972 0)
(0.0895221 0.103953 0)
(0.0662529 0.0886874 0)
(0.0169124 0.0295163 0)
(-0.067536 0.0119052 0)
(0.088115 0.0475621 0)
(-0.0268191 0.0466727 0)
(0.00273729 -0.03676 0)
(-0.0171881 -0.0314666 0)
(0.0161805 0.0497956 0)
(0.00452647 0.0459415 0)
(0.0419518 0.0821556 0)
(0.0336008 0.0391296 0)
(0.00770267 0.0215609 0)
(-0.0130658 0.0272951 0)
(-0.00756341 0.0170495 0)
(-0.00147581 -0.000965341 0)
(-0.00212546 -0.00952759 0)
(-0.0154144 0.0221973 0)
(-0.0290572 -0.0004056 0)
(-0.018061 -0.0161254 0)
(-0.00659708 -0.020262 0)
(0.00496922 -0.0278492 0)
(0.0185777 -0.0303641 0)
(0.0310403 -0.0389838 0)
(0.0372781 -0.04115 0)
(0.0121219 -0.028221 0)
(0.0827215 -0.0250707 0)
(0.0612369 0.0189776 0)
(-0.185982 0.0260662 0)
(-0.250993 0.0254323 0)
(-0.00194019 0.0694373 0)
(0.00770135 0.0917303 0)
(-0.0460252 0.0565877 0)
(-0.102645 -0.007812 0)
(0.0422638 0.0362776 0)
(-0.0374043 0.0421166 0)
(-0.00505657 -0.043418 0)
(0.00685749 -0.0531396 0)
(0.0254176 0.0330692 0)
(-0.0316061 0.0298576 0)
(0.0254009 0.0671435 0)
(0.00561908 0.0491288 0)
(-0.0092858 0.0382767 0)
(-0.00634893 0.0311627 0)
(0.00353396 0.0116275 0)
(0.00955458 -0.000153623 0)
(0.00235643 -0.00306155 0)
(-0.0150835 0.0238785 0)
(-0.0305152 0.001243 0)
(-0.0188488 -0.0170836 0)
(-0.0071047 -0.021301 0)
(0.0044586 -0.0290559 0)
(0.0174508 -0.0316313 0)
(0.0262575 -0.0392561 0)
(-0.00484516 -0.0364428 0)
(-0.0236171 -0.0353265 0)
(0.15191 -0.0367507 0)
(-0.0949817 0.075617 0)
(-0.199606 0.0541391 0)
(-0.262382 0.0280164 0)
(-0.155445 0.0381438 0)
(-0.0550154 0.0945719 0)
(-0.062214 0.0586139 0)
(-0.104743 -0.0139337 0)
(-0.0532113 0.0207963 0)
(-0.000320843 0.0548339 0)
(0.0667798 -0.0461013 0)
(0.0150812 -0.0393547 0)
(0.0122992 0.0615842 0)
(-0.0761152 0.0425576 0)
(-0.0348546 0.0599369 0)
(-0.0334029 0.0574518 0)
(-0.0353756 0.0342693 0)
(-0.0159387 0.0165663 0)
(0.000259514 -0.00120624 0)
(0.00727442 0.00287707 0)
(0.000618867 0.00708433 0)
(-0.0211646 0.0251676 0)
(-0.0320138 -0.00161281 0)
(-0.0198463 -0.0180356 0)
(-0.00762499 -0.0223659 0)
(0.00378087 -0.0301909 0)
(0.0147709 -0.0324996 0)
(0.00944416 -0.0360922 0)
(-0.0429622 -0.0378937 0)
(0.157281 -0.0401453 0)
(-1.48829 0.0332726 0)
(-0.38109 0.061544 0)
(-0.258666 0.0498458 0)
(-0.222659 0.0182051 0)
(-0.204772 0.00698038 0)
(-0.0975581 0.0731925 0)
(-0.0685453 0.0717912 0)
(-0.124021 -0.0105602 0)
(-0.111852 0.000533433 0)
(-0.018521 0.0148991 0)
(0.0539978 -0.0534834 0)
(-0.00882582 -0.0178339 0)
(-0.00334868 0.0851037 0)
(-0.117818 0.053721 0)
(-0.0750009 0.0441558 0)
(-0.064539 0.0487464 0)
(-0.0562764 0.019015 0)
(-0.0248815 -0.00774973 0)
(-0.0158367 -0.0129764 0)
(-0.003735 0.00182276 0)
(-0.00216317 0.0113033 0)
(-0.00230628 0.0276911 0)
(-0.0338678 0.00260562 0)
(-0.020557 -0.0191364 0)
(-0.00818517 -0.0234437 0)
(0.00230545 -0.0311354 0)
(0.00669296 -0.0316756 0)
(-0.0338539 -0.031707 0)
(0.00025011 -0.0573927 0)
(0.207994 0.101241 0)
(0.661162 0.0814091 0)
(0.07856 -0.142478 0)
(-0.321548 0.00764289 0)
(-0.259782 0.0099558 0)
(-0.232023 0.00435648 0)
(-0.128743 0.0618387 0)
(-0.0679416 0.0588245 0)
(-0.152842 0.000156417 0)
(-0.133422 -0.0182388 0)
(-0.0662613 -0.0274452 0)
(-0.034696 -0.0643696 0)
(-0.0715562 -0.0074979 0)
(-0.029865 0.117853 0)
(-0.131484 0.0561381 0)
(-0.084838 0.0338286 0)
(-0.0877004 0.0366776 0)
(-0.0570359 -0.00439714 0)
(-0.0334935 -0.0244076 0)
(-0.0302991 -0.0231464 0)
(-0.014363 -0.00901746 0)
(-0.00536906 0.00273249 0)
(-0.0593616 0.0278841 0)
(-0.0339063 -0.00253286 0)
(-0.0219652 -0.0200057 0)
(-0.00896756 -0.024479 0)
(-0.00242581 -0.0315468 0)
(-0.0144762 -0.0277957 0)
(-0.077945 -0.0385272 0)
(0.307814 -0.0676752 0)
(0.199653 -0.129124 0)
(0.695081 0.137651 0)
(0.24128 0.129291 0)
(-0.417714 0.106391 0)
(-0.337152 -0.00708859 0)
(-0.258304 -0.0269587 0)
(-0.166795 0.0329103 0)
(-0.0926805 0.0697346 0)
(-0.138222 0.00736891 0)
(-0.151903 -0.0231352 0)
(-0.0906534 -0.0359399 0)
(-0.0983712 -0.0614503 0)
(-0.120194 -0.00703415 0)
(-0.0407735 0.136698 0)
(-0.13163 0.0687729 0)
(-0.0875753 0.032434 0)
(-0.0777217 0.0221287 0)
(-0.050398 -0.0257498 0)
(-0.0379334 -0.0330869 0)
(-0.0314901 -0.0332876 0)
(-0.0200113 -0.0236556 0)
(-0.0074267 -0.0136101 0)
(0.0511856 0.0324028 0)
(-0.037251 0.00194562 0)
(-0.0228451 -0.0214373 0)
(-0.0110945 -0.0252526 0)
(-0.0176434 -0.0302521 0)
(-0.0514668 -0.0261169 0)
(0.076381 -0.0761242 0)
(-0.0201542 -0.0847732 0)
(0.28601 -0.0655025 0)
(0.450838 0.14879 0)
(0.242052 0.168214 0)
(-0.923083 0.178246 0)
(-0.540635 -0.00489128 0)
(-0.262524 -0.0494578 0)
(-0.187877 0.0173624 0)
(-0.120469 0.0548617 0)
(-0.125572 0.0180613 0)
(-0.140526 -0.0252699 0)
(-0.120648 -0.0444908 0)
(-0.142976 -0.0603019 0)
(-0.160588 -0.0144572 0)
(-0.0619546 0.137778 0)
(-0.147733 0.0641471 0)
(-0.0797591 0.00763326 0)
(-0.0513932 0.0132546 0)
(-0.0407912 -0.0405169 0)
(-0.0327615 -0.0388499 0)
(-0.0230043 -0.0440437 0)
(-0.0170131 -0.0363707 0)
(-0.00511675 -0.0313381 0)
(-0.10258 0.0302081 0)
(-0.0232357 -8.06048e-05 0)
(-0.0268475 -0.0215133 0)
(-0.0194555 -0.0249992 0)
(-0.0567197 -0.0258169 0)
(-0.0872945 -0.034402 0)
(0.186853 -0.0144185 0)
(0.526792 -0.0981888 0)
(0.155888 -0.110927 0)
(0.132817 0.147602 0)
(0.323849 0.264928 0)
(-0.480204 0.244988 0)
(-0.310196 -0.131978 0)
(-0.437814 -0.125851 0)
(-0.203811 -0.00289936 0)
(-0.168481 0.0362637 0)
(-0.129356 0.0146974 0)
(-0.127416 -0.0174253 0)
(-0.145005 -0.0364194 0)
(-0.205385 -0.059431 0)
(-0.194408 -0.0261829 0)
(-0.0859447 0.134735 0)
(-0.142099 0.0682613 0)
(-0.0975087 -0.0323152 0)
(-0.0071157 0.000828859 0)
(-0.0353551 -0.04081 0)
(-0.0113621 -0.0479017 0)
(-0.0123601 -0.0500296 0)
(-0.00716245 -0.0446898 0)
(-0.0012684 -0.0443856 0)
(0.0297101 0.0362571 0)
(-0.0355275 -0.00114334 0)
(-0.0372543 -0.0218875 0)
(-0.0484388 -0.0216123 0)
(-0.127508 -0.0282802 0)
(0.375736 -0.0791783 0)
(0.608109 -0.137471 0)
(0.469079 -0.0864159 0)
(0.243093 -0.056488 0)
(-0.0738219 0.121917 0)
(0.409383 0.319608 0)
(-0.295016 0.297893 0)
(-0.400983 -0.0163211 0)
(-1.23641 0.00557016 0)
(-0.207633 -0.044052 0)
(-0.17366 0.0235034 0)
(-0.156113 0.00366602 0)
(-0.169228 -0.0129495 0)
(-0.170367 -0.0122105 0)
(-0.21235 -0.0479407 0)
(-0.216555 -0.0480262 0)
(-0.106168 0.111081 0)
(-0.131327 0.0557397 0)
(-0.117744 -0.106373 0)
(0.0195863 -0.027137 0)
(-0.017028 -0.0338664 0)
(0.0028264 -0.0609214 0)
(-0.00515211 -0.0514299 0)
(0.00432274 -0.0478694 0)
(0.00380672 -0.0486265 0)
(-0.0135996 0.00138718 0)
(0.00929702 -0.0239629 0)
(0.0333848 -0.00641555 0)
(0.0224159 0.00590104 0)
(0.0191459 0.000330132 0)
(0.0252283 -0.0032711 0)
(0.039907 -0.00137333 0)
(0.0439723 -0.00307853 0)
(0.0593634 -0.00135246 0)
(0.0540679 0.00436897 0)
(0.0332861 0.00157851 0)
(0.0340537 -0.00244437 0)
(0.028631 -0.000724639 0)
(0.026516 0.000763901 0)
(0.0072578 0.00169489 0)
(0.00483009 0.00154522 0)
(-0.0123727 0.00188312 0)
(-0.0287351 0.00120085 0)
(-0.0292457 0.00123597 0)
(-0.046183 0.000657484 0)
(-0.0446396 0.000513583 0)
(-0.0471025 2.42294e-05 0)
(-0.0413913 -0.000175988 0)
(-0.03475 -0.000294051 0)
(-0.0264035 -0.000315844 0)
(-0.016964 -0.000361442 0)
(-0.0083372 -0.000277121 0)
(-0.000627965 -0.000261099 0)
(0.00567153 -0.000129097 0)
(0.00385856 9.01539e-05 0)
(0.000357402 0.00488574 0)
(0.0126459 -0.0350919 0)
(0.0196723 -0.0107514 0)
(0.027528 0.0108712 0)
(0.0494502 -0.00299174 0)
(0.0577098 -0.0150543 0)
(0.0731758 -0.011526 0)
(0.0866132 -0.00784799 0)
(0.0833057 -0.00246692 0)
(0.0734435 0.00859707 0)
(0.0601389 0.00777515 0)
(0.0384075 0.00385269 0)
(0.0158352 0.00390337 0)
(0.00174462 0.00746216 0)
(-0.0267154 0.00499812 0)
(-0.0178851 0.00393356 0)
(-0.0412703 0.00709583 0)
(-0.0580997 0.0018419 0)
(-0.047056 0.00316442 0)
(-0.069398 0.00146148 0)
(-0.0593662 0.000334456 0)
(-0.0597088 -0.000755839 0)
(-0.0491907 -0.00144019 0)
(-0.0385418 -0.00164525 0)
(-0.0263421 -0.00159503 0)
(-0.0135045 -0.0015605 0)
(-0.00254619 -0.00114183 0)
(0.00654318 -0.000923603 0)
(0.012754 -0.000241211 0)
(0.00703613 0.00060047 0)
(0.00526728 -0.0129473 0)
(0.0112761 -0.0401991 0)
(0.0155687 -0.0281102 0)
(0.0394816 -0.0157491 0)
(0.07456 -0.0213186 0)
(0.0929649 -0.021858 0)
(0.102325 -0.0211902 0)
(0.110709 -0.00982645 0)
(0.0975694 0.00714497 0)
(0.0784617 0.0172238 0)
(0.0543795 0.015409 0)
(0.0243552 0.0154114 0)
(0.00271545 0.0128688 0)
(-0.0165934 0.0148561 0)
(-0.0389516 0.00715696 0)
(-0.0306601 0.00552909 0)
(-0.0454873 0.0121225 0)
(-0.0664796 0.00145649 0)
(-0.0470629 0.00454859 0)
(-0.0720955 0.00215377 0)
(-0.0597587 -0.000268234 0)
(-0.059516 -0.00171827 0)
(-0.0481742 -0.00289701 0)
(-0.0368977 -0.00312177 0)
(-0.024248 -0.00294967 0)
(-0.0111001 -0.00277868 0)
(-6.03577e-05 -0.00199463 0)
(0.00888873 -0.00153968 0)
(0.0147304 -0.000242774 0)
(0.00787704 0.00137743 0)
(0.0106962 -0.0262686 0)
(0.0334621 -0.0434854 0)
(0.0377609 -0.0436459 0)
(0.0579998 -0.0441657 0)
(0.0748637 -0.0453176 0)
(0.0973824 -0.0403941 0)
(0.104858 -0.029088 0)
(0.106412 -0.005035 0)
(0.0939564 0.0177331 0)
(0.0701337 0.0294594 0)
(0.0435722 0.0288462 0)
(0.00733637 0.0271446 0)
(-0.00530462 0.0198605 0)
(-0.0280876 0.0219009 0)
(-0.0442018 0.00846057 0)
(-0.0446114 0.00606428 0)
(-0.0371895 0.0164903 0)
(-0.0743193 0.00122112 0)
(-0.0436675 0.00528646 0)
(-0.0731613 0.00312071 0)
(-0.0597799 -0.000965104 0)
(-0.0594506 -0.00271993 0)
(-0.0478999 -0.00439376 0)
(-0.0364453 -0.00462942 0)
(-0.0237192 -0.00432565 0)
(-0.0105108 -0.00401248 0)
(0.000539916 -0.0028571 0)
(0.00944921 -0.00216424 0)
(0.0152559 -0.00023672 0)
(0.00811901 0.00216711 0)
(0.00818656 -0.0639932 0)
(0.0231275 -0.0673947 0)
(0.0364145 -0.0640248 0)
(0.0542426 -0.0620802 0)
(0.0613737 -0.0616378 0)
(0.0749638 -0.0501196 0)
(0.0744682 -0.0296549 0)
(0.0735059 -0.0025852 0)
(0.0642354 0.0279502 0)
(0.0481697 0.0405432 0)
(0.0125911 0.0397976 0)
(-0.0149108 0.0353887 0)
(-0.0120268 0.0246748 0)
(-0.0325363 0.0286826 0)
(-0.0433074 0.0102771 0)
(-0.0610706 0.00421393 0)
(-0.0197698 0.019826 0)
(-0.080875 0.0025326 0)
(-0.0409351 0.0051697 0)
(-0.0741571 0.00449186 0)
(-0.0602671 -0.00176077 0)
(-0.0597393 -0.0037368 0)
(-0.0480121 -0.00591262 0)
(-0.0363896 -0.00614991 0)
(-0.0236112 -0.00570344 0)
(-0.0103503 -0.00524826 0)
(0.000721073 -0.00372043 0)
(0.00964945 -0.00279055 0)
(0.0155112 -0.000223836 0)
(0.00824859 0.00297084 0)
(0.00320974 -0.0771572 0)
(0.00594937 -0.0789193 0)
(0.0094104 -0.0766251 0)
(0.0147075 -0.0695482 0)
(0.0153708 -0.0622725 0)
(0.0262461 -0.0468858 0)
(0.0229405 -0.0211658 0)
(0.0204873 0.00747422 0)
(0.014911 0.0342122 0)
(0.00958127 0.0532385 0)
(-0.0179612 0.0553542 0)
(-0.023537 0.0379796 0)
(-0.0165232 0.0264664 0)
(-0.0330172 0.0344629 0)
(-0.0299743 0.0149616 0)
(-0.0737231 0.000727197 0)
(-0.00325488 0.0214518 0)
(-0.083617 0.00607964 0)
(-0.0410319 0.00462198 0)
(-0.0746462 0.00606092 0)
(-0.0611336 -0.00259678 0)
(-0.0601073 -0.00479338 0)
(-0.0482004 -0.00745885 0)
(-0.0363789 -0.0076879 0)
(-0.0235498 -0.0070834 0)
(-0.0102359 -0.00648833 0)
(0.00085403 -0.00458649 0)
(0.0098166 -0.00342197 0)
(0.0157585 -0.000210783 0)
(0.00837639 0.00378561 0)
(-0.00111653 -0.068525 0)
(-0.00755266 -0.0706213 0)
(-0.0110131 -0.0672822 0)
(-0.0121007 -0.0661779 0)
(-0.00676941 -0.0685305 0)
(0.00252337 -0.0508737 0)
(-0.00752403 -0.0231715 0)
(-0.0125147 0.00483851 0)
(-0.0190915 0.0392783 0)
(-0.0308438 0.0575199 0)
(-0.0378119 0.0583926 0)
(-0.0296326 0.0346298 0)
(-0.0202341 0.0292479 0)
(-0.0403104 0.0359685 0)
(-0.00667807 0.0197646 0)
(-0.0780135 -0.000494704 0)
(0.00281601 0.0214779 0)
(-0.0838658 0.0109678 0)
(-0.0446376 0.00394642 0)
(-0.0744294 0.00757651 0)
(-0.0623906 -0.00340864 0)
(-0.0605218 -0.00591637 0)
(-0.0484248 -0.0090357 0)
(-0.0363627 -0.00924599 0)
(-0.0234779 -0.00846406 0)
(-0.0101056 -0.00773186 0)
(0.00100325 -0.00545524 0)
(0.0100084 -0.00405932 0)
(0.0160484 -0.000196959 0)
(0.00852572 0.0046141 0)
(-0.00141617 -0.059034 0)
(-0.00562982 -0.0630544 0)
(-0.0078134 -0.0668205 0)
(-0.0134568 -0.073252 0)
(-0.0193469 -0.0765899 0)
(-0.0198073 -0.049591 0)
(-0.0350429 -0.0129491 0)
(-0.0475081 0.0117049 0)
(-0.0513936 0.0473461 0)
(-0.0555873 0.0620192 0)
(-0.0464826 0.055102 0)
(-0.0183553 0.0308888 0)
(-0.0225091 0.0289915 0)
(-0.0400562 0.0331629 0)
(0.00228331 0.024181 0)
(-0.0724838 0.000867353 0)
(-0.0107959 0.0214305 0)
(-0.0786867 0.0162059 0)
(-0.0522309 0.0033038 0)
(-0.0733859 0.00869377 0)
(-0.0639517 -0.00408969 0)
(-0.0610029 -0.00713636 0)
(-0.0486802 -0.0106483 0)
(-0.036336 -0.010828 0)
(-0.0233887 -0.00984499 0)
(-0.00995173 -0.0089789 0)
(0.00117763 -0.00632716 0)
(0.0102339 -0.0047037 0)
(0.0163902 -0.000182156 0)
(0.00870158 0.00545896 0)
(0.000392405 -0.0592445 0)
(0.00179832 -0.0631952 0)
(-0.0108786 -0.0575746 0)
(-0.0336829 -0.0561915 0)
(-0.0463299 -0.061865 0)
(-0.0514635 -0.0363218 0)
(-0.0591752 -0.00286605 0)
(-0.0727461 0.0206455 0)
(-0.083023 0.0457704 0)
(-0.0686031 0.0554984 0)
(-0.0381275 0.0386669 0)
(-0.00425056 0.0269315 0)
(-0.0200557 0.0347329 0)
(-0.0230327 0.0288548 0)
(-0.00586417 0.0265454 0)
(-0.0576018 0.00558705 0)
(-0.0368866 0.0219382 0)
(-0.0642542 0.0197842 0)
(-0.0598696 0.00417162 0)
(-0.0726642 0.00898613 0)
(-0.0654704 -0.00458644 0)
(-0.0616039 -0.00846294 0)
(-0.0489598 -0.0123052 0)
(-0.0362969 -0.0124367 0)
(-0.0232808 -0.0112261 0)
(-0.00977402 -0.0102299 0)
(0.00137808 -0.00720272 0)
(0.0104944 -0.00535626 0)
(0.0167864 -0.000166244 0)
(0.00890536 0.00632294 0)
(0.000812138 -0.0624355 0)
(-0.00238542 -0.0528235 0)
(-0.019326 -0.0361899 0)
(-0.0345922 -0.0464912 0)
(-0.0504215 -0.0624843 0)
(-0.0726517 -0.03379 0)
(-0.0787614 0.00465616 0)
(-0.0881232 0.0291455 0)
(-0.0898925 0.045702 0)
(-0.0580319 0.0367733 0)
(-0.0226462 0.020836 0)
(-0.0201488 0.0259298 0)
(-0.0238662 0.0356588 0)
(-0.00849607 0.0287099 0)
(-0.0190871 0.0329972 0)
(-0.0451652 0.00928957 0)
(-0.0538584 0.0237682 0)
(-0.0552226 0.0204326 0)
(-0.0616854 0.00661711 0)
(-0.0738424 0.00890657 0)
(-0.0667752 -0.00507885 0)
(-0.0623441 -0.00987073 0)
(-0.0492604 -0.0140197 0)
(-0.0362427 -0.0140739 0)
(-0.0231529 -0.0126072 0)
(-0.00957259 -0.011485 0)
(0.00160445 -0.00808243 0)
(0.0107904 -0.00601817 0)
(0.0172382 -0.000149031 0)
(0.00913786 0.0072089 0)
(-0.00418185 -0.0538287 0)
(-0.0157381 -0.038578 0)
(-0.0182089 -0.0241735 0)
(-0.0155263 -0.0240878 0)
(-0.0620561 -0.0319197 0)
(-0.087194 -0.0159527 0)
(-0.0793276 0.0138546 0)
(-0.0901694 0.0278895 0)
(-0.0838328 0.0303304 0)
(-0.0456633 0.0168261 0)
(-0.0261779 0.0195095 0)
(-0.0358729 0.0271721 0)
(-0.0267599 0.0300576 0)
(-0.0198176 0.0295588 0)
(-0.0226539 0.0374362 0)
(-0.0421955 0.0152367 0)
(-0.0578939 0.0257059 0)
(-0.0588943 0.0196103 0)
(-0.0605218 0.00939048 0)
(-0.0757514 0.00910688 0)
(-0.0682586 -0.00569559 0)
(-0.0631741 -0.011355 0)
(-0.0495828 -0.0158016 0)
(-0.036169 -0.0157413 0)
(-0.0230036 -0.0139879 0)
(-0.00934773 -0.0127438 0)
(0.00185655 -0.00896735 0)
(0.011122 -0.00669071 0)
(0.0177471 -0.000130477 0)
(0.00939979 0.00811979 0)
(-0.00351411 -0.0340566 0)
(-0.0201706 -0.0393666 0)
(-0.0398601 -0.034074 0)
(-0.0381215 -0.00612873 0)
(-0.0507873 -0.00661195 0)
(-0.0661837 -0.0164261 0)
(-0.0687174 0.00998079 0)
(-0.0757586 0.0283965 0)
(-0.0641857 0.0184437 0)
(-0.0401623 0.000272665 0)
(-0.0433689 0.0145326 0)
(-0.0431601 0.0293999 0)
(-0.0274871 0.0262899 0)
(-0.0331601 0.0278207 0)
(-0.0277154 0.039542 0)
(-0.0465862 0.0179499 0)
(-0.0497725 0.0295584 0)
(-0.0668643 0.0195218 0)
(-0.0612938 0.0112177 0)
(-0.0769172 0.00968694 0)
(-0.0701261 -0.00637716 0)
(-0.0640869 -0.0129475 0)
(-0.0499233 -0.0176569 0)
(-0.0360718 -0.0174418 0)
(-0.0228312 -0.0153682 0)
(-0.00909995 -0.0140058 0)
(0.00213378 -0.00985833 0)
(0.0114897 -0.00737514 0)
(0.0183144 -0.000110757 0)
(0.00969197 0.0090586 0)
(0.00273375 -0.0349232 0)
(0.0126038 0.00712591 0)
(-0.030579 0.00600104 0)
(-0.0629788 -0.0176843 0)
(-0.0578652 -0.0110332 0)
(-0.0690562 -0.00747416 0)
(-0.0640513 0.0121477 0)
(-0.0550742 0.0280292 0)
(-0.0426654 0.0177617 0)
(-0.0325891 0.00764195 0)
(-0.0434137 0.0220333 0)
(-0.0421666 0.0242906 0)
(-0.0220286 0.0235356 0)
(-0.050604 0.03274 0)
(-0.0184358 0.0378291 0)
(-0.0516599 0.0226598 0)
(-0.045667 0.0317954 0)
(-0.0661379 0.020888 0)
(-0.0658539 0.012947 0)
(-0.0776121 0.0100826 0)
(-0.0721306 -0.00701037 0)
(-0.0651316 -0.0146738 0)
(-0.0502734 -0.0195943 0)
(-0.0359464 -0.0191781 0)
(-0.0226338 -0.0167484 0)
(-0.00882928 -0.0152707 0)
(0.00243575 -0.0107562 0)
(0.0118938 -0.00807284 0)
(0.0189418 -8.9572e-05 0)
(0.0100153 0.0100284 0)
(0.00209971 -0.0541713 0)
(0.0130512 -0.0127757 0)
(0.0255448 0.030831 0)
(0.0187975 0.025073 0)
(0.00657041 0.00668168 0)
(-0.0218905 -0.00754299 0)
(-0.0534424 0.0023563 0)
(-0.0550101 0.0180751 0)
(-0.0456259 0.0044982 0)
(-0.0454992 -0.00303465 0)
(-0.0491684 0.0145061 0)
(-0.0293358 0.0203363 0)
(-0.024495 0.0289404 0)
(-0.0533955 0.0269299 0)
(-0.0185046 0.037586 0)
(-0.0535535 0.0260612 0)
(-0.0453441 0.0343262 0)
(-0.0627693 0.0228025 0)
(-0.0688867 0.0150405 0)
(-0.0797395 0.0102989 0)
(-0.0739703 -0.00770103 0)
(-0.0663343 -0.0165182 0)
(-0.0506282 -0.0216271 0)
(-0.0357881 -0.0209535 0)
(-0.0224095 -0.0181288 0)
(-0.00853646 -0.0165387 0)
(0.00276171 -0.0116616 0)
(0.0123348 -0.00878519 0)
(0.0196311 -6.71223e-05 0)
(0.0103707 0.0110325 0)
(-0.0046675 -0.0544658 0)
(-0.00995616 -0.0293759 0)
(0.0073175 0.004375 0)
(0.00712718 0.00747429 0)
(0.00209391 0.020606 0)
(-0.0138924 0.030733 0)
(-0.0226548 0.0256069 0)
(-0.0140201 0.0227744 0)
(-0.00509417 0.0161476 0)
(0.000216169 0.0108886 0)
(-0.0115212 0.0171502 0)
(-0.0205756 0.0162792 0)
(-0.0232649 0.0299372 0)
(-0.0446585 0.0361842 0)
(-0.0246426 0.0354746 0)
(-0.0512253 0.0307921 0)
(-0.055999 0.0347497 0)
(-0.0584959 0.0244794 0)
(-0.0695951 0.0180995 0)
(-0.0831272 0.0104796 0)
(-0.0759653 -0.00859797 0)
(-0.0676236 -0.0184699 0)
(-0.0509917 -0.0237651 0)
(-0.0355907 -0.0227718 0)
(-0.022156 -0.0195091 0)
(-0.00822155 -0.0178086 0)
(0.00311126 -0.0125756 0)
(0.012813 -0.00951358 0)
(0.0203842 -4.3442e-05 0)
(0.0107594 0.012074 0)
(-0.0220975 -0.0291882 0)
(-0.0448076 -0.00949466 0)
(-0.0481773 0.0177811 0)
(-0.0697077 0.0222739 0)
(-0.0652335 0.0248801 0)
(-0.0508698 0.0209714 0)
(-0.0419981 0.00776847 0)
(-0.0211798 0.0111479 0)
(-0.0233432 0.000348082 0)
(-0.027945 -0.00435427 0)
(-0.0152668 0.0211895 0)
(-0.00910515 0.0252462 0)
(-0.0286355 0.0351275 0)
(-0.0357644 0.0274227 0)
(-0.0309345 0.03549 0)
(-0.0458581 0.0357611 0)
(-0.0677456 0.0382677 0)
(-0.0661371 0.0230011 0)
(-0.0657778 0.0215544 0)
(-0.0867376 0.0113729 0)
(-0.0786322 -0.00984527 0)
(-0.0689153 -0.0205593 0)
(-0.0513671 -0.026011 0)
(-0.035348 -0.0246354 0)
(-0.0218707 -0.0208889 0)
(-0.00788525 -0.0190785 0)
(0.00348337 -0.0134996 0)
(0.013329 -0.0102594 0)
(0.0212033 -1.85486e-05 0)
(0.0111825 0.0131565 0)
(-0.0239512 0.0121183 0)
(-0.052214 0.0079319 0)
(-0.0604388 0.0268533 0)
(-0.0712877 0.0268476 0)
(-0.064727 0.0121009 0)
(-0.038347 0.00287748 0)
(-0.023907 -0.00378528 0)
(-0.0117391 0.00962385 0)
(-0.0119296 0.0210731 0)
(-0.0404867 0.0093084 0)
(-0.0146891 0.010185 0)
(-0.0153253 0.0170271 0)
(0.021897 0.0421281 0)
(-0.0130011 0.0384156 0)
(0.00606228 0.0395378 0)
(-0.0425241 0.0432641 0)
(-0.0575842 0.0361737 0)
(-0.0774033 0.0223788 0)
(-0.0682715 0.0233848 0)
(-0.0867534 0.0129841 0)
(-0.0823833 -0.0111012 0)
(-0.0702193 -0.0229012 0)
(-0.0517432 -0.0283618 0)
(-0.0350542 -0.026548 0)
(-0.0215509 -0.0222681 0)
(-0.00752795 -0.0203497 0)
(0.00387711 -0.0144328 0)
(0.0138833 -0.011024 0)
(0.0220908 7.00453e-06 0)
(0.0116413 0.0142834 0)
(-0.00667282 0.0491042 0)
(-0.0179923 0.0339846 0)
(-0.0255708 0.0271422 0)
(-0.0291255 0.0223598 0)
(-0.0136344 0.0036002 0)
(0.00911654 -0.00885645 0)
(0.0164596 -0.00835417 0)
(-0.016659 0.00282325 0)
(-0.028178 0.0176796 0)
(-0.0296212 -0.00821618 0)
(-0.0241418 0.0119447 0)
(-0.0737014 0.0134473 0)
(-0.0411381 0.0292987 0)
(-0.000768859 0.0357431 0)
(-0.0325149 0.0387124 0)
(-0.0230001 0.0546787 0)
(-0.0420028 0.0543535 0)
(-0.0712819 0.0258861 0)
(-0.0778243 0.0244962 0)
(-0.0856379 0.0140134 0)
(-0.085614 -0.012082 0)
(-0.0717999 -0.0255237 0)
(-0.0520872 -0.0308304 0)
(-0.0347044 -0.0285126 0)
(-0.0211938 -0.0236453 0)
(-0.00715 -0.0216215 0)
(0.00429171 -0.0153757 0)
(0.0144765 -0.0118096 0)
(0.0230493 3.30749e-05 0)
(0.0121373 0.0154585 0)
(0.00661814 0.0504275 0)
(0.0145943 0.0421585 0)
(0.023461 0.0333938 0)
(0.0150692 0.0260264 0)
(0.0414069 -0.0173093 0)
(0.0518915 -0.0260168 0)
(0.0444005 0.00683473 0)
(-0.00805746 0.0334925 0)
(-0.0528059 0.0394856 0)
(-0.0165312 0.00626198 0)
(-0.0472609 0.031402 0)
(-0.00626678 0.0260064 0)
(-0.0249037 0.0258831 0)
(-0.0352165 0.0333734 0)
(0.015941 0.0469152 0)
(-0.0556446 0.046628 0)
(-0.0582227 0.0392782 0)
(-0.0604472 0.0225071 0)
(-0.0803575 0.0289366 0)
(-0.0873109 0.0144383 0)
(-0.0866107 -0.0132433 0)
(-0.0735047 -0.0283003 0)
(-0.052413 -0.0334464 0)
(-0.0342899 -0.0305296 0)
(-0.0207961 -0.0250203 0)
(-0.00675206 -0.0228917 0)
(0.00472592 -0.01633 0)
(0.0151091 -0.0126179 0)
(0.0240815 5.92801e-05 0)
(0.012672 0.0166853 0)
(0.00914012 0.0217254 0)
(0.025188 0.0203525 0)
(0.03564 0.0272682 0)
(0.0394987 0.0144054 0)
(0.0421222 -0.0267662 0)
(0.0154476 -0.00134472 0)
(-0.0293841 0.0367573 0)
(-0.0684655 0.0562692 0)
(-0.0325763 0.025593 0)
(-0.0379178 -0.021854 0)
(0.0352373 0.00901437 0)
(0.0348649 0.000847823 0)
(0.0607048 0.0306654 0)
(0.0240579 0.0232956 0)
(0.0063073 0.0430504 0)
(0.00424596 0.0781716 0)
(-0.00732336 0.0682445 0)
(-0.0706614 0.0376747 0)
(-0.0672507 0.0306412 0)
(-0.0867621 0.0154003 0)
(-0.0838356 -0.0147464 0)
(-0.0737271 -0.0311505 0)
(-0.0527963 -0.0362063 0)
(-0.0337945 -0.0326052 0)
(-0.0203544 -0.0263919 0)
(-0.00633476 -0.0241595 0)
(0.00517847 -0.0172959 0)
(0.0157816 -0.0134499 0)
(0.0251905 8.54572e-05 0)
(0.0132468 0.0179691 0)
(0.00552614 -0.00220946 0)
(0.0158204 0.00381841 0)
(0.024205 0.0183851 0)
(0.0328383 0.00940735 0)
(0.00699973 -0.00363488 0)
(-0.0123895 0.0256978 0)
(-0.035828 0.0610525 0)
(-0.050029 0.0401274 0)
(0.00962626 0.0208624 0)
(0.0117727 -0.0202744 0)
(0.0531804 -0.00143791 0)
(0.0290969 0.013419 0)
(0.0314486 0.0311683 0)
(0.0202817 0.0497914 0)
(-0.0381944 0.0484195 0)
(-0.0678512 0.0569705 0)
(-0.166541 0.0470725 0)
(-0.0680847 0.0184353 0)
(-0.0685261 0.0359037 0)
(-0.0733327 0.0204221 0)
(-0.074065 -0.0156386 0)
(-0.0678443 -0.0337443 0)
(-0.0529379 -0.0389668 0)
(-0.0331977 -0.0347518 0)
(-0.0198629 -0.0277574 0)
(-0.00589871 -0.0254248 0)
(0.00564814 -0.0182727 0)
(0.0164944 -0.0143078 0)
(0.0263797 0.000100823 0)
(0.0138672 0.0193086 0)
(-0.00031322 -0.00961075 0)
(-0.000656827 -0.000963086 0)
(0.00382068 0.0167545 0)
(0.00670368 0.0228206 0)
(-0.0186165 0.0150754 0)
(-0.0433394 0.0362042 0)
(-0.0416257 0.0682698 0)
(-0.0108385 0.023235 0)
(-0.037864 0.00736619 0)
(0.0174981 -0.0549062 0)
(0.071762 -0.00481315 0)
(0.0298788 0.0185439 0)
(-0.00518931 0.0386183 0)
(-0.0193376 0.047647 0)
(-0.0133185 0.0654786 0)
(-0.104246 0.0962949 0)
(0.021847 0.0733097 0)
(0.0351708 0.0250368 0)
(-0.108268 0.0288999 0)
(-0.0603091 0.0123319 0)
(-0.0573337 -0.0158919 0)
(-0.0481497 -0.0345194 0)
(-0.0501616 -0.0410395 0)
(-0.0324574 -0.0369392 0)
(-0.0193047 -0.0291137 0)
(-0.00544439 -0.0266862 0)
(0.00613367 -0.0192613 0)
(0.0172475 -0.0151941 0)
(0.0276525 0.000292437 0)
(0.0145028 0.0207286 0)
(-0.00565611 -0.00301537 0)
(-0.0122226 0.000992204 0)
(-0.00784435 0.0148401 0)
(-0.000863418 0.0309004 0)
(-0.00187105 0.0339231 0)
(-0.0214256 0.0423714 0)
(-0.0263259 0.054218 0)
(0.00615026 0.0239677 0)
(-0.0437394 -0.00380651 0)
(-0.0607228 -0.0831945 0)
(0.0235469 -0.00296695 0)
(0.0151392 0.0340303 0)
(-0.0276329 0.0497429 0)
(-0.00692371 0.0554002 0)
(-0.000917447 0.0749094 0)
(-0.0536157 0.0784201 0)
(0.156178 0.0173242 0)
(0.244918 0.0314346 0)
(0.0993104 0.0568878 0)
(0.00589843 0.0131081 0)
(-0.0558207 -0.0238629 0)
(-0.0133129 -0.0335326 0)
(-0.0356298 -0.0405255 0)
(-0.0311165 -0.0388207 0)
(-0.0186122 -0.0304509 0)
(-0.00496997 -0.0279317 0)
(0.00663351 -0.0202713 0)
(0.0180536 -0.0161071 0)
(0.0290131 -0.000387202 0)
(0.0153897 0.022162 0)
(-0.00541238 0.0062452 0)
(-0.012074 0.00424447 0)
(-0.00830486 0.00391976 0)
(0.00645401 0.0201096 0)
(0.02569 0.0322361 0)
(0.0191256 0.0499327 0)
(0.0395436 0.0492574 0)
(0.0420793 0.0405927 0)
(-0.017711 0.0343944 0)
(-0.0417305 -0.0694858 0)
(-0.0315022 -0.0403213 0)
(-0.00682532 0.0395006 0)
(-0.0367351 0.0455836 0)
(0.0610159 0.0402268 0)
(0.0109005 0.0748472 0)
(0.077571 0.0505097 0)
(0.163765 0.00226043 0)
(0.175739 0.0304692 0)
(0.213135 0.0735034 0)
(0.432066 0.0627562 0)
(-0.0495337 -0.00161747 0)
(0.000579049 -0.0389124 0)
(0.00530184 -0.0365237 0)
(-0.0263299 -0.0390092 0)
(-0.0175044 -0.0317171 0)
(-0.00445592 -0.0291444 0)
(0.00714581 -0.0213086 0)
(0.0188434 -0.0170628 0)
(0.030469 0.00124915 0)
(0.0150693 0.0238399 0)
(0.000394423 0.0114134 0)
(-0.00132083 0.00642082 0)
(0.00657173 -0.00548118 0)
(0.0137477 -0.00442643 0)
(0.0506364 0.0187761 0)
(0.0486852 0.0387949 0)
(0.0811315 0.0383011 0)
(0.080504 0.0589618 0)
(0.017195 0.0505568 0)
(-0.0373011 -0.0501906 0)
(-0.0759095 -0.0307163 0)
(-0.00436749 0.0439573 0)
(0.0174238 0.0329784 0)
(0.0943323 0.0328856 0)
(0.0526754 0.0668017 0)
(0.154016 0.0340329 0)
(0.203569 -0.00601413 0)
(0.241387 0.0164911 0)
(0.251187 0.0109203 0)
(0.393329 0.0533836 0)
(-0.113781 0.0353404 0)
(-0.173064 -0.0531855 0)
(0.0407084 -0.0385289 0)
(-0.00940193 -0.0358632 0)
(-0.0148485 -0.0325826 0)
(-0.00377505 -0.030284 0)
(0.00767126 -0.0223724 0)
(0.0198398 -0.0180117 0)
(0.0319661 -0.001591 0)
(0.0210992 0.0251285 0)
(0.0044591 0.00534284 0)
(0.00987382 0.000418217 0)
(0.0249981 -0.012058 0)
(0.0264516 -0.0193032 0)
(0.0557857 -0.00885065 0)
(0.0720241 0.0303532 0)
(0.0940285 0.0256 0)
(0.107615 0.0601541 0)
(0.0457751 0.0881806 0)
(0.0348369 -0.0246926 0)
(-0.0299278 -0.0571432 0)
(0.0366202 0.00670011 0)
(0.100775 0.0100042 0)
(0.136067 0.0225911 0)
(0.106398 0.0573749 0)
(0.184521 0.0219016 0)
(0.248225 -0.0206792 0)
(0.298568 0.00664538 0)
(0.266339 0.0159605 0)
(0.529577 0.105592 0)
(-0.0550033 0.0887369 0)
(-0.256641 -0.0474614 0)
(-0.00947194 -0.0632506 0)
(0.0334948 -0.0321615 0)
(-0.00680913 -0.0317681 0)
(-0.00229628 -0.0312373 0)
(0.00823676 -0.0234486 0)
(0.0205533 -0.0191109 0)
(0.0338159 0.00262219 0)
(0.0023801 0.0276443 0)
(0.00522378 -0.0101745 0)
(0.0173677 -0.0131753 0)
(0.0303571 -0.0245431 0)
(0.0409815 -0.0276604 0)
(0.0513158 -0.0313741 0)
(0.0727891 0.0149292 0)
(0.100558 0.0210708 0)
(0.115121 0.0743299 0)
(0.0603859 0.103257 0)
(0.0795813 -0.00830997 0)
(0.0475884 -0.0472607 0)
(0.0814455 -0.0222539 0)
(0.137258 -0.00102644 0)
(0.145313 0.0228505 0)
(0.139066 0.0476323 0)
(0.20223 -0.00690954 0)
(0.289324 -0.0303443 0)
(0.332037 0.0113197 0)
(0.201505 -0.0563982 0)
(0.332718 0.1884 0)
(-0.073023 0.170285 0)
(-0.249143 -0.0479038 0)
(-0.313357 -0.0709326 0)
(0.0769966 -0.0390621 0)
(0.0144484 -0.0279283 0)
(0.00244702 -0.0316587 0)
(0.00902506 -0.02448 0)
(0.0219592 -0.0199794 0)
(0.0338659 -0.00252778 0)
(0.0591715 0.0278436 0)
(0.00639393 -0.0286753 0)
(0.0189289 -0.0279981 0)
(0.0288796 -0.0382277 0)
(0.0343835 -0.0354509 0)
(0.0547938 -0.0406679 0)
(0.0366889 0.00157172 0)
(0.1113 0.00214343 0)
(0.129815 0.0716141 0)
(0.0892852 0.114972 0)
(0.121617 -0.000373896 0)
(0.113842 -0.0570795 0)
(0.10697 -0.0335152 0)
(0.15664 -0.00791488 0)
(0.136612 0.0221063 0)
(0.156208 0.0424606 0)
(0.235046 -0.0241121 0)
(0.305558 -0.0489657 0)
(0.345563 0.0332496 0)
(-0.357411 -0.00475835 0)
(-0.278258 0.20777 0)
(-0.0690798 0.169153 0)
(-0.526312 -0.0268196 0)
(0.0358692 -0.109534 0)
(-0.077518 -0.0761863 0)
(0.0519352 -0.026244 0)
(0.0177238 -0.0303511 0)
(0.0111623 -0.0252507 0)
(0.0228391 -0.0214083 0)
(0.0371883 0.00197488 0)
(-0.051182 0.032346 0)
(0.00701785 -0.0424802 0)
(0.0126221 -0.0389321 0)
(0.0220513 -0.0436477 0)
(0.0145434 -0.0458869 0)
(0.0483814 -0.0365437 0)
(-0.00157355 -0.0151065 0)
(0.114774 -0.0490522 0)
(0.140142 0.0765488 0)
(0.107538 0.123523 0)
(0.166856 -0.010151 0)
(0.168304 -0.0614404 0)
(0.146888 -0.0407719 0)
(0.130844 -0.00291728 0)
(0.145535 0.0168643 0)
(0.188925 0.0108521 0)
(0.250499 -0.0593452 0)
(0.274855 -0.0603459 0)
(0.56379 0.149259 0)
(-0.380119 0.0760817 0)
(-0.757399 0.171686 0)
(0.11376 0.154489 0)
(-0.433131 -0.0235236 0)
(-0.426741 -0.13423 0)
(-0.218048 -0.016918 0)
(0.0890275 -0.0346951 0)
(0.0568589 -0.0258459 0)
(0.0195552 -0.0249903 0)
(0.026832 -0.0214835 0)
(0.023192 -7.0365e-05 0)
(0.10286 0.0301588 0)
(0.00539545 -0.0466242 0)
(0.00445389 -0.0419561 0)
(0.0146584 -0.0457539 0)
(0.0106063 -0.0575207 0)
(0.0277719 -0.0322916 0)
(0.00743455 -0.0352844 0)
(0.09385 -0.125128 0)
(0.151252 0.0533319 0)
(0.109968 0.1144 0)
(0.193754 -0.0161774 0)
(0.195871 -0.0540154 0)
(0.149033 -0.0195196 0)
(0.14126 -0.000210631 0)
(0.177349 -0.0018942 0)
(0.201409 0.00451415 0)
(0.313057 -0.0151055 0)
(0.381576 -0.0526515 0)
(0.523878 0.194939 0)
(-0.384241 0.197706 0)
(-0.86102 0.139609 0)
(0.137481 0.0919512 0)
(-0.363031 0.0318664 0)
(-0.343944 -0.123128 0)
(-0.60281 -0.14004 0)
(-0.372602 -0.0784696 0)
(0.127568 -0.0283467 0)
(0.0486245 -0.0215954 0)
(0.037217 -0.0218529 0)
(0.0354284 -0.00112617 0)
(-0.0299885 0.0362148 0)
(-0.0975798 0.0344972 0)
(-0.0350911 0.00184878 0)
(-0.0711521 -0.0210041 0)
(-0.118353 -0.018755 0)
(-0.0171554 -0.0580566 0)
(0.55313 -0.0881711 0)
(0.657144 -0.0739383 0)
(0.359638 -0.0587829 0)
(0.142605 -0.0358278 0)
(-0.156047 0.106854 0)
(0.468122 0.331989 0)
(-0.192541 0.338859 0)
(-0.291464 0.0170531 0)
(-0.432155 -0.0480086 0)
(-0.227873 -0.257145 0)
(-0.210201 0.0170461 0)
(-0.212685 0.00502971 0)
(-0.222219 -0.0156547 0)
(-0.188862 -0.0255853 0)
(-0.185171 -0.0462775 0)
(-0.192014 -0.0575399 0)
(-0.134484 0.0709409 0)
(-0.0893957 0.0616435 0)
(-0.0543939 -0.124321 0)
(-0.0552717 -0.0697221 0)
(0.00765409 -0.0338203 0)
(0.00357683 -0.0567402 0)
(-0.00784579 -0.0546486 0)
(0.00697016 -0.0512361 0)
(0.0045752 -0.047174 0)
(-0.158682 0.0318666 0)
(0.00115712 0.000999981 0)
(-0.105756 -0.0180999 0)
(-0.17533 -0.0246121 0)
(0.438633 -0.0713626 0)
(0.50013 -0.114647 0)
(0.538158 -0.0767157 0)
(0.27146 -0.0422718 0)
(0.0924256 -0.0177786 0)
(-0.185428 0.0903668 0)
(0.507156 0.334123 0)
(-0.128454 0.369701 0)
(-0.238715 0.048205 0)
(-0.348068 -0.0298359 0)
(-0.30977 -0.304855 0)
(-0.298588 0.0128488 0)
(-0.225863 0.00889472 0)
(-0.255114 -0.0165697 0)
(-0.209855 -0.0352573 0)
(-0.173199 -0.0514224 0)
(-0.15285 -0.0459538 0)
(-0.166795 0.044623 0)
(-0.0604885 0.0510376 0)
(0.00853132 -0.105325 0)
(-0.0629596 -0.0920183 0)
(0.0117722 -0.047685 0)
(0.00926618 -0.0476332 0)
(-0.00905823 -0.0546917 0)
(0.0054598 -0.0544263 0)
(0.00417996 -0.0474462 0)
(-0.277897 0.0278979 0)
(0.0811211 0.000909135 0)
(-0.148708 -0.0133702 0)
(-0.149464 -0.0420087 0)
(0.270923 -0.0893108 0)
(0.711348 -0.10674 0)
(0.431493 -0.0611653 0)
(0.182129 -0.0250561 0)
(0.0563473 -0.00125486 0)
(-0.189717 0.067661 0)
(0.545705 0.332474 0)
(-0.0640416 0.405244 0)
(-0.187707 0.0757389 0)
(-0.286698 -0.0491156 0)
(-0.259637 -0.228003 0)
(-0.467624 -0.0227665 0)
(-0.312864 0.00406309 0)
(-0.31374 -0.0204009 0)
(-0.314159 -0.0521653 0)
(-0.236922 -0.0710909 0)
(-0.143988 -0.052093 0)
(-0.151854 0.00703417 0)
(-0.00339429 0.0256244 0)
(0.0503917 -0.093085 0)
(-0.0238253 -0.0793807 0)
(-0.0195804 -0.062162 0)
(0.00389536 -0.0480719 0)
(-0.00887901 -0.0544511 0)
(0.00175348 -0.057362 0)
(0.00239976 -0.0498323 0)
(-0.460965 0.0166963 0)
(0.0801506 -0.00256889 0)
(-0.225092 -0.0129266 0)
(0.494026 -0.0756967 0)
(0.821591 -0.132288 0)
(0.426732 -0.104979 0)
(0.275767 -0.0483517 0)
(0.0985449 -0.0108527 0)
(0.031334 0.0121858 0)
(-0.173553 0.0404681 0)
(0.580506 0.327236 0)
(0.00151266 0.444533 0)
(-0.135329 0.102698 0)
(-0.220086 -0.0583616 0)
(-0.185572 -0.186647 0)
(-0.49154 -0.0108767 0)
(-0.3967 -0.0073747 0)
(-0.400438 -0.0190044 0)
(-0.27741 -0.0407085 0)
(-0.215514 -0.0807887 0)
(-0.193771 -0.0686553 0)
(-0.113065 -0.014973 0)
(-0.0127085 -0.0250133 0)
(0.0549687 -0.0968593 0)
(-0.0325013 -0.0622666 0)
(-0.0311697 -0.0640275 0)
(-0.0077512 -0.0515611 0)
(-0.00588458 -0.0573602 0)
(-0.0023073 -0.0604538 0)
(0.00289823 -0.0541554 0)
(-0.54603 0.00160545 0)
(-0.0587238 -0.00588115 0)
(-0.336696 -0.0242654 0)
(0.423338 -0.0497065 0)
(1.0643 -0.0745656 0)
(0.318295 -0.0734197 0)
(0.140186 -0.0358149 0)
(0.031189 -0.00158425 0)
(0.014868 0.02167 0)
(-0.143194 0.00810954 0)
(0.606498 0.317046 0)
(0.0674039 0.486409 0)
(-0.0839143 0.128268 0)
(-0.153174 -0.0695716 0)
(-0.0833644 -0.150184 0)
(-0.404225 0.00956204 0)
(-0.389549 -0.0041365 0)
(-0.463054 -0.0258343 0)
(-0.549703 -0.0759711 0)
(-0.578273 -0.0891951 0)
(-0.269825 -0.063678 0)
(-0.0732621 -0.0589474 0)
(0.0200178 -0.0674015 0)
(0.0188373 -0.0817429 0)
(-0.0520648 -0.0572993 0)
(-0.0169334 -0.0670655 0)
(-0.018113 -0.0567996 0)
(-0.0035863 -0.0644313 0)
(-0.00784156 -0.0626455 0)
(0.00271784 -0.0614208 0)
(-0.573064 -0.00825648 0)
(-0.180647 -0.0103606 0)
(-0.369477 -0.0609149 0)
(-0.419184 -0.17981 0)
(0.189373 -0.101662 0)
(0.100399 -0.0592552 0)
(0.0290305 -0.027514 0)
(-0.0146218 0.00247321 0)
(0.00413306 0.0271341 0)
(-0.10399 -0.0286424 0)
(0.606902 0.300594 0)
(0.135972 0.531083 0)
(-0.0352812 0.154459 0)
(-0.0896708 -0.0817007 0)
(-0.000727037 -0.126188 0)
(-0.247804 0.0368543 0)
(-0.229868 0.00749613 0)
(-0.248633 -0.0106458 0)
(-0.122018 -0.0848507 0)
(-0.232489 -0.117169 0)
(-0.410986 -0.21954 0)
(0.0863102 -0.23131 0)
(0.110148 -0.0540916 0)
(0.0107436 -0.022238 0)
(-0.0436532 -0.0561906 0)
(-0.0379488 -0.077494 0)
(-0.0303714 -0.060041 0)
(-0.013459 -0.0716201 0)
(-0.0143676 -0.065136 0)
(0.0035297 -0.0713202 0)
(-0.545119 -0.0157962 0)
(-0.194469 -0.0100303 0)
(-0.31492 -0.00778176 0)
(-0.00349767 -0.159271 0)
(-0.0839633 -0.0973412 0)
(-0.0223741 -0.0570834 0)
(-0.0408734 -0.0254262 0)
(-0.0396888 0.00264505 0)
(-0.00416047 0.0284749 0)
(-0.0630521 -0.0633022 0)
(0.529134 0.279897 0)
(0.195088 0.574713 0)
(0.00833817 0.182173 0)
(-0.0306492 -0.091327 0)
(0.035556 -0.109872 0)
(-0.0956059 0.0541476 0)
(-0.0518972 0.00664841 0)
(-0.0950216 -0.0308752 0)
(-0.0314722 -0.0625014 0)
(-0.269429 0.000576945 0)
(-0.678639 -0.123393 0)
(-0.376106 -0.333924 0)
(0.069177 0.0679315 0)
(-0.08131 -0.00498084 0)
(-0.0159764 -0.0523895 0)
(-0.0330655 -0.0644191 0)
(-0.0321952 -0.069099 0)
(-0.012257 -0.0726324 0)
(-0.00489997 -0.0680634 0)
(0.0144581 -0.0761737 0)
(-0.338058 -0.0363406 0)
(-0.266409 -0.0214997 0)
(-0.238434 -0.0411921 0)
(-0.0311969 -0.159109 0)
(-0.124579 -0.0968243 0)
(-0.0687156 -0.0601377 0)
(-0.0746788 -0.026573 0)
(-0.0501939 0.000799352 0)
(-0.0130782 0.0263911 0)
(-0.0337924 -0.0878539 0)
(0.320376 0.258754 0)
(0.238285 0.615038 0)
(0.0544605 0.209172 0)
(0.0269218 -0.097482 0)
(0.0687958 -0.106173 0)
(0.0297208 0.0551508 0)
(0.0852351 0.0137755 0)
(0.0257824 -0.0278871 0)
(0.0836739 -0.0522958 0)
(0.00307341 0.0491515 0)
(0.209752 -0.0728983 0)
(0.168114 -0.673436 0)
(-0.208921 -0.122515 0)
(-0.0910022 -0.0136913 0)
(-0.0744005 -0.0700968 0)
(-0.0605604 -0.048903 0)
(-0.0305035 -0.0959918 0)
(-0.00607569 -0.0980083 0)
(0.0123777 -0.0980563 0)
(0.0268107 -0.096886 0)
(-0.221978 -0.0254056 0)
(-0.240893 -0.0197089 0)
(-0.202337 -0.0494629 0)
(-0.0324307 -0.166492 0)
(-0.117839 -0.0964025 0)
(-0.080285 -0.0622115 0)
(-0.0859925 -0.0284923 0)
(-0.0526869 -0.00176297 0)
(-0.0237385 0.0223103 0)
(-0.0224362 -0.0951918 0)
(0.0318553 0.234256 0)
(0.26769 0.639589 0)
(0.115293 0.235867 0)
(0.0873097 -0.0974718 0)
(0.0912297 -0.110938 0)
(0.107855 0.0436536 0)
(0.178414 0.019839 0)
(0.125688 -0.0227938 0)
(0.140563 -0.0555429 0)
(0.112559 -0.00260574 0)
(0.260248 -0.13763 0)
(-0.038823 -0.154999 0)
(-0.220625 -0.00751025 0)
(-0.0993964 -0.0299378 0)
(-0.103128 -0.082149 0)
(-0.0650581 -0.0946164 0)
(-0.0313809 -0.118478 0)
(-0.0118123 -0.116059 0)
(0.00217945 -0.110414 0)
(0.0122384 -0.10713 0)
(-0.139183 -0.0248418 0)
(-0.203226 -0.0185635 0)
(-0.172804 -0.0589131 0)
(-0.032915 -0.163186 0)
(-0.112071 -0.0951882 0)
(-0.0788144 -0.0637136 0)
(-0.0868 -0.0303953 0)
(-0.0514087 -0.00425588 0)
(-0.0346372 0.0172628 0)
(-0.0130653 -0.0852322 0)
(-0.19172 0.192295 0)
(0.318271 0.624907 0)
(0.197424 0.259797 0)
(0.147586 -0.0882528 0)
(0.116148 -0.118996 0)
(0.154971 0.0243347 0)
(0.230436 0.0202888 0)
(0.185662 -0.00821899 0)
(0.146709 -0.0491867 0)
(0.152959 -0.0239221 0)
(0.145953 -0.096177 0)
(-0.0587158 -0.222688 0)
(-0.136512 -0.0423147 0)
(-0.0848643 -0.0555269 0)
(-0.0940879 -0.0993791 0)
(-0.0682313 -0.120925 0)
(-0.0440407 -0.138143 0)
(-0.030657 -0.12866 0)
(-0.0243126 -0.119766 0)
(-0.020429 -0.115402 0)
(-0.0769191 -0.0220165 0)
(-0.162303 -0.0161252 0)
(-0.138115 -0.0672089 0)
(-0.0349159 -0.166144 0)
(-0.104109 -0.0942621 0)
(-0.0744038 -0.0649103 0)
(-0.0839008 -0.0320717 0)
(-0.0486315 -0.00653418 0)
(-0.0432721 0.0111345 0)
(0.00773351 -0.0630834 0)
(-0.26307 0.135495 0)
(0.415955 0.566705 0)
(0.284617 0.283782 0)
(0.193996 -0.0694603 0)
(0.148451 -0.12538 0)
(0.180898 0.00378515 0)
(0.226746 0.0207335 0)
(0.171669 0.0105949 0)
(0.118046 -0.0394428 0)
(0.122072 -0.0157658 0)
(0.106702 -0.0365177 0)
(0.0203079 -0.0996004 0)
(-0.0593662 -0.058415 0)
(-0.0386281 -0.0497605 0)
(-0.0668042 -0.0969719 0)
(-0.0662471 -0.139045 0)
(-0.0537654 -0.152913 0)
(-0.0515663 -0.134121 0)
(-0.0562792 -0.119622 0)
(-0.0621098 -0.114809 0)
(-0.0301594 -0.0185389 0)
(-0.117887 -0.0129086 0)
(-0.0971153 -0.0737021 0)
(-0.0324061 -0.164037 0)
(-0.0956883 -0.0933318 0)
(-0.0697271 -0.0658104 0)
(-0.0798808 -0.0336004 0)
(-0.045539 -0.00872891 0)
(-0.0485841 0.00348936 0)
(0.0309791 -0.0389164 0)
(-0.22837 0.0773754 0)
(0.490294 0.491765 0)
(0.33856 0.315034 0)
(0.221409 -0.0455639 0)
(0.177846 -0.126051 0)
(0.17498 -0.0053143 0)
(0.168946 0.0359971 0)
(0.112423 0.0252065 0)
(0.0949414 -0.0296974 0)
(0.10122 -0.0135812 0)
(0.0988945 -0.0266061 0)
(0.0425312 -0.0416256 0)
(-0.0167957 -0.0283509 0)
(-0.0157403 -0.0377071 0)
(-0.0383101 -0.0771281 0)
(-0.0569477 -0.137097 0)
(-0.0635007 -0.150034 0)
(-0.0751769 -0.121841 0)
(-0.090794 -0.102724 0)
(-0.105639 -0.0989266 0)
(0.00483604 -0.0149189 0)
(-0.0713406 -0.00956352 0)
(-0.0533695 -0.0781378 0)
(-0.0270943 -0.161793 0)
(-0.0868212 -0.0923599 0)
(-0.0650647 -0.0664254 0)
(-0.0754271 -0.035055 0)
(-0.0427304 -0.0110247 0)
(-0.0510153 -0.00550029 0)
(0.0466661 -0.0207975 0)
(-0.166509 0.0166203 0)
(0.515265 0.42145 0)
(0.34017 0.356622 0)
(0.230394 -0.0218506 0)
(0.190908 -0.117015 0)
(0.139613 0.00348774 0)
(0.10626 0.0608172 0)
(0.0799591 0.0264992 0)
(0.0980288 -0.0262543 0)
(0.104349 -0.0182171 0)
(0.0950602 -0.00721313 0)
(0.0508317 -0.0134148 0)
(0.0105268 -0.012757 0)
(0.00642942 -0.0276119 0)
(-0.0215898 -0.044212 0)
(-0.0577346 -0.119505 0)
(-0.0795045 -0.128211 0)
(-0.102677 -0.0948296 0)
(-0.12308 -0.0749959 0)
(-0.141846 -0.0726664 0)
(0.0294804 -0.0117289 0)
(-0.0255081 -0.00676894 0)
(-0.0101507 -0.080094 0)
(-0.0188469 -0.157015 0)
(-0.0776822 -0.0910234 0)
(-0.0603363 -0.066665 0)
(-0.0707212 -0.0364589 0)
(-0.0405098 -0.0134669 0)
(-0.0515083 -0.0151358 0)
(0.050074 -0.0105643 0)
(-0.110312 -0.0449977 0)
(0.484731 0.351732 0)
(0.332474 0.406029 0)
(0.224204 -0.00192615 0)
(0.187525 -0.0943643 0)
(0.0893585 0.0246254 0)
(0.0823515 0.0748257 0)
(0.0807382 0.0207131 0)
(0.0937734 -0.0316708 0)
(0.10149 -0.0187952 0)
(0.0888659 0.0150455 0)
(0.0486286 0.0164861 0)
(0.0170497 0.00963292 0)
(0.00562296 -0.00850435 0)
(-0.0322063 -0.004702 0)
(-0.0744603 -0.0934836 0)
(-0.107952 -0.0898435 0)
(-0.130683 -0.0575575 0)
(-0.145109 -0.0455398 0)
(-0.160537 -0.0424244 0)
(0.0422179 -0.00961117 0)
(0.0138609 -0.00504645 0)
(0.0272714 -0.0797751 0)
(-0.0107091 -0.150207 0)
(-0.0683365 -0.0892223 0)
(-0.0555367 -0.06647 0)
(-0.0658546 -0.0377845 0)
(-0.0390406 -0.0159813 0)
(-0.0508981 -0.0239363 0)
(0.0383593 -0.00683974 0)
(-0.0743888 -0.0914863 0)
(0.340497 0.286457 0)
(0.318826 0.455977 0)
(0.197968 0.0165293 0)
(0.176416 -0.0572733 0)
(0.0332148 0.0466136 0)
(0.0539012 0.0772919 0)
(0.0550608 0.0117083 0)
(0.083357 -0.0391565 0)
(0.0859752 -0.014863 0)
(0.0672428 0.0395681 0)
(0.0352016 0.0344284 0)
(0.0226745 0.0251115 0)
(0.00723433 0.00900375 0)
(-0.0113019 0.0480701 0)
(-0.0479901 -0.0260594 0)
(-0.0945564 -0.0480076 0)
(-0.113796 -0.0329306 0)
(-0.123899 -0.0235632 0)
(-0.139513 -0.0102002 0)
(0.0477401 -0.0088795 0)
(0.0455819 -0.00451577 0)
(0.0555273 -0.0776119 0)
(-0.00359275 -0.141412 0)
(-0.0590356 -0.0868547 0)
(-0.0507156 -0.0658031 0)
(-0.0609048 -0.0389467 0)
(-0.0382556 -0.0184373 0)
(-0.0499024 -0.0299923 0)
(0.0140309 -0.00657573 0)
(-0.073758 -0.11081 0)
(0.102669 0.241168 0)
(0.223759 0.489211 0)
(0.165474 0.026564 0)
(0.175124 -0.0100888 0)
(-0.0204283 0.0695897 0)
(0.0525558 0.0638728 0)
(0.059119 -0.00914125 0)
(0.0818386 -0.0417863 0)
(0.0710988 -0.0078776 0)
(0.0637615 0.0617346 0)
(0.0496979 0.0517273 0)
(0.0346111 0.0468582 0)
(-0.00820325 0.0415588 0)
(-0.0357397 0.0624833 0)
(-0.0421307 0.0075172 0)
(-0.0665751 -0.0140203 0)
(-0.0883306 -0.0129951 0)
(-0.101265 -0.00201528 0)
(-0.114973 0.0236874 0)
(0.0484452 -0.00954887 0)
(0.0655238 -0.00524056 0)
(0.0728994 -0.074139 0)
(0.00214634 -0.131136 0)
(-0.0501509 -0.0839724 0)
(-0.0459214 -0.0646779 0)
(-0.0559352 -0.0398635 0)
(-0.0378122 -0.0206838 0)
(-0.0485204 -0.0323372 0)
(-0.013536 -0.00585113 0)
(-0.0887131 -0.101139 0)
(-0.113919 0.198708 0)
(0.109755 0.47136 0)
(0.158305 0.00998947 0)
(0.21311 0.0295909 0)
(0.0188818 0.100969 0)
(0.0881872 0.0446088 0)
(0.0989515 -0.0255801 0)
(0.0996706 -0.0347251 0)
(0.078198 -0.000883358 0)
(0.0775477 0.0599329 0)
(0.0803708 0.0642212 0)
(0.0691025 0.0715691 0)
(0.0495265 0.080587 0)
(0.0263881 0.0854373 0)
(0.0157678 0.0342032 0)
(-0.00917872 0.0323507 0)
(-0.0381916 0.0260555 0)
(-0.0601183 0.0292336 0)
(-0.0765959 0.054745 0)
(0.0470563 -0.0111495 0)
(0.0717378 -0.00697006 0)
(0.0797638 -0.0696653 0)
(0.00598251 -0.120107 0)
(-0.0419859 -0.0806411 0)
(-0.0412087 -0.0631242 0)
(-0.0509937 -0.0404962 0)
(-0.0372476 -0.0226092 0)
(-0.0463105 -0.0315916 0)
(-0.0324958 -0.00388558 0)
(-0.0858569 -0.0723017 0)
(-0.207476 0.145238 0)
(0.100065 0.380821 0)
(0.173609 -0.0114506 0)
(0.188389 0.062059 0)
(0.101141 0.135385 0)
(0.142115 0.0380994 0)
(0.134419 -0.0251805 0)
(0.110118 -0.0199612 0)
(0.0908058 0.0121119 0)
(0.0851322 0.0516061 0)
(0.0950019 0.0645384 0)
(0.0984898 0.0807806 0)
(0.0837298 0.106221 0)
(0.0542346 0.118284 0)
(0.0390526 0.0653824 0)
(0.0138119 0.0841965 0)
(-0.0199625 0.0887187 0)
(-0.0490807 0.0792025 0)
(-0.0657942 0.0844009 0)
(0.0452371 -0.012892 0)
(0.0666016 -0.00931731 0)
(0.0778909 -0.0650159 0)
(0.0078459 -0.109102 0)
(-0.034741 -0.0770184 0)
(-0.0366334 -0.0612082 0)
(-0.0461187 -0.0408458 0)
(-0.0362215 -0.0241739 0)
(-0.043251 -0.0292428 0)
(-0.0404279 -0.00260162 0)
(-0.0677865 -0.0397447 0)
(-0.184772 0.0993517 0)
(0.12132 0.272601 0)
(0.150054 -0.00812004 0)
(0.105023 0.0603683 0)
(0.118777 0.132557 0)
(0.149084 0.0301129 0)
(0.136111 -0.0115832 0)
(0.116105 -0.00572961 0)
(0.104279 0.0226136 0)
(0.102211 0.0487193 0)
(0.10789 0.0605793 0)
(0.110538 0.0801961 0)
(0.110755 0.119359 0)
(0.110453 0.139077 0)
(0.110274 0.106846 0)
(0.0933518 0.121632 0)
(0.0731827 0.137234 0)
(0.0478187 0.139897 0)
(0.0240526 0.123931 0)
(0.0431103 -0.0141854 0)
(0.056102 -0.0117938 0)
(0.0705252 -0.0605331 0)
(0.00869764 -0.0986615 0)
(-0.0284296 -0.0732392 0)
(-0.03224 -0.059012 0)
(-0.0413378 -0.0409169 0)
(-0.0345767 -0.025379 0)
(-0.0396465 -0.0265101 0)
(-0.0409234 -0.00267728 0)
(-0.0507715 -0.0159511 0)
(-0.124824 0.0667279 0)
(0.0897938 0.19873 0)
(0.113007 0.0111953 0)
(0.0545047 0.0627337 0)
(0.113974 0.0989232 0)
(0.144307 0.0263103 0)
(0.135104 1.69837e-05 0)
(0.12118 0.00462885 0)
(0.114838 0.0278649 0)
(0.115082 0.0480148 0)
(0.115845 0.0616029 0)
(0.114052 0.082281 0)
(0.112257 0.11096 0)
(0.115051 0.119019 0)
(0.11653 0.115965 0)
(0.112611 0.139187 0)
(0.110825 0.165317 0)
(0.103628 0.192769 0)
(0.086663 0.18709 0)
(0.0404218 -0.0148547 0)
(0.0458319 -0.014009 0)
(0.0609028 -0.0563818 0)
(0.00889176 -0.0890526 0)
(-0.0229811 -0.0693877 0)
(-0.0280629 -0.0566379 0)
(-0.0366697 -0.0407197 0)
(-0.0322886 -0.0262731 0)
(-0.0356574 -0.0240887 0)
(-0.0376869 -0.00356201 0)
(-0.0384411 -0.00324017 0)
(-0.0783482 0.0451171 0)
(0.0485089 0.144972 0)
(0.0864232 0.0243154 0)
(0.0524896 0.060814 0)
(0.108738 0.0618076 0)
(0.130086 0.023475 0)
(0.128927 0.00711632 0)
(0.124765 0.0102991 0)
(0.123413 0.0286868 0)
(0.125674 0.0488158 0)
(0.124413 0.0660416 0)
(0.120126 0.089106 0)
(0.115919 0.112575 0)
(0.112767 0.122037 0)
(0.10846 0.128263 0)
(0.103776 0.14424 0)
(0.102979 0.164107 0)
(0.0983973 0.231187 0)
(0.0824099 0.253491 0)
(0.0372288 -0.0150148 0)
(0.0378586 -0.0157875 0)
(0.0513077 -0.0525741 0)
(0.00880802 -0.0803682 0)
(-0.0183294 -0.0655299 0)
(-0.0241211 -0.0541976 0)
(-0.0321297 -0.0402682 0)
(-0.029423 -0.0269286 0)
(-0.031354 -0.0223103 0)
(-0.0325151 -0.00493991 0)
(-0.028744 0.00173664 0)
(-0.0479467 0.0310692 0)
(0.0277927 0.100613 0)
(0.0680036 0.0255217 0)
(0.0598681 0.0472339 0)
(0.100171 0.0366194 0)
(0.117891 0.016133 0)
(0.123731 0.00549765 0)
(0.12828 0.00872653 0)
(0.132359 0.0254826 0)
(0.136509 0.0489048 0)
(0.135892 0.0728179 0)
(0.129607 0.100889 0)
(0.119253 0.127424 0)
(0.103232 0.144157 0)
(0.0802763 0.156234 0)
(0.0547463 0.169095 0)
(0.0278978 0.189184 0)
(0.0191074 0.252562 0)
(0.0192305 0.272437 0)
(0.0337063 -0.0148383 0)
(0.0317222 -0.0171728 0)
(0.0427414 -0.0491451 0)
(0.00848729 -0.0726791 0)
(-0.0143958 -0.0617131 0)
(-0.0204265 -0.0517993 0)
(-0.0277357 -0.0395955 0)
(-0.0261212 -0.0274193 0)
(-0.0269056 -0.0212889 0)
(-0.0267012 -0.0067279 0)
(-0.0205445 0.00228149 0)
(-0.0270902 0.0202621 0)
(0.0207566 0.0653276 0)
(0.0556685 0.0196794 0)
(0.0618118 0.0296935 0)
(0.0907397 0.0171624 0)
(0.10859 0.00408952 0)
(0.119678 -0.00378879 0)
(0.130419 -0.00026288 0)
(0.140492 0.0169867 0)
(0.148201 0.0465108 0)
(0.149719 0.0802517 0)
(0.144734 0.121481 0)
(0.131631 0.168355 0)
(0.109628 0.201885 0)
(0.0828147 0.225291 0)
(0.0553743 0.242479 0)
(0.0301559 0.25214 0)
(0.0133448 0.262773 0)
(0.00903975 0.258865 0)
(0.0299472 -0.0144489 0)
(0.0266256 -0.018245 0)
(0.03529 -0.0460589 0)
(0.00793142 -0.0659564 0)
(-0.0111056 -0.0579893 0)
(-0.0169834 -0.0495197 0)
(-0.0235027 -0.0387735 0)
(-0.0225469 -0.027803 0)
(-0.0225035 -0.0209833 0)
(-0.021043 -0.00898503 0)
(-0.0141617 3.84318e-06 0)
(-0.0126285 0.0109317 0)
(0.0189587 0.0379689 0)
(0.0467859 0.010432 0)
(0.058781 0.0113797 0)
(0.0813254 -0.000957512 0)
(0.0987502 -0.0130961 0)
(0.114763 -0.0200491 0)
(0.130053 -0.0182504 0)
(0.145907 -0.00135479 0)
(0.160313 0.0341162 0)
(0.169811 0.077895 0)
(0.172114 0.125046 0)
(0.168007 0.187019 0)
(0.15472 0.243643 0)
(0.132809 0.281437 0)
(0.109347 0.310657 0)
(0.0858213 0.328037 0)
(0.060956 0.328573 0)
(0.0408447 0.307518 0)
(0.0259763 -0.0139332 0)
(0.022126 -0.0190379 0)
(0.0287249 -0.0432976 0)
(0.00714471 -0.0601541 0)
(-0.0083886 -0.054444 0)
(-0.0137961 -0.0474004 0)
(-0.0194392 -0.037902 0)
(-0.0188376 -0.0281101 0)
(-0.018189 -0.0212103 0)
(-0.0159454 -0.0114173 0)
(-0.00935052 -0.00422974 0)
(-0.0038394 0.00230853 0)
(0.017456 0.016067 0)
(0.0384298 -0.000487168 0)
(0.0516894 -0.00595965 0)
(0.0695258 -0.019045 0)
(0.0856711 -0.0333039 0)
(0.10367 -0.0445672 0)
(0.121403 -0.0474334 0)
(0.140908 -0.0338625 0)
(0.160318 0.00396223 0)
(0.177617 0.0609575 0)
(0.185829 0.126311 0)
(0.185679 0.200484 0)
(0.180749 0.276627 0)
(0.168502 0.334284 0)
(0.150041 0.376033 0)
(0.129837 0.405872 0)
(0.107255 0.422261 0)
(0.0811 0.413125 0)
(0.0217954 -0.0133601 0)
(0.0179742 -0.0195908 0)
(0.0228303 -0.0408688 0)
(0.00615538 -0.0552191 0)
(-0.00617537 -0.0511997 0)
(-0.0108685 -0.0454609 0)
(-0.0155623 -0.0370762 0)
(-0.0151512 -0.0284015 0)
(-0.014149 -0.0219126 0)
(-0.0115004 -0.0140826 0)
(-0.00554663 -0.00857684 0)
(0.00101463 -0.00482546 0)
(0.0152921 2.19354e-06 0)
(0.029969 -0.0110746 0)
(0.041157 -0.0203142 0)
(0.0535392 -0.0347322 0)
(0.0655817 -0.0519562 0)
(0.0788538 -0.068472 0)
(0.0931639 -0.077033 0)
(0.110333 -0.0680517 0)
(0.129176 -0.0319513 0)
(0.147832 0.0333527 0)
(0.162655 0.115707 0)
(0.168947 0.202184 0)
(0.171689 0.285341 0)
(0.172672 0.357119 0)
(0.168737 0.411423 0)
(0.160543 0.454193 0)
(0.149081 0.49032 0)
(0.134611 0.511645 0)
(0.0173937 -0.0127883 0)
(0.0139977 -0.0199545 0)
(0.0174495 -0.0387857 0)
(0.00498543 -0.0511465 0)
(-0.0043878 -0.0483695 0)
(-0.00819521 -0.0437444 0)
(-0.0118862 -0.0363488 0)
(-0.0115865 -0.0286795 0)
(-0.0104899 -0.022801 0)
(-0.00802105 -0.0166174 0)
(-0.00325705 -0.0128761 0)
(0.00254146 -0.011211 0)
(0.0118443 -0.011129 0)
(0.0210218 -0.0194415 0)
(0.0281304 -0.0297637 0)
(0.0345535 -0.0443218 0)
(0.0398491 -0.0623281 0)
(0.0449395 -0.0820893 0)
(0.0504779 -0.0977084 0)
(0.0585099 -0.0971621 0)
(0.071163 -0.0666369 0)
(0.0873965 -0.000440615 0)
(0.104348 0.0898381 0)
(0.119847 0.184493 0)
(0.131962 0.270663 0)
(0.14283 0.351665 0)
(0.148606 0.425532 0)
(0.148776 0.485696 0)
(0.147584 0.537078 0)
(0.145747 0.575015 0)
(0.0127451 -0.0122717 0)
(0.0100822 -0.020189 0)
(0.0124331 -0.0371161 0)
(0.00365438 -0.0479569 0)
(-0.00292805 -0.046052 0)
(-0.00574858 -0.0423095 0)
(-0.00840031 -0.0357295 0)
(-0.0081875 -0.0289384 0)
(-0.00720689 -0.0237162 0)
(-0.00517593 -0.0188279 0)
(-0.00174111 -0.0162305 0)
(0.00230398 -0.015675 0)
(0.00758188 -0.0175847 0)
(0.0119547 -0.0241931 0)
(0.0143209 -0.0334926 0)
(0.0146083 -0.0461527 0)
(0.0122628 -0.0621237 0)
(0.00773361 -0.0805965 0)
(0.00112778 -0.0974683 0)
(-0.0055127 -0.103141 0)
(-0.00792794 -0.0836663 0)
(-0.00154968 -0.0297926 0)
(0.0101718 0.0524685 0)
(0.0243271 0.145974 0)
(0.0376543 0.238994 0)
(0.0491838 0.330989 0)
(0.0609572 0.411344 0)
(0.0726385 0.470555 0)
(0.0848562 0.51685 0)
(0.0968732 0.553224 0)
(0.00779963 -0.0118732 0)
(0.00616403 -0.0203421 0)
(0.00758393 -0.0358923 0)
(0.00218612 -0.0456123 0)
(-0.00166288 -0.0443214 0)
(-0.0034395 -0.0411828 0)
(-0.00502397 -0.0352206 0)
(-0.00491828 -0.0291271 0)
(-0.00425095 -0.0244267 0)
(-0.00295897 -0.020419 0)
(-0.000952064 -0.0185682 0)
(0.00126923 -0.0185103 0)
(0.00356478 -0.0206985 0)
(0.00440567 -0.0256196 0)
(0.00283852 -0.0323498 0)
(-0.00175078 -0.0407021 0)
(-0.0100404 -0.0509004 0)
(-0.0225249 -0.0625977 0)
(-0.0389861 -0.0736547 0)
(-0.0579124 -0.0786244 0)
(-0.0747504 -0.0681756 0)
(-0.0828425 -0.0319052 0)
(-0.0797056 0.0317477 0)
(-0.0680697 0.113694 0)
(-0.0527604 0.20171 0)
(-0.034039 0.282299 0)
(-0.0145318 0.343249 0)
(0.00431559 0.390252 0)
(0.0219475 0.428973 0)
(0.0387197 0.459661 0)
(0.00253146 -0.0116479 0)
(0.00218089 -0.020386 0)
(0.00256834 -0.0349779 0)
(0.000694869 -0.0441734 0)
(-0.000465498 -0.0433874 0)
(-0.00112525 -0.0405889 0)
(-0.00163823 -0.0350768 0)
(-0.00163535 -0.029462 0)
(-0.00140152 -0.025074 0)
(-0.000988687 -0.0215407 0)
(-0.000421156 -0.0198627 0)
(5.06077e-06 -0.0195576 0)
(3.46429e-05 -0.0205878 0)
(-0.000957988 -0.0225152 0)
(-0.00334283 -0.0246235 0)
(-0.00785881 -0.0265196 0)
(-0.0141152 -0.0287193 0)
(-0.0225409 -0.0313671 0)
(-0.0328013 -0.0336273 0)
(-0.0439705 -0.0342757 0)
(-0.0542455 -0.0311461 0)
(-0.0607182 -0.0204078 0)
(-0.0607379 0.00339246 0)
(-0.0527933 0.0420787 0)
(-0.0403521 0.0974256 0)
(-0.0270427 0.162976 0)
(-0.0150517 0.225786 0)
(-0.0047152 0.277042 0)
(0.00485127 0.314244 0)
(0.0139493 0.339675 0)
(0.00480078 -0.0448401 0)
(0.00252872 -0.0445348 0)
(0.0192816 -0.0535273 0)
(0.0180388 -0.054759 0)
(0.00141405 -0.0327237 0)
(0.0855878 -0.0716782 0)
(0.0346263 -0.129314 0)
(0.117514 0.050536 0)
(0.114184 0.098668 0)
(0.191147 -0.0319693 0)
(0.187221 -0.0509628 0)
(0.159914 -0.019597 0)
(0.185803 -0.00912325 0)
(0.208821 -0.007063 0)
(0.268684 -0.0374793 0)
(0.462179 -0.0965037 0)
(0.340723 -0.0665566 0)
(0.46354 0.237083 0)
(-0.357671 0.295756 0)
(-0.766564 0.12752 0)
(0.0803106 0.0509724 0)
(-0.279787 0.048597 0)
(-0.261788 -0.0971662 0)
(-0.772197 -0.0754643 0)
(-0.538614 -0.0836624 0)
(0.0173681 -0.0580361 0)
(0.11883 -0.0187205 0)
(0.0710744 -0.0209539 0)
(0.0348735 0.00187788 0)
(0.0971775 0.0344395 0)
(0.0065371 -0.0451652 0)
(0.00526186 -0.0489277 0)
(0.0248295 -0.0584512 0)
(0.0124774 -0.0469506 0)
(0.00333314 -0.0445056 0)
(0.0913481 -0.0914846 0)
(-0.0198501 -0.110502 0)
(0.0898819 0.0374002 0)
(0.139826 0.0789364 0)
(0.186967 -0.0274332 0)
(0.18781 -0.0480882 0)
(0.196084 -0.0226 0)
(0.226189 -0.0146646 0)
(0.236557 -0.0147414 0)
(0.348412 -0.0444246 0)
(0.368229 -0.0737151 0)
(0.247105 -0.0608412 0)
(0.410098 0.271421 0)
(-0.334407 0.360243 0)
(-0.657285 0.11806 0)
(0.0410607 0.0255023 0)
(-0.219105 0.0592999 0)
(-0.18238 -0.0820307 0)
(-0.614471 -0.0751715 0)
(-0.466493 -0.118351 0)
(-0.437982 -0.0698347 0)
(0.175714 -0.024588 0)
(0.105591 -0.0180401 0)
(-0.0016053 0.0010448 0)
(0.158591 0.0318169 0)
(0.0107819 -0.0478421 0)
(0.012004 -0.0524113 0)
(0.0257203 -0.0599771 0)
(0.0114422 -0.0475439 0)
(0.0379209 -0.0586337 0)
(0.0517635 -0.0742245 0)
(-0.0512192 -0.101376 0)
(0.0360771 0.00731707 0)
(0.139637 0.0423016 0)
(0.182353 -0.036162 0)
(0.198857 -0.0588271 0)
(0.225313 -0.0385452 0)
(0.232258 -0.0205442 0)
(0.201947 -0.032887 0)
(0.280543 -0.0644108 0)
(0.332869 -0.0708831 0)
(0.187681 -0.0534872 0)
(0.346592 0.302101 0)
(-0.304369 0.418321 0)
(-0.512704 0.107681 0)
(0.0124721 0.00226276 0)
(-0.158349 0.0665444 0)
(-0.104842 -0.0661944 0)
(-0.507548 -0.057419 0)
(-0.70341 -0.110063 0)
(-0.273838 -0.0881491 0)
(0.151756 -0.0418997 0)
(0.14851 -0.0133046 0)
(-0.0816326 0.000934527 0)
(0.27903 0.0278294 0)
(0.00880399 -0.0523912 0)
(0.0157499 -0.0561151 0)
(0.0229775 -0.0627568 0)
(0.0182134 -0.0518178 0)
(0.0432461 -0.0638034 0)
(0.0537625 -0.0557095 0)
(-0.0548163 -0.0890052 0)
(-0.00221483 -0.0317177 0)
(0.109226 0.0102757 0)
(0.195682 -0.0426322 0)
(0.221513 -0.0624441 0)
(0.229079 -0.0365632 0)
(0.210718 -0.0082305 0)
(0.215557 -0.0448229 0)
(0.281448 -0.0642035 0)
(0.287123 -0.0750813 0)
(0.132533 -0.0434883 0)
(0.27249 0.326994 0)
(-0.270107 0.465387 0)
(-0.349022 0.0980869 0)
(-0.00146592 -0.0166143 0)
(-0.103481 0.0696273 0)
(-0.0321378 -0.0524226 0)
(-0.344453 -0.0433636 0)
(-0.398647 -0.110127 0)
(-0.855945 -0.130904 0)
(-0.490333 -0.0758718 0)
(0.224267 -0.0127499 0)
(-0.0798299 -0.0025834 0)
(0.46228 0.0165715 0)
(0.00746377 -0.060744 0)
(0.0228681 -0.0609622 0)
(0.0251093 -0.0684912 0)
(0.0315233 -0.058765 0)
(0.0300481 -0.0664615 0)
(0.0665114 -0.0502797 0)
(-0.0133873 -0.0761593 0)
(-0.0251515 -0.0757071 0)
(0.0770105 -0.0345056 0)
(0.190024 -0.0496273 0)
(0.118732 -0.0567956 0)
(0.141004 -0.0184086 0)
(0.208188 -0.014386 0)
(0.172733 -0.044888 0)
(0.235656 -0.0618271 0)
(0.22753 -0.0681931 0)
(0.0713609 -0.030271 0)
(0.18663 0.346577 0)
(-0.23566 0.498944 0)
(-0.183261 0.0891269 0)
(-0.00259694 -0.0290795 0)
(-0.0583548 0.0691785 0)
(0.0239332 -0.0427545 0)
(-0.201347 -0.0302601 0)
(-0.297182 -0.0788274 0)
(-1.09243 -0.0722924 0)
(-0.421198 -0.0504746 0)
(0.334697 -0.0240234 0)
(0.0599728 -0.00594726 0)
(0.546356 0.00147796 0)
(0.00622358 -0.0731186 0)
(0.0261065 -0.067281 0)
(0.037309 -0.072241 0)
(0.0420173 -0.0599998 0)
(0.0481383 -0.0738933 0)
(0.0433679 -0.0499915 0)
(0.0252838 -0.0261749 0)
(-0.062732 -0.071087 0)
(-0.0190861 -0.0630494 0)
(0.150139 -0.0542465 0)
(0.113377 -0.066203 0)
(0.0883248 -0.0351568 0)
(0.115124 -0.0232867 0)
(0.0952627 -0.0481244 0)
(0.185915 -0.064294 0)
(0.158627 -0.061345 0)
(0.000843644 -0.0163178 0)
(0.0862667 0.36247 0)
(-0.202246 0.51839 0)
(-0.0351006 0.0791469 0)
(0.00383813 -0.0340839 0)
(-0.0243178 0.0665172 0)
(0.0584882 -0.0373143 0)
(-0.0819252 -0.0210974 0)
(-0.0840197 -0.0655963 0)
(-0.223436 -0.0995916 0)
(0.431862 -0.182436 0)
(0.364377 -0.0604446 0)
(0.182741 -0.0104852 0)
(0.572256 -0.00831376 0)
(0.0164238 -0.0729495 0)
(0.0300115 -0.0809336 0)
(0.0376632 -0.0696528 0)
(0.0434725 -0.0698239 0)
(0.0460622 -0.0475728 0)
(0.00427004 -0.0498453 0)
(0.0903521 -0.0233133 0)
(-0.0426855 -0.0441437 0)
(0.0291314 -0.193186 0)
(0.0954461 -0.0874893 0)
(0.0596045 -0.0275879 0)
(-0.0402746 -0.028812 0)
(-0.00760511 -0.0272387 0)
(0.0450781 -0.0649906 0)
(0.133368 -0.0679911 0)
(0.0776484 -0.0465241 0)
(-0.0810071 0.00141662 0)
(-0.0309444 0.375832 0)
(-0.183824 0.520137 0)
(0.0732064 0.0663672 0)
(0.0107947 -0.0325033 0)
(-0.000780712 0.0623329 0)
(0.073667 -0.0350223 0)
(-0.0031517 -0.0180495 0)
(0.0315776 -0.0639778 0)
(0.0613369 -0.0944792 0)
(-0.00309847 -0.16291 0)
(0.311109 -0.00692704 0)
(0.194177 -0.0102442 0)
(0.543756 -0.0158236 0)
(0.0370694 -0.0923921 0)
(0.0467063 -0.0980877 0)
(0.0562086 -0.0863262 0)
(0.0619546 -0.0827012 0)
(0.0811342 -0.031604 0)
(0.0514896 -0.0734229 0)
(0.0947058 -0.0148025 0)
(-0.0652455 0.0156993 0)
(0.094964 -0.187197 0)
(0.0739595 -0.100823 0)
(-0.073047 0.00949638 0)
(-0.149341 -0.00879686 0)
(-0.0867263 -0.051723 0)
(0.0198503 -0.0923216 0)
(0.0620572 -0.0666278 0)
(-0.0109755 -0.0263044 0)
(-0.171772 0.0245051 0)
(-0.159608 0.379593 0)
(-0.162766 0.501733 0)
(0.126062 0.0521961 0)
(0.0132069 -0.0264589 0)
(0.0136813 0.0571238 0)
(0.0769539 -0.0342295 0)
(0.0387659 -0.0185288 0)
(0.0698949 -0.0675924 0)
(0.113153 -0.0937864 0)
(0.0265164 -0.162802 0)
(0.234085 -0.0406306 0)
(0.266742 -0.0218895 0)
(0.33512 -0.0363162 0)
(0.0219248 -0.10462 0)
(0.0309108 -0.102441 0)
(0.0392719 -0.0969588 0)
(0.0430128 -0.0856338 0)
(0.0563542 -0.0519968 0)
(0.0538413 -0.0477292 0)
(0.00256295 0.0269726 0)
(0.0110205 -0.0333025 0)
(-0.193205 -0.184671 0)
(-0.160446 -0.0174453 0)
(-0.262894 0.0438 0)
(-0.197419 -0.0169678 0)
(-0.122422 -0.0928058 0)
(-0.0329137 -0.111955 0)
(-0.0363911 -0.0564416 0)
(-0.106417 -0.00456035 0)
(-0.270611 0.0562773 0)
(-0.299703 0.373551 0)
(-0.154015 0.463304 0)
(0.128107 0.036724 0)
(0.010962 -0.0184351 0)
(0.0209334 0.0512663 0)
(0.0747601 -0.0340804 0)
(0.055638 -0.0202762 0)
(0.0768995 -0.069963 0)
(0.108227 -0.0936039 0)
(0.0290347 -0.170439 0)
(0.197153 -0.0493647 0)
(0.243168 -0.0199088 0)
(0.219328 -0.0252235 0)
(-0.0167334 -0.112531 0)
(-0.0131737 -0.108937 0)
(-0.010411 -0.101204 0)
(-0.0111269 -0.0877562 0)
(-0.00678464 -0.0608845 0)
(-0.0076845 -0.0351079 0)
(-0.0523564 0.0206316 0)
(0.0426142 0.0714051 0)
(-0.164996 -0.0386699 0)
(-0.330032 -0.0315601 0)
(-0.307469 0.0276931 0)
(-0.192593 -0.0543714 0)
(-0.157121 -0.123507 0)
(-0.11957 -0.112944 0)
(-0.144152 -0.0412236 0)
(-0.197606 0.0175119 0)
(-0.367276 0.0955058 0)
(-0.458692 0.362261 0)
(-0.226616 0.395375 0)
(0.0963741 0.0172666 0)
(0.00729353 -0.0113562 0)
(0.0232259 0.0448822 0)
(0.0705471 -0.0341583 0)
(0.0595761 -0.0223176 0)
(0.0737252 -0.0714931 0)
(0.102226 -0.0928805 0)
(0.0301511 -0.167073 0)
(0.166631 -0.0591192 0)
(0.206112 -0.0188245 0)
(0.137675 -0.024602 0)
(-0.0669874 -0.111897 0)
(-0.072594 -0.107582 0)
(-0.0798703 -0.0985443 0)
(-0.0903174 -0.0815606 0)
(-0.103781 -0.0524113 0)
(-0.130272 -0.0185403 0)
(-0.168064 0.0162446 0)
(-0.149909 0.0524435 0)
(-0.334622 0.0102758 0)
(-0.338441 0.0437491 0)
(-0.326251 -0.042438 0)
(-0.18696 -0.0802174 0)
(-0.207148 -0.133277 0)
(-0.205733 -0.102414 0)
(-0.238781 -0.028224 0)
(-0.272277 0.0412317 0)
(-0.429859 0.138891 0)
(-0.575424 0.353825 0)
(-0.222195 0.309496 0)
(0.0500893 -0.00482552 0)
(0.00647143 -0.00754156 0)
(0.0227206 0.0381872 0)
(0.0657414 -0.0343214 0)
(0.0585185 -0.0243702 0)
(0.068642 -0.0725718 0)
(0.0943973 -0.0924476 0)
(0.0321723 -0.170196 0)
(0.130833 -0.0677716 0)
(0.16568 -0.016515 0)
(0.0760028 -0.0216852 0)
(-0.118856 -0.0960933 0)
(-0.134004 -0.0903809 0)
(-0.152539 -0.0783873 0)
(-0.176201 -0.0566761 0)
(-0.206827 -0.0230523 0)
(-0.244767 0.0210769 0)
(-0.278488 0.0714845 0)
(-0.294647 0.109242 0)
(-0.37802 0.0626415 0)
(-0.32455 0.0211547 0)
(-0.299495 -0.0754504 0)
(-0.220419 -0.102807 0)
(-0.24654 -0.128291 0)
(-0.271712 -0.0878714 0)
(-0.31225 -0.0179183 0)
(-0.334677 0.0656008 0)
(-0.450618 0.183188 0)
(-0.606346 0.345598 0)
(-0.0139515 0.222497 0)
(0.0205583 -0.0123853 0)
(0.0104348 -0.00688687 0)
(0.0210237 0.0315904 0)
(0.0608309 -0.0345666 0)
(0.0559159 -0.0264488 0)
(0.0634763 -0.0733109 0)
(0.0860036 -0.0920417 0)
(0.0291288 -0.168033 0)
(0.0886699 -0.0746304 0)
(0.121553 -0.0135011 0)
(0.0291845 -0.0180908 0)
(-0.160174 -0.0677143 0)
(-0.182048 -0.0587064 0)
(-0.208222 -0.0434229 0)
(-0.239873 -0.0193982 0)
(-0.275494 0.0144132 0)
(-0.309649 0.0555629 0)
(-0.332713 0.0966343 0)
(-0.342113 0.112954 0)
(-0.357779 0.0599367 0)
(-0.307705 -0.00102432 0)
(-0.273902 -0.0992308 0)
(-0.249834 -0.110528 0)
(-0.268859 -0.117737 0)
(-0.311334 -0.0691631 0)
(-0.360201 -0.00544242 0)
(-0.390101 0.0896782 0)
(-0.473614 0.213759 0)
(-0.600277 0.289788 0)
(0.142488 0.12123 0)
(0.00150979 0.00179318 0)
(0.0142467 -0.00798238 0)
(0.0188598 0.0253398 0)
(0.0559282 -0.0349219 0)
(0.0527789 -0.0285767 0)
(0.0583162 -0.0737776 0)
(0.0771251 -0.0915551 0)
(0.0232085 -0.165822 0)
(0.0441461 -0.0794619 0)
(0.0748516 -0.0104305 0)
(-0.00649193 -0.0142961 0)
(-0.179502 -0.0317181 0)
(-0.202615 -0.0192428 0)
(-0.229011 -0.00209286 0)
(-0.258516 0.0214406 0)
(-0.289922 0.051249 0)
(-0.316706 0.0827868 0)
(-0.329404 0.105911 0)
(-0.326908 0.0998481 0)
(-0.314613 0.0431719 0)
(-0.277901 -0.0266914 0)
(-0.252118 -0.105257 0)
(-0.252188 -0.111708 0)
(-0.271862 -0.101479 0)
(-0.319426 -0.0478578 0)
(-0.366441 0.0134414 0)
(-0.401352 0.11011 0)
(-0.462688 0.227552 0)
(-0.509191 0.191313 0)
(0.0825929 0.0255301 0)
(-0.0215909 0.0194656 0)
(0.0146271 -0.0109993 0)
(0.0165254 0.0193242 0)
(0.0510431 -0.0354056 0)
(0.0493382 -0.0307402 0)
(0.0530908 -0.0739283 0)
(0.0679367 -0.0906805 0)
(0.0143332 -0.16109 0)
(0.000529045 -0.0817369 0)
(0.0283889 -0.00798772 0)
(-0.0320379 -0.0108881 0)
(-0.160444 0.00960277 0)
(-0.183956 0.023847 0)
(-0.208274 0.0388063 0)
(-0.233498 0.0578833 0)
(-0.258349 0.0793751 0)
(-0.277365 0.0978706 0)
(-0.283581 0.104078 0)
(-0.275391 0.0830849 0)
(-0.257498 0.0255716 0)
(-0.233615 -0.0445475 0)
(-0.220812 -0.103316 0)
(-0.231072 -0.105349 0)
(-0.256291 -0.0835188 0)
(-0.297835 -0.0290388 0)
(-0.3298 0.0318067 0)
(-0.346617 0.118962 0)
(-0.373021 0.236604 0)
(-0.26817 0.127528 0)
(-0.00697815 -0.0303767 0)
(-0.0280295 0.0239013 0)
(0.013122 -0.0153647 0)
(0.0143541 0.0133902 0)
(0.0461869 -0.0360096 0)
(0.0456689 -0.0329116 0)
(0.0478143 -0.0737372 0)
(0.0585258 -0.0893191 0)
(0.00597579 -0.154266 0)
(-0.0366304 -0.0817801 0)
(-0.0124925 -0.00658505 0)
(-0.0458793 -0.00852128 0)
(-0.132392 0.0535076 0)
(-0.150101 0.0629279 0)
(-0.165085 0.0717397 0)
(-0.17947 0.0871437 0)
(-0.194548 0.101839 0)
(-0.206843 0.109077 0)
(-0.210706 0.10154 0)
(-0.203781 0.0709842 0)
(-0.190606 0.0145677 0)
(-0.179776 -0.0499542 0)
(-0.181651 -0.0953541 0)
(-0.201667 -0.0932104 0)
(-0.231013 -0.0660139 0)
(-0.26144 -0.0164015 0)
(-0.273325 0.040266 0)
(-0.260981 0.111867 0)
(-0.256592 0.207319 0)
(-0.0391605 0.0886145 0)
(-0.0185959 -0.0452211 0)
(-0.0216857 0.019172 0)
(0.0113152 -0.0195048 0)
(0.0124784 0.00749856 0)
(0.0413809 -0.0367031 0)
(0.0418301 -0.0350574 0)
(0.0425429 -0.0731614 0)
(0.0492062 -0.0873936 0)
(-0.0013103 -0.145399 0)
(-0.0642263 -0.0800822 0)
(-0.0460177 -0.00629365 0)
(-0.0517764 -0.00757523 0)
(-0.0877489 0.08093 0)
(-0.0979899 0.0940857 0)
(-0.111184 0.0966998 0)
(-0.121747 0.104357 0)
(-0.129338 0.11701 0)
(-0.135942 0.120023 0)
(-0.138658 0.103906 0)
(-0.135453 0.0671726 0)
(-0.131017 0.0125927 0)
(-0.133434 -0.0447396 0)
(-0.149184 -0.080308 0)
(-0.177541 -0.0759907 0)
(-0.205868 -0.0503244 0)
(-0.223566 -0.00970993 0)
(-0.219594 0.0386072 0)
(-0.188331 0.0957021 0)
(-0.151939 0.150599 0)
(0.0398827 0.0524162 0)
(-0.0150881 -0.0404094 0)
(-0.0141888 0.0141059 0)
(0.00921194 -0.0227524 0)
(0.010835 0.00171328 0)
(0.0366506 -0.0374552 0)
(0.0378804 -0.0371497 0)
(0.0373377 -0.0722005 0)
(0.0403837 -0.0849563 0)
(-0.00706307 -0.135166 0)
(-0.0807605 -0.0769548 0)
(-0.0681818 -0.00720279 0)
(-0.0524927 -0.00813621 0)
(-0.07234 0.0893716 0)
(-0.0736436 0.10226 0)
(-0.0756133 0.111476 0)
(-0.0822417 0.11547 0)
(-0.0886499 0.121166 0)
(-0.0917666 0.122065 0)
(-0.093202 0.104033 0)
(-0.0941563 0.0666638 0)
(-0.097422 0.0169268 0)
(-0.109241 -0.0303327 0)
(-0.133392 -0.0579231 0)
(-0.162682 -0.055961 0)
(-0.183866 -0.0380951 0)
(-0.191244 -0.00888414 0)
(-0.180165 0.0287962 0)
(-0.145382 0.0728412 0)
(-0.0893339 0.102491 0)
(0.0287472 0.0315601 0)
(-0.0167014 -0.031341 0)
(-0.0100936 0.00923802 0)
(0.0067671 -0.0253085 0)
(0.00932817 -0.00397356 0)
(0.032011 -0.0382414 0)
(0.0338789 -0.0391567 0)
(0.0322743 -0.0708758 0)
(0.0323944 -0.0820904 0)
(-0.0107829 -0.124258 0)
(-0.0867773 -0.0727279 0)
(-0.0763427 -0.00898168 0)
(-0.0508046 -0.00979935 0)
(0.00384571 0.1176 0)
(-0.0155512 0.116984 0)
(-0.0314837 0.127098 0)
(-0.0430726 0.133917 0)
(-0.0536382 0.133586 0)
(-0.0622425 0.129033 0)
(-0.0692161 0.109759 0)
(-0.0763501 0.073959 0)
(-0.0867711 0.0302734 0)
(-0.104753 -0.00909824 0)
(-0.13005 -0.0334605 0)
(-0.15338 -0.0379231 0)
(-0.16641 -0.0295345 0)
(-0.167573 -0.0108704 0)
(-0.15469 0.0160997 0)
(-0.123279 0.0472795 0)
(-0.0684957 0.0659861 0)
(0.00320266 0.0201059 0)
(-0.0196787 -0.0253245 0)
(-0.00876911 0.00374686 0)
(0.00417718 -0.0274978 0)
(0.00791615 -0.00959085 0)
(0.0275074 -0.0390491 0)
(0.0298834 -0.0410551 0)
(0.0274313 -0.0692504 0)
(0.0254451 -0.0789695 0)
(-0.0125262 -0.113415 0)
(-0.0841611 -0.0682464 0)
(-0.0722134 -0.0114116 0)
(-0.0487273 -0.0117502 0)
(0.0650026 0.183715 0)
(0.0365526 0.18443 0)
(0.00615175 0.175125 0)
(-0.0192541 0.166637 0)
(-0.0367259 0.154638 0)
(-0.0498064 0.145744 0)
(-0.0629289 0.124506 0)
(-0.0767051 0.0900515 0)
(-0.0927339 0.0512933 0)
(-0.113563 0.0157082 0)
(-0.135526 -0.0110015 0)
(-0.150519 -0.024113 0)
(-0.155903 -0.0249269 0)
(-0.152222 -0.0152783 0)
(-0.138201 0.00256472 0)
(-0.110791 0.0234399 0)
(-0.0658209 0.0362733 0)
(-0.0162125 0.00936318 0)
(-0.0226092 -0.0232711 0)
(-0.00876042 -0.0026448 0)
(0.00161626 -0.0295191 0)
(0.00653786 -0.0150446 0)
(0.0231793 -0.039871 0)
(0.0259474 -0.0428178 0)
(0.0228782 -0.0673997 0)
(0.0195137 -0.075746 0)
(-0.0132627 -0.103173 0)
(-0.0762055 -0.063915 0)
(-0.0617075 -0.0139442 0)
(-0.0464888 -0.0133001 0)
(0.0654853 0.265221 0)
(0.0445716 0.269868 0)
(0.0208603 0.250556 0)
(-0.00523208 0.220719 0)
(-0.0252835 0.187991 0)
(-0.0438347 0.177859 0)
(-0.0634872 0.156313 0)
(-0.0848627 0.12001 0)
(-0.108448 0.0805675 0)
(-0.13139 0.0418404 0)
(-0.148066 0.00681921 0)
(-0.154566 -0.0169976 0)
(-0.152715 -0.0259127 0)
(-0.14377 -0.0231165 0)
(-0.12722 -0.0121765 0)
(-0.102266 0.00184403 0)
(-0.0663594 0.0115656 0)
(-0.0289659 -0.00262094 0)
(-0.0250021 -0.024263 0)
(-0.00967378 -0.00990677 0)
(-0.000867795 -0.0316046 0)
(0.00514666 -0.0202665 0)
(0.0190694 -0.040734 0)
(0.0221235 -0.0444225 0)
(0.0186784 -0.0654084 0)
(0.0145322 -0.0724865 0)
(-0.0133486 -0.0938262 0)
(-0.0661616 -0.0598994 0)
(-0.0509199 -0.0161906 0)
(-0.0437181 -0.0142138 0)
(0.0215206 0.280861 0)
(0.0243027 0.288871 0)
(0.0214531 0.29392 0)
(0.00763041 0.276558 0)
(-0.0168798 0.240264 0)
(-0.0457951 0.220973 0)
(-0.0730453 0.195263 0)
(-0.101308 0.159535 0)
(-0.130274 0.11672 0)
(-0.153572 0.0674763 0)
(-0.165027 0.0180944 0)
(-0.164517 -0.0181874 0)
(-0.15493 -0.0343283 0)
(-0.139965 -0.0364818 0)
(-0.119769 -0.0293312 0)
(-0.0955163 -0.0187669 0)
(-0.0657142 -0.0102884 0)
(-0.0363965 -0.0153597 0)
(-0.026394 -0.0276101 0)
(-0.0111527 -0.01765 0)
(-0.00317329 -0.0338902 0)
(0.00377931 -0.0252337 0)
(0.0152251 -0.0416701 0)
(0.0184706 -0.0458442 0)
(0.0148841 -0.0633662 0)
(0.0104112 -0.0692681 0)
(-0.0131726 -0.0854594 0)
(-0.0562328 -0.0562053 0)
(-0.0424032 -0.0179938 0)
(-0.0403828 -0.0145934 0)
(0.0102342 0.264586 0)
(0.00584405 0.306033 0)
(-0.0101424 0.325077 0)
(-0.025491 0.321826 0)
(-0.0437729 0.304428 0)
(-0.067187 0.285213 0)
(-0.0948618 0.252491 0)
(-0.125509 0.209669 0)
(-0.154146 0.156512 0)
(-0.173678 0.0907211 0)
(-0.180526 0.0233825 0)
(-0.174705 -0.0282624 0)
(-0.157689 -0.0525953 0)
(-0.137288 -0.0568238 0)
(-0.113323 -0.0504581 0)
(-0.0891376 -0.0394235 0)
(-0.0631834 -0.0300178 0)
(-0.0392582 -0.0282251 0)
(-0.026575 -0.0325407 0)
(-0.012417 -0.0254957 0)
(-0.00487231 -0.036334 0)
(0.00256373 -0.0300339 0)
(0.0117222 -0.0426886 0)
(0.0150503 -0.0470697 0)
(0.0115337 -0.0613631 0)
(0.00707119 -0.0661829 0)
(-0.0127344 -0.078071 0)
(-0.0473287 -0.0528899 0)
(-0.0358154 -0.0194187 0)
(-0.0366553 -0.0146203 0)
(0.022366 0.291696 0)
(0.015082 0.327508 0)
(0.00915994 0.366695 0)
(-0.010142 0.366087 0)
(-0.0378045 0.3495 0)
(-0.0691265 0.33554 0)
(-0.10157 0.310171 0)
(-0.134482 0.262992 0)
(-0.163375 0.194674 0)
(-0.181242 0.110208 0)
(-0.18545 0.0227848 0)
(-0.176345 -0.0486767 0)
(-0.154666 -0.0821604 0)
(-0.130613 -0.0850928 0)
(-0.103791 -0.0754956 0)
(-0.0800434 -0.0601299 0)
(-0.057628 -0.0472971 0)
(-0.0382851 -0.0403347 0)
(-0.0252612 -0.0385071 0)
(-0.0126727 -0.0330896 0)
(-0.00563691 -0.0388714 0)
(0.00153107 -0.0345921 0)
(0.00866907 -0.0437726 0)
(0.0119169 -0.0480901 0)
(0.00864507 -0.0594705 0)
(0.00444148 -0.0632892 0)
(-0.0119985 -0.0716053 0)
(-0.0394922 -0.0499132 0)
(-0.0302995 -0.020537 0)
(-0.0326462 -0.0144229 0)
(0.0536013 0.386751 0)
(0.026364 0.367733 0)
(0.0100324 0.407054 0)
(-0.000848576 0.443961 0)
(-0.0237158 0.444224 0)
(-0.0537684 0.415077 0)
(-0.0843748 0.370173 0)
(-0.113005 0.311525 0)
(-0.138072 0.233087 0)
(-0.156211 0.130586 0)
(-0.162659 0.0195984 0)
(-0.154794 -0.0750845 0)
(-0.134242 -0.118982 0)
(-0.110164 -0.118794 0)
(-0.0856312 -0.10093 0)
(-0.0649918 -0.079437 0)
(-0.0475295 -0.0623198 0)
(-0.0328821 -0.0512466 0)
(-0.0218714 -0.0450175 0)
(-0.0120445 -0.0397939 0)
(-0.00578393 -0.041357 0)
(0.000637926 -0.0386503 0)
(0.00612094 -0.0448987 0)
(0.00911992 -0.0489013 0)
(0.00622787 -0.0577446 0)
(0.00246001 -0.0606072 0)
(-0.0109351 -0.0660444 0)
(-0.0324822 -0.0472711 0)
(-0.0253644 -0.0213839 0)
(-0.0283873 -0.0140859 0)
(0.115401 0.507003 0)
(0.0903674 0.479268 0)
(0.0606003 0.470062 0)
(0.0392105 0.48906 0)
(0.0265165 0.499768 0)
(0.0115857 0.495359 0)
(-0.00904916 0.456432 0)
(-0.0315596 0.383494 0)
(-0.0546477 0.286471 0)
(-0.0746629 0.168795 0)
(-0.0881778 0.0350891 0)
(-0.0877728 -0.0849039 0)
(-0.079148 -0.144746 0)
(-0.0674519 -0.144943 0)
(-0.0546301 -0.119935 0)
(-0.0430323 -0.0933184 0)
(-0.0335164 -0.0728493 0)
(-0.0248866 -0.0589667 0)
(-0.0174458 -0.050192 0)
(-0.0104651 -0.0448951 0)
(-0.00522285 -0.043941 0)
(5.11176e-05 -0.042135 0)
(0.00413124 -0.046037 0)
(0.00670607 -0.0495058 0)
(0.00427825 -0.0562341 0)
(0.001068 -0.0581749 0)
(-0.00954427 -0.0613549 0)
(-0.0260794 -0.0449679 0)
(-0.0207439 -0.0220018 0)
(-0.0238774 -0.0136743 0)
(0.141949 0.595509 0)
(0.134206 0.595773 0)
(0.120927 0.577619 0)
(0.1043 0.576394 0)
(0.083479 0.554007 0)
(0.0693696 0.529533 0)
(0.0654451 0.498744 0)
(0.0637616 0.439136 0)
(0.0552238 0.352006 0)
(0.0362937 0.229843 0)
(0.020295 0.0734308 0)
(0.0107964 -0.0719043 0)
(-0.0006573 -0.144431 0)
(-0.00871327 -0.148657 0)
(-0.014065 -0.123619 0)
(-0.016208 -0.0971167 0)
(-0.0164145 -0.0769033 0)
(-0.0144804 -0.0630914 0)
(-0.0113813 -0.0540385 0)
(-0.00755956 -0.0485494 0)
(-0.00399882 -0.0461007 0)
(-0.00022868 -0.0448099 0)
(0.00266795 -0.0470849 0)
(0.00469326 -0.0499218 0)
(0.00277901 -0.0549711 0)
(0.000200364 -0.0560475 0)
(-0.00783941 -0.0575281 0)
(-0.0201181 -0.0430137 0)
(-0.0162572 -0.0224319 0)
(-0.0190992 -0.0132427 0)
(0.107935 0.579465 0)
(0.11813 0.59527 0)
(0.125893 0.59977 0)
(0.130217 0.621318 0)
(0.1277 0.620408 0)
(0.122387 0.551504 0)
(0.116722 0.476199 0)
(0.115416 0.403926 0)
(0.11166 0.340152 0)
(0.106574 0.251503 0)
(0.109175 0.101634 0)
(0.102095 -0.0456457 0)
(0.076807 -0.118356 0)
(0.0474772 -0.125261 0)
(0.0241822 -0.106636 0)
(0.00918259 -0.0872427 0)
(9.65421e-05 -0.0724231 0)
(-0.00433341 -0.0620058 0)
(-0.00555315 -0.0547519 0)
(-0.00458921 -0.0502119 0)
(-0.00265626 -0.0476877 0)
(-0.000253696 -0.046695 0)
(0.0016411 -0.0479494 0)
(0.00305995 -0.0501644 0)
(0.00168749 -0.0539567 0)
(-0.000229016 -0.054308 0)
(-0.00583825 -0.0545469 0)
(-0.0144399 -0.0414641 0)
(-0.011784 -0.0227301 0)
(-0.0140231 -0.0128404 0)
(0.05644 0.479107 0)
(0.0758758 0.509178 0)
(0.09357 0.541034 0)
(0.111386 0.566192 0)
(0.129895 0.592198 0)
(0.14491 0.573166 0)
(0.148355 0.534968 0)
(0.145534 0.470262 0)
(0.145902 0.379115 0)
(0.156445 0.25323 0)
(0.170345 0.10721 0)
(0.161493 -0.0118136 0)
(0.125469 -0.0686533 0)
(0.0820805 -0.078053 0)
(0.0473612 -0.0723103 0)
(0.024118 -0.0664274 0)
(0.00994172 -0.0615348 0)
(0.00230692 -0.0572788 0)
(-0.00107696 -0.0535025 0)
(-0.00184763 -0.0505967 0)
(-0.00128747 -0.0485761 0)
(-0.000129081 -0.0478373 0)
(0.000902442 -0.0485587 0)
(0.00170793 -0.0502695 0)
(0.000896971 -0.0531747 0)
(-0.000338465 -0.0530241 0)
(-0.00357414 -0.0523395 0)
(-0.00883861 -0.0403332 0)
(-0.00725487 -0.0229376 0)
(-0.00859695 -0.0125262 0)
(0.0224948 0.354667 0)
(0.0314359 0.386358 0)
(0.040212 0.433305 0)
(0.0462257 0.493383 0)
(0.0486525 0.515092 0)
(0.0532271 0.496998 0)
(0.0613121 0.432814 0)
(0.0773734 0.355834 0)
(0.0979674 0.280399 0)
(0.111153 0.203024 0)
(0.111056 0.104357 0)
(0.0998579 0.0383666 0)
(0.0799762 0.00867709 0)
(0.0558255 -0.0087793 0)
(0.0348 -0.0235346 0)
(0.0190651 -0.0363098 0)
(0.00935992 -0.0451296 0)
(0.00382111 -0.0497043 0)
(0.0009591 -0.0507601 0)
(-0.000109895 -0.0501449 0)
(-0.000258287 -0.0490442 0)
(-5.9707e-06 -0.0485855 0)
(0.000286264 -0.0490837 0)
(0.000519893 -0.0504781 0)
(0.000257966 -0.0527968 0)
(-0.000225623 -0.0523576 0)
(-0.00117418 -0.0509697 0)
(-0.00298066 -0.0394798 0)
(-0.00258107 -0.0230151 0)
(-0.00280183 -0.0123518 0)
)
;

boundaryField
{
    leftWall
    {
        type            fixedValue;
        value           uniform (0 0 0);
    }
    rightWall
    {
        type            fixedValue;
        value           uniform (0 0 0);
    }
    lowerWall
    {
        type            fixedValue;
        value           uniform (0 0 0);
    }
    atmosphere
    {
        type            pressureInletOutletVelocity;
        value           nonuniform List<vector> 
120
(
(-0.0975798 0.0344972 0)
(-0.158682 0.0318666 0)
(-0.277897 0.0278979 0)
(-0.460965 0.0166963 0)
(-0.54603 0.00160545 0)
(-0.573064 -0.00825648 0)
(-0.545119 -0.0157962 0)
(-0.338058 -0.0363406 0)
(-0.221978 -0.0254056 0)
(-0.139183 -0.0248418 0)
(-0.0769191 -0.0220165 0)
(-0.0301594 -0.0185389 0)
(0.00483604 0 0)
(0.0294804 0 0)
(0.0422179 0 0)
(0.0477401 0 0)
(0.0484452 0 0)
(0.0470563 0 0)
(0.0452371 0 0)
(0.0431103 0 0)
(0.0404218 0 0)
(0.0372288 0 0)
(0.0337063 0 0)
(0.0299472 0 0)
(0.0259763 0 0)
(0.0217954 0 0)
(0.0173937 0 0)
(0.0127451 0 0)
(0.00779963 0 0)
(0.00253146 0 0)
(0 -0.0116479 0)
(0 -0.020386 0)
(0 -0.0349779 0)
(0 -0.0441734 0)
(0 -0.0433874 0)
(0 -0.0405889 0)
(0 -0.0350768 0)
(0 -0.029462 0)
(0 -0.025074 0)
(0 -0.0215407 0)
(0 -0.0198627 0)
(0 -0.0195576 0)
(0 -0.0205878 0)
(0 -0.0225152 0)
(0 -0.0246235 0)
(0 -0.0265196 0)
(0 -0.0287193 0)
(0 -0.0313671 0)
(0 -0.0336273 0)
(0 -0.0342757 0)
(0 -0.0311461 0)
(0 -0.0204078 0)
(-0.0607379 0.00339246 0)
(-0.0527933 0.0420787 0)
(-0.0403521 0.0974256 0)
(-0.0270427 0.162976 0)
(-0.0150517 0.225786 0)
(-0.0047152 0.277042 0)
(0.00485127 0.314244 0)
(0.0139493 0.339675 0)
(0.0224948 0.354667 0)
(0.0314359 0.386358 0)
(0.040212 0.433305 0)
(0.0462257 0.493383 0)
(0.0486525 0.515092 0)
(0.0532271 0.496998 0)
(0.0613121 0.432814 0)
(0.0773734 0.355834 0)
(0.0979674 0.280399 0)
(0.111153 0.203024 0)
(0.111056 0.104357 0)
(0.0998579 0.0383666 0)
(0.0799762 0.00867709 0)
(0 -0.0087793 0)
(0 -0.0235346 0)
(0 -0.0363098 0)
(0 -0.0451296 0)
(0 -0.0497043 0)
(0 -0.0507601 0)
(0 -0.0501449 0)
(0 -0.0490442 0)
(0 -0.0485855 0)
(0 -0.0490837 0)
(0 -0.0504781 0)
(0 -0.0527968 0)
(0 -0.0523576 0)
(0 -0.0509697 0)
(0 -0.0394798 0)
(0 -0.0230151 0)
(0 -0.0123518 0)
(0.0971775 0.0344395 0)
(0.158591 0.0318169 0)
(0.27903 0.0278294 0)
(0.46228 0.0165715 0)
(0.546356 0.00147796 0)
(0.572256 -0.00831376 0)
(0.543756 -0.0158236 0)
(0.33512 -0.0363162 0)
(0.219328 -0.0252235 0)
(0.137675 -0.024602 0)
(0.0760028 -0.0216852 0)
(0.0291845 -0.0180908 0)
(-0.00649193 0 0)
(-0.0320379 0 0)
(-0.0458793 0 0)
(-0.0517764 0 0)
(-0.0524927 0 0)
(-0.0508046 0 0)
(-0.0487273 0 0)
(-0.0464888 0 0)
(-0.0437181 0 0)
(-0.0403828 0 0)
(-0.0366553 0 0)
(-0.0326462 0 0)
(-0.0283873 0 0)
(-0.0238774 0 0)
(-0.0190992 0 0)
(-0.0140231 0 0)
(-0.00859695 0 0)
(-0.00280183 0 0)
)
;
    }
    defaultFaces
    {
        type            empty;
    }
}


// ************************************************************************* //
