/*--------------------------------*- C++ -*----------------------------------*\
| =========                 |                                                 |
| \\      /  F ield         | OpenFOAM: The Open Source CFD Toolbox           |
|  \\    /   O peration     | Version:  2.4.0                                 |
|   \\  /    A nd           | Web:      www.OpenFOAM.org                      |
|    \\/     M anipulation  |                                                 |
\*---------------------------------------------------------------------------*/
FoamFile
{
    version     2.0;
    format      ascii;
    class       volVectorField;
    location    "0.05";
    object      U;
}
// * * * * * * * * * * * * * * * * * * * * * * * * * * * * * * * * * * * * * //

dimensions      [0 1 -1 0 0 0 0];

internalField   nonuniform List<vector> 
3600
(
(-0.00117942 7.02391e-05 0)
(-0.00358792 7.1519e-05 0)
(-0.0060218 7.42672e-05 0)
(-0.0084014 6.98177e-05 0)
(-0.0104059 4.55859e-05 0)
(-0.0116455 -4.72361e-06 0)
(-0.0116623 -0.000101628 0)
(-0.00977156 -0.000258006 0)
(-0.00541767 -0.000489226 0)
(0.00201001 -0.000757371 0)
(0.012455 -0.0010543 0)
(0.0252606 -0.00136872 0)
(0.0395941 -0.00161946 0)
(0.0541224 -0.00180058 0)
(0.0690058 -0.00209375 0)
(0.0804826 -0.00194964 0)
(0.0957848 -0.00305263 0)
(0.0950101 0.00679855 0)
(0.035275 0.0175314 0)
(-0.164981 -0.00167961 0)
(-0.185943 -0.0463601 0)
(-0.0174439 -0.0697725 0)
(-0.03151 -0.0539326 0)
(0.131566 -0.0499543 0)
(0.197092 -0.0278092 0)
(0.172316 0.00224971 0)
(0.114555 0.0243199 0)
(0.0788627 0.0224421 0)
(0.0469276 0.0272202 0)
(0.00864411 0.0348607 0)
(-0.00145475 0.000254096 0)
(-0.00447502 0.000288496 0)
(-0.00765013 0.000320945 0)
(-0.0109372 0.000334979 0)
(-0.0139779 0.00028579 0)
(-0.0163458 0.000156449 0)
(-0.0175623 -0.000120489 0)
(-0.0168748 -0.000599919 0)
(-0.0136446 -0.00132897 0)
(-0.00711777 -0.00224737 0)
(0.00272343 -0.00323406 0)
(0.015178 -0.00424662 0)
(0.0292351 -0.0050321 0)
(0.0432554 -0.00552572 0)
(0.0570924 -0.00616276 0)
(0.066614 -0.00546187 0)
(0.0800805 -0.006838 0)
(0.0696713 0.0239549 0)
(0.060558 0.0681903 0)
(-0.102876 0.0751555 0)
(-0.118951 -0.00443034 0)
(-0.0532957 -0.0465184 0)
(-0.0657146 -0.0853556 0)
(0.0968098 -0.0875599 0)
(0.115303 -0.00721679 0)
(0.0973005 0.0426246 0)
(0.0774646 0.0519398 0)
(0.0701254 0.0496992 0)
(0.0574399 0.0582669 0)
(0.0167344 0.0385294 0)
(-0.00148441 0.000454964 0)
(-0.0045759 0.000517343 0)
(-0.00785147 0.000586968 0)
(-0.0112842 0.000631594 0)
(-0.0145231 0.000573495 0)
(-0.0171547 0.000389846 0)
(-0.0187161 -3.7522e-05 0)
(-0.018462 -0.000798022 0)
(-0.0157431 -0.0019709 0)
(-0.00976383 -0.00351598 0)
(-0.000498049 -0.00513801 0)
(0.0113563 -0.00674045 0)
(0.0247246 -0.00793495 0)
(0.0377379 -0.00852949 0)
(0.0502484 -0.00908652 0)
(0.0566636 -0.00703629 0)
(0.0674572 -0.00684722 0)
(0.0481111 0.0300411 0)
(0.0815483 0.0889588 0)
(-0.0323058 0.0935286 0)
(-0.0322434 -0.0373676 0)
(0.017891 -0.093204 0)
(0.0462872 -0.130905 0)
(0.0591924 -0.13746 0)
(0.0602264 -0.0211512 0)
(0.0655194 0.0498516 0)
(0.0508099 0.0518699 0)
(0.0675382 0.0578051 0)
(0.0520286 0.088962 0)
(0.035736 0.0965975 0)
(-0.00148495 0.000656567 0)
(-0.00458075 0.000749574 0)
(-0.00786778 0.000857579 0)
(-0.0113244 0.000934032 0)
(-0.0146024 0.000868343 0)
(-0.0172965 0.000631405 0)
(-0.0189533 5.264e-05 0)
(-0.0188314 -0.00098774 0)
(-0.0162739 -0.00261181 0)
(-0.0104411 -0.00479285 0)
(-0.00128973 -0.0070839 0)
(0.0104991 -0.00928493 0)
(0.0238466 -0.010881 0)
(0.036712 -0.0115641 0)
(0.0492439 -0.0118697 0)
(0.0542826 -0.00852749 0)
(0.068195 -0.00746806 0)
(0.0421173 0.025706 0)
(0.109571 0.0915804 0)
(0.0566739 0.10503 0)
(0.0699286 -0.0228846 0)
(0.0585401 -0.103331 0)
(0.0897565 -0.123315 0)
(0.0872437 -0.0938017 0)
(0.0210726 -0.0115669 0)
(0.0389955 0.0481351 0)
(0.0273863 0.0358255 0)
(0.0390695 0.0619189 0)
(0.0242797 0.10225 0)
(0.0221425 0.157457 0)
(-0.00148155 0.000857724 0)
(-0.00457321 0.000981843 0)
(-0.00786109 0.00112882 0)
(-0.0113276 0.00123798 0)
(-0.0146258 0.00116623 0)
(-0.017358 0.000878781 0)
(-0.0190818 0.000156335 0)
(-0.0190599 -0.00115999 0)
(-0.0166304 -0.00323331 0)
(-0.0109026 -0.00605479 0)
(-0.00180392 -0.0090257 0)
(0.0100093 -0.0118355 0)
(0.0234836 -0.0138443 0)
(0.0364626 -0.0146292 0)
(0.0495326 -0.0146502 0)
(0.0540804 -0.0103749 0)
(0.0737944 -0.00682468 0)
(0.0420213 0.02294 0)
(0.132225 0.0740274 0)
(0.104779 0.121327 0)
(0.179335 -0.0011715 0)
(0.10665 -0.110387 0)
(0.104399 -0.145154 0)
(0.101823 -0.0964325 0)
(0.0702862 0.0360296 0)
(0.0175281 0.0467702 0)
(-0.0334805 0.0469857 0)
(-0.0356938 0.0817822 0)
(-0.022512 0.130291 0)
(-0.0153349 0.153354 0)
(-0.00147685 0.00105836 0)
(-0.00456223 0.0012138 0)
(-0.00784961 0.00140033 0)
(-0.0113261 0.00154307 0)
(-0.0146458 0.00146687 0)
(-0.0174202 0.00113202 0)
(-0.0192203 0.000270086 0)
(-0.0193147 -0.0013165 0)
(-0.0170376 -0.003837 0)
(-0.0114354 -0.00730595 0)
(-0.0023921 -0.0109714 0)
(0.00946686 -0.0144131 0)
(0.0231302 -0.0168596 0)
(0.0363407 -0.0178073 0)
(0.050166 -0.0176301 0)
(0.0550314 -0.0134335 0)
(0.0816219 -0.00875803 0)
(0.0481009 0.0142828 0)
(0.143588 0.0458567 0)
(0.143988 0.0962931 0)
(0.191261 0.00883372 0)
(0.172725 -0.0742326 0)
(0.138502 -0.130716 0)
(0.128322 -0.103145 0)
(0.0897883 0.0170424 0)
(0.0646067 0.110782 0)
(-0.0055552 0.0887928 0)
(-0.0274769 0.050641 0)
(-0.0275221 0.0979207 0)
(-0.00535159 0.102749 0)
(-0.00147106 0.00125842 0)
(-0.00454861 0.00144539 0)
(-0.00783502 0.00167217 0)
(-0.011323 0.00184956 0)
(-0.0146677 0.00177082 0)
(-0.0174916 0.00139235 0)
(-0.019382 0.000396983 0)
(-0.0196152 -0.0014519 0)
(-0.0175234 -0.00441685 0)
(-0.0120753 -0.00854184 0)
(-0.00309738 -0.0129202 0)
(0.00882088 -0.0170194 0)
(0.0227114 -0.0199294 0)
(0.0362267 -0.0210962 0)
(0.0507385 -0.0207254 0)
(0.0561332 -0.0170799 0)
(0.0874637 -0.00934352 0)
(0.0481481 0.00851189 0)
(0.163051 0.0163133 0)
(0.164015 0.0808576 0)
(0.179522 0.0135294 0)
(0.181732 -0.0757048 0)
(0.136722 -0.114308 0)
(0.0822751 -0.0231965 0)
(0.028808 0.110661 0)
(0.0343532 0.167446 0)
(0.0230446 0.126721 0)
(-0.0217669 0.0859908 0)
(-0.0289239 0.0811612 0)
(9.91358e-05 0.0886958 0)
(-0.0014642 0.00145779 0)
(-0.00453238 0.00167654 0)
(-0.00781739 0.0019444 0)
(-0.0113185 0.0021577 0)
(-0.0146918 0.00207865 0)
(-0.0175724 0.00166098 0)
(-0.0195672 0.000539381 0)
(-0.0199627 -0.00156261 0)
(-0.018091 -0.00496897 0)
(-0.0128281 -0.00975948 0)
(-0.00392823 -0.0148744 0)
(0.00806046 -0.0196569 0)
(0.0222159 -0.0230709 0)
(0.0361136 -0.0245188 0)
(0.0512751 -0.0241233 0)
(0.0579765 -0.0220555 0)
(0.0921102 -0.0111165 0)
(0.0548329 -0.00446864 0)
(0.161763 -0.0209368 0)
(0.207964 0.07565 0)
(0.177819 0.0126494 0)
(0.222895 -0.0638449 0)
(0.204376 -0.0894673 0)
(0.119463 -0.0424872 0)
(0.0950642 0.0689872 0)
(0.077432 0.125965 0)
(0.0642111 0.138419 0)
(0.0172791 0.120243 0)
(0.000712395 0.0841428 0)
(0.00331954 0.0707911 0)
(-0.00145626 0.00165634 0)
(-0.00451349 0.00190715 0)
(-0.00779663 0.00221705 0)
(-0.0113124 0.00246769 0)
(-0.0147177 0.00239087 0)
(-0.0176621 0.00193906 0)
(-0.019775 0.000699637 0)
(-0.0203566 -0.00164461 0)
(-0.018741 -0.00548606 0)
(-0.0136973 -0.0109556 0)
(-0.0048891 -0.0168316 0)
(0.00717805 -0.022328 0)
(0.0216255 -0.0262874 0)
(0.0359416 -0.0280479 0)
(0.0514483 -0.0277176 0)
(0.060524 -0.0269337 0)
(0.0894577 -0.0134014 0)
(0.0817345 -0.0105408 0)
(0.142567 -0.0656111 0)
(0.191155 0.0632825 0)
(0.238939 0.0294645 0)
(0.27339 -0.0564277 0)
(0.262425 -0.0508473 0)
(0.17633 0.000930892 0)
(0.129915 0.104372 0)
(0.105818 0.174341 0)
(0.0842555 0.184109 0)
(0.0550179 0.143922 0)
(0.0285118 0.0972789 0)
(0.0136995 0.0839602 0)
(-0.00144723 0.00185395 0)
(-0.00449189 0.00213714 0)
(-0.00777265 0.00249016 0)
(-0.0113045 0.00277974 0)
(-0.0147451 0.00270798 0)
(-0.0177599 0.00222769 0)
(-0.0200042 0.00088007 0)
(-0.0207954 -0.00169344 0)
(-0.0194742 -0.0059622 0)
(-0.0146859 -0.012126 0)
(-0.00598533 -0.0187936 0)
(0.00616679 -0.0250343 0)
(0.0209379 -0.0296 0)
(0.0357225 -0.0316859 0)
(0.0515165 -0.0317269 0)
(0.063535 -0.0314454 0)
(0.0822137 -0.020671 0)
(0.114153 -0.0207624 0)
(0.121522 -0.0636175 0)
(0.109205 0.0406298 0)
(0.241366 -0.022659 0)
(0.289494 -0.0528266 0)
(0.257741 -0.0347719 0)
(0.218256 0.0626047 0)
(0.105437 0.168303 0)
(0.0910947 0.193638 0)
(0.101887 0.190996 0)
(0.0909653 0.168171 0)
(0.0464906 0.138908 0)
(0.00872164 0.117989 0)
(-0.00143709 0.00205051 0)
(-0.00446754 0.00236639 0)
(-0.00774533 0.00276374 0)
(-0.0112947 0.00309402 0)
(-0.0147734 0.00303043 0)
(-0.0178648 0.00252788 0)
(-0.0202532 0.00108296 0)
(-0.0212778 -0.00170452 0)
(-0.0202911 -0.00639392 0)
(-0.0157984 -0.0132639 0)
(-0.0072224 -0.0207495 0)
(0.00501422 -0.0277932 0)
(0.0201426 -0.0330064 0)
(0.0353901 -0.0354146 0)
(0.0514579 -0.0359975 0)
(0.0654228 -0.034649 0)
(0.075386 -0.0321673 0)
(0.137014 -0.0251771 0)
(0.0848626 -0.0581565 0)
(0.13332 -0.0107242 0)
(0.22208 -0.061938 0)
(0.280544 -0.0745261 0)
(0.283013 -0.0144879 0)
(0.24497 0.087286 0)
(0.20589 0.161872 0)
(0.16236 0.187146 0)
(0.101494 0.183109 0)
(0.0863216 0.189496 0)
(0.0475927 0.176614 0)
(0.0349778 0.178025 0)
(-0.00142585 0.00224591 0)
(-0.00444037 0.00259481 0)
(-0.00771455 0.00303781 0)
(-0.0112826 0.00341068 0)
(-0.0148022 0.00335864 0)
(-0.0179759 0.00284057 0)
(-0.0205204 0.00131053 0)
(-0.0218022 -0.00167388 0)
(-0.021192 -0.00677617 0)
(-0.0170366 -0.0143651 0)
(-0.00861024 -0.0226901 0)
(0.0037128 -0.0306179 0)
(0.0192379 -0.03651 0)
(0.0349537 -0.0392565 0)
(0.0515748 -0.040414 0)
(0.0652815 -0.0379912 0)
(0.0791106 -0.0435732 0)
(0.121128 -0.0332695 0)
(0.124173 -0.0497864 0)
(0.133721 -0.0558405 0)
(0.233671 -0.103638 0)
(0.262212 -0.0598289 0)
(0.296549 -0.040802 0)
(0.272158 0.0885308 0)
(0.206679 0.208193 0)
(0.145654 0.244534 0)
(0.0741131 0.231178 0)
(0.0507387 0.22225 0)
(0.0254147 0.205765 0)
(0.00473276 0.211911 0)
(-0.00141348 0.00244001 0)
(-0.00441032 0.00282228 0)
(-0.00768017 0.00331242 0)
(-0.0112682 0.00372982 0)
(-0.014831 0.00369299 0)
(-0.018092 0.00316663 0)
(-0.020804 0.00156496 0)
(-0.0223668 -0.00159585 0)
(-0.0221773 -0.0070964 0)
(-0.0184043 -0.0154253 0)
(-0.0101573 -0.0246187 0)
(0.00224956 -0.0335031 0)
(0.0182178 -0.0401249 0)
(0.0344157 -0.0432219 0)
(0.0516801 -0.0447802 0)
(0.0642955 -0.0421139 0)
(0.0833342 -0.0504301 0)
(0.102605 -0.0473893 0)
(0.130655 -0.0525284 0)
(0.189746 -0.0849128 0)
(0.21929 -0.10913 0)
(0.213716 -0.100435 0)
(0.293154 -0.094472 0)
(0.302837 0.153673 0)
(0.118704 0.251486 0)
(0.12122 0.259198 0)
(0.0734251 0.277981 0)
(0.0643738 0.265581 0)
(0.0397228 0.245315 0)
(0.0282951 0.2381 0)
(-0.00139997 0.00263269 0)
(-0.00437732 0.00304868 0)
(-0.00764205 0.00358766 0)
(-0.011251 0.00405144 0)
(-0.0148592 0.00403382 0)
(-0.0182121 0.00350679 0)
(-0.0211016 0.00184831 0)
(-0.0229687 -0.00146572 0)
(-0.0232476 -0.00735088 0)
(-0.0199059 -0.0164372 0)
(-0.011873 -0.0265353 0)
(0.000612975 -0.0364511 0)
(0.0170744 -0.0438522 0)
(0.0337938 -0.0473087 0)
(0.051701 -0.0491039 0)
(0.0631265 -0.0466295 0)
(0.0846912 -0.0553177 0)
(0.0890049 -0.0587244 0)
(0.125379 -0.0659161 0)
(0.218311 -0.1166 0)
(0.205842 -0.105982 0)
(0.216996 -0.157418 0)
(0.335663 -0.145808 0)
(0.377025 0.27134 0)
(0.135099 0.347449 0)
(0.115644 0.283653 0)
(0.0679897 0.307835 0)
(0.0810496 0.283312 0)
(0.042914 0.286566 0)
(0.038065 0.264739 0)
(-0.00138531 0.00282385 0)
(-0.00434129 0.00327386 0)
(-0.00760005 0.00386364 0)
(-0.0112309 0.00437551 0)
(-0.0148862 0.00438145 0)
(-0.0183348 0.00386167 0)
(-0.0214109 0.00216252 0)
(-0.0236058 -0.00127856 0)
(-0.024403 -0.00753236 0)
(-0.0215454 -0.0173939 0)
(-0.0137672 -0.02844 0)
(-0.00120964 -0.0394679 0)
(0.0158026 -0.0477099 0)
(0.0331151 -0.0515098 0)
(0.0516925 -0.0533436 0)
(0.0622719 -0.051103 0)
(0.0837102 -0.0600167 0)
(0.0804226 -0.0631796 0)
(0.127541 -0.0981709 0)
(0.207661 -0.132538 0)
(0.168682 -0.107057 0)
(0.19319 -0.226591 0)
(0.361753 -0.123665 0)
(0.489637 0.423685 0)
(0.304576 0.484266 0)
(0.277524 0.422958 0)
(0.0898814 0.33859 0)
(0.0787677 0.281888 0)
(0.0379035 0.30398 0)
(0.0322073 0.272783 0)
(-0.0013695 0.00301336 0)
(-0.00430214 0.00349768 0)
(-0.00755403 0.00414048 0)
(-0.0112076 0.00470195 0)
(-0.0149114 0.00473612 0)
(-0.0184588 0.00423172 0)
(-0.021729 0.00250934 0)
(-0.0242744 -0.00102875 0)
(-0.0256438 -0.00763002 0)
(-0.0233289 -0.0182876 0)
(-0.0158516 -0.0303288 0)
(-0.00323285 -0.0425621 0)
(0.0143966 -0.0517168 0)
(0.0323884 -0.055925 0)
(0.0516101 -0.057562 0)
(0.0617823 -0.0549693 0)
(0.0789401 -0.0639258 0)
(0.0772424 -0.0719304 0)
(0.154329 -0.126423 0)
(0.163676 -0.132314 0)
(0.139053 -0.123122 0)
(0.161799 -0.285595 0)
(-0.292658 -0.0282058 0)
(0.312101 0.579544 0)
(0.20968 0.50638 0)
(0.265267 0.473385 0)
(0.178131 0.411179 0)
(0.141694 0.315915 0)
(0.0953742 0.322813 0)
(0.0389009 0.306899 0)
(-0.00135252 0.0032011 0)
(-0.00425977 0.00372 0)
(-0.00750382 0.0044183 0)
(-0.0111807 0.00503062 0)
(-0.0149341 0.00509807 0)
(-0.0185826 0.00461724 0)
(-0.022053 0.00289025 0)
(-0.0249713 -0.000710402 0)
(-0.0269695 -0.00763562 0)
(-0.0252615 -0.0191096 0)
(-0.0181385 -0.0321912 0)
(-0.0054742 -0.0457408 0)
(0.0128204 -0.0558483 0)
(0.0315607 -0.0604672 0)
(0.0516153 -0.0619688 0)
(0.0615156 -0.0585252 0)
(0.0734762 -0.0666858 0)
(0.0658687 -0.0866671 0)
(0.197022 -0.160701 0)
(0.146982 -0.114793 0)
(0.116061 -0.158558 0)
(0.261289 0.00255147 0)
(0.0557622 -0.183207 0)
(0.0229892 0.158304 0)
(0.129042 0.357385 0)
(0.208617 0.413263 0)
(0.202232 0.422053 0)
(0.177658 0.398631 0)
(0.12608 0.411194 0)
(0.0451437 0.445762 0)
(-0.00133437 0.00338695 0)
(-0.00421408 0.00394062 0)
(-0.0074493 0.00469726 0)
(-0.0111501 0.00536134 0)
(-0.0149536 0.00546747 0)
(-0.0187047 0.00501832 0)
(-0.0223793 0.0033063 0)
(-0.0256915 -0.000319375 0)
(-0.02838 -0.00753555 0)
(-0.0273488 -0.0198506 0)
(-0.020643 -0.0340239 0)
(-0.0079504 -0.0490076 0)
(0.0110282 -0.0601568 0)
(0.0303375 -0.0650068 0)
(0.0511958 -0.0655745 0)
(0.0617652 -0.0604193 0)
(0.0662048 -0.0649342 0)
(0.0644056 -0.110491 0)
(0.194311 -0.183542 0)
(0.123074 -0.118137 0)
(0.2007 -0.124942 0)
(-0.0641027 -0.142703 0)
(0.00258274 -0.0589549 0)
(-0.0448099 0.14006 0)
(0.103631 0.286487 0)
(0.193859 0.389223 0)
(0.221138 0.460761 0)
(0.193699 0.489711 0)
(0.125094 0.518043 0)
(0.0415846 0.533773 0)
(-0.00131503 0.0035708 0)
(-0.00416494 0.00415936 0)
(-0.0073903 0.00497749 0)
(-0.0111153 0.00569385 0)
(-0.0149694 0.00584449 0)
(-0.0188236 0.00543482 0)
(-0.0227045 0.00375784 0)
(-0.0264299 0.000159921 0)
(-0.0298742 -0.00732125 0)
(-0.0295964 -0.0205005 0)
(-0.0233781 -0.0358356 0)
(-0.0106992 -0.0523558 0)
(0.0088249 -0.0647359 0)
(0.0281431 -0.0704653 0)
(0.0495768 -0.0714194 0)
(0.0633817 -0.064841 0)
(0.0667084 -0.064463 0)
(0.0714992 -0.134692 0)
(0.142855 -0.184988 0)
(0.0439439 -0.10852 0)
(-0.101924 -0.0357777 0)
(-0.0276806 -0.0460259 0)
(0.00200345 -0.0644923 0)
(-0.0302696 0.0940426 0)
(0.0779546 0.222215 0)
(0.154187 0.357061 0)
(0.195178 0.477968 0)
(0.173277 0.547169 0)
(0.108448 0.591729 0)
(0.0358959 0.609056 0)
(-0.00129451 0.00375254 0)
(-0.00411223 0.004376 0)
(-0.0073267 0.00525919 0)
(-0.0110762 0.00602784 0)
(-0.0149806 0.00622925 0)
(-0.0189377 0.00586633 0)
(-0.023023 0.00424403 0)
(-0.0271811 0.00073198 0)
(-0.0314533 -0.00697983 0)
(-0.0320161 -0.0210415 0)
(-0.0263779 -0.0375639 0)
(-0.0138889 -0.0556472 0)
(0.00531462 -0.0687976 0)
(0.0227663 -0.0742816 0)
(0.0438978 -0.0740233 0)
(0.0651747 -0.0667893 0)
(0.0731094 -0.0642191 0)
(0.115485 -0.156246 0)
(0.11226 -0.159688 0)
(0.025956 -0.06014 0)
(0.550607 -0.0546688 0)
(0.00358476 -0.0442179 0)
(0.0276991 -0.0356721 0)
(-0.027989 0.0628287 0)
(0.0298677 0.170479 0)
(0.0746309 0.317026 0)
(0.123602 0.475583 0)
(0.117659 0.581395 0)
(0.0757389 0.650208 0)
(0.0269772 0.680304 0)
(-0.00127281 0.00393205 0)
(-0.0040558 0.00459031 0)
(-0.00725836 0.00554255 0)
(-0.0110324 0.00636295 0)
(-0.0149868 0.00662197 0)
(-0.0190456 0.00631224 0)
(-0.0233308 0.00476464 0)
(-0.0279381 0.00139714 0)
(-0.0331138 -0.00649849 0)
(-0.0345971 -0.0214688 0)
(-0.0296142 -0.0392826 0)
(-0.0175578 -0.0590899 0)
(-8.8309e-05 -0.0736233 0)
(0.0141677 -0.0803687 0)
(0.0358467 -0.0834486 0)
(0.0668534 -0.0771652 0)
(0.081852 -0.0740507 0)
(0.175739 -0.17249 0)
(0.0841594 -0.166794 0)
(0.1419 -0.170809 0)
(0.509497 0.00170495 0)
(0.0254192 0.068434 0)
(0.0130959 -0.00424337 0)
(-0.0403491 0.0610142 0)
(-0.028731 0.151344 0)
(-0.0224546 0.287088 0)
(0.0240749 0.4607 0)
(0.043468 0.599622 0)
(0.0338415 0.690478 0)
(0.0157592 0.730863 0)
(-0.00124993 0.00410921 0)
(-0.00399549 0.00480204 0)
(-0.00718516 0.00582779 0)
(-0.0109837 0.00669871 0)
(-0.0149871 0.00702279 0)
(-0.0191459 0.00677122 0)
(-0.0236221 0.00531929 0)
(-0.0286935 0.00216295 0)
(-0.0348595 -0.00587933 0)
(-0.0373967 -0.0217507 0)
(-0.033354 -0.0406867 0)
(-0.0227834 -0.0613966 0)
(-0.00920991 -0.0753084 0)
(0.00251269 -0.0812493 0)
(0.0327433 -0.0867178 0)
(0.0679835 -0.0826697 0)
(0.0841341 -0.0888206 0)
(0.126144 -0.16563 0)
(-0.00854385 -0.0995016 0)
(-0.322792 -0.42075 0)
(-0.1202 0.167367 0)
(-0.0666318 0.104408 0)
(-0.0208078 0.0214675 0)
(-0.0537988 0.0629422 0)
(-0.0602884 0.156801 0)
(-0.0882859 0.272491 0)
(-0.0706751 0.428809 0)
(-0.0298393 0.577967 0)
(-0.0067518 0.688059 0)
(0.00359361 0.737805 0)
(-0.00122588 0.00428388 0)
(-0.00393115 0.00501091 0)
(-0.00710698 0.00611523 0)
(-0.0109297 0.00703479 0)
(-0.0149811 0.0074326 0)
(-0.0192372 0.00724381 0)
(-0.0238918 0.00591468 0)
(-0.0294401 0.00305906 0)
(-0.0366755 -0.00503028 0)
(-0.0402953 -0.0218606 0)
(-0.03716 -0.0421819 0)
(-0.0284071 -0.0647687 0)
(-0.0165309 -0.0806893 0)
(-0.00121646 -0.0934818 0)
(0.0424254 -0.104989 0)
(0.0559417 -0.0928953 0)
(0.0800242 -0.0947207 0)
(0.0659347 -0.135091 0)
(-0.033998 -0.03126 0)
(0.766541 -0.172904 0)
(-0.150543 0.052857 0)
(-0.0203917 0.0898979 0)
(-0.0395709 0.0358825 0)
(-0.0653406 0.0665309 0)
(-0.06415 0.166389 0)
(-0.0881025 0.285867 0)
(-0.107561 0.406671 0)
(-0.0748478 0.522571 0)
(-0.0277215 0.642969 0)
(0.000388012 0.7115 0)
(-0.00120068 0.00445592 0)
(-0.00386258 0.00521659 0)
(-0.00702372 0.00640484 0)
(-0.01087 0.00736973 0)
(-0.0149681 0.00784935 0)
(-0.0193174 0.00772093 0)
(-0.0241308 0.00653002 0)
(-0.0301612 0.00402001 0)
(-0.0385934 -0.00419282 0)
(-0.0436379 -0.0218854 0)
(-0.042389 -0.0427528 0)
(-0.0361604 -0.0649338 0)
(-0.0213595 -0.0805061 0)
(-0.00010177 -0.09539 0)
(0.0352998 -0.0976765 0)
(0.0230319 -0.0903817 0)
(0.0882163 -0.107867 0)
(0.0190296 -0.100693 0)
(0.0484202 -0.365525 0)
(0.361328 -0.237918 0)
(0.0312669 0.133225 0)
(0.00171696 0.0880279 0)
(-0.0373498 0.0524727 0)
(-0.0791483 0.0773654 0)
(-0.0867624 0.168191 0)
(-0.0894078 0.314157 0)
(-0.101833 0.410885 0)
(-0.0877876 0.479775 0)
(-0.0455359 0.586436 0)
(-0.0072057 0.674227 0)
(-0.00117435 0.00462534 0)
(-0.00378958 0.00541919 0)
(-0.00693535 0.00669859 0)
(-0.0108046 0.00770721 0)
(-0.0149482 0.00828453 0)
(-0.0193868 0.00823071 0)
(-0.0243387 0.00724144 0)
(-0.0308685 0.00526613 0)
(-0.0405221 -0.00268858 0)
(-0.046581 -0.0212815 0)
(-0.0458667 -0.0436087 0)
(-0.0392021 -0.0694337 0)
(-0.0172992 -0.0890754 0)
(0.00560321 -0.106526 0)
(0.0251731 -0.11246 0)
(0.0839285 -0.104101 0)
(0.0620955 -0.0977841 0)
(-0.0105118 -0.104472 0)
(0.368381 -0.525242 0)
(0.367711 -0.0108721 0)
(0.304115 0.219621 0)
(0.163695 0.170032 0)
(0.0165955 0.105463 0)
(-0.0719294 0.107342 0)
(-0.120292 0.17638 0)
(-0.124331 0.317407 0)
(-0.108478 0.407798 0)
(-0.0935073 0.460691 0)
(-0.0634772 0.541144 0)
(-0.0212346 0.62173 0)
(-0.00114697 0.00479214 0)
(-0.00371185 0.00561764 0)
(-0.00684153 0.00698969 0)
(-0.0107323 0.00802902 0)
(-0.0149187 0.00869368 0)
(-0.0194377 0.00865928 0)
(-0.0244911 0.00780355 0)
(-0.0315037 0.00625692 0)
(-0.0426827 -0.00189316 0)
(-0.0512201 -0.0214071 0)
(-0.0548942 -0.0446146 0)
(-0.0508739 -0.0725849 0)
(-0.0345551 -0.0935812 0)
(-0.0220849 -0.110983 0)
(0.00175694 -0.120014 0)
(0.0585443 -0.110816 0)
(0.0383221 -0.08623 0)
(0.13114 -0.234109 0)
(0.660242 -0.368292 0)
(-0.204375 0.0314701 0)
(0.156159 0.190596 0)
(0.138434 0.228845 0)
(0.040637 0.181917 0)
(-0.0539815 0.157034 0)
(-0.11645 0.201604 0)
(-0.134179 0.306836 0)
(-0.119085 0.38567 0)
(-0.0981801 0.438351 0)
(-0.0672038 0.501295 0)
(-0.0255331 0.56124 0)
(-0.0011203 0.00495738 0)
(-0.0036296 0.00581895 0)
(-0.00674327 0.00731603 0)
(-0.0106556 0.00840498 0)
(-0.014887 0.00924021 0)
(-0.0194861 0.00934313 0)
(-0.0246126 0.0088526 0)
(-0.0321254 0.00818811 0)
(-0.0445833 0.000678361 0)
(-0.052736 -0.0193165 0)
(-0.0510926 -0.0432508 0)
(-0.0395007 -0.0717297 0)
(-0.0210777 -0.0905346 0)
(-0.000294764 -0.111726 0)
(0.0416504 -0.128517 0)
(0.0755816 -0.121379 0)
(0.0336849 -0.0875079 0)
(0.395983 -0.277631 0)
(0.521456 -0.25689 0)
(-0.395775 0.111207 0)
(0.182581 0.100653 0)
(0.0494341 0.257847 0)
(0.0457395 0.240043 0)
(-0.0390033 0.208708 0)
(-0.0973514 0.236092 0)
(-0.119967 0.306113 0)
(-0.11026 0.366372 0)
(-0.0924152 0.412257 0)
(-0.0647179 0.458316 0)
(-0.025467 0.503769 0)
(-0.00111975 0.00511648 0)
(-0.00354057 0.0059905 0)
(-0.00663683 0.00752943 0)
(-0.0105638 0.00862709 0)
(-0.0148293 0.00948716 0)
(-0.0194869 0.00949041 0)
(-0.0246395 0.00909373 0)
(-0.0326123 0.00902336 0)
(-0.0465775 0.00124004 0)
(-0.0584908 -0.0202775 0)
(-0.0682136 -0.0461198 0)
(-0.0759088 -0.0785909 0)
(-0.0740512 -0.102054 0)
(-0.0457099 -0.130379 0)
(0.00228557 -0.135807 0)
(0.00597306 -0.112172 0)
(0.0369655 -0.199604 0)
(0.746092 -0.522668 0)
(-0.525725 -0.0963919 0)
(-0.0933866 0.0511938 0)
(0.0761885 -0.00847108 0)
(0.0436894 0.244914 0)
(0.0419601 0.275436 0)
(-0.0312902 0.253742 0)
(-0.0775031 0.268923 0)
(-0.098191 0.312486 0)
(-0.0935458 0.356091 0)
(-0.078783 0.39349 0)
(-0.0560549 0.424069 0)
(-0.0238046 0.456106 0)
(-0.0014671 0.00517878 0)
(-0.00345698 0.00613221 0)
(-0.00655131 0.00801731 0)
(-0.0105546 0.00898813 0)
(-0.014902 0.0102849 0)
(-0.0196028 0.0104778 0)
(-0.0245743 0.010591 0)
(-0.0330925 0.0114567 0)
(-0.0507315 0.00491236 0)
(-0.0648261 -0.0167767 0)
(-0.0689162 -0.0431906 0)
(-0.0568458 -0.0769011 0)
(-0.0356267 -0.103099 0)
(0.00622809 -0.141702 0)
(0.0380552 -0.138037 0)
(-0.0117447 -0.133707 0)
(0.377677 -0.377487 0)
(0.766699 -0.149503 0)
(1.10171 0.0494525 0)
(0.446975 -0.0133283 0)
(0.110511 0.0608166 0)
(0.00209147 0.263898 0)
(0.0181119 0.307571 0)
(-0.0371493 0.287926 0)
(-0.0646963 0.294101 0)
(-0.0805042 0.319069 0)
(-0.0769511 0.348883 0)
(-0.0639659 0.375388 0)
(-0.0452017 0.396834 0)
(-0.0201338 0.416034 0)
(0.00046274 0.00559929 0)
(-0.00242234 0.00653694 0)
(-0.00506876 0.00808695 0)
(-0.00847333 0.0095846 0)
(-0.0129073 0.0105012 0)
(-0.0187746 0.0105424 0)
(-0.0252438 0.0108061 0)
(-0.0339812 0.0131803 0)
(-0.0472412 0.00635712 0)
(-0.0589206 -0.016917 0)
(-0.0648792 -0.0451263 0)
(-0.0503964 -0.0829877 0)
(-0.0297855 -0.110878 0)
(0.0452105 -0.147742 0)
(0.0424414 -0.129851 0)
(0.243511 -0.206021 0)
(0.577945 -0.543974 0)
(-0.189239 -0.360941 0)
(0.40865 -0.00953663 0)
(0.18835 0.233844 0)
(0.0703024 0.192329 0)
(-0.0155509 0.278313 0)
(-0.00451056 0.320397 0)
(-0.0455687 0.30781 0)
(-0.0578535 0.309361 0)
(-0.0683238 0.322433 0)
(-0.0638375 0.342156 0)
(-0.052223 0.360073 0)
(-0.0361518 0.374554 0)
(-0.0162333 0.385547 0)
(-0.00928626 0.0351597 0)
(-0.0469326 0.0272201 0)
(-0.0788993 0.0220104 0)
(-0.114195 0.0241117 0)
(-0.172176 0.00228661 0)
(-0.197218 -0.0276091 0)
(-0.131629 -0.0499766 0)
(0.031114 -0.0538861 0)
(0.0168442 -0.0699917 0)
(0.185929 -0.0465679 0)
(0.164958 -0.00174724 0)
(-0.0353536 0.0175084 0)
(-0.0949724 0.00680952 0)
(-0.0958358 -0.00305475 0)
(-0.0804846 -0.00194528 0)
(-0.0690335 -0.00209376 0)
(-0.054145 -0.00180033 0)
(-0.039619 -0.00161928 0)
(-0.0252854 -0.00136882 0)
(-0.012479 -0.00105443 0)
(-0.00203506 -0.000757204 0)
(0.00538974 -0.000489064 0)
(0.00973885 -0.000257744 0)
(0.0116259 -0.000101631 0)
(0.0116159 -5.21836e-06 0)
(0.0103858 4.50958e-05 0)
(0.00839343 6.92581e-05 0)
(0.00602181 7.42701e-05 0)
(0.00358795 7.14416e-05 0)
(0.00118059 7.028e-05 0)
(-0.0169863 0.0372585 0)
(-0.0579975 0.0574516 0)
(-0.0704396 0.0497864 0)
(-0.0774392 0.0518872 0)
(-0.0975454 0.0428779 0)
(-0.115505 -0.00708482 0)
(-0.0968345 -0.0873464 0)
(0.0657827 -0.0850069 0)
(0.0530988 -0.0465526 0)
(0.118535 -0.00456754 0)
(0.102626 0.0752117 0)
(-0.0607865 0.068174 0)
(-0.069678 0.0239513 0)
(-0.080154 -0.00684465 0)
(-0.0666264 -0.00545322 0)
(-0.0571219 -0.00616318 0)
(-0.0432776 -0.00552551 0)
(-0.0292582 -0.00503174 0)
(-0.0152006 -0.00424689 0)
(-0.00274583 -0.00323397 0)
(0.00709239 -0.00224664 0)
(0.0136146 -0.00132811 0)
(0.0168389 -0.000598925 0)
(0.0175221 -0.000120553 0)
(0.0163137 0.000154807 0)
(0.0139557 0.000284233 0)
(0.0109282 0.000333091 0)
(0.0076504 0.000320938 0)
(0.00447506 0.000288253 0)
(0.00145611 0.000254217 0)
(-0.0355477 0.0980185 0)
(-0.052058 0.0897671 0)
(-0.0671779 0.0571351 0)
(-0.0506404 0.0515395 0)
(-0.0652588 0.0496721 0)
(-0.0604221 -0.0210038 0)
(-0.0589792 -0.137622 0)
(-0.0457601 -0.13088 0)
(-0.0182316 -0.0931069 0)
(0.0318723 -0.0375791 0)
(0.0319036 0.0935337 0)
(-0.0819113 0.0888684 0)
(-0.0481324 0.0299931 0)
(-0.067572 -0.00686753 0)
(-0.0566885 -0.00703288 0)
(-0.0502821 -0.00908921 0)
(-0.0377607 -0.00852979 0)
(-0.0247474 -0.00793461 0)
(-0.0113782 -0.00674104 0)
(0.000476576 -0.00513751 0)
(0.0097391 -0.00351475 0)
(0.0157132 -0.00196919 0)
(0.0184258 -0.00079641 0)
(0.0186754 -3.76307e-05 0)
(0.0171223 0.000387028 0)
(0.0145007 0.000570893 0)
(0.0112752 0.000628321 0)
(0.00785181 0.000586994 0)
(0.00457592 0.000516919 0)
(0.00148578 0.000455173 0)
(-0.023814 0.155206 0)
(-0.02425 0.0996977 0)
(-0.040079 0.0609702 0)
(-0.0276247 0.0353401 0)
(-0.0399295 0.048999 0)
(-0.020149 -0.0114666 0)
(-0.0866903 -0.0937486 0)
(-0.0897958 -0.122415 0)
(-0.0592215 -0.102813 0)
(-0.0697048 -0.0230605 0)
(-0.0570197 0.105062 0)
(-0.109877 0.0914062 0)
(-0.0421257 0.0256405 0)
(-0.0683372 -0.00749172 0)
(-0.0543111 -0.00853445 0)
(-0.0492797 -0.0118756 0)
(-0.0367349 -0.0115652 0)
(-0.0238697 -0.0108811 0)
(-0.0105209 -0.00928599 0)
(0.00126867 -0.00708306 0)
(0.0104167 -0.00479107 0)
(0.0162442 -0.00260918 0)
(0.0187952 -0.000985326 0)
(0.0189123 5.25195e-05 0)
(0.0172639 0.000627374 0)
(0.0145799 0.000864667 0)
(0.0113155 0.00092935 0)
(0.00786827 0.000857646 0)
(0.00458076 0.000748971 0)
(0.00148634 0.000656863 0)
(0.020463 0.155593 0)
(0.0248467 0.132293 0)
(0.0385671 0.0823549 0)
(0.0323913 0.0475 0)
(-0.0143781 0.0450541 0)
(-0.0720387 0.0349652 0)
(-0.10122 -0.0972443 0)
(-0.104618 -0.143641 0)
(-0.106064 -0.110655 0)
(-0.17873 -0.00140329 0)
(-0.105265 0.12155 0)
(-0.132406 0.073741 0)
(-0.042037 0.0228589 0)
(-0.0739457 -0.00685929 0)
(-0.0541089 -0.0103931 0)
(-0.0495678 -0.0146599 0)
(-0.0364846 -0.0146313 0)
(-0.0235063 -0.0138444 0)
(-0.0100309 -0.011837 0)
(0.00178323 -0.00902459 0)
(0.0108784 -0.00605242 0)
(0.0166007 -0.00322973 0)
(0.0190235 -0.00115679 0)
(0.0190403 0.000156199 0)
(0.0173252 0.000873514 0)
(0.0146032 0.00116146 0)
(0.0113189 0.00123187 0)
(0.00786178 0.00112895 0)
(0.00457323 0.000981064 0)
(0.00148298 0.000858108 0)
(-0.00282043 0.100514 0)
(0.0260402 0.0981015 0)
(0.0198788 0.0523299 0)
(0.00701539 0.0874913 0)
(-0.0669017 0.111586 0)
(-0.0840771 0.0186369 0)
(-0.128784 -0.101565 0)
(-0.137752 -0.130384 0)
(-0.172079 -0.0746037 0)
(-0.191022 0.00910648 0)
(-0.144812 0.0966924 0)
(-0.143525 0.0454077 0)
(-0.0481656 0.0142259 0)
(-0.0817543 -0.00880391 0)
(-0.0550565 -0.0134629 0)
(-0.0501991 -0.0176423 0)
(-0.0363615 -0.0178106 0)
(-0.0231527 -0.0168592 0)
(-0.0094883 -0.0144149 0)
(0.0023718 -0.01097 0)
(0.0114114 -0.0073029 0)
(0.017008 -0.00383241 0)
(0.0192779 -0.00131227 0)
(0.0191783 0.000269938 0)
(0.0173871 0.00112549 0)
(0.0146232 0.00146097 0)
(0.0113176 0.00153551 0)
(0.00785056 0.00140054 0)
(0.00456226 0.00121285 0)
(0.00147832 0.00105884 0)
(0.0118587 0.0892568 0)
(0.0326434 0.0817297 0)
(0.0308739 0.082844 0)
(-0.0204812 0.124743 0)
(-0.0346653 0.165149 0)
(-0.0296345 0.109063 0)
(-0.0803414 -0.0221908 0)
(-0.135907 -0.112659 0)
(-0.181973 -0.0757588 0)
(-0.179789 0.0141647 0)
(-0.164531 0.0813242 0)
(-0.162906 0.0156263 0)
(-0.0482653 0.00854662 0)
(-0.0875668 -0.00941117 0)
(-0.0561545 -0.0171203 0)
(-0.0507672 -0.0207388 0)
(-0.036246 -0.021101 0)
(-0.0227337 -0.0199276 0)
(-0.00884225 -0.0170216 0)
(0.00307757 -0.0129186 0)
(0.0120516 -0.00853811 0)
(0.0174939 -0.00441125 0)
(0.0195781 -0.00144649 0)
(0.0193392 0.000396833 0)
(0.0174581 0.00138451 0)
(0.0146451 0.00176376 0)
(0.0113148 0.00184051 0)
(0.00783629 0.00167251 0)
(0.00454864 0.00144427 0)
(0.00147258 0.00125898 0)
(-0.00065563 0.0743766 0)
(0.00406975 0.0878754 0)
(-0.0148264 0.11933 0)
(-0.0663677 0.139826 0)
(-0.0752952 0.126279 0)
(-0.0984586 0.0675407 0)
(-0.121451 -0.0426545 0)
(-0.202152 -0.0885899 0)
(-0.224547 -0.063589 0)
(-0.177153 0.0130854 0)
(-0.208221 0.0757206 0)
(-0.161863 -0.0216263 0)
(-0.0548873 -0.00443043 0)
(-0.0921974 -0.0111929 0)
(-0.0579937 -0.022107 0)
(-0.0512983 -0.024137 0)
(-0.036131 -0.024524 0)
(-0.022238 -0.0230681 0)
(-0.00808199 -0.0196595 0)
(0.00390897 -0.0148728 0)
(0.0128048 -0.00975502 0)
(0.0180616 -0.00496274 0)
(0.0199252 -0.00155632 0)
(0.0195236 0.000539231 0)
(0.0175385 0.00165178 0)
(0.0146691 0.00207039 0)
(0.0113106 0.00214712 0)
(0.00781903 0.00194492 0)
(0.0045324 0.00167525 0)
(0.00146579 0.00145844 0)
(-0.0192812 0.0878506 0)
(-0.0308784 0.100742 0)
(-0.0570324 0.147432 0)
(-0.0841563 0.185294 0)
(-0.10359 0.176877 0)
(-0.130277 0.104489 0)
(-0.177764 0.000251936 0)
(-0.260552 -0.0503706 0)
(-0.274524 -0.055561 0)
(-0.238517 0.0294894 0)
(-0.191075 0.0639087 0)
(-0.142762 -0.0662806 0)
(-0.0818317 -0.0105551 0)
(-0.0894994 -0.0134803 0)
(-0.0605385 -0.0269938 0)
(-0.0514633 -0.0277296 0)
(-0.035957 -0.0280525 0)
(-0.0216474 -0.0262838 0)
(-0.00719979 -0.0223307 0)
(0.00487043 -0.0168303 0)
(0.0136742 -0.0109504 0)
(0.0187118 -0.00547846 0)
(0.0203187 -0.00163717 0)
(0.0197304 0.000699507 0)
(0.0176277 0.00192844 0)
(0.014695 0.00238137 0)
(0.0113048 0.00245554 0)
(0.00779871 0.0022178 0)
(0.0045135 0.0019057 0)
(0.00145792 0.00165708 0)
(-0.0146077 0.115869 0)
(-0.0471942 0.136544 0)
(-0.0932707 0.168403 0)
(-0.100775 0.188415 0)
(-0.0908311 0.195327 0)
(-0.101287 0.168675 0)
(-0.218875 0.0623177 0)
(-0.255319 -0.0336335 0)
(-0.291456 -0.0520248 0)
(-0.240568 -0.0224148 0)
(-0.108768 0.0409634 0)
(-0.12131 -0.0637017 0)
(-0.114475 -0.0209181 0)
(-0.0821925 -0.020753 0)
(-0.063547 -0.0315079 0)
(-0.0515232 -0.0317362 0)
(-0.0357361 -0.0316902 0)
(-0.0209595 -0.0295946 0)
(-0.00618893 -0.0250377 0)
(0.00596722 -0.018792 0)
(0.0146635 -0.0121214 0)
(0.0194452 -0.00595297 0)
(0.020757 -0.00168474 0)
(0.0199584 0.000879974 0)
(0.0177248 0.00221557 0)
(0.0147222 0.00269718 0)
(0.0112974 0.00276595 0)
(0.00777523 0.00249121 0)
(0.00449189 0.00213553 0)
(0.00144896 0.00185478 0)
(-0.0271528 0.172748 0)
(-0.0461596 0.176725 0)
(-0.0812355 0.189137 0)
(-0.098761 0.18302 0)
(-0.161493 0.188544 0)
(-0.202491 0.162073 0)
(-0.245676 0.0892756 0)
(-0.279883 -0.0132258 0)
(-0.283025 -0.0730945 0)
(-0.220683 -0.0627455 0)
(-0.133792 -0.0101405 0)
(-0.0845792 -0.0583308 0)
(-0.137302 -0.0253193 0)
(-0.0753579 -0.0322816 0)
(-0.0654214 -0.0347114 0)
(-0.0514563 -0.0360013 0)
(-0.0354022 -0.0354184 0)
(-0.0201643 -0.0329987 0)
(-0.0050366 -0.0277976 0)
(0.00720518 -0.0207481 0)
(0.0157766 -0.0132586 0)
(0.0202625 -0.00638361 0)
(0.0212388 -0.00169458 0)
(0.0202061 0.00108291 0)
(0.0178291 0.00251418 0)
(0.0147505 0.00301826 0)
(0.0112881 0.00307852 0)
(0.00774847 0.00276516 0)
(0.00446751 0.00236464 0)
(0.00143892 0.00205144 0)
(-0.00812201 0.210027 0)
(-0.0233753 0.206241 0)
(-0.0503614 0.22198 0)
(-0.0712861 0.231043 0)
(-0.147747 0.243638 0)
(-0.202704 0.208218 0)
(-0.272336 0.0876005 0)
(-0.298056 -0.0381335 0)
(-0.263633 -0.0591947 0)
(-0.232318 -0.103691 0)
(-0.13528 -0.0554837 0)
(-0.123889 -0.050015 0)
(-0.1214 -0.0333973 0)
(-0.0790952 -0.0437176 0)
(-0.0652606 -0.0380613 0)
(-0.0515648 -0.0404068 0)
(-0.0349651 -0.0392612 0)
(-0.0192599 -0.0364989 0)
(-0.0037362 -0.0306228 0)
(0.00859407 -0.0226904 0)
(0.0170156 -0.014358 0)
(0.0211637 -0.00676273 0)
(0.0217625 -0.00166335 0)
(0.0204718 0.00131054 0)
(0.0179394 0.0028252 0)
(0.0147793 0.00334502 0)
(0.0112766 0.0033934 0)
(0.00771833 0.00303969 0)
(0.0044403 0.00259292 0)
(0.00142777 0.00224692 0)
(-0.0223803 0.233029 0)
(-0.0387188 0.243957 0)
(-0.0659944 0.265215 0)
(-0.0745576 0.27552 0)
(-0.125657 0.259532 0)
(-0.109838 0.251356 0)
(-0.295216 0.158988 0)
(-0.296079 -0.0879752 0)
(-0.213443 -0.103242 0)
(-0.219313 -0.10931 0)
(-0.189278 -0.084019 0)
(-0.131377 -0.0529136 0)
(-0.102602 -0.047571 0)
(-0.0833446 -0.0505657 0)
(-0.0642508 -0.0422 0)
(-0.0516596 -0.044755 0)
(-0.0344273 -0.0432277 0)
(-0.0182392 -0.0401091 0)
(-0.00227411 -0.0335093 0)
(0.0101422 -0.0246193 0)
(0.0183847 -0.0154175 0)
(0.0221493 -0.00708135 0)
(0.0223261 -0.00158361 0)
(0.0207538 0.00156505 0)
(0.0180548 0.00314947 0)
(0.014808 0.00367785 0)
(0.0112628 0.00371071 0)
(0.00768465 0.00331483 0)
(0.0044102 0.00282026 0)
(0.0014155 0.00244111 0)
(-0.0330955 0.255187 0)
(-0.0446515 0.28278 0)
(-0.078219 0.271496 0)
(-0.0670088 0.307276 0)
(-0.117512 0.282671 0)
(-0.12852 0.347044 0)
(-0.375466 0.281204 0)
(-0.334881 -0.142909 0)
(-0.215212 -0.160447 0)
(-0.207039 -0.105617 0)
(-0.217734 -0.115966 0)
(-0.126187 -0.0660441 0)
(-0.0890301 -0.0591508 0)
(-0.0846561 -0.0554268 0)
(-0.0630632 -0.046733 0)
(-0.0516664 -0.0490532 0)
(-0.0338079 -0.0473167 0)
(-0.0170963 -0.0438309 0)
(-0.000639343 -0.0364595 0)
(0.0118592 -0.0265362 0)
(0.0198873 -0.0164286 0)
(0.0232201 -0.00733402 0)
(0.0229271 -0.00145076 0)
(0.0210494 0.00184851 0)
(0.0181739 0.00348772 0)
(0.0148361 0.00401706 0)
(0.0112464 0.00403049 0)
(0.00764732 0.00359064 0)
(0.00437712 0.00304653 0)
(0.00140211 0.00263389 0)
(-0.039572 0.260399 0)
(-0.0399917 0.283467 0)
(-0.0751238 0.272175 0)
(-0.0932129 0.340284 0)
(-0.276291 0.409958 0)
(-0.333455 0.476716 0)
(-0.479622 0.4239 0)
(-0.377134 -0.125646 0)
(-0.18952 -0.226923 0)
(-0.169827 -0.107455 0)
(-0.207439 -0.131888 0)
(-0.127967 -0.0981856 0)
(-0.0808156 -0.0638218 0)
(-0.0835373 -0.0601246 0)
(-0.062194 -0.0512299 0)
(-0.0516412 -0.0532564 0)
(-0.0331347 -0.0515226 0)
(-0.0158244 -0.0476824 0)
(0.00118077 -0.0394786 0)
(0.013755 -0.0284421 0)
(0.0215286 -0.0173844 0)
(0.024376 -0.00751584 0)
(0.023563 -0.00126243 0)
(0.0213565 0.00216282 0)
(0.0182956 0.00384052 0)
(0.014863 0.00436296 0)
(0.0112271 0.00435271 0)
(0.00760618 0.00386724 0)
(0.004341 0.00327161 0)
(0.00138757 0.00282514 0)
(-0.0508045 0.293296 0)
(-0.102303 0.296909 0)
(-0.153321 0.325963 0)
(-0.198836 0.412813 0)
(-0.276881 0.480331 0)
(-0.242486 0.487552 0)
(-0.302056 0.572916 0)
(0.264565 -0.0179851 0)
(-0.149531 -0.30163 0)
(-0.14537 -0.117274 0)
(-0.164967 -0.133783 0)
(-0.154689 -0.126567 0)
(-0.0777563 -0.0727128 0)
(-0.0786417 -0.0640583 0)
(-0.0616775 -0.055113 0)
(-0.0515382 -0.0574234 0)
(-0.0324181 -0.0559454 0)
(-0.014418 -0.0516823 0)
(0.00320095 -0.0425755 0)
(0.0158413 -0.0303332 0)
(0.0233132 -0.0182772 0)
(0.0256171 -0.00761299 0)
(0.0242307 -0.00101014 0)
(0.0216724 0.00250977 0)
(0.0184184 0.00420833 0)
(0.0148882 0.00471579 0)
(0.0112047 0.0046773 0)
(0.0075611 0.00414475 0)
(0.00430173 0.00349534 0)
(0.00137189 0.00301473 0)
(-0.0421896 0.44539 0)
(-0.135278 0.408628 0)
(-0.188313 0.409378 0)
(-0.214921 0.432232 0)
(-0.219819 0.434261 0)
(-0.149945 0.344938 0)
(-0.0270011 0.149127 0)
(-0.0368794 -0.177594 0)
(-0.311018 0.0196555 0)
(-0.125746 -0.153674 0)
(-0.147601 -0.116913 0)
(-0.197104 -0.161381 0)
(-0.0663861 -0.0876104 0)
(-0.0730379 -0.066783 0)
(-0.0613755 -0.0586945 0)
(-0.0515212 -0.0617582 0)
(-0.0316071 -0.0605003 0)
(-0.0128408 -0.055805 0)
(0.00543838 -0.0457582 0)
(0.0181303 -0.0321971 0)
(0.025248 -0.0190988 0)
(0.0269436 -0.00761207 0)
(0.0249263 -0.00068827 0)
(0.0219937 0.00289084 0)
(0.018541 0.00459141 0)
(0.0149109 0.00507575 0)
(0.0111789 0.00500411 0)
(0.00751191 0.0044233 0)
(0.00425922 0.00371757 0)
(0.00135504 0.00320256 0)
(-0.0315202 0.527895 0)
(-0.119915 0.521946 0)
(-0.195178 0.502861 0)
(-0.222881 0.473774 0)
(-0.1981 0.406874 0)
(-0.114757 0.281201 0)
(0.035657 0.122635 0)
(-0.0272862 -0.0618827 0)
(0.106572 -0.146416 0)
(-0.182761 -0.140436 0)
(-0.121447 -0.123626 0)
(-0.194829 -0.181576 0)
(-0.0637934 -0.111824 0)
(-0.0658133 -0.0648964 0)
(-0.0615842 -0.0606542 0)
(-0.0510754 -0.0652551 0)
(-0.0304088 -0.0650602 0)
(-0.0110471 -0.0601062 0)
(0.00790969 -0.0490271 0)
(0.0206375 -0.0340294 0)
(0.0273378 -0.0198406 0)
(0.028355 -0.00750887 0)
(0.0256449 -0.000291234 0)
(0.022317 0.00330703 0)
(0.0186616 0.0049898 0)
(0.0149305 0.00544303 0)
(0.0111494 0.00533296 0)
(0.00745849 0.00470304 0)
(0.00421336 0.00393814 0)
(0.00133702 0.00338849 0)
(-0.023071 0.606456 0)
(-0.0952352 0.595548 0)
(-0.165803 0.560471 0)
(-0.190585 0.49278 0)
(-0.156562 0.37425 0)
(-0.0831396 0.220408 0)
(0.0201813 0.0834796 0)
(-0.00401423 -0.0760419 0)
(0.0144815 -0.0515654 0)
(0.0959975 -0.0647871 0)
(-0.05002 -0.0996948 0)
(-0.145643 -0.184294 0)
(-0.0703092 -0.136664 0)
(-0.0665356 -0.0642347 0)
(-0.0631708 -0.0652023 0)
(-0.0494303 -0.0709594 0)
(-0.0282515 -0.0705517 0)
(-0.00883972 -0.0646787 0)
(0.0106538 -0.0523772 0)
(0.0233752 -0.0358404 0)
(0.0295879 -0.0204888 0)
(0.0298509 -0.00729176 0)
(0.0263819 0.000190909 0)
(0.0226384 0.00375862 0)
(0.018779 0.00540334 0)
(0.0149464 0.00581775 0)
(0.011116 0.00566361 0)
(0.00740067 0.00498412 0)
(0.00416402 0.00415686 0)
(0.00131782 0.00357243 0)
(-0.0139993 0.679848 0)
(-0.0620938 0.655844 0)
(-0.108332 0.594777 0)
(-0.12051 0.49307 0)
(-0.0799152 0.336448 0)
(-0.0323388 0.171913 0)
(0.0197065 0.0582146 0)
(-0.0378333 -0.039109 0)
(-0.0835486 -0.050515 0)
(-0.613008 -0.0162696 0)
(-0.0403139 -0.069605 0)
(-0.113033 -0.162889 0)
(-0.115974 -0.159144 0)
(-0.0730847 -0.0638927 0)
(-0.0649637 -0.067304 0)
(-0.043722 -0.0733665 0)
(-0.0229246 -0.0744109 0)
(-0.00532252 -0.0687322 0)
(0.0138383 -0.0556733 0)
(0.0263782 -0.0375735 0)
(0.0320102 -0.0210312 0)
(0.0314309 -0.00694644 0)
(0.0271311 0.000762872 0)
(0.0229531 0.00424476 0)
(0.0188914 0.00583158 0)
(0.0149578 0.00620005 0)
(0.0110783 0.00599576 0)
(0.00733834 0.00526673 0)
(0.00411108 0.00437352 0)
(0.00129745 0.00375424 0)
(-0.00349899 0.732407 0)
(-0.0227009 0.699337 0)
(-0.0368486 0.618346 0)
(-0.0266919 0.487334 0)
(0.018418 0.310144 0)
(0.0347478 0.153041 0)
(0.0404328 0.0614918 0)
(-0.0142451 0.00917079 0)
(-0.0990108 0.0777152 0)
(-0.456806 -0.0493919 0)
(-0.125008 -0.194789 0)
(-0.0743788 -0.165847 0)
(-0.178482 -0.175307 0)
(-0.0812414 -0.0736271 0)
(-0.0666655 -0.0779224 0)
(-0.0356245 -0.0825808 0)
(-0.0144018 -0.0805435 0)
(8.88076e-05 -0.0735519 0)
(0.0175006 -0.0591209 0)
(0.0296174 -0.0393002 0)
(0.0345946 -0.0214575 0)
(0.0330932 -0.00645834 0)
(0.027886 0.00143211 0)
(0.0232567 0.00476535 0)
(0.0189975 0.00627388 0)
(0.0149641 0.00659005 0)
(0.0110361 0.00632904 0)
(0.00727135 0.00555109 0)
(0.00405438 0.00458789 0)
(0.00127589 0.00393381 0)
(0.0108769 0.742378 0)
(0.0193615 0.702906 0)
(0.0365498 0.607744 0)
(0.0761012 0.461159 0)
(0.107247 0.294937 0)
(0.085647 0.158872 0)
(0.0673044 0.0716295 0)
(0.0249372 0.0441144 0)
(0.0525364 0.114183 0)
(0.162034 0.156677 0)
(0.0683165 -0.445658 0)
(0.0150411 -0.0968328 0)
(-0.130241 -0.166189 0)
(-0.0815359 -0.0884602 0)
(-0.067884 -0.0835792 0)
(-0.032374 -0.0855007 0)
(-0.00287231 -0.0814761 0)
(0.0092231 -0.0752385 0)
(0.0227178 -0.0614393 0)
(0.0333615 -0.0407116 0)
(0.0373989 -0.0217366 0)
(0.0348403 -0.00583738 0)
(0.0286386 0.00220213 0)
(0.0235434 0.00532004 0)
(0.0190958 0.006729 0)
(0.0149648 0.00698786 0)
(0.0109891 0.006663 0)
(0.00719958 0.00583742 0)
(0.00399378 0.00479972 0)
(0.00125315 0.00411103 0)
(0.0180028 0.716945 0)
(0.0449331 0.662396 0)
(0.0920239 0.55143 0)
(0.137151 0.425048 0)
(0.128627 0.298099 0)
(0.094576 0.175103 0)
(0.0806674 0.0850382 0)
(0.041085 0.0652698 0)
(0.00739563 0.122141 0)
(-0.0739849 0.0280332 0)
(-0.932582 -0.12739 0)
(0.0537197 -0.100044 0)
(-0.0634804 -0.132382 0)
(-0.0756118 -0.0943585 0)
(-0.0559614 -0.093533 0)
(-0.0419837 -0.10348 0)
(0.000628792 -0.0937729 0)
(0.0165608 -0.0806263 0)
(0.0283326 -0.0648136 0)
(0.0371728 -0.0422011 0)
(0.040303 -0.0218437 0)
(0.0366583 -0.00498356 0)
(0.029383 0.00310275 0)
(0.0238078 0.00591548 0)
(0.0191848 0.00719749 0)
(0.0149593 0.00739429 0)
(0.010937 0.0069973 0)
(0.00712292 0.00612604 0)
(0.00392909 0.00500876 0)
(0.00122925 0.00428575 0)
(0.0206672 0.678163 0)
(0.0594213 0.601925 0)
(0.106237 0.495735 0)
(0.122271 0.419589 0)
(0.106794 0.320151 0)
(0.100118 0.183837 0)
(0.0941918 0.0990287 0)
(0.0542777 0.0919831 0)
(0.021996 0.157739 0)
(-0.0160083 0.169641 0)
(-0.0374017 -0.350651 0)
(-0.108351 -0.499134 0)
(-0.0188317 -0.10502 0)
(-0.0875981 -0.105918 0)
(-0.023656 -0.0909885 0)
(-0.0348147 -0.0960437 0)
(-0.00079459 -0.0957951 0)
(0.0214106 -0.0804795 0)
(0.0360734 -0.0650041 0)
(0.0424055 -0.0427911 0)
(0.0436497 -0.0218646 0)
(0.0385779 -0.00413539 0)
(0.0301008 0.00406859 0)
(0.0240411 0.0065309 0)
(0.0192626 0.00767033 0)
(0.0149468 0.00780721 0)
(0.0108795 0.00733051 0)
(0.00704127 0.00641692 0)
(0.00386013 0.00521466 0)
(0.00120419 0.00445782 0)
(0.022876 0.624729 0)
(0.0665381 0.551585 0)
(0.095962 0.476027 0)
(0.106666 0.424635 0)
(0.118585 0.326621 0)
(0.122027 0.188097 0)
(0.0969022 0.118043 0)
(0.0420866 0.124575 0)
(-0.0397257 0.190765 0)
(-0.123564 0.204211 0)
(-0.358404 -0.0392145 0)
(-0.353457 -0.399522 0)
(0.0119327 -0.113624 0)
(-0.0599499 -0.0955847 0)
(-0.0844612 -0.104917 0)
(-0.0248035 -0.110244 0)
(-0.00674919 -0.107047 0)
(0.017342 -0.0890701 0)
(0.0391112 -0.0695029 0)
(0.0458893 -0.0436348 0)
(0.0466016 -0.0212527 0)
(0.0405085 -0.00262236 0)
(0.0308045 0.00532034 0)
(0.0242427 0.00724232 0)
(0.0193293 0.0081755 0)
(0.0149276 0.00823809 0)
(0.0108165 0.00766629 0)
(0.0069546 0.00671206 0)
(0.00378671 0.00541758 0)
(0.00117799 0.00462724 0)
(0.0189172 0.564295 0)
(0.0600119 0.512747 0)
(0.0906016 0.458721 0)
(0.112363 0.406915 0)
(0.131481 0.315942 0)
(0.122584 0.200663 0)
(0.0751377 0.148187 0)
(0.00474632 0.176649 0)
(-0.0596276 0.249022 0)
(-0.035042 0.235041 0)
(0.118693 0.0386508 0)
(-0.490853 -0.401473 0)
(-0.180157 -0.232151 0)
(-0.0322237 -0.0868077 0)
(-0.0585851 -0.11147 0)
(-0.00057766 -0.117693 0)
(0.0208203 -0.111496 0)
(0.0345824 -0.0936234 0)
(0.0507545 -0.0726849 0)
(0.0549116 -0.0446963 0)
(0.0512396 -0.021405 0)
(0.0426685 -0.00182844 0)
(0.031435 0.0063155 0)
(0.0243882 0.00780444 0)
(0.0193772 0.00859947 0)
(0.014899 0.0086423 0)
(0.0107468 0.00798659 0)
(0.00686257 0.00700463 0)
(0.00370848 0.00561642 0)
(0.00115072 0.00479404 0)
(0.015727 0.507742 0)
(0.0543814 0.470917 0)
(0.0837985 0.430594 0)
(0.105758 0.383051 0)
(0.118702 0.310075 0)
(0.0959992 0.229382 0)
(0.0295302 0.194273 0)
(-0.0694306 0.225434 0)
(-0.125107 0.258628 0)
(-0.167008 0.119579 0)
(0.405362 0.0903488 0)
(-0.463108 -0.251144 0)
(-0.398246 -0.274839 0)
(-0.0209152 -0.0932389 0)
(-0.0736628 -0.119854 0)
(-0.0408441 -0.125801 0)
(-0.00113657 -0.112323 0)
(0.0211802 -0.0905964 0)
(0.0394346 -0.0718535 0)
(0.0511533 -0.0432855 0)
(0.0527914 -0.0192728 0)
(0.0445808 0.000770418 0)
(0.0320539 0.00825602 0)
(0.0245023 0.00885333 0)
(0.0194223 0.00927798 0)
(0.0148682 0.00918366 0)
(0.0106731 0.00836063 0)
(0.00676618 0.00733257 0)
(0.00362569 0.00581821 0)
(0.00112415 0.00495924 0)
(0.0126415 0.460338 0)
(0.0452417 0.435299 0)
(0.0701937 0.407348 0)
(0.0887743 0.368051 0)
(0.0949051 0.316381 0)
(0.0702418 0.267189 0)
(0.0128215 0.248312 0)
(-0.0736038 0.270767 0)
(-0.0626906 0.246598 0)
(0.00608892 -0.0101583 0)
(0.123134 0.0614117 0)
(0.465654 -0.0862427 0)
(-0.838776 -0.457775 0)
(-0.0862658 -0.233276 0)
(0.000485353 -0.11305 0)
(-0.00144094 -0.132378 0)
(0.0437318 -0.130878 0)
(0.0738542 -0.102215 0)
(0.075618 -0.0787743 0)
(0.0681264 -0.0462439 0)
(0.0584573 -0.0203077 0)
(0.0465492 0.0013239 0)
(0.0325311 0.00909191 0)
(0.0245204 0.00909413 0)
(0.0194197 0.00942019 0)
(0.0148117 0.0094237 0)
(0.0105846 0.00858286 0)
(0.00666172 0.00754772 0)
(0.00353604 0.0059904 0)
(0.00112369 0.00511826 0)
(0.00836788 0.419491 0)
(0.0346976 0.405643 0)
(0.0559551 0.386035 0)
(0.0718472 0.358659 0)
(0.0760728 0.325234 0)
(0.0564142 0.298894 0)
(0.0244542 0.290855 0)
(-0.0379931 0.308821 0)
(-0.00883256 0.242143 0)
(-0.0859145 0.056539 0)
(-0.350026 -0.00599463 0)
(-1.16156 0.0399939 0)
(-0.655333 -0.169411 0)
(-0.38718 -0.371232 0)
(0.0207571 -0.140882 0)
(-0.0361993 -0.132987 0)
(-0.0093029 -0.141969 0)
(0.0354557 -0.103232 0)
(0.0565379 -0.0770548 0)
(0.0690536 -0.0432407 0)
(0.0650022 -0.0167172 0)
(0.0507667 0.00505052 0)
(0.0330155 0.0115518 0)
(0.0244484 0.0105909 0)
(0.0195308 0.0104017 0)
(0.014885 0.0102181 0)
(0.0105775 0.00893576 0)
(0.00657866 0.00803686 0)
(0.00345174 0.00613271 0)
(0.00147098 0.00518059 0)
(0.00581761 0.387997 0)
(0.0270334 0.381026 0)
(0.0452426 0.368424 0)
(0.0589469 0.350663 0)
(0.0640885 0.329807 0)
(0.0502411 0.317515 0)
(0.0380168 0.314608 0)
(-0.0243738 0.324037 0)
(-0.0470243 0.251796 0)
(-0.13281 0.128206 0)
(-0.122333 0.257728 0)
(-0.480219 0.0569509 0)
(0.0778318 -0.260571 0)
(-0.567519 -0.614078 0)
(-0.290747 -0.212525 0)
(-0.0434814 -0.124528 0)
(-0.0483207 -0.148482 0)
(0.0305819 -0.111574 0)
(0.0504635 -0.083284 0)
(0.0649168 -0.0453255 0)
(0.0589578 -0.016954 0)
(0.0472138 0.00647233 0)
(0.0338659 0.0132553 0)
(0.0250913 0.0108063 0)
(0.0186935 0.0104588 0)
(0.0129147 0.0104194 0)
(0.00851474 0.0095418 0)
(0.00507879 0.00811266 0)
(0.00241309 0.00653965 0)
(-0.000473357 0.00560043 0)
(-0.257073 0.00440149 0)
(-0.0341155 0.00553404 0)
(-0.0293987 0.00802541 0)
(-0.023764 0.00922021 0)
(-0.0232899 0.0109376 0)
(-0.021657 0.0112487 0)
(-0.0238177 0.0118242 0)
(-0.0335579 0.0140647 0)
(-0.0522013 0.00833028 0)
(-0.0644418 -0.015017 0)
(-0.0674032 -0.0448656 0)
(-0.0679009 -0.083964 0)
(-0.0639715 -0.118063 0)
(-0.00510182 -0.156701 0)
(0.0485666 -0.175296 0)
(0.829354 -0.268769 0)
(1.07611 -0.368286 0)
(0.851814 -0.179517 0)
(0.328791 -0.0162295 0)
(0.12897 0.247456 0)
(0.0668285 0.220213 0)
(0.0129418 0.29328 0)
(-0.0148388 0.326005 0)
(-0.0501116 0.316223 0)
(-0.0546908 0.315096 0)
(-0.0618727 0.322298 0)
(-0.0559944 0.336635 0)
(-0.0450878 0.349899 0)
(-0.0306118 0.360608 0)
(-0.0136744 0.368059 0)
(-0.388894 -0.0014313 0)
(-0.246256 0.00202287 0)
(-0.11117 0.0078347 0)
(-0.104459 0.00889729 0)
(-0.0850326 0.0107342 0)
(-0.0564285 0.0109327 0)
(-0.0453597 0.0118366 0)
(-0.0248914 0.015714 0)
(-0.0619873 0.00934543 0)
(-0.0715833 -0.0150505 0)
(-0.0788483 -0.0437364 0)
(-0.0976 -0.0826167 0)
(-0.0951092 -0.118198 0)
(-0.0655835 -0.168881 0)
(0.128773 -0.360683 0)
(1.09801 -0.305538 0)
(0.660536 -0.562484 0)
(0.649507 -0.183889 0)
(0.278088 0.075241 0)
(0.0948939 0.26994 0)
(0.0333372 0.22664 0)
(0.00833187 0.310373 0)
(-0.0233644 0.333287 0)
(-0.0533885 0.321336 0)
(-0.053129 0.317498 0)
(-0.0582031 0.321441 0)
(-0.051255 0.332488 0)
(-0.0407533 0.34296 0)
(-0.0272459 0.351409 0)
(-0.0120803 0.357013 0)
(-0.89955 -0.00503523 0)
(-0.651167 -0.00775714 0)
(-0.344464 0.00219508 0)
(-0.350125 0.00939843 0)
(-0.244503 0.00888657 0)
(-0.15992 0.00896502 0)
(-0.135111 0.00949196 0)
(-0.0558615 0.0161282 0)
(-0.0426973 0.0117285 0)
(-0.0894377 -0.0132754 0)
(-0.11553 -0.042667 0)
(-0.117869 -0.0845543 0)
(-0.0915644 -0.122979 0)
(-0.0720803 -0.192784 0)
(0.144121 -0.275629 0)
(0.27034 -0.228336 0)
(0.633679 -0.381876 0)
(0.719469 -0.127704 0)
(0.330671 0.129405 0)
(0.084838 0.304725 0)
(-0.00889223 0.230253 0)
(-0.0243806 0.325285 0)
(-0.0345876 0.340871 0)
(-0.0579009 0.325645 0)
(-0.0522383 0.318577 0)
(-0.0550556 0.319865 0)
(-0.0469478 0.327841 0)
(-0.0367432 0.335827 0)
(-0.0241357 0.342303 0)
(-0.0105725 0.346451 0)
(-0.88425 -0.00974426 0)
(-0.455291 -0.0139304 0)
(-0.491487 -0.00375454 0)
(-0.487612 0.000664853 0)
(-0.378757 -0.00200368 0)
(-0.300369 0.00416184 0)
(-0.259752 0.00465375 0)
(-0.157899 0.00901077 0)
(-0.019465 0.0132406 0)
(-0.0803672 -0.00907602 0)
(-0.138275 -0.0435032 0)
(-0.114375 -0.0918022 0)
(-0.0574194 -0.130752 0)
(-0.0687294 -0.182816 0)
(-0.143288 -0.617474 0)
(0.632572 -0.298169 0)
(0.66758 -0.515966 0)
(0.499595 -0.088955 0)
(0.284795 0.207001 0)
(0.0997949 0.353543 0)
(-0.0256968 0.248479 0)
(-0.0740493 0.333691 0)
(-0.0453494 0.343256 0)
(-0.0632986 0.327778 0)
(-0.0518289 0.317973 0)
(-0.0523356 0.317306 0)
(-0.0431469 0.322608 0)
(-0.0331701 0.328484 0)
(-0.0214058 0.333325 0)
(-0.00924922 0.336369 0)
(-0.920861 -0.0220225 0)
(-0.502833 -0.0350109 0)
(-0.403929 0.00231686 0)
(-0.501607 0.00348695 0)
(-0.431754 -0.00163122 0)
(-0.405723 -0.000172117 0)
(-0.346208 -0.00340103 0)
(-0.244546 -0.00405092 0)
(-0.0922762 0.00565449 0)
(-0.0306486 -0.000759476 0)
(-0.104294 -0.038672 0)
(-0.0878014 -0.0955885 0)
(-0.060204 -0.137346 0)
(0.0426415 -0.157816 0)
(1.62866 -0.453516 0)
(1.17087 -0.410518 0)
(1.00114 -0.340409 0)
(0.511003 -0.0371004 0)
(0.227871 0.259613 0)
(0.119517 0.393843 0)
(-0.0484751 0.289409 0)
(-0.139679 0.330953 0)
(-0.054412 0.336063 0)
(-0.0677511 0.326969 0)
(-0.051321 0.315378 0)
(-0.0497114 0.313592 0)
(-0.0397155 0.316731 0)
(-0.0299784 0.320898 0)
(-0.0190295 0.324432 0)
(-0.00810214 0.326656 0)
(-0.869951 -0.0305031 0)
(-0.42025 -0.0464655 0)
(-0.0378923 -0.001391 0)
(-0.497919 0.00543128 0)
(-0.512215 -0.0055331 0)
(-0.444485 -0.00354699 0)
(-0.38852 -0.0095874 0)
(-0.311414 -0.0170716 0)
(-0.192579 -0.00841063 0)
(-0.0536618 -0.00654908 0)
(-0.0289589 -0.0341099 0)
(-0.0579652 -0.0909964 0)
(-0.102831 -0.151713 0)
(0.251422 -0.370033 0)
(-0.582543 -0.532731 0)
(0.0514629 -0.345198 0)
(0.354285 -0.320615 0)
(0.40822 0.0481723 0)
(0.165158 0.305812 0)
(0.0833647 0.426384 0)
(-0.0647765 0.341441 0)
(-0.143751 0.324781 0)
(-0.0624368 0.320873 0)
(-0.0696481 0.323352 0)
(-0.0504418 0.311027 0)
(-0.046715 0.30875 0)
(-0.0363159 0.310245 0)
(-0.0269413 0.313092 0)
(-0.0168621 0.315622 0)
(-0.00707713 0.317249 0)
(-0.781918 -0.042659 0)
(-0.244274 -0.0749269 0)
(0.0775818 0.00530713 0)
(-0.512818 0.0318489 0)
(-0.72601 -0.00347362 0)
(-0.506289 -0.0129098 0)
(-0.40415 -0.018361 0)
(-0.347421 -0.0255444 0)
(-0.266395 -0.0207003 0)
(-0.14832 -0.0217552 0)
(-0.0250949 -0.0355008 0)
(-0.0464826 -0.0794579 0)
(-0.128037 -0.169732 0)
(0.160465 -0.282049 0)
(0.914075 -0.835582 0)
(0.22829 -0.521531 0)
(0.0830486 -0.339001 0)
(0.190556 0.0706647 0)
(0.0713801 0.345677 0)
(0.0250393 0.457043 0)
(-0.0844701 0.380211 0)
(-0.147187 0.324723 0)
(-0.0740222 0.30475 0)
(-0.0727346 0.316324 0)
(-0.049558 0.304821 0)
(-0.0431281 0.302805 0)
(-0.0326582 0.303305 0)
(-0.0238081 0.305227 0)
(-0.0147175 0.307025 0)
(-0.00608337 0.308222 0)
(-0.709253 -0.0585182 0)
(-0.0799719 -0.100444 0)
(0.0209029 0.0174818 0)
(-0.498372 0.061801 0)
(-0.787129 -0.00385917 0)
(-0.499543 -0.0319408 0)
(-0.425324 -0.0286574 0)
(-0.365633 -0.03562 0)
(-0.301943 -0.0388084 0)
(-0.202677 -0.0379458 0)
(-0.110596 -0.0499016 0)
(-0.0768977 -0.0874352 0)
(0.149485 -0.240575 0)
(0.706415 -0.652854 0)
(1.33009 -0.250658 0)
(0.835065 -0.280519 0)
(0.122141 -0.232723 0)
(0.0442119 0.084292 0)
(-0.0224937 0.367853 0)
(-0.0368267 0.4805 0)
(-0.119833 0.408519 0)
(-0.162415 0.316329 0)
(-0.0866136 0.289334 0)
(-0.0765238 0.303216 0)
(-0.0482096 0.295722 0)
(-0.0390672 0.295541 0)
(-0.0287244 0.296033 0)
(-0.0205025 0.29751 0)
(-0.0124952 0.298845 0)
(-0.00504166 0.299747 0)
(-0.652902 -0.0773512 0)
(-0.0163608 -0.120486 0)
(-0.0824364 0.0331526 0)
(-0.442572 0.0926946 0)
(-0.737919 -0.00226907 0)
(-0.523546 -0.0468288 0)
(-0.571953 -0.017722 0)
(-0.311498 -0.047228 0)
(-0.291298 -0.0436961 0)
(-0.242189 -0.0475737 0)
(-0.197364 -0.0553577 0)
(-0.181409 -0.124414 0)
(0.477387 -0.204492 0)
(0.760751 -0.345176 0)
(0.420881 -0.574162 0)
(0.0510228 -0.239551 0)
(-0.149325 -0.193764 0)
(-0.105783 0.11519 0)
(-0.115514 0.378445 0)
(-0.102955 0.489614 0)
(-0.137991 0.441335 0)
(-0.157676 0.295949 0)
(-0.0882503 0.27364 0)
(-0.0737772 0.285868 0)
(-0.046321 0.283916 0)
(-0.0351872 0.286926 0)
(-0.0250665 0.288472 0)
(-0.0174043 0.290045 0)
(-0.0103754 0.291202 0)
(-0.00397642 0.291934 0)
(-0.543044 -0.0963552 0)
(-0.0466078 -0.136517 0)
(-0.158122 0.0472256 0)
(-0.358177 0.119621 0)
(-0.601647 0.00207123 0)
(-0.365624 -0.0587902 0)
(-0.428817 -0.0385547 0)
(-0.28026 -0.0579839 0)
(-0.263647 -0.0597485 0)
(-0.270468 -0.0666918 0)
(-0.242524 -0.0629538 0)
(-0.364333 -0.264082 0)
(-0.212122 -0.437996 0)
(-0.80798 -0.672039 0)
(-0.173254 -0.313845 0)
(-0.29304 -0.181334 0)
(-0.194817 -0.157785 0)
(-0.229778 0.113986 0)
(-0.172095 0.373074 0)
(-0.169204 0.476031 0)
(-0.14444 0.457493 0)
(-0.133504 0.271654 0)
(-0.0866259 0.257804 0)
(-0.0689043 0.268408 0)
(-0.0453302 0.271316 0)
(-0.033219 0.277414 0)
(-0.0230885 0.280636 0)
(-0.0155118 0.282766 0)
(-0.00892526 0.284026 0)
(-0.00308091 0.284716 0)
(-0.325298 -0.109918 0)
(-0.0842797 -0.145518 0)
(-0.180206 0.0561463 0)
(-0.26202 0.138039 0)
(-0.434953 0.00216421 0)
(-0.236241 -0.0665238 0)
(-0.295864 -0.041931 0)
(-0.296198 -0.0562145 0)
(-0.0868318 -0.0234313 0)
(-0.196283 -0.0420539 0)
(-0.273646 -0.046541 0)
(-0.212814 -0.131891 0)
(-0.141604 -0.377467 0)
(-0.0666954 -0.552808 0)
(-0.453971 -0.463353 0)
(-0.338565 -0.287509 0)
(-0.278005 -0.166691 0)
(-0.324571 0.111626 0)
(-0.246487 0.357321 0)
(-0.246046 0.458497 0)
(-0.177985 0.433519 0)
(-0.12523 0.24555 0)
(-0.0901888 0.242381 0)
(-0.0705762 0.251022 0)
(-0.0493121 0.258189 0)
(-0.0357521 0.266628 0)
(-0.0247035 0.271651 0)
(-0.0161859 0.274663 0)
(-0.00896956 0.276298 0)
(-0.00267536 0.277097 0)
(-0.0823799 -0.113617 0)
(-0.0917415 -0.144348 0)
(-0.168652 0.0592565 0)
(-0.169869 0.148219 0)
(-0.258767 0.00168051 0)
(-0.118601 -0.0735212 0)
(-0.137851 -0.040253 0)
(-0.181921 -0.0762349 0)
(-0.238005 -0.0702685 0)
(-0.119566 -0.0439862 0)
(-0.191299 -0.0570884 0)
(0.139559 -0.170855 0)
(0.245448 -0.324268 0)
(-0.116813 -0.388121 0)
(-0.176565 -0.354455 0)
(-0.1817 -0.245964 0)
(-0.405339 -0.143758 0)
(-0.3836 0.123788 0)
(-0.309055 0.339308 0)
(-0.333329 0.420549 0)
(-0.152743 0.374708 0)
(-0.108022 0.226848 0)
(-0.085817 0.229215 0)
(-0.0735692 0.233738 0)
(-0.0552468 0.243552 0)
(-0.0411143 0.253656 0)
(-0.0289144 0.260297 0)
(-0.0188862 0.264301 0)
(-0.0102703 0.266475 0)
(-0.00272508 0.267493 0)
(0.0509026 -0.109605 0)
(-0.0691661 -0.136305 0)
(-0.149173 0.0581583 0)
(-0.0953712 0.150356 0)
(-0.100363 -0.000747039 0)
(-0.0389573 -0.0793609 0)
(-0.0507808 -0.0361616 0)
(-0.0981374 -0.0534366 0)
(-0.16903 -0.0615765 0)
(0.0441663 -0.0480505 0)
(-0.0435337 -0.0812199 0)
(0.229095 -0.245272 0)
(0.0641098 -0.286518 0)
(-0.173926 -0.445858 0)
(-0.200302 -0.439904 0)
(-0.281653 -0.250152 0)
(-0.349177 -0.0951404 0)
(-0.420951 0.100817 0)
(-0.339636 0.32242 0)
(-0.352939 0.362374 0)
(-0.100644 0.270484 0)
(-0.0775728 0.209944 0)
(-0.0622005 0.221532 0)
(-0.0676314 0.221218 0)
(-0.0583972 0.229377 0)
(-0.0472092 0.23901 0)
(-0.0347512 0.246162 0)
(-0.0231306 0.25078 0)
(-0.0126212 0.253412 0)
(-0.00322438 0.254653 0)
(0.0973364 -0.098072 0)
(-0.0620917 -0.126471 0)
(-0.130927 0.0555896 0)
(-0.0456357 0.144928 0)
(0.015786 -0.00385835 0)
(0.0117528 -0.0799929 0)
(-0.00198685 -0.0331384 0)
(-0.0166501 -0.0461463 0)
(-0.0291479 -0.0836017 0)
(0.0820358 -0.0768963 0)
(0.0736581 -0.104034 0)
(0.158857 -0.233817 0)
(0.0207937 -0.293642 0)
(0.012913 -0.286789 0)
(-0.147527 -0.297101 0)
(-0.323219 -0.222108 0)
(-0.269413 -0.0690511 0)
(-0.300335 0.0965938 0)
(-0.338079 0.26385 0)
(-0.191635 0.278879 0)
(-0.0351985 0.18574 0)
(-0.0291473 0.192477 0)
(-0.0279323 0.227533 0)
(-0.045281 0.224776 0)
(-0.0501546 0.224195 0)
(-0.0453426 0.226456 0)
(-0.035355 0.229879 0)
(-0.0241498 0.233193 0)
(-0.0132234 0.235551 0)
(-0.0031387 0.23679 0)
(0.106844 -0.0910682 0)
(-0.0602758 -0.114366 0)
(-0.115909 0.051725 0)
(-0.0176464 0.133667 0)
(0.0800138 -0.00686875 0)
(0.037898 -0.0773643 0)
(0.0222628 -0.0336333 0)
(0.0412374 -0.0449499 0)
(0.0603433 -0.084238 0)
(0.0387878 -0.073928 0)
(0.0777472 -0.102495 0)
(0.0779187 -0.209586 0)
(-0.00400242 -0.271565 0)
(-0.108193 -0.33498 0)
(-0.255149 -0.297549 0)
(-0.289331 -0.21681 0)
(-0.297989 -0.0745802 0)
(-0.20838 0.128963 0)
(-0.243447 0.20735 0)
(-0.0505963 0.171812 0)
(-0.00332958 0.161501 0)
(-0.0209931 0.198107 0)
(-0.0139665 0.236955 0)
(-0.0202697 0.241683 0)
(-0.0293913 0.230108 0)
(-0.0283331 0.221061 0)
(-0.0230589 0.217569 0)
(-0.0159416 0.217535 0)
(-0.00834031 0.2185 0)
(-0.000993793 0.21924 0)
(0.101268 -0.0816433 0)
(-0.0471819 -0.103446 0)
(-0.10222 0.0460868 0)
(-0.00215248 0.119204 0)
(0.102786 -0.00924771 0)
(0.0478715 -0.0722478 0)
(0.0306838 -0.0363021 0)
(0.0583765 -0.0496659 0)
(0.0662017 -0.084003 0)
(0.022851 -0.0873401 0)
(0.103206 -0.115196 0)
(0.0459173 -0.215392 0)
(0.0106499 -0.217613 0)
(-0.0711932 -0.209295 0)
(-0.141634 -0.241355 0)
(-0.274482 -0.202753 0)
(-0.297704 -0.0890799 0)
(-0.228391 0.0972862 0)
(-0.163131 0.144306 0)
(-0.0776578 0.114309 0)
(-0.0446246 0.165974 0)
(-0.0465007 0.203772 0)
(-0.0351687 0.229554 0)
(-0.0241539 0.245081 0)
(-0.0183638 0.231138 0)
(-0.0141237 0.218611 0)
(-0.0106845 0.212164 0)
(-0.00689001 0.209851 0)
(-0.00277623 0.209324 0)
(0.00134306 0.209299 0)
(0.0915317 -0.0730842 0)
(-0.0441791 -0.0922208 0)
(-0.0893039 0.040486 0)
(0.00798971 0.104029 0)
(0.103328 -0.0113765 0)
(0.0501882 -0.0661276 0)
(0.0337101 -0.0392645 0)
(0.0575737 -0.051339 0)
(0.0610375 -0.0783487 0)
(0.0480125 -0.0890527 0)
(0.0993088 -0.103049 0)
(0.0524231 -0.176614 0)
(-0.0459425 -0.229291 0)
(-0.0902712 -0.246694 0)
(-0.142891 -0.214257 0)
(-0.212816 -0.158138 0)
(-0.274684 -0.0889164 0)
(-0.251518 0.0401185 0)
(-0.159183 0.0812131 0)
(-0.138416 0.0930815 0)
(-0.0952834 0.15291 0)
(-0.0783858 0.191142 0)
(-0.0593596 0.210797 0)
(-0.0417531 0.226569 0)
(-0.0272471 0.219537 0)
(-0.018286 0.211739 0)
(-0.0122551 0.206913 0)
(-0.00733091 0.204382 0)
(-0.00283957 0.203145 0)
(0.00133877 0.202589 0)
(0.081173 -0.064271 0)
(-0.037017 -0.0812645 0)
(-0.0770778 0.0344296 0)
(0.0153454 0.0893237 0)
(0.0956141 -0.0129131 0)
(0.049546 -0.0598259 0)
(0.034634 -0.0418067 0)
(0.0524095 -0.0526464 0)
(0.0539643 -0.0801868 0)
(0.036299 -0.0983843 0)
(0.0243933 -0.110616 0)
(0.024221 -0.165359 0)
(-0.0220273 -0.177924 0)
(-0.0822497 -0.180098 0)
(-0.13968 -0.169284 0)
(-0.1837 -0.139603 0)
(-0.24041 -0.0632557 0)
(-0.229512 0.0124268 0)
(-0.182254 0.048876 0)
(-0.17386 0.0732009 0)
(-0.14141 0.12403 0)
(-0.117063 0.162579 0)
(-0.09007 0.185187 0)
(-0.0671558 0.198004 0)
(-0.0480163 0.198373 0)
(-0.0341946 0.196236 0)
(-0.0235507 0.194124 0)
(-0.0148082 0.192548 0)
(-0.00725007 0.191514 0)
(-0.0005396 0.190921 0)
(0.0711845 -0.0559493 0)
(-0.0312402 -0.0711094 0)
(-0.065521 0.0284079 0)
(0.0200816 0.075384 0)
(0.0857774 -0.0141909 0)
(0.0476831 -0.0539205 0)
(0.0347977 -0.0438684 0)
(0.0467821 -0.0528982 0)
(0.0494485 -0.0780143 0)
(0.0331188 -0.0840213 0)
(0.048884 -0.0999018 0)
(0.0170566 -0.157494 0)
(-0.0343752 -0.17071 0)
(-0.0926072 -0.173812 0)
(-0.152158 -0.163236 0)
(-0.196398 -0.0938484 0)
(-0.202608 -0.0494835 0)
(-0.195361 -0.00398982 0)
(-0.179825 0.0322387 0)
(-0.170836 0.0610311 0)
(-0.153436 0.097073 0)
(-0.130717 0.12991 0)
(-0.105457 0.15141 0)
(-0.0824118 0.164078 0)
(-0.0622404 0.168828 0)
(-0.045973 0.170465 0)
(-0.0324815 0.170771 0)
(-0.0210477 0.170595 0)
(-0.0111213 0.170299 0)
(-0.00234524 0.17001 0)
(0.0618102 -0.0481184 0)
(-0.0255857 -0.0615616 0)
(-0.0547806 0.0224845 0)
(0.0223641 0.0622689 0)
(0.0756891 -0.0151804 0)
(0.0450634 -0.0486505 0)
(0.034243 -0.0452931 0)
(0.0417476 -0.0534157 0)
(0.0418859 -0.0749701 0)
(0.0278402 -0.0948473 0)
(0.0260469 -0.102316 0)
(0.00682019 -0.128142 0)
(-0.0342712 -0.136914 0)
(-0.0613293 -0.134018 0)
(-0.101176 -0.101896 0)
(-0.139247 -0.0938833 0)
(-0.162303 -0.0559116 0)
(-0.160873 -0.0115118 0)
(-0.159198 0.0253598 0)
(-0.15011 0.0483562 0)
(-0.138327 0.0772798 0)
(-0.120614 0.101632 0)
(-0.100362 0.119514 0)
(-0.0807423 0.131315 0)
(-0.0628662 0.137868 0)
(-0.047438 0.141503 0)
(-0.0340861 0.143421 0)
(-0.0224716 0.144367 0)
(-0.0122568 0.144749 0)
(-0.00317854 0.144782 0)
(0.0530792 -0.0409155 0)
(-0.0203836 -0.0529707 0)
(-0.0449352 0.0168263 0)
(0.0227196 0.050076 0)
(0.0658761 -0.0160599 0)
(0.0418259 -0.0441044 0)
(0.0331005 -0.0461457 0)
(0.0368115 -0.0533561 0)
(0.0366921 -0.0730327 0)
(0.0235933 -0.0830681 0)
(0.0170204 -0.0938655 0)
(-0.00326213 -0.12444 0)
(-0.0378004 -0.127709 0)
(-0.0796469 -0.125881 0)
(-0.107385 -0.117546 0)
(-0.124178 -0.0725843 0)
(-0.131987 -0.0368607 0)
(-0.137621 -0.00767905 0)
(-0.133497 0.0179234 0)
(-0.124944 0.040889 0)
(-0.115659 0.0622625 0)
(-0.101718 0.0801735 0)
(-0.0863826 0.0937645 0)
(-0.0708945 0.10343 0)
(-0.0563533 0.109755 0)
(-0.0432219 0.113823 0)
(-0.0314888 0.116343 0)
(-0.0210385 0.117812 0)
(-0.0117112 0.118554 0)
(-0.00335891 0.118781 0)
(0.0450261 -0.0343441 0)
(-0.0157024 -0.0452756 0)
(-0.0360746 0.0116391 0)
(0.0217751 0.0388863 0)
(0.0565472 -0.0169203 0)
(0.0380898 -0.0403668 0)
(0.0312802 -0.0463423 0)
(0.0322865 -0.0533339 0)
(0.0304354 -0.0697785 0)
(0.0189698 -0.083026 0)
(0.0113229 -0.0898391 0)
(-0.00589636 -0.104342 0)
(-0.0329592 -0.103663 0)
(-0.0538768 -0.0963997 0)
(-0.0801396 -0.0723618 0)
(-0.101039 -0.0587204 0)
(-0.113718 -0.0351019 0)
(-0.11251 -0.0126249 0)
(-0.109378 0.0117889 0)
(-0.102357 0.0298831 0)
(-0.0933403 0.047082 0)
(-0.0822438 0.0609244 0)
(-0.0703408 0.0717216 0)
(-0.0583821 0.0796642 0)
(-0.0469754 0.0852273 0)
(-0.0364156 0.088998 0)
(-0.0267819 0.0914471 0)
(-0.018061 0.0929364 0)
(-0.0101947 0.0937268 0)
(-0.00311163 0.0940044 0)
(0.0376783 -0.0284439 0)
(-0.0116151 -0.0385718 0)
(-0.0282556 0.00702133 0)
(0.0200117 0.0287634 0)
(0.0478158 -0.0177386 0)
(0.033989 -0.037403 0)
(0.0288498 -0.0459171 0)
(0.0279365 -0.0529379 0)
(0.0251524 -0.0668635 0)
(0.014948 -0.0768534 0)
(0.00519907 -0.0831309 0)
(-0.0107881 -0.0950365 0)
(-0.0332306 -0.0944186 0)
(-0.0557976 -0.0886628 0)
(-0.0722927 -0.077746 0)
(-0.0828468 -0.0554458 0)
(-0.0874583 -0.0335219 0)
(-0.0892037 -0.011967 0)
(-0.0872608 0.00612352 0)
(-0.0814484 0.0217862 0)
(-0.0742873 0.0349769 0)
(-0.0655972 0.0455935 0)
(-0.0563618 0.0538639 0)
(-0.047068 0.0600836 0)
(-0.0381172 0.064613 0)
(-0.0297263 0.0678077 0)
(-0.02199 0.0699648 0)
(-0.0149297 0.0713227 0)
(-0.00852768 0.0720699 0)
(-0.0027468 0.0723532 0)
(0.031032 -0.0232747 0)
(-0.00815963 -0.0328346 0)
(-0.0215123 0.00301159 0)
(0.0177748 0.0197448 0)
(0.039746 -0.0184973 0)
(0.029648 -0.035153 0)
(0.0258612 -0.0449998 0)
(0.0237891 -0.0522336 0)
(0.0201958 -0.0637106 0)
(0.0113062 -0.0723688 0)
(0.00172778 -0.0770225 0)
(-0.0116639 -0.0828502 0)
(-0.0285308 -0.0797597 0)
(-0.0435981 -0.0718087 0)
(-0.0572413 -0.05718 0)
(-0.0666421 -0.0431801 0)
(-0.0717128 -0.0271246 0)
(-0.0719019 -0.0130112 0)
(-0.06917 0.00121975 0)
(-0.0644636 0.0131653 0)
(-0.0583432 0.0234006 0)
(-0.0514293 0.0316811 0)
(-0.0442134 0.0381802 0)
(-0.0370279 0.0431108 0)
(-0.030105 0.0467331 0)
(-0.0235805 0.0493051 0)
(-0.0175259 0.0510516 0)
(-0.0119684 0.052158 0)
(-0.00690741 0.052774 0)
(-0.00232596 0.0530165 0)
(0.0250518 -0.0188026 0)
(-0.00537527 -0.0280705 0)
(-0.0158564 -0.000301667 0)
(0.01528 0.0119145 0)
(0.0323555 -0.0192266 0)
(0.0251924 -0.0335405 0)
(0.022444 -0.0438117 0)
(0.0198033 -0.0511503 0)
(0.0158784 -0.0605798 0)
(0.0081893 -0.0673508 0)
(-0.000807763 -0.0709045 0)
(-0.0121624 -0.073688 0)
(-0.0251766 -0.0705913 0)
(-0.0371041 -0.0636546 0)
(-0.0464439 -0.0534468 0)
(-0.05246 -0.0406112 0)
(-0.0551241 -0.0274357 0)
(-0.0551358 -0.0146187 0)
(-0.0531224 -0.00344446 0)
(-0.04943 0.00617316 0)
(-0.0447478 0.0141369 0)
(-0.0394763 0.0205331 0)
(-0.0339718 0.0255339 0)
(-0.0284887 0.0293393 0)
(-0.0231969 0.0321574 0)
(-0.0182015 0.0341791 0)
(-0.0135609 0.035567 0)
(-0.00929788 0.0364566 0)
(-0.00541448 0.036959 0)
(-0.00189907 0.0371635 0)
(0.0196691 -0.0150415 0)
(-0.00324253 -0.0242239 0)
(-0.0112432 -0.00301915 0)
(0.0126412 0.00537191 0)
(0.0256088 -0.0199315 0)
(0.0206935 -0.0324242 0)
(0.0187306 -0.0425537 0)
(0.0159907 -0.0498064 0)
(0.0121181 -0.0575381 0)
(0.00563806 -0.0627911 0)
(-0.00210428 -0.0651797 0)
(-0.0111719 -0.0655592 0)
(-0.0207612 -0.06181 0)
(-0.0292713 -0.0550134 0)
(-0.0359449 -0.0457729 0)
(-0.0401999 -0.0356663 0)
(-0.042078 -0.0253803 0)
(-0.0418447 -0.0159055 0)
(-0.0400215 -0.0073287 0)
(-0.0371131 1.59315e-05 0)
(-0.0335028 0.00611888 0)
(-0.0295108 0.0110363 0)
(-0.0253891 0.0148819 0)
(-0.0213028 0.0178085 0)
(-0.0173662 0.019973 0)
(-0.0136538 0.0215227 0)
(-0.0102005 0.0225856 0)
(-0.00702268 0.0232675 0)
(-0.00412243 0.023655 0)
(-0.00149304 0.0238168 0)
(0.0148159 -0.0119904 0)
(-0.00175753 -0.0212055 0)
(-0.0075922 -0.00526526 0)
(0.00992483 0.00015953 0)
(0.0194217 -0.0205658 0)
(0.0162048 -0.0316709 0)
(0.0148277 -0.0413515 0)
(0.0123392 -0.0483706 0)
(0.00888599 -0.054744 0)
(0.00367278 -0.0587179 0)
(-0.00254354 -0.0600883 0)
(-0.00946789 -0.0591476 0)
(-0.0163479 -0.0552728 0)
(-0.0223141 -0.0491636 0)
(-0.0267937 -0.041539 0)
(-0.0295191 -0.0332445 0)
(-0.0305749 -0.0250166 0)
(-0.0302265 -0.0173635 0)
(-0.0288202 -0.0106141 0)
(-0.0266584 -0.00487533 0)
(-0.0240177 -0.000145999 0)
(-0.0211384 0.00364062 0)
(-0.0181843 0.00659927 0)
(-0.0152552 0.00885061 0)
(-0.0124425 0.0105157 0)
(-0.00978958 0.0117083 0)
(-0.00732213 0.0125276 0)
(-0.00505304 0.0130554 0)
(-0.00298355 0.0133577 0)
(-0.0011091 0.013487 0)
(0.0103784 -0.00963787 0)
(-0.000871088 -0.0189722 0)
(-0.00476147 -0.00701786 0)
(0.00717402 -0.00382531 0)
(0.0136612 -0.0210886 0)
(0.0117135 -0.0311975 0)
(0.0108007 -0.0403349 0)
(0.0088284 -0.0470222 0)
(0.00609522 -0.0523524 0)
(0.00224513 -0.0553397 0)
(-0.00228666 -0.0559209 0)
(-0.00715938 -0.0542215 0)
(-0.01177 -0.0502905 0)
(-0.0156577 -0.0447311 0)
(-0.0185099 -0.0381767 0)
(-0.020181 -0.0313219 0)
(-0.0207563 -0.024666 0)
(-0.0204186 -0.0185869 0)
(-0.0193977 -0.013256 0)
(-0.0179035 -0.0087479 0)
(-0.0161124 -0.00504713 0)
(-0.0141499 -0.00209399 0)
(-0.0121331 0.000209567 0)
(-0.0101608 0.00195697 0)
(-0.00828066 0.00324751 0)
(-0.0065182 0.0041737 0)
(-0.00488002 0.00481107 0)
(-0.00337316 0.00522259 0)
(-0.00199963 0.0054596 0)
(-0.000755411 0.00556301 0)
(0.00621112 -0.00801262 0)
(-0.000497939 -0.0174358 0)
(-0.00259301 -0.00820555 0)
(0.00436841 -0.00656493 0)
(0.00817587 -0.0215246 0)
(0.00717772 -0.0309472 0)
(0.00665694 -0.0395896 0)
(0.00538778 -0.0459309 0)
(0.00361204 -0.0505199 0)
(0.00121555 -0.0527912 0)
(-0.00155481 -0.052828 0)
(-0.00446571 -0.0507424 0)
(-0.00712749 -0.0468674 0)
(-0.0093181 -0.0417717 0)
(-0.0108809 -0.0360189 0)
(-0.0117636 -0.0301357 0)
(-0.0120354 -0.0245268 0)
(-0.0118046 -0.0194488 0)
(-0.011191 -0.0150345 0)
(-0.0103107 -0.0113178 0)
(-0.0092628 -0.00827536 0)
(-0.00812911 -0.00584717 0)
(-0.00697284 -0.0039626 0)
(-0.00583875 -0.00253396 0)
(-0.00474868 -0.00147793 0)
(-0.00372378 -0.000718952 0)
(-0.00278084 -0.000195113 0)
(-0.00192 0.000143994 0)
(-0.00113876 0.000340331 0)
(-0.000432674 0.000427432 0)
(0.00206875 -0.00692847 0)
(-0.000323092 -0.0165677 0)
(-0.000781731 -0.00915711 0)
(0.00144506 -0.00826838 0)
(0.00268315 -0.0217709 0)
(0.00244313 -0.0307209 0)
(0.00227034 -0.0389942 0)
(0.00182968 -0.0450563 0)
(0.00120722 -0.0492093 0)
(0.000396532 -0.0510908 0)
(-0.000527493 -0.0508416 0)
(-0.00148405 -0.0486301 0)
(-0.00233432 -0.044888 0)
(-0.0030216 -0.0401422 0)
(-0.00350359 -0.0349082 0)
(-0.00377358 -0.0296363 0)
(-0.00385462 -0.0246559 0)
(-0.00378091 -0.0201643 0)
(-0.00358723 -0.0162642 0)
(-0.00330902 -0.0129805 0)
(-0.00297737 -0.0102893 0)
(-0.00261769 -0.00813608 0)
(-0.00224948 -0.00645245 0)
(-0.00188686 -0.00516574 0)
(-0.00153903 -0.00420673 0)
(-0.00121163 -0.00351495 0)
(-0.000907483 -0.00303617 0)
(-0.000627316 -0.00272541 0)
(-0.00037085 -0.00254493 0)
(-0.000137486 -0.00246411 0)
(0.00457783 0.369916 0)
(0.0226006 0.365668 0)
(0.0387944 0.356794 0)
(0.0512621 0.344221 0)
(0.058044 0.329724 0)
(0.0480801 0.324184 0)
(0.0474542 0.324954 0)
(-0.00855189 0.336805 0)
(-0.022435 0.287224 0)
(-0.109136 0.133397 0)
(-0.155293 0.285377 0)
(-0.466486 0.0404149 0)
(-0.914428 -0.180907 0)
(-0.999326 -0.374512 0)
(-0.819593 -0.267424 0)
(-0.0408901 -0.177315 0)
(0.00329985 -0.156209 0)
(0.0646067 -0.118914 0)
(0.0681751 -0.0840941 0)
(0.0676992 -0.0449976 0)
(0.0645332 -0.0150002 0)
(0.0522333 0.00848453 0)
(0.0334792 0.0141651 0)
(0.0237042 0.0118212 0)
(0.0216937 0.0111571 0)
(0.0231984 0.0108615 0)
(0.0239331 0.00917767 0)
(0.0294873 0.00804647 0)
(0.0342263 0.005532 0)
(0.257176 0.00440283 0)
(0.00392087 0.358533 0)
(0.0199863 0.355646 0)
(0.0349099 0.348978 0)
(0.0466438 0.339491 0)
(0.0547323 0.328785 0)
(0.0473194 0.326782 0)
(0.0541762 0.33071 0)
(0.00567141 0.346273 0)
(0.0254151 0.309549 0)
(-0.0808921 0.147132 0)
(-0.15212 0.316085 0)
(-0.354214 0.126275 0)
(-0.697496 -0.185157 0)
(-0.59295 -0.632835 0)
(-1.09903 -0.306263 0)
(-0.13104 -0.363137 0)
(0.0617317 -0.168096 0)
(0.0947155 -0.119467 0)
(0.0977173 -0.0827552 0)
(0.0784708 -0.0438742 0)
(0.0714568 -0.0150451 0)
(0.0618779 0.00951824 0)
(0.0247981 0.0158097 0)
(0.045318 0.0118438 0)
(0.0571054 0.0108543 0)
(0.0848359 0.0106112 0)
(0.104884 0.00883578 0)
(0.11129 0.00788994 0)
(0.246463 0.00203872 0)
(0.389184 -0.0014334 0)
(0.00342747 0.347692 0)
(0.0176871 0.345845 0)
(0.0314309 0.34108 0)
(0.0426225 0.334293 0)
(0.0521182 0.32706 0)
(0.0473585 0.327608 0)
(0.0619555 0.334982 0)
(0.0205585 0.351466 0)
(0.100137 0.32214 0)
(-0.0641425 0.184446 0)
(-0.19115 0.350805 0)
(-0.377792 0.178519 0)
(-0.747223 -0.131134 0)
(-0.583257 -0.402991 0)
(-0.303504 -0.2264 0)
(-0.158805 -0.272242 0)
(0.0646059 -0.192861 0)
(0.0890704 -0.124717 0)
(0.117579 -0.0846181 0)
(0.115283 -0.0427336 0)
(0.0892793 -0.0132718 0)
(0.0425186 0.0118841 0)
(0.0555726 0.016208 0)
(0.135356 0.00944313 0)
(0.161882 0.00886366 0)
(0.244553 0.00885481 0)
(0.350863 0.00931741 0)
(0.345307 0.0022086 0)
(0.651111 -0.00778144 0)
(0.900165 -0.00504244 0)
(0.00305588 0.33739 0)
(0.015734 0.336306 0)
(0.0283988 0.333093 0)
(0.0391776 0.32852 0)
(0.049928 0.32419 0)
(0.0478154 0.326295 0)
(0.0693839 0.336523 0)
(0.0328073 0.347211 0)
(0.145695 0.326141 0)
(-0.0485092 0.240794 0)
(-0.210625 0.386941 0)
(-0.327803 0.24498 0)
(-0.521511 -0.112121 0)
(-0.595832 -0.615851 0)
(-0.599822 -0.295705 0)
(0.0909925 -0.626151 0)
(0.0626197 -0.184912 0)
(0.0554906 -0.133541 0)
(0.113855 -0.0920974 0)
(0.13945 -0.0436932 0)
(0.0806562 -0.00910425 0)
(0.0205077 0.013396 0)
(0.156891 0.00906023 0)
(0.260937 0.00447391 0)
(0.302042 0.00406668 0)
(0.379883 -0.00199072 0)
(0.4889 0.000575865 0)
(0.494089 -0.00368475 0)
(0.45187 -0.0138861 0)
(0.88503 -0.0097591 0)
(0.00278489 0.327504 0)
(0.0140997 0.326956 0)
(0.0257642 0.324935 0)
(0.0361697 0.322072 0)
(0.0477748 0.319987 0)
(0.0480575 0.322699 0)
(0.074127 0.334921 0)
(0.0440875 0.335003 0)
(0.164431 0.329992 0)
(-0.018738 0.306565 0)
(-0.182668 0.418886 0)
(-0.264419 0.282788 0)
(-0.478391 -0.0721235 0)
(-0.85983 -0.342223 0)
(-1.23724 -0.356117 0)
(-1.67887 -0.411102 0)
(-0.0331128 -0.162246 0)
(0.0588547 -0.139969 0)
(0.0875235 -0.0960007 0)
(0.105967 -0.0389488 0)
(0.0307703 -0.000779894 0)
(0.0928127 0.00600801 0)
(0.244569 -0.00393109 0)
(0.346939 -0.0036542 0)
(0.40761 -0.000319514 0)
(0.434309 -0.00167193 0)
(0.503294 0.00332371 0)
(0.41186 0.00258303 0)
(0.485409 -0.034765 0)
(0.923406 -0.0223852 0)
(0.00255746 0.317959 0)
(0.0126368 0.317764 0)
(0.0232944 0.316608 0)
(0.033236 0.315003 0)
(0.0451449 0.314562 0)
(0.0476081 0.317276 0)
(0.074901 0.330272 0)
(0.0550914 0.320203 0)
(0.162901 0.336486 0)
(0.00413736 0.368405 0)
(-0.136853 0.449355 0)
(-0.167723 0.314375 0)
(-0.28465 -0.00320385 0)
(-0.094953 -0.372646 0)
(-0.0454031 -0.303945 0)
(0.660703 -0.583597 0)
(-0.208543 -0.379024 0)
(0.102633 -0.151855 0)
(0.0584416 -0.0913065 0)
(0.0296362 -0.0343538 0)
(0.0517601 -0.00642966 0)
(0.192538 -0.00831949 0)
(0.312215 -0.0170269 0)
(0.389069 -0.00983905 0)
(0.445973 -0.00372688 0)
(0.517448 -0.00558363 0)
(0.505085 0.00494231 0)
(0.0487665 -0.000488342 0)
(0.394369 -0.0458429 0)
(0.87254 -0.0315666 0)
(0.00234667 0.308819 0)
(0.0112145 0.308842 0)
(0.0207839 0.30827 0)
(0.0301213 0.30751 0)
(0.0418948 0.308091 0)
(0.0470527 0.310403 0)
(0.0750987 0.322775 0)
(0.066215 0.306327 0)
(0.151551 0.343336 0)
(0.0438005 0.419201 0)
(-0.0565417 0.469561 0)
(-0.0443309 0.331083 0)
(-0.0760724 -0.0101009 0)
(0.0587128 -0.390168 0)
(-0.020998 -0.504677 0)
(-0.530904 -0.818724 0)
(-0.198234 -0.266202 0)
(0.12689 -0.167408 0)
(0.0478393 -0.0796142 0)
(0.0228329 -0.0355072 0)
(0.147288 -0.0216452 0)
(0.265609 -0.0205793 0)
(0.347457 -0.0255096 0)
(0.404028 -0.0192207 0)
(0.516394 -0.0133653 0)
(0.751686 -0.00360165 0)
(0.532281 0.0314994 0)
(-0.0682382 0.00753951 0)
(0.220257 -0.0740015 0)
(0.785238 -0.0445853 0)
(0.00218664 0.300247 0)
(0.00983109 0.300376 0)
(0.0182366 0.300123 0)
(0.0268685 0.299743 0)
(0.0382173 0.300451 0)
(0.046352 0.30129 0)
(0.0765515 0.31063 0)
(0.0777999 0.294144 0)
(0.14828 0.342601 0)
(0.101738 0.451306 0)
(0.0422417 0.478617 0)
(0.073128 0.334338 0)
(0.0716735 -0.0189343 0)
(-0.0205753 -0.283339 0)
(-0.577515 -0.25491 0)
(-1.33344 -0.176502 0)
(-0.722113 -0.554299 0)
(-0.130133 -0.241002 0)
(0.076878 -0.0871418 0)
(0.108353 -0.0499652 0)
(0.201362 -0.0381043 0)
(0.301671 -0.0389502 0)
(0.365037 -0.0358954 0)
(0.428812 -0.0290428 0)
(0.498643 -0.0342754 0)
(0.80791 -0.00445058 0)
(0.520077 0.0620115 0)
(-0.0153653 0.0210605 0)
(0.0664532 -0.099378 0)
(0.714186 -0.0612749 0)
(0.00218258 0.292345 0)
(0.00873159 0.292477 0)
(0.0160744 0.292272 0)
(0.0240569 0.291759 0)
(0.0348728 0.291579 0)
(0.0452063 0.289777 0)
(0.0741591 0.294853 0)
(0.0822072 0.282356 0)
(0.14411 0.328622 0)
(0.15358 0.460576 0)
(0.153797 0.475593 0)
(0.176367 0.328286 0)
(0.182842 0.0195479 0)
(0.172355 -0.264297 0)
(0.0252587 -0.218306 0)
(-0.641807 -0.531357 0)
(-0.865521 -0.451126 0)
(-0.486509 -0.216162 0)
(0.179438 -0.122042 0)
(0.197023 -0.0552224 0)
(0.240127 -0.0475581 0)
(0.291658 -0.0436486 0)
(0.312017 -0.0481016 0)
(0.59553 -0.0180994 0)
(0.528362 -0.0492969 0)
(0.753093 -0.00343796 0)
(0.462597 0.093387 0)
(0.0843016 0.0376904 0)
(0.0159986 -0.119226 0)
(0.652896 -0.0806043 0)
(0.00248781 0.285056 0)
(0.00843583 0.285096 0)
(0.0152238 0.284691 0)
(0.0229906 0.283608 0)
(0.0335447 0.281859 0)
(0.0451892 0.277295 0)
(0.0702519 0.278025 0)
(0.0851429 0.268643 0)
(0.13688 0.299658 0)
(0.197837 0.438073 0)
(0.2511 0.457776 0)
(0.252062 0.324902 0)
(0.276283 0.0218417 0)
(0.179721 -0.2162 0)
(0.248466 -0.122182 0)
(-0.078189 -0.177763 0)
(0.611183 -0.541056 0)
(0.159119 -0.44641 0)
(0.360015 -0.262506 0)
(0.242678 -0.0629746 0)
(0.270075 -0.0672081 0)
(0.265465 -0.0601096 0)
(0.284273 -0.0602976 0)
(0.427618 -0.0389276 0)
(0.360293 -0.0613843 0)
(0.611447 0.000385138 0)
(0.37476 0.120796 0)
(0.158374 0.052408 0)
(0.0537948 -0.134799 0)
(0.52886 -0.0993701 0)
(0.00326367 0.2774 0)
(0.0096106 0.27726 0)
(0.0169113 0.276435 0)
(0.0254811 0.274477 0)
(0.0367371 0.270951 0)
(0.0499397 0.264104 0)
(0.0730253 0.260011 0)
(0.0926691 0.251935 0)
(0.135495 0.260834 0)
(0.222624 0.381934 0)
(0.320104 0.435568 0)
(0.337105 0.320942 0)
(0.366568 0.0596958 0)
(0.27485 -0.213057 0)
(0.285341 -0.192478 0)
(0.26413 -0.349528 0)
(0.115756 -0.586298 0)
(0.126303 -0.451829 0)
(0.214235 -0.144701 0)
(0.27407 -0.0465332 0)
(0.197766 -0.0422206 0)
(0.0848474 -0.0243507 0)
(0.298914 -0.0577047 0)
(0.294081 -0.0417914 0)
(0.232896 -0.0697575 0)
(0.442373 -0.00109444 0)
(0.274958 0.139476 0)
(0.17993 0.0616847 0)
(0.0910826 -0.14282 0)
(0.298204 -0.111826 0)
(0.00438007 0.267787 0)
(0.0119465 0.267412 0)
(0.0205835 0.266036 0)
(0.0306239 0.263073 0)
(0.0430428 0.257818 0)
(0.057265 0.249032 0)
(0.0785115 0.240732 0)
(0.0925828 0.234778 0)
(0.134351 0.228505 0)
(0.179064 0.307068 0)
(0.380857 0.383357 0)
(0.385946 0.311862 0)
(0.423366 0.0857972 0)
(0.341719 -0.156612 0)
(0.160558 -0.158668 0)
(0.274834 -0.259282 0)
(0.25529 -0.401332 0)
(-0.216158 -0.337181 0)
(-0.180914 -0.172111 0)
(0.194826 -0.05688 0)
(0.11914 -0.0443484 0)
(0.239201 -0.0704173 0)
(0.182982 -0.0775768 0)
(0.135738 -0.040097 0)
(0.117148 -0.0773222 0)
(0.264328 -0.00243627 0)
(0.178863 0.14994 0)
(0.168116 0.065097 0)
(0.094984 -0.140729 0)
(0.0623077 -0.114267 0)
(0.00566371 0.254952 0)
(0.0150761 0.254357 0)
(0.0256116 0.252492 0)
(0.0373325 0.248785 0)
(0.0502661 0.242621 0)
(0.0622628 0.233433 0)
(0.0748945 0.224822 0)
(0.0716517 0.221205 0)
(0.100633 0.20053 0)
(0.116674 0.20988 0)
(0.35246 0.309456 0)
(0.396979 0.291133 0)
(0.431252 0.0939352 0)
(0.31198 -0.103725 0)
(0.225659 -0.189699 0)
(0.268289 -0.363802 0)
(0.222775 -0.435324 0)
(-0.0293093 -0.300546 0)
(-0.233077 -0.246657 0)
(0.051428 -0.0862733 0)
(-0.05024 -0.0489028 0)
(0.172641 -0.0629694 0)
(0.101718 -0.0545285 0)
(0.0514055 -0.0358926 0)
(0.0395591 -0.0834947 0)
(0.103598 -0.00503428 0)
(0.0999411 0.152411 0)
(0.148273 0.0641792 0)
(0.071677 -0.132489 0)
(-0.0568408 -0.109171 0)
(0.00648896 0.23709 0)
(0.0166335 0.236473 0)
(0.0276997 0.234751 0)
(0.0392475 0.231991 0)
(0.0500463 0.228867 0)
(0.0561308 0.226285 0)
(0.0532293 0.225911 0)
(0.0344363 0.225744 0)
(0.0365622 0.180509 0)
(0.0302484 0.146752 0)
(0.137011 0.213421 0)
(0.339351 0.232737 0)
(0.280887 0.0983467 0)
(0.251634 -0.059157 0)
(0.308163 -0.184673 0)
(0.161421 -0.273788 0)
(0.0504445 -0.294251 0)
(-0.0291847 -0.302584 0)
(-0.160159 -0.23004 0)
(-0.0648759 -0.10529 0)
(-0.0791665 -0.0761775 0)
(0.0298776 -0.0852722 0)
(0.0192936 -0.0469995 0)
(0.00377968 -0.0327171 0)
(-0.0102848 -0.0841291 0)
(-0.0152517 -0.00777269 0)
(0.0460569 0.14723 0)
(0.129616 0.061607 0)
(0.0667282 -0.122521 0)
(-0.0969612 -0.0978149 0)
(0.00614686 0.21946 0)
(0.0136527 0.219142 0)
(0.0216056 0.218484 0)
(0.0293822 0.218537 0)
(0.035767 0.221663 0)
(0.0383326 0.23029 0)
(0.0311326 0.24224 0)
(0.0266887 0.235597 0)
(0.034561 0.19183 0)
(0.0147166 0.141004 0)
(0.030527 0.120749 0)
(0.214027 0.176332 0)
(0.19097 0.124078 0)
(0.278153 -0.0702829 0)
(0.277693 -0.180084 0)
(0.248015 -0.251798 0)
(0.120147 -0.318197 0)
(0.0219008 -0.272006 0)
(-0.0743086 -0.211322 0)
(-0.0741183 -0.105218 0)
(-0.0325106 -0.0729087 0)
(-0.0599288 -0.0851432 0)
(-0.0401303 -0.0458831 0)
(-0.0201676 -0.0332277 0)
(-0.0362933 -0.0813261 0)
(-0.0816771 -0.0106839 0)
(0.0152637 0.136028 0)
(0.114329 0.0572646 0)
(0.0628986 -0.110605 0)
(-0.104377 -0.0909052 0)
(0.00543461 0.209327 0)
(0.0097661 0.209372 0)
(0.0143215 0.20978 0)
(0.0188538 0.211702 0)
(0.0234038 0.217454 0)
(0.0290906 0.229403 0)
(0.0366738 0.244025 0)
(0.0501773 0.225442 0)
(0.0599766 0.198682 0)
(0.0580042 0.153107 0)
(0.0812165 0.0837208 0)
(0.142228 0.114223 0)
(0.215157 0.0851499 0)
(0.278102 -0.080565 0)
(0.257652 -0.176197 0)
(0.14905 -0.219282 0)
(0.0839369 -0.208042 0)
(-0.00397958 -0.220193 0)
(-0.0441782 -0.213238 0)
(-0.103658 -0.116508 0)
(-0.0200399 -0.0868648 0)
(-0.0644537 -0.0845185 0)
(-0.0577717 -0.0507712 0)
(-0.0285245 -0.0360278 0)
(-0.0464927 -0.0758764 0)
(-0.105556 -0.0127434 0)
(-0.00144658 0.121394 0)
(0.1007 0.0512268 0)
(0.0504681 -0.0998555 0)
(-0.0983403 -0.0813795 0)
(0.00539681 0.202422 0)
(0.00973164 0.202608 0)
(0.0145296 0.203374 0)
(0.0199282 0.205277 0)
(0.0265865 0.209305 0)
(0.0362487 0.216279 0)
(0.0515405 0.223095 0)
(0.070301 0.205228 0)
(0.0889397 0.186482 0)
(0.106512 0.141381 0)
(0.140732 0.0727595 0)
(0.14801 0.0622254 0)
(0.233057 0.0326269 0)
(0.253949 -0.0811344 0)
(0.199921 -0.138072 0)
(0.145889 -0.193093 0)
(0.101522 -0.233302 0)
(0.0521037 -0.229219 0)
(-0.0495279 -0.175378 0)
(-0.0977286 -0.103821 0)
(-0.0467364 -0.0889645 0)
(-0.0594474 -0.0785532 0)
(-0.0568297 -0.052329 0)
(-0.0318241 -0.0390996 0)
(-0.0491221 -0.0693414 0)
(-0.106303 -0.0143053 0)
(-0.0118139 0.105973 0)
(0.0878626 0.0452888 0)
(0.0470379 -0.0888353 0)
(-0.0886706 -0.0728698 0)
(0.00582265 0.190656 0)
(0.0125907 0.190684 0)
(0.0202376 0.191078 0)
(0.029094 0.191927 0)
(0.0398514 0.193238 0)
(0.0537335 0.194568 0)
(0.0729647 0.193662 0)
(0.0959613 0.179749 0)
(0.122298 0.157151 0)
(0.146344 0.114866 0)
(0.172781 0.06036 0)
(0.174618 0.0377609 0)
(0.214332 0.00829044 0)
(0.223355 -0.0575371 0)
(0.17388 -0.12672 0)
(0.136629 -0.153946 0)
(0.0868269 -0.172025 0)
(0.0282886 -0.176619 0)
(-0.0214347 -0.163892 0)
(-0.0199484 -0.110059 0)
(-0.0336955 -0.098191 0)
(-0.0524911 -0.080526 0)
(-0.051541 -0.0535737 0)
(-0.0330544 -0.0417449 0)
(-0.0487888 -0.0626142 0)
(-0.0983693 -0.015333 0)
(-0.0189625 0.0910876 0)
(0.0757536 0.0388757 0)
(0.0396345 -0.078131 0)
(-0.0785629 -0.0640746 0)
(0.00593382 0.16975 0)
(0.0147031 0.169489 0)
(0.0245787 0.169178 0)
(0.0359056 0.16869 0)
(0.0492164 0.16769 0)
(0.0651985 0.165375 0)
(0.0850241 0.160079 0)
(0.107564 0.146729 0)
(0.132036 0.124874 0)
(0.15384 0.0904328 0)
(0.167792 0.0531411 0)
(0.172899 0.0252588 0)
(0.18427 -0.00619892 0)
(0.192051 -0.0450557 0)
(0.188924 -0.0851585 0)
(0.150324 -0.154167 0)
(0.0963286 -0.167605 0)
(0.038467 -0.169031 0)
(-0.0147267 -0.156289 0)
(-0.0482373 -0.0995785 0)
(-0.0313531 -0.0833314 0)
(-0.0481955 -0.0780167 0)
(-0.0459163 -0.0536815 0)
(-0.0335003 -0.0438869 0)
(-0.0471972 -0.0562998 0)
(-0.0881962 -0.0161448 0)
(-0.0233503 0.076993 0)
(0.064317 0.0323463 0)
(0.0336247 -0.0682057 0)
(-0.0688276 -0.0558106 0)
(0.00539009 0.144574 0)
(0.0144425 0.144101 0)
(0.0245682 0.143236 0)
(0.0360174 0.141768 0)
(0.0491133 0.13931 0)
(0.0641753 0.135149 0)
(0.0815847 0.128137 0)
(0.100592 0.115895 0)
(0.1201 0.09771 0)
(0.136792 0.072787 0)
(0.146671 0.0436123 0)
(0.153386 0.021416 0)
(0.15299 -0.0126659 0)
(0.154331 -0.0533577 0)
(0.133607 -0.0873944 0)
(0.0998336 -0.0937945 0)
(0.0627945 -0.127457 0)
(0.0370035 -0.133974 0)
(-0.00475334 -0.126097 0)
(-0.0242466 -0.101207 0)
(-0.02615 -0.0948613 0)
(-0.0406621 -0.07495 0)
(-0.0409192 -0.0540432 0)
(-0.03318 -0.0453753 0)
(-0.0448048 -0.050609 0)
(-0.0777665 -0.016701 0)
(-0.0252328 0.0637267 0)
(0.0537003 0.0259435 0)
(0.0277395 -0.058871 0)
(-0.0596874 -0.0480193 0)
(0.00454114 0.11863 0)
(0.0128704 0.118083 0)
(0.0221193 0.116988 0)
(0.0324256 0.115139 0)
(0.0439378 0.112225 0)
(0.0567575 0.107767 0)
(0.0708905 0.101088 0)
(0.0858584 0.0911171 0)
(0.100569 0.0773079 0)
(0.113691 0.0592021 0)
(0.121896 0.037944 0)
(0.129051 0.0156508 0)
(0.132126 -0.00814737 0)
(0.126457 -0.0347435 0)
(0.119874 -0.068803 0)
(0.10525 -0.11277 0)
(0.0798455 -0.121894 0)
(0.0395999 -0.125215 0)
(0.00488468 -0.123405 0)
(-0.015593 -0.0929043 0)
(-0.022081 -0.0823721 0)
(-0.0356985 -0.0729605 0)
(-0.0360213 -0.0537838 0)
(-0.0322414 -0.0462814 0)
(-0.0417383 -0.0456685 0)
(-0.0676354 -0.0171818 0)
(-0.0251847 0.0513725 0)
(0.0439834 0.019879 0)
(0.0223105 -0.0505177 0)
(-0.0511972 -0.04083 0)
(0.00359941 0.0939015 0)
(0.0106668 0.0934055 0)
(0.0184756 0.0923742 0)
(0.0270906 0.0906248 0)
(0.036562 0.0879051 0)
(0.0468936 0.0838674 0)
(0.0579978 0.078062 0)
(0.0695697 0.0699235 0)
(0.080999 0.0590079 0)
(0.0914922 0.0451416 0)
(0.099797 0.0281467 0)
(0.105993 0.0105633 0)
(0.108549 -0.0126745 0)
(0.10978 -0.0336967 0)
(0.0980577 -0.0555468 0)
(0.0786934 -0.0684759 0)
(0.0539478 -0.0927849 0)
(0.0341132 -0.10109 0)
(0.00707643 -0.102741 0)
(-0.0102351 -0.0886375 0)
(-0.0177036 -0.0826785 0)
(-0.0295239 -0.0696058 0)
(-0.031561 -0.0535765 0)
(-0.0305988 -0.0465156 0)
(-0.0381282 -0.0415666 0)
(-0.0580225 -0.0177252 0)
(-0.0238407 0.0400445 0)
(0.035245 0.0143436 0)
(0.0174013 -0.0430563 0)
(-0.043388 -0.0342979 0)
(0.0027357 0.0722862 0)
(0.00850698 0.0718605 0)
(0.0148702 0.0709547 0)
(0.0218578 0.0694242 0)
(0.0294821 0.067086 0)
(0.0377149 0.0637115 0)
(0.046455 0.0590182 0)
(0.0554799 0.0526703 0)
(0.0643856 0.0443336 0)
(0.0726721 0.0337429 0)
(0.0793864 0.020751 0)
(0.0847296 0.00551197 0)
(0.0863739 -0.0118253 0)
(0.0846492 -0.0323952 0)
(0.0805033 -0.0534846 0)
(0.0709262 -0.0751513 0)
(0.0554416 -0.0860852 0)
(0.0338255 -0.092297 0)
(0.0116347 -0.0938118 0)
(-0.00424826 -0.0820007 0)
(-0.013913 -0.0763049 0)
(-0.0243845 -0.066634 0)
(-0.0272925 -0.0530376 0)
(-0.0283269 -0.0461144 0)
(-0.0341058 -0.0382866 0)
(-0.0490372 -0.0182625 0)
(-0.0216983 0.0297698 0)
(0.0275524 0.00942131 0)
(0.0130852 -0.0365482 0)
(-0.0362755 -0.0284351 0)
(0.00202397 0.0529763 0)
(0.00660158 0.0526481 0)
(0.0116377 0.0519356 0)
(0.0171474 0.0507235 0)
(0.0231283 0.0488661 0)
(0.029549 0.0461849 0)
(0.0363333 0.0424663 0)
(0.0433409 0.0374695 0)
(0.0503371 0.0309491 0)
(0.0569982 0.0227234 0)
(0.0628452 0.0126572 0)
(0.0672845 0.00101867 0)
(0.0698514 -0.0127161 0)
(0.0697035 -0.0262327 0)
(0.064965 -0.0416235 0)
(0.0561518 -0.0552117 0)
(0.0432191 -0.0697694 0)
(0.0288231 -0.0779515 0)
(0.0122336 -0.0815948 0)
(-0.000999953 -0.0759591 0)
(-0.0104917 -0.0718469 0)
(-0.0195379 -0.0634221 0)
(-0.0232436 -0.0522255 0)
(-0.0254709 -0.0451662 0)
(-0.0298044 -0.0357491 0)
(-0.0407527 -0.018772 0)
(-0.0191165 0.0206462 0)
(0.0209379 0.00513551 0)
(0.0094114 -0.0310226 0)
(-0.0298451 -0.02327 0)
(0.00143967 0.0371413 0)
(0.00495496 0.0368887 0)
(0.00882369 0.036331 0)
(0.0130568 0.0353797 0)
(0.0176504 0.0339266 0)
(0.0225793 0.0318411 0)
(0.0277866 0.0289692 0)
(0.0331591 0.0251317 0)
(0.0385288 0.0201332 0)
(0.0436546 0.0137921 0)
(0.0481823 0.00595277 0)
(0.0517326 -0.00344957 0)
(0.0536662 -0.0143032 0)
(0.0536873 -0.0267135 0)
(0.0512234 -0.0394889 0)
(0.0455898 -0.0519984 0)
(0.0367109 -0.0620898 0)
(0.0252571 -0.0691209 0)
(0.012527 -0.0725647 0)
(0.00136049 -0.0699423 0)
(-0.00756988 -0.0667937 0)
(-0.0153373 -0.0602499 0)
(-0.0193615 -0.0510661 0)
(-0.0221619 -0.0439134 0)
(-0.0253581 -0.0339106 0)
(-0.0331677 -0.0193149 0)
(-0.0163124 0.0127802 0)
(0.0153974 0.00152821 0)
(0.00641032 -0.0264501 0)
(-0.0240643 -0.0188159 0)
(0.0010063 0.0238069 0)
(0.00363746 0.0236229 0)
(0.00652942 0.0232085 0)
(0.00968934 0.0224953 0)
(0.013117 0.0213994 0)
(0.0167943 0.0198179 0)
(0.0206793 0.0176283 0)
(0.0247019 0.0146916 0)
(0.0287443 0.0108621 0)
(0.0326436 0.005994 0)
(0.0361618 -1.30051e-05 0)
(0.0389941 -0.00720648 0)
(0.0407856 -0.0155714 0)
(0.0410553 -0.0247853 0)
(0.0393095 -0.0347927 0)
(0.0352951 -0.044674 0)
(0.0289288 -0.053801 0)
(0.0207421 -0.0606177 0)
(0.0113962 -0.0645474 0)
(0.00249584 -0.0643239 0)
(-0.00518483 -0.0622274 0)
(-0.0116889 -0.0571689 0)
(-0.0156501 -0.0496615 0)
(-0.0185355 -0.0425674 0)
(-0.0208553 -0.0326087 0)
(-0.0262442 -0.0198374 0)
(-0.0134091 0.00620791 0)
(0.0108897 -0.00146241 0)
(0.00407824 -0.0227695 0)
(-0.0188805 -0.015085 0)
(0.000672555 0.0134844 0)
(0.00254952 0.0133484 0)
(0.00461512 0.0130362 0)
(0.00687476 0.0124955 0)
(0.00932685 0.0116613 0)
(0.0119572 0.0104538 0)
(0.0147388 0.00877871 0)
(0.0176332 0.00652911 0)
(0.0205476 0.00358694 0)
(0.02338 -0.000157523 0)
(0.025974 -0.00481258 0)
(0.0280965 -0.0104387 0)
(0.0294912 -0.0170387 0)
(0.029869 -0.0245132 0)
(0.0288969 -0.0325504 0)
(0.026321 -0.0406789 0)
(0.0220382 -0.0482017 0)
(0.016288 -0.0542956 0)
(0.00959225 -0.0582605 0)
(0.00280616 -0.0593329 0)
(-0.00335111 -0.0581542 0)
(-0.00856764 -0.0543518 0)
(-0.0120941 -0.0481774 0)
(-0.0146958 -0.0412813 0)
(-0.0163345 -0.0317146 0)
(-0.0198937 -0.0203401 0)
(-0.0104837 0.000949797 0)
(0.00732643 -0.00390019 0)
(0.00240084 -0.0198993 0)
(-0.0142047 -0.0120409 0)
(0.000427567 0.00556479 0)
(0.00167429 0.00546378 0)
(0.0030464 0.00522688 0)
(0.00454773 0.0048131 0)
(0.00617588 0.00417217 0)
(0.00792619 0.00324355 0)
(0.00979261 0.00195456 0)
(0.0117448 0.000217119 0)
(0.0137364 -0.00206575 0)
(0.0156745 -0.00498161 0)
(0.0174433 -0.00862465 0)
(0.0189196 -0.0130507 0)
(0.019938 -0.0182738 0)
(0.0202963 -0.0242276 0)
(0.0197732 -0.030747 0)
(0.0181909 -0.0374782 0)
(0.0154595 -0.0439439 0)
(0.011707 -0.0494716 0)
(0.00721905 -0.0534412 0)
(0.0024537 -0.0552336 0)
(-0.0020283 -0.0547914 0)
(-0.00587962 -0.0519545 0)
(-0.00866589 -0.0467853 0)
(-0.010721 -0.0401888 0)
(-0.0118199 -0.0311338 0)
(-0.0139897 -0.0207941 0)
(-0.00753896 -0.00307487 0)
(0.00458214 -0.00580455 0)
(0.00133181 -0.0177774 0)
(-0.00994291 -0.00969169 0)
(0.000238469 0.000431301 0)
(0.000946187 0.000351048 0)
(0.00172663 0.000159796 0)
(0.00258547 -0.000176061 0)
(0.00352635 -0.000697498 0)
(0.00454632 -0.00145301 0)
(0.00562818 -0.00250262 0)
(0.00675239 -0.00391906 0)
(0.00789671 -0.00578151 0)
(0.00901761 -0.00817504 0)
(0.0100534 -0.0111683 0)
(0.0109253 -0.0148189 0)
(0.0115387 -0.0191497 0)
(0.0117806 -0.0241307 0)
(0.011536 -0.0296352 0)
(0.0106995 -0.0354197 0)
(0.0092008 -0.0410956 0)
(0.00708347 -0.0461533 0)
(0.00449173 -0.0500395 0)
(0.0016466 -0.0521852 0)
(-0.0010935 -0.0522631 0)
(-0.0034876 -0.0501143 0)
(-0.0052913 -0.0456628 0)
(-0.00661343 -0.0393938 0)
(-0.00724433 -0.0308002 0)
(-0.00836955 -0.0211394 0)
(-0.00457789 -0.00582797 0)
(0.00248702 -0.00710417 0)
(0.000773482 -0.0163215 0)
(-0.00594425 -0.00808638 0)
(8.48906e-05 -0.00245922 0)
(0.000318858 -0.00253092 0)
(0.000575223 -0.00270347 0)
(0.000854746 -0.0030074 0)
(0.00115777 -0.00347981 0)
(0.00148344 -0.00416446 0)
(0.00182876 -0.00511319 0)
(0.00218804 -0.00638448 0)
(0.00255212 -0.0080452 0)
(0.00290727 -0.0101658 0)
(0.00323445 -0.0128128 0)
(0.00350932 -0.0160393 0)
(0.00370202 -0.0198698 0)
(0.0037779 -0.0242811 0)
(0.00370415 -0.0291754 0)
(0.00344715 -0.0343644 0)
(0.0029836 -0.0395301 0)
(0.00231872 -0.0442366 0)
(0.00149089 -0.0479778 0)
(0.000556224 -0.0502321 0)
(-0.000355357 -0.0505765 0)
(-0.00116515 -0.0487962 0)
(-0.00179931 -0.0447648 0)
(-0.00225778 -0.0387605 0)
(-0.00246061 -0.0305269 0)
(-0.00274817 -0.0213521 0)
(-0.00151381 -0.00753901 0)
(0.000748918 -0.00811268 0)
(0.00041262 -0.0155082 0)
(-0.00197291 -0.00700503 0)
)
;

boundaryField
{
    leftWall
    {
        type            fixedValue;
        value           uniform (0 0 0);
    }
    rightWall
    {
        type            fixedValue;
        value           uniform (0 0 0);
    }
    lowerWall
    {
        type            fixedValue;
        value           uniform (0 0 0);
    }
    atmosphere
    {
        type            pressureInletOutletVelocity;
        value           nonuniform List<vector> 
120
(
(-0.257073 0.00440149 0)
(-0.388894 -0.0014313 0)
(-0.89955 -0.00503523 0)
(-0.88425 -0.00974426 0)
(-0.920861 -0.0220225 0)
(-0.869951 -0.0305031 0)
(-0.781918 -0.042659 0)
(-0.709253 -0.0585182 0)
(-0.652902 -0.0773512 0)
(-0.543044 -0.0963552 0)
(-0.325298 -0.109918 0)
(-0.0823799 -0.113617 0)
(0.0509026 0 0)
(0.0973364 0 0)
(0.106844 0 0)
(0.101268 0 0)
(0.0915317 0 0)
(0.081173 0 0)
(0.0711845 0 0)
(0.0618102 0 0)
(0.0530792 0 0)
(0.0450261 0 0)
(0.0376783 0 0)
(0.031032 0 0)
(0.0250518 0 0)
(0.0196691 0 0)
(0.0148159 0 0)
(0.0103784 0 0)
(0.00621112 0 0)
(0.00206875 0 0)
(0 -0.00692847 0)
(0 -0.0165677 0)
(0 -0.00915711 0)
(0 -0.00826838 0)
(0 -0.0217709 0)
(0 -0.0307209 0)
(0 -0.0389942 0)
(0 -0.0450563 0)
(0 -0.0492093 0)
(0 -0.0510908 0)
(0 -0.0508416 0)
(0 -0.0486301 0)
(0 -0.044888 0)
(0 -0.0401422 0)
(0 -0.0349082 0)
(0 -0.0296363 0)
(0 -0.0246559 0)
(0 -0.0201643 0)
(0 -0.0162642 0)
(0 -0.0129805 0)
(0 -0.0102893 0)
(0 -0.00813608 0)
(0 -0.00645245 0)
(0 -0.00516574 0)
(0 -0.00420673 0)
(0 -0.00351495 0)
(0 -0.00303617 0)
(0 -0.00272541 0)
(0 -0.00254493 0)
(0 -0.00246411 0)
(0 -0.00245922 0)
(0 -0.00253092 0)
(0 -0.00270347 0)
(0 -0.0030074 0)
(0 -0.00347981 0)
(0 -0.00416446 0)
(0 -0.00511319 0)
(0 -0.00638448 0)
(0 -0.0080452 0)
(0 -0.0101658 0)
(0 -0.0128128 0)
(0 -0.0160393 0)
(0 -0.0198698 0)
(0 -0.0242811 0)
(0 -0.0291754 0)
(0 -0.0343644 0)
(0 -0.0395301 0)
(0 -0.0442366 0)
(0 -0.0479778 0)
(0 -0.0502321 0)
(0 -0.0505765 0)
(0 -0.0487962 0)
(0 -0.0447648 0)
(0 -0.0387605 0)
(0 -0.0305269 0)
(0 -0.0213521 0)
(0 -0.00753901 0)
(0 -0.00811268 0)
(0 -0.0155082 0)
(0 -0.00700503 0)
(0.257176 0.00440283 0)
(0.389184 -0.0014334 0)
(0.900165 -0.00504244 0)
(0.88503 -0.0097591 0)
(0.923406 -0.0223852 0)
(0.87254 -0.0315666 0)
(0.785238 -0.0445853 0)
(0.714186 -0.0612749 0)
(0.652896 -0.0806043 0)
(0.52886 -0.0993701 0)
(0.298204 -0.111826 0)
(0.0623077 -0.114267 0)
(-0.0568408 0 0)
(-0.0969612 0 0)
(-0.104377 0 0)
(-0.0983403 0 0)
(-0.0886706 0 0)
(-0.0785629 0 0)
(-0.0688276 0 0)
(-0.0596874 0 0)
(-0.0511972 0 0)
(-0.043388 0 0)
(-0.0362755 0 0)
(-0.0298451 0 0)
(-0.0240643 0 0)
(-0.0188805 0 0)
(-0.0142047 0 0)
(-0.00994291 0 0)
(-0.00594425 0 0)
(-0.00197291 0 0)
)
;
    }
    defaultFaces
    {
        type            empty;
    }
}


// ************************************************************************* //
