/*--------------------------------*- C++ -*----------------------------------*\
| =========                 |                                                 |
| \\      /  F ield         | OpenFOAM: The Open Source CFD Toolbox           |
|  \\    /   O peration     | Version:  2.4.0                                 |
|   \\  /    A nd           | Web:      www.OpenFOAM.org                      |
|    \\/     M anipulation  |                                                 |
\*---------------------------------------------------------------------------*/
FoamFile
{
    version     2.0;
    format      ascii;
    class       volVectorField;
    location    "0.039";
    object      U;
}
// * * * * * * * * * * * * * * * * * * * * * * * * * * * * * * * * * * * * * //

dimensions      [0 1 -1 0 0 0 0];

internalField   nonuniform List<vector> 
3600
(
(-0.00062883 3.8055e-05 0)
(-0.00201458 4.45894e-05 0)
(-0.0036102 5.19401e-05 0)
(-0.00536037 5.44543e-05 0)
(-0.00699425 3.85603e-05 0)
(-0.00824258 8.21967e-06 0)
(-0.00890512 -4.95779e-05 0)
(-0.00866787 -0.000141089 0)
(-0.00722907 -0.000278702 0)
(-0.00411293 -0.000480454 0)
(0.0010296 -0.000723168 0)
(0.00816376 -0.000976548 0)
(0.0168184 -0.0012388 0)
(0.0264117 -0.00151837 0)
(0.0366016 -0.00186366 0)
(0.0465026 -0.00224901 0)
(0.0535055 -0.00222644 0)
(0.0470313 0.00233597 0)
(-0.00409342 0.0199111 0)
(-0.174246 0.0290391 0)
(-0.279963 -0.0136901 0)
(0.0280368 -0.150481 0)
(0.191719 -0.0192734 0)
(0.191771 0.0289607 0)
(0.0586088 0.0228328 0)
(0.0523314 -0.0100253 0)
(0.0809999 -0.0106599 0)
(0.0800784 0.00197293 0)
(0.0742068 0.0282222 0)
(0.0299354 0.0253875 0)
(-0.000780905 0.000139253 0)
(-0.00252027 0.000180112 0)
(-0.00459429 0.000225606 0)
(-0.00700432 0.00026558 0)
(-0.00949372 0.000256968 0)
(-0.011816 0.000218183 0)
(-0.0138176 0.000113191 0)
(-0.01522 -7.623e-05 0)
(-0.0157524 -0.000397377 0)
(-0.0149017 -0.000916762 0)
(-0.0122432 -0.00156725 0)
(-0.00779836 -0.00224596 0)
(-0.00214532 -0.00289012 0)
(0.00386896 -0.0033789 0)
(0.00937392 -0.00375256 0)
(0.0123625 -0.0033029 0)
(0.00880861 0.000950092 0)
(-0.0114847 0.0219905 0)
(-0.0581329 0.0592963 0)
(-0.159012 0.0622245 0)
(-0.197985 -0.0348107 0)
(0.0699045 -0.269943 0)
(0.0670019 -0.0648632 0)
(0.153381 0.0713548 0)
(0.0633087 0.0492009 0)
(0.0585294 -0.0165138 0)
(0.0595701 -0.0248744 0)
(0.0694317 0.00421516 0)
(0.0556341 0.0407051 0)
(0.0375458 0.0782019 0)
(-0.000795019 0.000249528 0)
(-0.00257024 0.000321905 0)
(-0.00469973 0.000410483 0)
(-0.00719811 0.000496957 0)
(-0.00981768 0.000508178 0)
(-0.0123264 0.000482059 0)
(-0.0145917 0.000361742 0)
(-0.0163597 0.000119781 0)
(-0.0173875 -0.00032832 0)
(-0.0171617 -0.00109192 0)
(-0.0152443 -0.00206596 0)
(-0.0116788 -0.00307438 0)
(-0.00710362 -0.0039314 0)
(-0.00257543 -0.00434125 0)
(0.000659339 -0.00417638 0)
(-0.000149058 -0.00183191 0)
(-0.00814968 0.00650607 0)
(-0.0291081 0.0364691 0)
(-0.0565699 0.0780158 0)
(-0.105195 0.0768231 0)
(-0.106054 -0.0722475 0)
(0.018887 -0.274458 0)
(-0.0410075 -0.0610751 0)
(0.0871701 0.0844402 0)
(0.0296685 0.0796439 0)
(-0.00310006 0.0165922 0)
(-0.00652995 -0.0179521 0)
(0.000449905 0.0273178 0)
(-0.0128808 0.0912076 0)
(-0.0129342 0.141798 0)
(-0.000793366 0.000359943 0)
(-0.00256775 0.000465636 0)
(-0.00470084 0.000598266 0)
(-0.00721097 0.000732505 0)
(-0.00984959 0.000764447 0)
(-0.0123876 0.000751993 0)
(-0.0147006 0.000616698 0)
(-0.0165443 0.000322835 0)
(-0.017692 -0.000249914 0)
(-0.0176204 -0.00125752 0)
(-0.0158667 -0.00255727 0)
(-0.0124653 -0.00389279 0)
(-0.00806139 -0.00492015 0)
(-0.00378275 -0.00522854 0)
(-0.000867886 -0.00441519 0)
(-0.00216048 -0.000260127 0)
(-0.00853062 0.0100928 0)
(-0.0237888 0.0420872 0)
(-0.0297375 0.0801404 0)
(-0.0442787 0.0806551 0)
(-0.0432423 -0.0937949 0)
(0.0759722 -0.289841 0)
(-0.0742613 -0.0925904 0)
(0.0826535 0.0784715 0)
(-0.0161026 0.072908 0)
(-0.00764704 0.00100327 0)
(-0.0335077 -0.0322521 0)
(-0.0509528 0.0153062 0)
(-0.020762 0.0790304 0)
(-0.0277679 0.0487162 0)
(-0.000789306 0.000469852 0)
(-0.00255807 0.000609239 0)
(-0.00468904 0.000786186 0)
(-0.00720377 0.000968897 0)
(-0.00985041 0.00102189 0)
(-0.0124004 0.00102422 0)
(-0.0147363 0.000876017 0)
(-0.0166212 0.000535412 0)
(-0.0178448 -0.000152935 0)
(-0.0178676 -0.0014028 0)
(-0.016188 -0.00303021 0)
(-0.0128074 -0.00469869 0)
(-0.00834162 -0.00590833 0)
(-0.0039085 -0.00611235 0)
(-0.000518472 -0.004674 0)
(-0.000841618 0.00128031 0)
(-0.00292247 0.014271 0)
(-0.0113056 0.047957 0)
(0.0060912 0.0776456 0)
(0.0157199 0.0772533 0)
(0.0336865 -0.114949 0)
(0.125304 -0.259845 0)
(-0.0480808 -0.0964833 0)
(0.0700024 0.0696286 0)
(0.0287285 0.124619 0)
(0.067702 0.0536102 0)
(0.0319048 0.0178809 0)
(-0.0152947 0.00981085 0)
(-0.0104921 0.0709248 0)
(0.0168372 0.0605023 0)
(-0.000784009 0.000579149 0)
(-0.00254524 0.000752491 0)
(-0.00467283 0.000973978 0)
(-0.00719221 0.0012059 0)
(-0.00984702 0.00128003 0)
(-0.0124088 0.00129811 0)
(-0.0147684 0.00113884 0)
(-0.0166969 0.00075583 0)
(-0.0180049 -4.28891e-05 0)
(-0.0181317 -0.00153598 0)
(-0.0165247 -0.00349886 0)
(-0.0131353 -0.00551912 0)
(-0.00852676 -0.00694913 0)
(-0.00376282 -0.00714645 0)
(0.000561197 -0.00546585 0)
(0.00229435 0.000704713 0)
(0.00682052 0.0124678 0)
(0.00750429 0.0408443 0)
(0.0465066 0.0620068 0)
(0.0633881 0.0694241 0)
(0.136033 -0.119559 0)
(0.1489 -0.243838 0)
(0.0590419 -0.0893829 0)
(0.0361243 0.04405 0)
(0.0828655 0.0881151 0)
(0.134281 0.0435127 0)
(0.109671 0.0324054 0)
(0.0796076 0.0325474 0)
(0.0712087 0.0337816 0)
(0.0365032 0.0602324 0)
(-0.00077755 0.000687724 0)
(-0.00252954 0.00089532 0)
(-0.00465279 0.00116162 0)
(-0.00717749 0.00144368 0)
(-0.00984163 0.00153904 0)
(-0.0124167 0.00157395 0)
(-0.0148029 0.00140576 0)
(-0.0167814 0.000985634 0)
(-0.0181893 8.37077e-05 0)
(-0.0184406 -0.00165337 0)
(-0.0169201 -0.00396219 0)
(-0.0135151 -0.00635921 0)
(-0.00873178 -0.00804874 0)
(-0.0036025 -0.00831436 0)
(0.00157091 -0.00645742 0)
(0.00482713 3.00957e-05 0)
(0.0135349 0.0124536 0)
(0.0191426 0.0367443 0)
(0.0751515 0.046189 0)
(0.0725998 0.0490608 0)
(0.201468 -0.114328 0)
(0.147042 -0.232083 0)
(0.100838 -0.0243332 0)
(0.00399392 0.0385881 0)
(0.130194 0.00482002 0)
(0.103585 0.0150594 0)
(0.181347 0.0739942 0)
(0.113218 0.0777818 0)
(0.0177062 0.0984409 0)
(0.0137348 0.140453 0)
(-0.000769922 0.000795434 0)
(-0.00251096 0.00103765 0)
(-0.00462892 0.00134907 0)
(-0.00715966 0.00168239 0)
(-0.00983432 0.00179903 0)
(-0.0124241 0.00185205 0)
(-0.0148399 0.00167739 0)
(-0.0168747 0.00122645 0)
(-0.0183993 0.000229782 0)
(-0.0187984 -0.00175196 0)
(-0.0173823 -0.00442057 0)
(-0.0139607 -0.00722272 0)
(-0.00897323 -0.00922689 0)
(-0.00340756 -0.00968534 0)
(0.00277738 -0.00807507 0)
(0.00810315 -0.00269888 0)
(0.0215262 0.00684801 0)
(0.0304629 0.0230721 0)
(0.096358 0.0291616 0)
(0.0677024 0.0124096 0)
(0.187703 -0.147751 0)
(0.134534 -0.188041 0)
(0.136347 -0.051779 0)
(0.0907938 0.0345487 0)
(0.179445 0.0266055 0)
(0.135995 0.00975828 0)
(0.192389 -0.00811103 0)
(0.309243 0.102895 0)
(0.226842 0.197329 0)
(0.24455 0.197548 0)
(-0.000761112 0.000902137 0)
(-0.00248949 0.0011794 0)
(-0.00460115 0.00153627 0)
(-0.00713866 0.00192214 0)
(-0.00982503 0.00206011 0)
(-0.0124307 0.00213263 0)
(-0.0148788 0.0019542 0)
(-0.0169759 0.00147983 0)
(-0.0186344 0.0003989 0)
(-0.0192066 -0.00182846 0)
(-0.0179162 -0.00486812 0)
(-0.0144834 -0.00811091 0)
(-0.00928607 -0.0104773 0)
(-0.00332709 -0.011195 0)
(0.00357845 -0.00985265 0)
(0.01009 -0.00512155 0)
(0.0257064 0.0030453 0)
(0.038615 0.0109396 0)
(0.103446 0.0182101 0)
(0.095513 0.00172486 0)
(0.130476 -0.194307 0)
(0.202172 -0.138235 0)
(0.0357043 -0.0217351 0)
(0.106959 0.0305694 0)
(0.180406 -0.0372712 0)
(0.213789 0.0487525 0)
(-0.00283099 -0.220056 0)
(0.165332 0.0465898 0)
(0.0789781 0.206673 0)
(0.184784 0.445419 0)
(-0.000751105 0.00100769 0)
(-0.0024651 0.00132047 0)
(-0.00456941 0.00172318 0)
(-0.00711445 0.00216306 0)
(-0.00981368 0.00232236 0)
(-0.0124364 0.00241587 0)
(-0.0149191 0.00223658 0)
(-0.0170837 0.00174729 0)
(-0.0188939 0.000594753 0)
(-0.019666 -0.00187897 0)
(-0.0185261 -0.00530316 0)
(-0.0150901 -0.00902513 0)
(-0.00966927 -0.0118094 0)
(-0.00329383 -0.0128837 0)
(0.00435395 -0.0120577 0)
(0.0120625 -0.00873992 0)
(0.0287682 -0.00351056 0)
(0.0462613 -0.00371754 0)
(0.0974241 0.00255304 0)
(0.138027 -0.00751958 0)
(0.133063 -0.192655 0)
(0.144295 -0.132541 0)
(0.107631 -0.0352172 0)
(0.125873 -0.0437321 0)
(-0.0378921 -0.13092 0)
(0.179202 0.195741 0)
(0.130207 -0.0779273 0)
(0.125236 0.282457 0)
(-0.0300702 0.535242 0)
(0.118142 0.647226 0)
(-0.000739883 0.00111194 0)
(-0.00243774 0.0014608 0)
(-0.00453362 0.00190974 0)
(-0.00708695 0.00240527 0)
(-0.0098002 0.00258587 0)
(-0.012441 0.00270194 0)
(-0.01496 0.00252484 0)
(-0.0171964 0.00203031 0)
(-0.0191768 0.000821308 0)
(-0.0201783 -0.00189654 0)
(-0.0192171 -0.00572373 0)
(-0.0157921 -0.00996499 0)
(-0.0101503 -0.0132189 0)
(-0.00340068 -0.014702 0)
(0.00476484 -0.0143465 0)
(0.0131023 -0.0121139 0)
(0.0297007 -0.00971694 0)
(0.0521328 -0.0148503 0)
(0.0794398 -0.0193647 0)
(0.171792 -0.0202573 0)
(0.145983 -0.192079 0)
(0.114202 -0.109476 0)
(0.154341 -0.0216386 0)
(0.156666 0.0774211 0)
(0.512957 -0.0473671 0)
(0.1518 -0.0088045 0)
(0.194049 -0.136768 0)
(0.138117 0.0894236 0)
(0.0479259 0.39829 0)
(0.121626 0.620609 0)
(-0.000727427 0.00121475 0)
(-0.00240739 0.00160028 0)
(-0.0044937 0.00209588 0)
(-0.0070561 0.00264888 0)
(-0.0097845 0.00285068 0)
(-0.0124441 0.00299096 0)
(-0.0150005 0.00281917 0)
(-0.0173123 0.00233027 0)
(-0.0194816 0.00108281 0)
(-0.0207445 -0.00187706 0)
(-0.0199949 -0.00612587 0)
(-0.0165972 -0.0109293 0)
(-0.010733 -0.0146973 0)
(-0.00361605 -0.016636 0)
(0.00495823 -0.0167993 0)
(0.0134192 -0.0156545 0)
(0.0291428 -0.0166361 0)
(0.0528991 -0.0233903 0)
(0.0674857 -0.0433091 0)
(0.162618 -0.0450621 0)
(0.162565 -0.166918 0)
(0.115643 -0.163072 0)
(0.244953 -0.169441 0)
(0.814019 0.0658056 0)
(0.72981 -0.0218658 0)
(0.318484 0.0842974 0)
(0.138487 0.102346 0)
(0.0399079 0.231322 0)
(-0.039185 0.40916 0)
(0.0539366 0.625694 0)
(-0.000713714 0.00131596 0)
(-0.00237401 0.00173885 0)
(-0.00444955 0.00228159 0)
(-0.00702183 0.00289398 0)
(-0.00976651 0.00311687 0)
(-0.0124455 0.00328303 0)
(-0.01504 0.00311963 0)
(-0.0174292 0.00264849 0)
(-0.019807 0.00138385 0)
(-0.0213663 -0.00181693 0)
(-0.0208649 -0.0065017 0)
(-0.0175142 -0.0119173 0)
(-0.0114257 -0.0162474 0)
(-0.00394266 -0.0186571 0)
(0.00499596 -0.019315 0)
(0.0132407 -0.0190765 0)
(0.028182 -0.0234636 0)
(0.0496896 -0.0313235 0)
(0.0666447 -0.0610325 0)
(0.12622 -0.0785275 0)
(0.183601 -0.137008 0)
(0.153104 -0.22019 0)
(-0.0374636 -0.768609 0)
(0.414016 -0.0154651 0)
(0.437535 0.0994035 0)
(0.180365 0.252012 0)
(0.0401477 0.231043 0)
(-0.0113784 0.307999 0)
(-0.0621008 0.424933 0)
(-0.00464205 0.560035 0)
(-0.000698721 0.00141543 0)
(-0.00233756 0.00187641 0)
(-0.00440106 0.00246681 0)
(-0.00698406 0.00314063 0)
(-0.00974614 0.00338448 0)
(-0.012445 0.00357818 0)
(-0.0150773 0.00342611 0)
(-0.0175446 0.0029861 0)
(-0.0201511 0.0017295 0)
(-0.0220443 -0.0017087 0)
(-0.0218335 -0.00684519 0)
(-0.0185541 -0.0129272 0)
(-0.0122384 -0.0178638 0)
(-0.00440341 -0.0207268 0)
(0.0047653 -0.021732 0)
(0.0121858 -0.0220078 0)
(0.0258371 -0.0292996 0)
(0.0439336 -0.0376406 0)
(0.0625703 -0.0694237 0)
(0.103197 -0.133007 0)
(0.162533 -0.118532 0)
(0.178379 -0.0311394 0)
(0.15192 0.0912893 0)
(-0.186084 -0.0410952 0)
(-0.0992471 0.204282 0)
(-0.123399 0.330276 0)
(-0.10623 0.278604 0)
(-0.082344 0.339032 0)
(-0.078244 0.427788 0)
(-0.0254975 0.493123 0)
(-0.00068242 0.001513 0)
(-0.00229798 0.00201289 0)
(-0.00434812 0.00265154 0)
(-0.00694272 0.00338891 0)
(-0.0097233 0.00365355 0)
(-0.0124423 0.00387644 0)
(-0.0151114 0.00373833 0)
(-0.0176558 0.00334399 0)
(-0.0205115 0.00212537 0)
(-0.02278 -0.00154532 0)
(-0.022907 -0.00715246 0)
(-0.019725 -0.0139598 0)
(-0.0131641 -0.0195595 0)
(-0.00492396 -0.0229012 0)
(0.00455995 -0.0244167 0)
(0.0109797 -0.0251975 0)
(0.0237544 -0.0355212 0)
(0.0372509 -0.0448096 0)
(0.0636405 -0.0762994 0)
(0.0420951 -0.160318 0)
(0.0925763 -0.10377 0)
(-0.22449 -0.301878 0)
(-0.295602 -0.454987 0)
(-0.221148 -0.0675655 0)
(-0.292692 0.173444 0)
(-0.214626 0.273763 0)
(-0.178375 0.243578 0)
(-0.130773 0.320539 0)
(-0.0934084 0.39045 0)
(-0.0390805 0.437485 0)
(-0.000664783 0.00160851 0)
(-0.00225522 0.00214821 0)
(-0.00429063 0.00283572 0)
(-0.00689772 0.00363889 0)
(-0.00969792 0.0039241 0)
(-0.0124372 0.00417778 0)
(-0.0151413 0.00405575 0)
(-0.0177594 0.00372267 0)
(-0.0208856 0.00257774 0)
(-0.0235741 -0.00131872 0)
(-0.0240934 -0.00741653 0)
(-0.0210416 -0.0150074 0)
(-0.0142266 -0.0213016 0)
(-0.00560986 -0.0248585 0)
(0.00410098 -0.0259462 0)
(0.00893515 -0.026657 0)
(0.0201474 -0.038996 0)
(0.0307084 -0.0479899 0)
(0.058135 -0.0759689 0)
(0.0259845 -0.16464 0)
(0.0525593 0.0371687 0)
(-0.12943 -0.131665 0)
(-0.248258 -0.0583627 0)
(-0.293421 -0.0180912 0)
(-0.307229 0.129699 0)
(-0.220821 0.190829 0)
(-0.190019 0.196025 0)
(-0.141068 0.272193 0)
(-0.0909822 0.330813 0)
(-0.0374898 0.380901 0)
(-0.000645777 0.0017018 0)
(-0.00220924 0.0022823 0)
(-0.00422846 0.00301931 0)
(-0.00684898 0.00389061 0)
(-0.00966994 0.00419618 0)
(-0.0124296 0.00448213 0)
(-0.0151659 0.00437762 0)
(-0.0178516 0.00412203 0)
(-0.0212699 0.00309387 0)
(-0.0244282 -0.00102052 0)
(-0.0253986 -0.00762473 0)
(-0.0225047 -0.0160976 0)
(-0.0153453 -0.0233048 0)
(-0.00607271 -0.0278529 0)
(0.00405368 -0.029751 0)
(0.00736235 -0.0303424 0)
(0.0179433 -0.0448559 0)
(0.0276613 -0.0582452 0)
(0.0599899 -0.0871894 0)
(0.0713468 -0.133165 0)
(-0.0660978 0.0545936 0)
(-0.36291 -0.0728494 0)
(-0.200688 -0.122412 0)
(-0.267949 0.00294016 0)
(-0.255581 0.0919133 0)
(-0.203228 0.138575 0)
(-0.174728 0.158218 0)
(-0.136954 0.217543 0)
(-0.0884892 0.267862 0)
(-0.0346727 0.315291 0)
(-0.000625367 0.00179272 0)
(-0.00215997 0.00241509 0)
(-0.00416149 0.00320227 0)
(-0.00679642 0.00414415 0)
(-0.00963927 0.0044698 0)
(-0.0124192 0.00478941 0)
(-0.015184 0.00470285 0)
(-0.0179278 0.00454081 0)
(-0.0216605 0.00368247 0)
(-0.0253421 -0.000642219 0)
(-0.0268387 -0.00775532 0)
(-0.0241854 -0.0171424 0)
(-0.0168387 -0.0248429 0)
(-0.00717224 -0.0286053 0)
(0.00341821 -0.0283701 0)
(0.00440548 -0.029035 0)
(0.0112254 -0.0452638 0)
(0.0200939 -0.0585621 0)
(0.0598897 -0.103762 0)
(0.117703 -0.0910284 0)
(-0.0927506 0.298765 0)
(-0.102587 -0.128358 0)
(-0.179704 -0.0852019 0)
(-0.226732 0.0204409 0)
(-0.200111 0.0674696 0)
(-0.17483 0.108212 0)
(-0.147628 0.130875 0)
(-0.120715 0.173164 0)
(-0.0800617 0.211251 0)
(-0.0309348 0.241847 0)
(-0.000603516 0.00188109 0)
(-0.00210734 0.0025465 0)
(-0.00408958 0.00338453 0)
(-0.00673994 0.00439956 0)
(-0.00960586 0.00474498 0)
(-0.0124061 0.00509951 0)
(-0.0151948 0.00503003 0)
(-0.0179829 0.00497734 0)
(-0.0220526 0.00435335 0)
(-0.0263144 -0.000169886 0)
(-0.0283997 -0.00784912 0)
(-0.025906 -0.0184144 0)
(-0.017859 -0.0279633 0)
(-0.00692524 -0.0341158 0)
(0.00406489 -0.035365 0)
(0.00274578 -0.0337392 0)
(0.00964754 -0.0507736 0)
(0.0219215 -0.073238 0)
(0.0379571 -0.146624 0)
(0.0984791 -0.0791829 0)
(0.00720832 0.168621 0)
(-0.0314613 -0.0735788 0)
(-0.19758 -0.0693786 0)
(-0.173972 0.0283689 0)
(-0.15782 0.049694 0)
(-0.141142 0.0869303 0)
(-0.116888 0.109077 0)
(-0.0947563 0.139665 0)
(-0.0620926 0.165276 0)
(-0.0235589 0.182457 0)
(-0.00058018 0.00196675 0)
(-0.00205129 0.00267647 0)
(-0.0040126 0.00356602 0)
(-0.00667945 0.00465689 0)
(-0.00956967 0.00502177 0)
(-0.0123903 0.0054123 0)
(-0.0151973 0.00535736 0)
(-0.0180108 0.00543154 0)
(-0.0224403 0.00511292 0)
(-0.0273549 0.000408904 0)
(-0.0301689 -0.00778036 0)
(-0.0282484 -0.0191398 0)
(-0.0204315 -0.0283122 0)
(-0.00930578 -0.0318962 0)
(0.00287534 -0.0286282 0)
(0.000770798 -0.0294733 0)
(0.00128235 -0.0526434 0)
(0.0110527 -0.0672854 0)
(0.0295776 -0.151827 0)
(0.0287467 -0.0682285 0)
(-0.0108248 0.340459 0)
(0.0111793 -0.0147398 0)
(-0.182748 -0.034808 0)
(-0.129237 0.0213694 0)
(-0.123672 0.035851 0)
(-0.108783 0.0695503 0)
(-0.0890696 0.0904165 0)
(-0.0701393 0.113103 0)
(-0.0450309 0.130104 0)
(-0.0170743 0.139873 0)
(-0.000555315 0.00204953 0)
(-0.00199175 0.00280494 0)
(-0.00393041 0.00374667 0)
(-0.00661484 0.00491621 0)
(-0.00953066 0.00530032 0)
(-0.0123719 0.0057276 0)
(-0.0151905 0.00568278 0)
(-0.0180051 0.00590621 0)
(-0.0228168 0.00597187 0)
(-0.0284374 0.00110403 0)
(-0.0319347 -0.00774258 0)
(-0.0299246 -0.0211772 0)
(-0.0206804 -0.0339138 0)
(-0.00764039 -0.0421447 0)
(0.00683861 -0.0416161 0)
(0.00533835 -0.0323821 0)
(0.0005795 -0.0507111 0)
(0.00913545 -0.0927219 0)
(0.0907824 -0.145419 0)
(-0.0731114 -0.0659315 0)
(-0.0156788 0.281059 0)
(-0.0506887 0.0029982 0)
(-0.151983 0.000747489 0)
(-0.10177 0.0132042 0)
(-0.0980362 0.0257359 0)
(-0.0850143 0.0551856 0)
(-0.0683069 0.074595 0)
(-0.0521126 0.0921319 0)
(-0.0329327 0.104102 0)
(-0.0128294 0.110205 0)
(-0.000528872 0.00212924 0)
(-0.00192864 0.00293182 0)
(-0.00384287 0.00392639 0)
(-0.00654601 0.00517753 0)
(-0.0094888 0.00558084 0)
(-0.0123513 0.00604488 0)
(-0.0151733 0.00600269 0)
(-0.0179581 0.00639899 0)
(-0.0231763 0.00691788 0)
(-0.0296203 0.00190709 0)
(-0.0343044 -0.00730203 0)
(-0.0339221 -0.0206873 0)
(-0.0274821 -0.0318571 0)
(-0.0209018 -0.0354046 0)
(-0.0186247 -0.0287937 0)
(-0.0163238 -0.0300276 0)
(0.0259083 -0.0575538 0)
(-0.0181934 -0.100826 0)
(0.12485 -0.0699422 0)
(-0.227192 -0.0721561 0)
(-0.0249461 0.397523 0)
(-0.104911 0.0118807 0)
(-0.117283 0.011098 0)
(-0.0837376 0.00444006 0)
(-0.0780714 0.018739 0)
(-0.0681633 0.0431625 0)
(-0.0544111 0.0611214 0)
(-0.0407252 0.0753743 0)
(-0.0256652 0.0844596 0)
(-0.0105504 0.0887457 0)
(-0.000500798 0.00220572 0)
(-0.00186188 0.00305703 0)
(-0.00374981 0.00410512 0)
(-0.00647283 0.00544097 0)
(-0.00944413 0.00586401 0)
(-0.0123291 0.00636475 0)
(-0.0151446 0.00631746 0)
(-0.0178637 0.00692582 0)
(-0.0235087 0.00801954 0)
(-0.0307569 0.00293507 0)
(-0.0358939 -0.00713828 0)
(-0.0346251 -0.0240043 0)
(-0.0264001 -0.0388816 0)
(-0.014529 -0.0459803 0)
(0.0121978 -0.0479318 0)
(0.0648932 -0.0424401 0)
(0.0343972 -0.0450439 0)
(-0.0156197 -0.142927 0)
(0.0710194 -0.0739838 0)
(-0.243037 -0.0283456 0)
(0.083409 0.183887 0)
(-0.0804127 0.0693725 0)
(-0.070179 0.0072546 0)
(-0.0657492 -0.00151246 0)
(-0.0612561 0.0138348 0)
(-0.0550848 0.0341885 0)
(-0.0446219 0.0499989 0)
(-0.0334034 0.061699 0)
(-0.0212773 0.0688701 0)
(-0.00931528 0.0721272 0)
(-0.000471038 0.00227875 0)
(-0.0017914 0.00318045 0)
(-0.00365109 0.00428258 0)
(-0.00639511 0.00570599 0)
(-0.00939659 0.00614884 0)
(-0.0123055 0.0066817 0)
(-0.0151017 0.00660735 0)
(-0.0177082 0.00743408 0)
(-0.023809 0.00909169 0)
(-0.0321852 0.0038886 0)
(-0.0400129 -0.00601614 0)
(-0.0455533 -0.0213363 0)
(-0.054882 -0.035197 0)
(-0.0668654 -0.0450542 0)
(-0.0427627 -0.0511439 0)
(-0.0222251 -0.0386417 0)
(0.0148607 -0.0340323 0)
(0.0626685 -0.140679 0)
(-0.0364876 0.0388667 0)
(0.448342 0.0194843 0)
(-0.156418 0.351459 0)
(0.0201869 0.0493786 0)
(-0.0380005 -0.0055169 0)
(-0.044886 -0.0067799 0)
(-0.045984 0.0116204 0)
(-0.0434988 0.0286003 0)
(-0.0364003 0.0414715 0)
(-0.0276597 0.050668 0)
(-0.0179626 0.056232 0)
(-0.00837083 0.0587398 0)
(-0.000439535 0.0023483 0)
(-0.00171713 0.00330231 0)
(-0.00354658 0.00445978 0)
(-0.00631276 0.00597546 0)
(-0.00934661 0.00644345 0)
(-0.012283 0.00701784 0)
(-0.0150476 0.00692999 0)
(-0.0174958 0.00809958 0)
(-0.0240535 0.0106761 0)
(-0.033087 0.00565806 0)
(-0.0395038 -0.00514182 0)
(-0.0376081 -0.0226336 0)
(-0.0235427 -0.0355409 0)
(-0.00049356 -0.0474236 0)
(0.0417546 -0.0579877 0)
(0.0208159 -0.0560978 0)
(0.0739307 -0.0663938 0)
(0.0985646 -0.111221 0)
(-0.102409 -0.172756 0)
(0.0484246 -0.106833 0)
(0.212677 0.241237 0)
(0.267163 0.0475045 0)
(0.0675051 0.0591364 0)
(-0.00986192 0.016942 0)
(-0.026909 0.0188774 0)
(-0.032783 0.0271431 0)
(-0.0291351 0.0355537 0)
(-0.0226062 0.0420846 0)
(-0.0150024 0.0461813 0)
(-0.00744617 0.0480767 0)
(-0.00040625 0.0024142 0)
(-0.00163889 0.00342195 0)
(-0.00343593 0.00463189 0)
(-0.00622504 0.00623555 0)
(-0.00929269 0.00671316 0)
(-0.012258 0.00727763 0)
(-0.014968 0.00705565 0)
(-0.0171852 0.00840824 0)
(-0.0242683 0.0114902 0)
(-0.0352013 0.00630524 0)
(-0.0491572 -0.00392594 0)
(-0.0680232 -0.0232998 0)
(-0.0802139 -0.0437779 0)
(-0.0646286 -0.0603221 0)
(-0.032427 -0.0584203 0)
(0.00187023 -0.0551512 0)
(0.0742545 -0.0681255 0)
(0.200747 -0.052718 0)
(0.22999 -0.0369629 0)
(-0.427633 -0.0596255 0)
(0.385512 0.299687 0)
(-0.230151 0.127877 0)
(0.0255887 0.118176 0)
(-0.0450879 0.0425978 0)
(-0.0294039 0.0264774 0)
(-0.0298833 0.0262346 0)
(-0.0249359 0.0306893 0)
(-0.0189615 0.0351785 0)
(-0.0126729 0.0382563 0)
(-0.00666648 0.0397636 0)
(-0.000372391 0.00247922 0)
(-0.00155693 0.00354799 0)
(-0.00331983 0.00483329 0)
(-0.00613393 0.00655918 0)
(-0.00924095 0.00711506 0)
(-0.0122472 0.00779833 0)
(-0.0148924 0.00763919 0)
(-0.0168237 0.00959378 0)
(-0.0243644 0.0142036 0)
(-0.0353595 0.00980529 0)
(-0.0431642 -0.000217069 0)
(-0.0401912 -0.0188828 0)
(-0.0292652 -0.0386865 0)
(-0.0377228 -0.061005 0)
(-0.0429052 -0.0768589 0)
(-0.0280753 -0.0879986 0)
(0.0250332 -0.139224 0)
(0.053124 -0.102674 0)
(-0.116324 0.140739 0)
(-0.326195 -0.154868 0)
(0.1426 0.355226 0)
(-0.377281 0.126423 0)
(0.00607778 0.0668079 0)
(-0.0648333 0.0392216 0)
(-0.0337381 0.0228346 0)
(-0.0294196 0.0217315 0)
(-0.0227114 0.0250394 0)
(-0.0166615 0.0288798 0)
(-0.0111085 0.0316769 0)
(-0.0061309 0.0331172 0)
(-0.000358312 0.00252155 0)
(-0.00146944 0.00363329 0)
(-0.00319429 0.00489921 0)
(-0.0060307 0.00667804 0)
(-0.00917285 0.00716024 0)
(-0.012213 0.00768651 0)
(-0.014758 0.0071646 0)
(-0.0162992 0.00929085 0)
(-0.0242052 0.0142328 0)
(-0.0367511 0.00933806 0)
(-0.0522426 -0.00170554 0)
(-0.0623475 -0.0236585 0)
(-0.0499157 -0.0421599 0)
(-0.0179136 -0.0555627 0)
(0.0106529 -0.0616672 0)
(0.0177592 -0.0797071 0)
(0.0207869 -0.0990583 0)
(-0.180129 0.0476584 0)
(-1.04879 -0.105818 0)
(-0.195051 -0.176488 0)
(-0.112312 0.305237 0)
(-0.278231 0.0700527 0)
(-0.0290797 0.0137577 0)
(-0.0616099 0.0280218 0)
(-0.0345358 0.0145601 0)
(-0.0273826 0.0150623 0)
(-0.0204064 0.0187316 0)
(-0.0146944 0.0228492 0)
(-0.00984824 0.0258993 0)
(-0.00569302 0.0275088 0)
(-0.000695157 0.00254913 0)
(-0.00138889 0.00378363 0)
(-0.00307364 0.00532268 0)
(-0.0059474 0.00713062 0)
(-0.00916167 0.00791183 0)
(-0.0122953 0.00868204 0)
(-0.0146426 0.00827779 0)
(-0.0156838 0.0109496 0)
(-0.0253241 0.0181377 0)
(-0.0422853 0.0145886 0)
(-0.0593489 0.00340561 0)
(-0.0764485 -0.021521 0)
(-0.0847262 -0.0494589 0)
(-0.0702044 -0.072388 0)
(-0.0297663 -0.0816975 0)
(0.052927 -0.088295 0)
(0.0355163 -0.0973826 0)
(0.113528 0.266084 0)
(0.347337 -0.135397 0)
(-0.197584 -0.167541 0)
(-0.192138 0.287794 0)
(-0.118193 0.019952 0)
(-0.0525986 -0.0115323 0)
(-0.0385909 0.0129055 0)
(-0.0260582 0.00675761 0)
(-0.0200422 0.00892465 0)
(-0.0153429 0.0131984 0)
(-0.0113395 0.0177528 0)
(-0.00793194 0.0211551 0)
(-0.00501113 0.0229727 0)
(-0.00459097 0.00267116 0)
(-0.00126071 0.00370138 0)
(-0.00260799 0.00510727 0)
(-0.00487121 0.00767338 0)
(-0.00794182 0.00779228 0)
(-0.0115683 0.00833343 0)
(-0.0152032 0.00738262 0)
(-0.0158662 0.0110856 0)
(-0.0205368 0.0186008 0)
(-0.0321846 0.0146064 0)
(-0.0544764 0.00577968 0)
(-0.0739738 -0.0194587 0)
(-0.0911336 -0.0483016 0)
(-0.098354 -0.0751832 0)
(-0.0857016 -0.0970441 0)
(-0.0116761 -0.109957 0)
(0.0486098 -0.0770381 0)
(-0.342111 0.444859 0)
(0.255542 -0.0531511 0)
(-0.207328 -0.0602687 0)
(-0.176154 0.255977 0)
(-0.0142926 -0.0216905 0)
(-0.0339601 -0.0183951 0)
(-0.00793526 0.00114177 0)
(-0.00715274 0.00346117 0)
(-0.00623628 0.0062776 0)
(-0.0060402 0.010521 0)
(-0.00540658 0.0150484 0)
(-0.00461947 0.0184952 0)
(-0.00382408 0.0203598 0)
(-0.0313668 0.0251703 0)
(-0.0746314 0.0280104 0)
(-0.0806912 0.00209595 0)
(-0.081397 -0.0109013 0)
(-0.0524279 -0.0104377 0)
(-0.0587774 0.0227748 0)
(-0.191768 0.0291894 0)
(-0.192084 -0.0191565 0)
(-0.0281692 -0.150742 0)
(0.280359 -0.01363 0)
(0.173942 0.0290625 0)
(0.00390217 0.0198811 0)
(-0.0470365 0.00232682 0)
(-0.0535269 -0.00222559 0)
(-0.046498 -0.00224747 0)
(-0.0365983 -0.00186366 0)
(-0.0264083 -0.00151817 0)
(-0.0168153 -0.00123857 0)
(-0.00816243 -0.000976345 0)
(-0.00103139 -0.000722915 0)
(0.00410674 -0.000480251 0)
(0.00722057 -0.000278651 0)
(0.0086593 -0.000141124 0)
(0.00889741 -4.97064e-05 0)
(0.00823943 7.99248e-06 0)
(0.00699147 3.85819e-05 0)
(0.00535962 5.42385e-05 0)
(0.00361227 5.20476e-05 0)
(0.00201542 4.45459e-05 0)
(0.00062986 3.81035e-05 0)
(-0.0377115 0.0777402 0)
(-0.05605 0.0401122 0)
(-0.0700032 0.00400666 0)
(-0.059896 -0.0250572 0)
(-0.0588062 -0.01657 0)
(-0.0640545 0.0493102 0)
(-0.153779 0.0713959 0)
(-0.067424 -0.0650399 0)
(-0.0705445 -0.270426 0)
(0.198167 -0.0346549 0)
(0.158545 0.0623164 0)
(0.0578574 0.0592773 0)
(0.0114 0.0219458 0)
(-0.00886638 0.000933158 0)
(-0.0123748 -0.00330388 0)
(-0.00937511 -0.0037543 0)
(-0.00386473 -0.00337908 0)
(0.00215113 -0.0028898 0)
(0.0078029 -0.00224533 0)
(0.0122438 -0.00156615 0)
(0.0148962 -0.0009158 0)
(0.0157435 -0.000397071 0)
(0.0152105 -7.6295e-05 0)
(0.013809 0.000112771 0)
(0.0118126 0.000217467 0)
(0.00949013 0.000257102 0)
(0.00700294 0.000264832 0)
(0.00459632 0.000225923 0)
(0.00252099 0.000179974 0)
(0.000781923 0.00013939 0)
(0.0132653 0.141803 0)
(0.0134736 0.091351 0)
(-0.000563361 0.0275623 0)
(0.0060327 -0.0182468 0)
(0.00276328 0.0163479 0)
(-0.0301885 0.0796521 0)
(-0.0873677 0.0845932 0)
(0.0408464 -0.0610293 0)
(-0.0197343 -0.274685 0)
(0.105773 -0.0722888 0)
(0.104638 0.0769091 0)
(0.0562722 0.0779708 0)
(0.0289797 0.0363748 0)
(0.00806656 0.00646325 0)
(0.000124361 -0.00184378 0)
(-0.000665218 -0.00418197 0)
(0.00257899 -0.00434244 0)
(0.00710973 -0.00393111 0)
(0.0116841 -0.0030733 0)
(0.0152457 -0.00206391 0)
(0.0171565 -0.00109011 0)
(0.0173785 -0.000327723 0)
(0.0163501 0.000119714 0)
(0.014583 0.000361037 0)
(0.0123229 0.000480832 0)
(0.00981401 0.000508465 0)
(0.00719663 0.000495629 0)
(0.00470175 0.000411032 0)
(0.00257092 0.000321666 0)
(0.00079603 0.000249753 0)
(0.0291298 0.0481986 0)
(0.0218087 0.0787027 0)
(0.0510566 0.0164651 0)
(0.0335051 -0.0318524 0)
(0.00732632 0.00096348 0)
(0.0157502 0.0729626 0)
(-0.0827987 0.0784685 0)
(0.0742471 -0.0925383 0)
(-0.0768962 -0.289965 0)
(0.0428324 -0.0939275 0)
(0.0436753 0.0807188 0)
(0.0294587 0.0800541 0)
(0.0236448 0.0419684 0)
(0.00844035 0.0100321 0)
(0.0021333 -0.000284641 0)
(0.00086152 -0.00442568 0)
(0.00378648 -0.00523117 0)
(0.00806752 -0.00492051 0)
(0.0124709 -0.00389137 0)
(0.0158683 -0.00255425 0)
(0.0176152 -0.00125484 0)
(0.017683 -0.000248969 0)
(0.0165347 0.000322765 0)
(0.0146918 0.000615696 0)
(0.0123841 0.00075024 0)
(0.00984592 0.000764892 0)
(0.00720948 0.000730586 0)
(0.00470292 0.000599057 0)
(0.00256841 0.000465293 0)
(0.000794393 0.000360256 0)
(-0.016236 0.0614214 0)
(0.0111114 0.0726919 0)
(0.0161684 0.0109153 0)
(-0.0307735 0.0179351 0)
(-0.06747 0.0534024 0)
(-0.0285932 0.12452 0)
(-0.070532 0.0696963 0)
(0.048356 -0.0964405 0)
(-0.125424 -0.259803 0)
(-0.0336906 -0.115102 0)
(-0.0161918 0.0773284 0)
(-0.00629563 0.077482 0)
(0.0111733 0.0477819 0)
(0.00284139 0.0141792 0)
(0.000819532 0.00124205 0)
(0.000514599 -0.00468991 0)
(0.00391363 -0.00611659 0)
(0.00834857 -0.00590882 0)
(0.0128136 -0.00469691 0)
(0.0161898 -0.00302615 0)
(0.0178622 -0.0013992 0)
(0.0178355 -0.000151654 0)
(0.0166114 0.000535333 0)
(0.0147274 0.000874709 0)
(0.012397 0.00102193 0)
(0.00984674 0.0010225 0)
(0.00720228 0.000966372 0)
(0.00469121 0.000787231 0)
(0.00255871 0.000608792 0)
(0.000790359 0.000470254 0)
(-0.0371747 0.0594194 0)
(-0.0696857 0.0327882 0)
(-0.0783104 0.0331189 0)
(-0.108695 0.0335044 0)
(-0.134086 0.0441431 0)
(-0.0825063 0.0886465 0)
(-0.0355687 0.0440541 0)
(-0.0570115 -0.0886154 0)
(-0.148174 -0.243407 0)
(-0.135833 -0.119625 0)
(-0.0636731 0.0695557 0)
(-0.0465909 0.0617849 0)
(-0.00757336 0.0406563 0)
(-0.00686757 0.0123637 0)
(-0.00230379 0.00065717 0)
(-0.000560396 -0.00548534 0)
(0.00377007 -0.00715216 0)
(0.00853455 -0.00694912 0)
(0.013142 -0.0055169 0)
(0.0165268 -0.0034937 0)
(0.018126 -0.00153132 0)
(0.0179952 -4.13144e-05 0)
(0.0166869 0.000755729 0)
(0.0147593 0.00113721 0)
(0.0124056 0.00129526 0)
(0.00984336 0.00128082 0)
(0.00719072 0.00120276 0)
(0.0046751 0.000975294 0)
(0.00254584 0.000751938 0)
(0.000785094 0.000579641 0)
(-0.00438528 0.14128 0)
(-0.0201487 0.0985209 0)
(-0.114985 0.0785502 0)
(-0.182388 0.0764543 0)
(-0.10354 0.0136847 0)
(-0.129224 0.00473883 0)
(-0.00427648 0.0379352 0)
(-0.100021 -0.0251989 0)
(-0.147189 -0.231305 0)
(-0.201399 -0.11421 0)
(-0.072765 0.0493161 0)
(-0.0751053 0.045893 0)
(-0.0191215 0.0365611 0)
(-0.0135417 0.0123408 0)
(-0.0048201 -2.04955e-05 0)
(-0.0015637 -0.00647814 0)
(0.00361223 -0.00832159 0)
(0.00874054 -0.0080474 0)
(0.0135224 -0.00635649 0)
(0.0169224 -0.00395586 0)
(0.0184347 -0.00164761 0)
(0.0181792 8.55996e-05 0)
(0.0167711 0.000985497 0)
(0.0147936 0.00140379 0)
(0.0124136 0.00157054 0)
(0.00983798 0.00154001 0)
(0.00717601 0.00143989 0)
(0.0046552 0.00116322 0)
(0.0025301 0.000894659 0)
(0.000778674 0.000688306 0)
(-0.341672 0.211414 0)
(-0.179724 0.184711 0)
(-0.339223 0.104342 0)
(-0.181971 -0.0100391 0)
(-0.137402 0.00837552 0)
(-0.17944 0.0275672 0)
(-0.0903219 0.0348871 0)
(-0.13664 -0.0513654 0)
(-0.135277 -0.187571 0)
(-0.187826 -0.147509 0)
(-0.0674242 0.0126373 0)
(-0.0962631 0.0288404 0)
(-0.0303803 0.0228951 0)
(-0.021508 0.00673725 0)
(-0.00808249 -0.00274954 0)
(-0.00276509 -0.00809582 0)
(0.00342001 -0.00969247 0)
(0.00898323 -0.00922494 0)
(0.0139683 -0.00721948 0)
(0.017385 -0.004413 0)
(0.018792 -0.00174509 0)
(0.0183887 0.00023198 0)
(0.0168642 0.00122626 0)
(0.0148304 0.00167505 0)
(0.0124211 0.00184804 0)
(0.00983067 0.00180021 0)
(0.00715818 0.00167791 0)
(0.00463148 0.00135099 0)
(0.00251148 0.00103688 0)
(0.000771092 0.000796108 0)
(-0.0626451 0.412788 0)
(-0.109569 0.199912 0)
(-0.171763 0.0714236 0)
(0.0408473 -0.238202 0)
(-0.212478 0.0514135 0)
(-0.179849 -0.0368575 0)
(-0.107543 0.0289793 0)
(-0.035922 -0.0224417 0)
(-0.20174 -0.137183 0)
(-0.130468 -0.194816 0)
(-0.0949772 0.00189596 0)
(-0.103291 0.017987 0)
(-0.0384847 0.010792 0)
(-0.025656 0.00293561 0)
(-0.0100536 -0.00517157 0)
(-0.00355925 -0.00987113 0)
(0.0033422 -0.0112004 0)
(0.00929702 -0.0104755 0)
(0.0144917 -0.00810717 0)
(0.0179191 -0.00485922 0)
(0.0191998 -0.00182018 0)
(0.0186232 0.000401397 0)
(0.0169651 0.00147957 0)
(0.0148691 0.00195147 0)
(0.0124279 0.00212799 0)
(0.00982139 0.00206152 0)
(0.00713718 0.00191696 0)
(0.0046039 0.00153855 0)
(0.00248995 0.00117852 0)
(0.000762335 0.000902903 0)
(-0.0929148 0.663664 0)
(-0.00699539 0.54026 0)
(-0.126984 0.225706 0)
(-0.186513 -0.0520471 0)
(-0.177646 0.207975 0)
(-0.0291242 -0.11828 0)
(-0.12629 -0.0436648 0)
(-0.105744 -0.0346831 0)
(-0.143731 -0.131253 0)
(-0.132789 -0.193022 0)
(-0.13799 -0.0074075 0)
(-0.0972182 0.00244266 0)
(-0.0461399 -0.00386649 0)
(-0.0287068 -0.00360674 0)
(-0.0120123 -0.00878428 0)
(-0.00432909 -0.0120736 0)
(0.00331115 -0.0128868 0)
(0.00968113 -0.0118065 0)
(0.015099 -0.00902083 0)
(0.0185294 -0.00529244 0)
(0.0196586 -0.00187109 0)
(0.018882 0.000597513 0)
(0.0170725 0.00174694 0)
(0.0149091 0.00223344 0)
(0.0124339 0.00241057 0)
(0.00981006 0.00232402 0)
(0.00711296 0.00215714 0)
(0.00457237 0.00172583 0)
(0.00246548 0.00131948 0)
(0.000752388 0.00100855 0)
(-0.07987 0.69728 0)
(-0.0491242 0.489988 0)
(-0.128503 0.0976523 0)
(-0.202922 -0.155235 0)
(-0.162941 -0.0170591 0)
(-0.485096 -0.0286716 0)
(-0.174972 0.0522115 0)
(-0.156226 -0.0236943 0)
(-0.113009 -0.10762 0)
(-0.146552 -0.192277 0)
(-0.171969 -0.0202282 0)
(-0.0791761 -0.0194791 0)
(-0.0520322 -0.0149664 0)
(-0.0296238 -0.00978268 0)
(-0.0130443 -0.0121473 0)
(-0.00473484 -0.0143595 0)
(0.00342036 -0.0147025 0)
(0.0101629 -0.0132145 0)
(0.015802 -0.00996019 0)
(0.0192208 -0.0057114 0)
(0.0201701 -0.00188744 0)
(0.0191644 0.000824341 0)
(0.0171848 0.00202984 0)
(0.0149497 0.00252125 0)
(0.0124387 0.00269595 0)
(0.0097966 0.0025878 0)
(0.00708546 0.00239858 0)
(0.00453683 0.0019128 0)
(0.00243805 0.00145969 0)
(0.000741233 0.00111289 0)
(-0.0091999 0.713915 0)
(0.0548171 0.501756 0)
(-0.000709278 0.24874 0)
(-0.129174 0.110872 0)
(-0.332136 0.0857893 0)
(-0.712758 -0.0339715 0)
(-0.776749 0.0414553 0)
(-0.253712 -0.196419 0)
(-0.115885 -0.159054 0)
(-0.163446 -0.167246 0)
(-0.162493 -0.0452616 0)
(-0.0673165 -0.043458 0)
(-0.0527845 -0.0234659 0)
(-0.0290644 -0.016697 0)
(-0.0133552 -0.0156795 0)
(-0.0049247 -0.0168068 0)
(0.00363762 -0.0166347 0)
(0.0107461 -0.0146912 0)
(0.0166079 -0.010924 0)
(0.0199993 -0.00611343 0)
(0.0207355 -0.00186492 0)
(0.0194683 0.00108612 0)
(0.0173002 0.00232966 0)
(0.0149899 0.00281509 0)
(0.0124421 0.00298423 0)
(0.00978092 0.00285291 0)
(0.00705461 0.00264139 0)
(0.00449718 0.00209937 0)
(0.0024076 0.00159906 0)
(0.000728851 0.00121579 0)
(0.0190065 0.635444 0)
(0.104254 0.497005 0)
(0.0602222 0.326948 0)
(-0.00680747 0.243544 0)
(-0.14194 0.25829 0)
(-0.394775 0.0999632 0)
(-0.387613 -0.0284324 0)
(0.0503161 -0.730376 0)
(-0.15827 -0.212265 0)
(-0.182884 -0.138144 0)
(-0.126395 -0.0789924 0)
(-0.0664522 -0.0611595 0)
(-0.0495783 -0.0313897 0)
(-0.0281016 -0.0235092 0)
(-0.0131701 -0.0190955 0)
(-0.00495974 -0.0193181 0)
(0.00396533 -0.0186514 0)
(0.0114391 -0.0162395 0)
(0.0175253 -0.0119118 0)
(0.02087 -0.00648725 0)
(0.0213567 -0.00180323 0)
(0.0197927 0.00138741 0)
(0.0174166 0.00264769 0)
(0.0150289 0.00311501 0)
(0.0124439 0.00327551 0)
(0.00976295 0.00311943 0)
(0.00702033 0.00288568 0)
(0.00445333 0.00228552 0)
(0.00237411 0.00173751 0)
(0.00071522 0.0013171 0)
(0.0165029 0.537032 0)
(0.0977519 0.48166 0)
(0.106922 0.364631 0)
(0.128507 0.292333 0)
(0.145248 0.340533 0)
(0.109865 0.213536 0)
(0.190048 -0.0635394 0)
(-0.197907 0.126351 0)
(-0.171588 -0.0371983 0)
(-0.162595 -0.119738 0)
(-0.102901 -0.133193 0)
(-0.0624418 -0.0696145 0)
(-0.0438038 -0.0376825 0)
(-0.0257551 -0.0293421 0)
(-0.0121128 -0.0220124 0)
(-0.00472606 -0.0217305 0)
(0.00442741 -0.0207155 0)
(0.0122514 -0.0178539 0)
(0.018566 -0.0129215 0)
(0.0218395 -0.00682818 0)
(0.0220336 -0.00169306 0)
(0.0201355 0.00173329 0)
(0.0175315 0.00298507 0)
(0.0150658 0.00342091 0)
(0.0124437 0.00356983 0)
(0.00974261 0.00338741 0)
(0.00698256 0.00313154 0)
(0.00440517 0.00247119 0)
(0.00233753 0.00187496 0)
(0.000700315 0.00141666 0)
(0.00344154 0.458945 0)
(0.0849552 0.423147 0)
(0.133128 0.343896 0)
(0.184678 0.257257 0)
(0.221021 0.28385 0)
(0.297849 0.188734 0)
(0.21923 -0.0506714 0)
(0.302144 -0.462841 0)
(0.234415 -0.305275 0)
(-0.0923876 -0.101423 0)
(-0.0415823 -0.160907 0)
(-0.0634811 -0.0763724 0)
(-0.0371151 -0.0448313 0)
(-0.0236687 -0.0355734 0)
(-0.0108991 -0.0251982 0)
(-0.0045202 -0.0244101 0)
(0.00494858 -0.0228861 0)
(0.0131761 -0.0195476 0)
(0.0197374 -0.0139542 0)
(0.0229141 -0.00713326 0)
(0.0227682 -0.00152752 0)
(0.0204946 0.00212933 0)
(0.0176421 0.00334268 0)
(0.0150995 0.00373247 0)
(0.0124415 0.00386718 0)
(0.00971982 0.00365687 0)
(0.0069412 0.00337904 0)
(0.00435261 0.00265634 0)
(0.00229781 0.00201134 0)
(0.000684109 0.00151432 0)
(0.00311674 0.386035 0)
(0.0723479 0.340067 0)
(0.131928 0.285699 0)
(0.186164 0.20586 0)
(0.219027 0.201066 0)
(0.307323 0.143017 0)
(0.299239 -0.00986445 0)
(0.244679 -0.0392566 0)
(0.128436 -0.132268 0)
(-0.0513014 0.0392722 0)
(-0.0256981 -0.164731 0)
(-0.0578708 -0.076003 0)
(-0.0305978 -0.0479989 0)
(-0.0200655 -0.0390457 0)
(-0.0088474 -0.0266493 0)
(-0.00405808 -0.0259313 0)
(0.00563502 -0.0248389 0)
(0.0142373 -0.0212875 0)
(0.0210549 -0.0150023 0)
(0.0241018 -0.00739611 0)
(0.0235609 -0.00129862 0)
(0.020867 0.00258182 0)
(0.017745 0.00372103 0)
(0.0151289 0.00404919 0)
(0.0124368 0.00416755 0)
(0.00969451 0.00392787 0)
(0.00689618 0.00362826 0)
(0.00429552 0.00284094 0)
(0.00225491 0.00214655 0)
(0.000666574 0.00160993 0)
(0.0143835 0.316523 0)
(0.0720713 0.266886 0)
(0.124821 0.223248 0)
(0.167278 0.164433 0)
(0.198189 0.147011 0)
(0.254002 0.101532 0)
(0.271174 0.0106981 0)
(0.199321 -0.120511 0)
(0.3814 -0.0733246 0)
(0.0710867 0.0553728 0)
(-0.0712701 -0.132436 0)
(-0.0597357 -0.0871517 0)
(-0.0275619 -0.0582182 0)
(-0.0178547 -0.0449051 0)
(-0.00726432 -0.030335 0)
(-0.00401118 -0.0297313 0)
(0.00609697 -0.0278298 0)
(0.0153539 -0.0232889 0)
(0.0225185 -0.0160934 0)
(0.0254085 -0.00760184 0)
(0.0244137 -0.000997967 0)
(0.0212495 0.00309797 0)
(0.0178365 0.00411999 0)
(0.0151529 0.00437028 0)
(0.0124297 0.00447085 0)
(0.00966661 0.00420042 0)
(0.00684741 0.00387926 0)
(0.00423378 0.00302494 0)
(0.00220876 0.00228054 0)
(0.000647677 0.00170331 0)
(0.0211622 0.242622 0)
(0.0709377 0.209926 0)
(0.112013 0.175516 0)
(0.140801 0.134969 0)
(0.169722 0.114636 0)
(0.198281 0.0745018 0)
(0.227842 0.0271779 0)
(0.182871 -0.0805695 0)
(0.0997929 -0.13888 0)
(0.0892142 0.317007 0)
(-0.118102 -0.0898535 0)
(-0.0596936 -0.103815 0)
(-0.0200613 -0.0585099 0)
(-0.0111545 -0.0453217 0)
(-0.0042986 -0.0290029 0)
(-0.00337086 -0.028334 0)
(0.00719657 -0.0285756 0)
(0.0168451 -0.0248251 0)
(0.0242002 -0.0171396 0)
(0.0268506 -0.0077277 0)
(0.0253256 -0.000619316 0)
(0.0216381 0.00368643 0)
(0.017912 0.00453835 0)
(0.0151705 0.00469465 0)
(0.0124199 0.004777 0)
(0.00963607 0.00447456 0)
(0.00679481 0.00413212 0)
(0.00416727 0.00320829 0)
(0.00215931 0.00241323 0)
(0.000627384 0.00179432 0)
(0.0175246 0.182722 0)
(0.0559062 0.165168 0)
(0.0884457 0.141241 0)
(0.111322 0.112073 0)
(0.136749 0.0917791 0)
(0.155719 0.0549135 0)
(0.173266 0.0338281 0)
(0.202694 -0.0637895 0)
(0.0189403 -0.0785772 0)
(-0.00343201 0.170908 0)
(-0.0993318 -0.0778799 0)
(-0.0378796 -0.146974 0)
(-0.0219405 -0.0731345 0)
(-0.00957232 -0.0508677 0)
(-0.00262771 -0.0337315 0)
(-0.00402459 -0.0353183 0)
(0.00694463 -0.0340813 0)
(0.0178614 -0.0279425 0)
(0.0259219 -0.0184131 0)
(0.0284136 -0.0078136 0)
(0.0262958 -0.000143386 0)
(0.0220282 0.00435709 0)
(0.0179663 0.00497439 0)
(0.0151806 0.00502089 0)
(0.0124075 0.00508586 0)
(0.00960282 0.00475032 0)
(0.00673827 0.00438691 0)
(0.00409584 0.00339093 0)
(0.00210649 0.00254455 0)
(0.000605654 0.00188279 0)
(0.0119534 0.140011 0)
(0.0397799 0.130419 0)
(0.0648422 0.11436 0)
(0.0842137 0.092686 0)
(0.105068 0.0730959 0)
(0.121676 0.0399145 0)
(0.129156 0.0246409 0)
(0.187488 -0.0287903 0)
(-0.0149972 -0.0178844 0)
(0.0152282 0.342567 0)
(-0.0305573 -0.0648035 0)
(-0.030051 -0.152594 0)
(-0.011113 -0.0671994 0)
(-0.00124676 -0.0527265 0)
(-0.000620694 -0.0294227 0)
(-0.002816 -0.0285718 0)
(0.00932564 -0.0318597 0)
(0.0204303 -0.0282925 0)
(0.0282663 -0.019144 0)
(0.0301859 -0.00774232 0)
(0.0273331 0.000441738 0)
(0.0224132 0.0051164 0)
(0.0179934 0.0054279 0)
(0.0151824 0.00534719 0)
(0.0123924 0.00539731 0)
(0.00956683 0.00502772 0)
(0.00667771 0.00464369 0)
(0.00401938 0.00357277 0)
(0.00205024 0.00267444 0)
(0.000582446 0.00196854 0)
(0.00742908 0.110327 0)
(0.027486 0.104522 0)
(0.0466892 0.0931572 0)
(0.0631737 0.0762822 0)
(0.0806907 0.0574902 0)
(0.095667 0.0278768 0)
(0.102404 0.0137208 0)
(0.158246 0.00390566 0)
(0.0601154 1.71387e-05 0)
(0.0138861 0.289084 0)
(0.0696895 -0.0628414 0)
(-0.09265 -0.146469 0)
(-0.00883686 -0.0927156 0)
(-0.000623432 -0.0508517 0)
(-0.00521364 -0.0323709 0)
(-0.00680907 -0.0415255 0)
(0.00765139 -0.0420892 0)
(0.0206739 -0.0338861 0)
(0.0299447 -0.0211793 0)
(0.0319558 -0.00770354 0)
(0.0284128 0.00114117 0)
(0.0227866 0.00597508 0)
(0.0179869 0.00590155 0)
(0.0151749 0.00567148 0)
(0.0123749 0.00571122 0)
(0.00952808 0.00530686 0)
(0.00661301 0.00490254 0)
(0.00393772 0.00375373 0)
(0.00199049 0.00280284 0)
(0.000557715 0.00205141 0)
(0.00435771 0.088873 0)
(0.0194571 0.0849032 0)
(0.0345531 0.0762425 0)
(0.0484685 0.0623639 0)
(0.0629785 0.044461 0)
(0.0744136 0.0188485 0)
(0.0830248 0.00242376 0)
(0.11966 0.00906709 0)
(0.1235 0.0140842 0)
(0.0406048 0.400413 0)
(0.225428 -0.0675881 0)
(-0.127178 -0.0716912 0)
(0.0195637 -0.101593 0)
(-0.0259111 -0.0575025 0)
(0.0164588 -0.0300236 0)
(0.0187072 -0.0287302 0)
(0.0209251 -0.0353686 0)
(0.027469 -0.0318385 0)
(0.0339424 -0.0207077 0)
(0.0343291 -0.00726738 0)
(0.029592 0.00194839 0)
(0.0231424 0.00692075 0)
(0.017939 0.00639293 0)
(0.0151569 0.00599016 0)
(0.0123552 0.00602713 0)
(0.00948654 0.00558789 0)
(0.00654408 0.00516351 0)
(0.00385072 0.00393374 0)
(0.00192716 0.00292967 0)
(0.000531411 0.00213122 0)
(0.00236086 0.0722675 0)
(0.0143066 0.069326 0)
(0.0264363 0.0624758 0)
(0.03778 0.0509208 0)
(0.0487249 0.0346989 0)
(0.055888 0.0125415 0)
(0.0629304 -0.00640379 0)
(0.0717468 -0.00178675 0)
(0.103311 0.0582587 0)
(-0.0358846 0.203915 0)
(0.27818 -0.00900002 0)
(-0.0706472 -0.0725252 0)
(0.018204 -0.144376 0)
(-0.0340175 -0.0449013 0)
(-0.0647313 -0.0424241 0)
(-0.0122209 -0.0477899 0)
(0.0145169 -0.0458941 0)
(0.0263801 -0.03884 0)
(0.0346509 -0.0240091 0)
(0.0359263 -0.00707548 0)
(0.0307264 0.00298395 0)
(0.0234707 0.0080221 0)
(0.0178437 0.00691792 0)
(0.0151275 0.0063036 0)
(0.0123339 0.0063457 0)
(0.00944224 0.0058714 0)
(0.00647077 0.00542671 0)
(0.00375823 0.00411271 0)
(0.00186018 0.00305485 0)
(0.000503482 0.00220779 0)
(0.000965525 0.0588969 0)
(0.0105291 0.0567206 0)
(0.0201686 0.0514478 0)
(0.0288443 0.0423113 0)
(0.0359012 0.0288545 0)
(0.0380665 0.00972939 0)
(0.0379145 -0.0147679 0)
(0.0288804 -0.0231397 0)
(-0.0306474 0.0300436 0)
(0.138677 0.354079 0)
(-0.42807 0.0611562 0)
(0.0371742 0.0452176 0)
(-0.0608398 -0.141331 0)
(-0.0143509 -0.0333436 0)
(0.022205 -0.0385563 0)
(0.0427834 -0.051073 0)
(0.0668691 -0.0450542 0)
(0.0548389 -0.0351863 0)
(0.0455655 -0.0213823 0)
(0.0400484 -0.00597121 0)
(0.0321464 0.00394066 0)
(0.0237659 0.00909355 0)
(0.0176873 0.00742379 0)
(0.015084 0.0065921 0)
(0.0123114 0.00666149 0)
(0.00939513 0.00615635 0)
(0.00639292 0.00569166 0)
(0.00366008 0.00429036 0)
(0.00178947 0.00317826 0)
(0.000473869 0.00228091 0)
(-0.000105379 0.0482609 0)
(0.00739847 0.046748 0)
(0.0148578 0.0430067 0)
(0.0210776 0.0366661 0)
(0.024 0.0280048 0)
(0.0154625 0.0185175 0)
(-0.00614799 0.0126298 0)
(-0.0936618 0.0460721 0)
(-0.329919 0.0291743 0)
(-0.336558 0.215926 0)
(-0.0412462 -0.0824339 0)
(0.113184 -0.16524 0)
(-0.0989559 -0.110768 0)
(-0.0726497 -0.0656529 0)
(-0.0211076 -0.0558851 0)
(-0.0417742 -0.0577962 0)
(0.000430552 -0.0473105 0)
(0.0235485 -0.0354827 0)
(0.0376601 -0.0226495 0)
(0.0395574 -0.00505005 0)
(0.0330487 0.0057289 0)
(0.0240051 0.0106784 0)
(0.017474 0.00808644 0)
(0.0150293 0.00691324 0)
(0.01229 0.00699659 0)
(0.00934566 0.00645083 0)
(0.00631046 0.00596124 0)
(0.00355614 0.00446767 0)
(0.00171496 0.00330015 0)
(0.000442517 0.00235056 0)
(-0.000903972 0.0399889 0)
(0.00502751 0.0389546 0)
(0.0111148 0.0363674 0)
(0.0166908 0.0323248 0)
(0.0208667 0.0281852 0)
(0.0181541 0.0286307 0)
(0.0319906 0.0460435 0)
(-0.0400245 0.124291 0)
(0.169195 0.143381 0)
(-0.453175 0.295735 0)
(0.379515 -0.0855051 0)
(-0.212011 -0.0370881 0)
(-0.204045 -0.0474498 0)
(-0.0728621 -0.0675701 0)
(-0.00211558 -0.0547871 0)
(0.0322 -0.0583854 0)
(0.0644087 -0.0604155 0)
(0.080158 -0.0438103 0)
(0.0679795 -0.023371 0)
(0.0491772 -0.00392355 0)
(0.0351411 0.00636461 0)
(0.0242112 0.0114883 0)
(0.0171623 0.00839087 0)
(0.0149492 0.00703741 0)
(0.0122662 0.00725566 0)
(0.00929229 0.00671995 0)
(0.00622264 0.00622177 0)
(0.00344606 0.00463982 0)
(0.00163649 0.00341986 0)
(0.000409384 0.00241653 0)
(-0.00145049 0.0333981 0)
(0.00343727 0.0325509 0)
(0.00876314 0.0303967 0)
(0.0144101 0.0272164 0)
(0.0204587 0.024526 0)
(0.0234223 0.0262443 0)
(0.0543518 0.0441088 0)
(-0.0160464 0.0751549 0)
(0.361597 0.140174 0)
(-0.150363 0.343219 0)
(0.356506 -0.172892 0)
(0.00106715 0.132911 0)
(-0.0569452 -0.0992759 0)
(-0.0241044 -0.139651 0)
(0.027883 -0.0873219 0)
(0.0425897 -0.0765886 0)
(0.0369636 -0.0608106 0)
(0.0290244 -0.0386268 0)
(0.0403266 -0.0189112 0)
(0.0433205 -0.000119494 0)
(0.0353372 0.00992151 0)
(0.024304 0.0142099 0)
(0.0168004 0.00957339 0)
(0.0148734 0.00761928 0)
(0.0122567 0.00777562 0)
(0.00924118 0.00712118 0)
(0.00613145 0.00654593 0)
(0.00333051 0.00484113 0)
(0.0015543 0.00354603 0)
(0.000375676 0.00248161 0)
(-0.00184436 0.0278516 0)
(0.00222676 0.0269626 0)
(0.00686899 0.0246896 0)
(0.012251 0.0213618 0)
(0.0187811 0.0184169 0)
(0.0250836 0.0185837 0)
(0.0532643 0.0330031 0)
(0.016027 0.0195144 0)
(0.278587 0.083014 0)
(0.111001 0.287714 0)
(0.206392 -0.174912 0)
(1.13696 -0.114825 0)
(0.177669 0.020639 0)
(-0.0194988 -0.100123 0)
(-0.0177948 -0.0789391 0)
(-0.0103223 -0.0616818 0)
(0.0183342 -0.0557987 0)
(0.050189 -0.0423644 0)
(0.0623239 -0.0238252 0)
(0.052134 -0.00172137 0)
(0.0366191 0.00938696 0)
(0.0241211 0.0142167 0)
(0.0162735 0.00926085 0)
(0.0147389 0.00714329 0)
(0.0122237 0.00766372 0)
(0.00917369 0.00716421 0)
(0.00602821 0.0066666 0)
(0.00320549 0.00490677 0)
(0.00146658 0.00363157 0)
(0.000361759 0.00252399 0)
(-0.00230602 0.0233647 0)
(0.000568568 0.0223649 0)
(0.00386518 0.0198237 0)
(0.00771791 0.0161013 0)
(0.0122572 0.0125735 0)
(0.0179247 0.0109888 0)
(0.0314075 0.018004 0)
(0.0404938 -0.0077238 0)
(0.117164 0.0314714 0)
(0.170322 0.273193 0)
(0.174379 -0.167414 0)
(-0.514812 -0.143651 0)
(-0.136414 0.31543 0)
(-0.0315628 -0.0994542 0)
(-0.0537295 -0.0871569 0)
(0.0290105 -0.0815749 0)
(0.0698168 -0.0721835 0)
(0.0841935 -0.0493054 0)
(0.0764655 -0.0214973 0)
(0.0596136 0.00358565 0)
(0.0423199 0.0147967 0)
(0.0252581 0.0181594 0)
(0.015663 0.0109297 0)
(0.014625 0.00825434 0)
(0.0123067 0.00865932 0)
(0.00916397 0.00791623 0)
(0.00594448 0.00711384 0)
(0.00308527 0.0053299 0)
(0.00138581 0.00378227 0)
(0.000698911 0.00255166 0)
(-0.00304592 0.020765 0)
(-0.00223337 0.0197402 0)
(-0.00141716 0.0171632 0)
(-0.000677734 0.0134543 0)
(-0.000365779 0.00990167 0)
(0.000502021 0.00779069 0)
(0.0017119 0.00624467 0)
(0.0230982 -0.0130685 0)
(0.00671328 -0.00983479 0)
(0.156103 0.249237 0)
(0.178401 -0.0573022 0)
(-0.25367 -0.0343253 0)
(0.192005 0.318174 0)
(-0.0403369 -0.0883284 0)
(0.0120769 -0.106737 0)
(0.0851413 -0.0972393 0)
(0.0980716 -0.0754544 0)
(0.0909248 -0.0485429 0)
(0.0737821 -0.0197253 0)
(0.0543249 0.00569583 0)
(0.0320708 0.0146502 0)
(0.0204126 0.0185583 0)
(0.0158186 0.0110223 0)
(0.0151735 0.00735962 0)
(0.011581 0.00830957 0)
(0.00794461 0.00778857 0)
(0.00488567 0.00767624 0)
(0.00261419 0.00511511 0)
(0.00125707 0.00370038 0)
(0.00459028 0.00267299 0)
(-0.203921 0.00234461 0)
(-0.0178388 0.00317775 0)
(-0.0252718 0.00485696 0)
(-0.0235703 0.00688077 0)
(-0.022556 0.0081707 0)
(-0.0146964 0.00913506 0)
(-0.0116708 0.00821344 0)
(-0.012507 0.0109652 0)
(-0.0275042 0.0204322 0)
(-0.0370861 0.0188527 0)
(-0.0590024 0.00962813 0)
(-0.0665639 -0.0156002 0)
(-0.0841759 -0.0443685 0)
(-0.102738 -0.072707 0)
(-0.10183 -0.100443 0)
(-0.102905 -0.125302 0)
(-0.00706153 -0.0375636 0)
(0.074198 0.130701 0)
(0.338995 -0.10639 0)
(-0.20281 0.0178855 0)
(-0.101873 0.209875 0)
(0.0195804 -0.0386367 0)
(-0.00756968 -0.0208367 0)
(0.0129301 -0.00307337 0)
(0.0090552 0.0045899 0)
(0.00626929 0.00766487 0)
(0.00304548 0.0117365 0)
(0.000577221 0.0159395 0)
(-0.00122306 0.0191287 0)
(-0.00259685 0.0208626 0)
(-0.380315 -0.00258979 0)
(-0.244304 0.00234558 0)
(-0.181165 0.00886099 0)
(-0.139694 0.00850182 0)
(-0.116738 0.00783187 0)
(-0.0769677 0.00826434 0)
(-0.0506524 0.00729231 0)
(-0.00793256 0.013103 0)
(-0.0292402 0.0209411 0)
(-0.0440574 0.0187436 0)
(-0.039366 0.0101165 0)
(-0.0533235 -0.0152528 0)
(-0.0684039 -0.044512 0)
(-0.0886587 -0.074576 0)
(-0.0785691 -0.102184 0)
(-0.118455 -0.123438 0)
(-0.103567 -0.0508133 0)
(0.377993 0.0939405 0)
(0.437101 -0.0335082 0)
(-0.174804 0.0614275 0)
(-0.0208516 0.176988 0)
(0.0354125 -0.0424177 0)
(0.00858546 -0.0212749 0)
(0.0225133 -0.00434924 0)
(0.0184761 0.00586965 0)
(0.014657 0.00947661 0)
(0.00937842 0.0136656 0)
(0.00484439 0.0176443 0)
(0.00126451 0.0205938 0)
(-0.00162527 0.0221916 0)
(-1.73683 -0.00621143 0)
(-1.29285 -0.00948662 0)
(-0.715583 -0.0061273 0)
(-0.529039 0.00278003 0)
(-0.41125 0.00524717 0)
(-0.255763 0.00590249 0)
(-0.191065 0.00381255 0)
(-0.101258 0.0089886 0)
(0.0097681 0.0234434 0)
(-0.0581663 0.0197396 0)
(-0.0644206 0.0123469 0)
(-0.0558777 -0.0116696 0)
(-0.0336057 -0.0398936 0)
(-0.0341097 -0.0719061 0)
(-0.0282174 -0.100261 0)
(-0.0530438 -0.127684 0)
(0.0565545 -0.22664 0)
(0.29347 0.107043 0)
(0.504616 0.0215592 0)
(-0.112468 0.106508 0)
(0.0606038 0.147482 0)
(0.044661 -0.0359463 0)
(0.0187894 -0.0206248 0)
(0.0270247 -0.00491046 0)
(0.0267683 0.0067905 0)
(0.0227537 0.012226 0)
(0.0155608 0.0168505 0)
(0.00911148 0.0206338 0)
(0.0038253 0.0232859 0)
(-0.000551535 0.0246978 0)
(-1.18831 0.00972415 0)
(-1.59928 -0.0469357 0)
(-0.467073 -0.0207981 0)
(-0.616008 -0.00735822 0)
(-0.552805 -0.0115522 0)
(-0.419875 -0.00686736 0)
(-0.347524 -0.0046949 0)
(-0.263476 -0.00381577 0)
(-0.0372501 0.0189372 0)
(-0.0144765 0.0243639 0)
(-0.111696 0.00965472 0)
(-0.0945147 -0.0195872 0)
(-0.0443652 -0.0456284 0)
(0.00812595 -0.0679841 0)
(0.0128615 -0.0968268 0)
(0.000762056 -0.128925 0)
(0.117542 -0.111339 0)
(0.53646 0.0472266 0)
(0.471654 0.115241 0)
(-0.154116 0.162724 0)
(0.0954628 0.120051 0)
(0.0434455 -0.0230397 0)
(0.0294032 -0.0195503 0)
(0.03437 -0.00607663 0)
(0.0344843 0.00749794 0)
(0.0290466 0.0158548 0)
(0.0206379 0.0212681 0)
(0.0127648 0.0249547 0)
(0.00610212 0.0272948 0)
(0.000472285 0.0284909 0)
(-0.896947 0.0154117 0)
(-1.37914 -0.0594861 0)
(-0.357825 -0.0669338 0)
(-0.501224 0.00839357 0)
(-0.522081 -0.00748763 0)
(-0.493449 -0.0085992 0)
(-0.4615 -0.0110651 0)
(-0.357454 -0.0180703 0)
(-0.196071 0.000101269 0)
(0.00378128 0.0306587 0)
(-0.0937491 0.0191049 0)
(-0.133396 -0.0212442 0)
(-0.113056 -0.0557751 0)
(-0.0443049 -0.0780396 0)
(0.0141453 -0.102494 0)
(0.0379652 -0.11921 0)
(-0.0811814 -0.379033 0)
(0.256084 0.0121355 0)
(0.282502 0.197528 0)
(-0.230882 0.200909 0)
(0.0645528 0.0828678 0)
(0.0336681 -0.0138791 0)
(0.0345405 -0.0202621 0)
(0.0394869 -0.00716832 0)
(0.0385185 0.00904813 0)
(0.0321662 0.020155 0)
(0.0234621 0.0266502 0)
(0.0150106 0.0304017 0)
(0.00762618 0.0324816 0)
(0.00125697 0.0334696 0)
(-0.767895 0.0273413 0)
(-1.24347 -0.0671041 0)
(-0.131717 -0.0827132 0)
(-0.209515 0.00855906 0)
(-0.599205 -0.00491759 0)
(-0.715423 -0.0146932 0)
(-0.501409 -0.017119 0)
(-0.416588 -0.025963 0)
(-0.308494 -0.0191879 0)
(-0.118615 0.0125531 0)
(-0.00340521 0.0267462 0)
(-0.126009 -0.0178815 0)
(-0.163283 -0.0662926 0)
(-0.105187 -0.0933802 0)
(-0.0127343 -0.119696 0)
(0.0951537 -0.139776 0)
(1.20775 -0.25841 0)
(0.329227 0.0329936 0)
(0.132027 0.271653 0)
(-0.1904 0.214168 0)
(0.0177004 0.045714 0)
(0.0242762 -0.0145358 0)
(0.0303197 -0.0232304 0)
(0.0358401 -0.0082006 0)
(0.0357595 0.0109461 0)
(0.030543 0.024588 0)
(0.022883 0.0323785 0)
(0.015043 0.0364233 0)
(0.00791532 0.0383846 0)
(0.00161032 0.0392261 0)
(-0.750235 0.0399648 0)
(-1.19961 -0.0863251 0)
(0.110214 -0.11787 0)
(-0.163587 0.0316673 0)
(-0.696321 0.0293703 0)
(-1.16583 -0.0091455 0)
(-0.882921 -0.0401731 0)
(-0.484862 -0.0538381 0)
(-0.343576 -0.031866 0)
(-0.231696 -0.00594442 0)
(-0.020636 0.0267442 0)
(-0.0792749 0.00256202 0)
(-0.140895 -0.0632804 0)
(-0.111192 -0.107437 0)
(-0.0961082 -0.15332 0)
(0.0596416 -0.259163 0)
(-0.270154 -0.210938 0)
(0.145688 0.0845531 0)
(-0.0369182 0.364372 0)
(-0.0877533 0.211032 0)
(0.00236151 0.0221237 0)
(0.0204197 -0.0214345 0)
(0.0215845 -0.0261341 0)
(0.0254856 -0.00929639 0)
(0.0264834 0.0122059 0)
(0.0236282 0.0282212 0)
(0.0183594 0.0374677 0)
(0.0124255 0.0420933 0)
(0.00668467 0.0441691 0)
(0.00141473 0.0449851 0)
(-0.804731 0.0516901 0)
(-1.20095 -0.11531 0)
(0.157883 -0.150997 0)
(-0.225257 0.0608078 0)
(-0.600989 0.0674314 0)
(-0.929111 0.00269456 0)
(-0.703165 -0.0740928 0)
(-0.600324 -0.0587828 0)
(-0.388159 -0.0498555 0)
(-0.295583 -0.034474 0)
(-0.107127 0.00243256 0)
(-0.049984 0.00295594 0)
(-0.0808924 -0.0585575 0)
(-0.0808715 -0.0932165 0)
(-0.102919 -0.139235 0)
(0.0609287 -0.377822 0)
(-0.427467 -0.253406 0)
(-0.0776405 0.134253 0)
(-0.190266 0.379613 0)
(0.0242309 0.178685 0)
(0.0214067 0.0148353 0)
(0.0278191 -0.0249032 0)
(0.0159306 -0.0256395 0)
(0.0132329 -0.00922381 0)
(0.0134411 0.0127494 0)
(0.0129132 0.03028 0)
(0.0107032 0.0408728 0)
(0.00756707 0.0463037 0)
(0.00411535 0.0487539 0)
(0.000720021 0.0496979 0)
(-0.893287 0.0604847 0)
(-1.13939 -0.151038 0)
(0.0288458 -0.187784 0)
(-0.286341 0.0862473 0)
(-0.47904 0.0968225 0)
(-0.780904 0.00562763 0)
(-0.789109 -0.0840081 0)
(-1.03883 -0.0777389 0)
(-0.476661 -0.102079 0)
(-0.315878 -0.0460946 0)
(-0.205696 -0.00814991 0)
(-0.078774 -0.00163548 0)
(-0.0743566 -0.0567611 0)
(-0.108177 -0.0993007 0)
(-0.00426276 -0.171604 0)
(0.56252 -0.032261 0)
(-0.00586487 -0.243519 0)
(0.011163 0.0939066 0)
(-0.176807 0.309562 0)
(0.124881 0.140962 0)
(0.0809884 0.0234778 0)
(0.0545417 -0.0158224 0)
(0.0215954 -0.0172188 0)
(0.00587107 -0.00550788 0)
(0.00165783 0.0134526 0)
(0.00193378 0.0306421 0)
(0.00230639 0.0419641 0)
(0.00196998 0.048186 0)
(0.00102712 0.0511802 0)
(-0.000192308 0.0523791 0)
(-0.936229 0.0588271 0)
(-0.898509 -0.18287 0)
(-0.124351 -0.21627 0)
(-0.299001 0.101309 0)
(-0.333227 0.118415 0)
(-0.539659 0.0189654 0)
(-0.428358 -0.0864932 0)
(-0.319178 -0.0425687 0)
(-0.591498 -0.152697 0)
(-0.317211 -0.0768094 0)
(-0.264767 -0.0440108 0)
(-0.127516 -0.0246299 0)
(-0.088974 -0.0574435 0)
(-0.14203 -0.113563 0)
(0.318202 -0.274764 0)
(0.417415 -0.554644 0)
(0.345546 -0.110654 0)
(0.135029 0.155033 0)
(-0.0935705 0.275802 0)
(0.209404 0.0951606 0)
(0.169049 0.0366958 0)
(0.104772 0.00997825 0)
(0.0443415 0.00345441 0)
(0.0103706 0.00552586 0)
(-0.00256963 0.0163843 0)
(-0.00441231 0.0301198 0)
(-0.00328375 0.0409479 0)
(-0.00200895 0.0476377 0)
(-0.00123117 0.0511756 0)
(-0.000845036 0.0526786 0)
(-0.796574 0.0528594 0)
(-0.489725 -0.196827 0)
(-0.195441 -0.230059 0)
(-0.279172 0.103298 0)
(-0.2007 0.128487 0)
(-0.334831 0.0229791 0)
(-0.346055 -0.0806887 0)
(-0.558112 -0.0361996 0)
(-0.835843 -0.115319 0)
(-0.350495 -0.116832 0)
(-0.271597 -0.0487874 0)
(-0.187125 -0.0318346 0)
(-0.148176 -0.0597041 0)
(-0.251139 -0.192245 0)
(0.0519731 -0.333491 0)
(0.546759 -0.240796 0)
(-0.0407389 -0.122818 0)
(0.125206 0.209423 0)
(0.0503767 0.228794 0)
(0.298822 0.06063 0)
(0.288891 0.0578814 0)
(0.190361 0.0581176 0)
(0.0920262 0.0468255 0)
(0.0335714 0.0316988 0)
(0.00681795 0.0260122 0)
(-0.00135194 0.0312801 0)
(-0.00242336 0.0394913 0)
(-0.0018302 0.0459131 0)
(-0.00116607 0.0497521 0)
(-0.000701462 0.0514888 0)
(-0.515504 0.0467356 0)
(-0.0898812 -0.219459 0)
(-0.186536 -0.228859 0)
(-0.252703 0.0966102 0)
(-0.0992296 0.129453 0)
(-0.155365 0.0306714 0)
(-0.164725 -0.0602897 0)
(-0.201681 -0.0482202 0)
(-0.21228 -0.103882 0)
(-0.239139 -0.169391 0)
(-0.24887 -0.0748188 0)
(-0.227535 -0.057157 0)
(-0.174162 -0.0591643 0)
(0.116339 -0.2504 0)
(-0.332209 -0.521394 0)
(0.132945 -0.0891396 0)
(-0.386385 0.0219502 0)
(0.237494 0.224415 0)
(0.189931 0.186883 0)
(0.291727 0.0424618 0)
(0.278125 0.0670315 0)
(0.204712 0.110107 0)
(0.116803 0.105056 0)
(0.0613082 0.0699828 0)
(0.0289826 0.0438867 0)
(0.0133625 0.03729 0)
(0.00706437 0.0409104 0)
(0.00412682 0.046149 0)
(0.00218646 0.0498524 0)
(0.000582654 0.0516414 0)
(-0.20493 0.0189607 0)
(0.0199174 -0.218331 0)
(-0.166694 -0.220427 0)
(-0.226987 0.0865221 0)
(-0.0377135 0.121941 0)
(-0.0278226 0.0319862 0)
(-0.0489719 -0.0545352 0)
(-0.0904358 -0.0369487 0)
(-0.325624 -0.070264 0)
(-0.363695 -0.172606 0)
(-0.0400515 -0.0463932 0)
(-0.238296 -0.0491741 0)
(-0.25778 -0.0913962 0)
(0.291407 -0.0266536 0)
(0.323114 -0.46693 0)
(-0.192432 -0.28027 0)
(-0.1725 -0.17559 0)
(0.215212 0.0421232 0)
(0.135333 0.107389 0)
(0.179188 0.058894 0)
(0.168835 0.10136 0)
(0.139798 0.160652 0)
(0.11634 0.154805 0)
(0.0960869 0.110717 0)
(0.0685558 0.0719007 0)
(0.0437538 0.0534222 0)
(0.0272057 0.0500561 0)
(0.0164926 0.0522814 0)
(0.00891992 0.0548553 0)
(0.00298818 0.0562661 0)
(0.0120524 0.0150532 0)
(0.111126 -0.204862 0)
(-0.143267 -0.207348 0)
(-0.202188 0.0749207 0)
(-0.00902851 0.108396 0)
(0.0408479 0.0299842 0)
(0.0152023 -0.0447394 0)
(-0.0550883 -0.0134787 0)
(-0.297961 -0.0711063 0)
(-0.110726 -0.23052 0)
(-0.119437 -0.141292 0)
(-0.0454531 -0.0209425 0)
(-0.109299 -0.32362 0)
(0.0935778 -0.356692 0)
(0.175505 -0.134982 0)
(-0.241937 -0.127946 0)
(-0.0878701 -0.198103 0)
(-0.0378446 0.0469265 0)
(-0.0670517 0.134024 0)
(0.0378601 0.0480701 0)
(0.0576554 0.0979064 0)
(0.0844728 0.148649 0)
(0.109275 0.148586 0)
(0.116511 0.122274 0)
(0.0984783 0.0990529 0)
(0.0709064 0.0850305 0)
(0.046966 0.0776436 0)
(0.0291411 0.0740932 0)
(0.0158899 0.0725602 0)
(0.00542079 0.0720492 0)
(0.0975026 0.0117062 0)
(0.13217 -0.194947 0)
(-0.127598 -0.191776 0)
(-0.177458 0.0632393 0)
(0.00166439 0.092288 0)
(0.065334 0.0252804 0)
(0.0479866 -0.0376693 0)
(0.0534966 0.0059676 0)
(0.00146571 -0.044272 0)
(0.172788 -0.167779 0)
(-0.0645444 -0.0868143 0)
(0.221866 -0.0200251 0)
(-0.0723129 -0.136026 0)
(-0.0269089 -0.378448 0)
(-0.131242 -0.39908 0)
(-0.115656 -0.128741 0)
(-0.157639 -0.149579 0)
(-0.229957 0.0481441 0)
(-0.143252 0.0678615 0)
(-0.0915128 0.00160423 0)
(-0.0527045 0.0701576 0)
(-0.00890826 0.109362 0)
(0.0271928 0.123667 0)
(0.0406617 0.122809 0)
(0.0371988 0.117391 0)
(0.0284277 0.109709 0)
(0.020285 0.101708 0)
(0.0134781 0.095323 0)
(0.00777776 0.0913077 0)
(0.00287917 0.0895199 0)
(0.11532 0.00843144 0)
(0.127685 -0.179071 0)
(-0.112409 -0.175068 0)
(-0.153648 0.0517138 0)
(0.00537162 0.0762203 0)
(0.0667999 0.0194199 0)
(0.0563392 -0.0354089 0)
(0.0663733 -0.00842454 0)
(0.0908437 -0.0782399 0)
(0.0564255 -0.18509 0)
(-0.171618 -0.121305 0)
(0.0811673 -0.0218523 0)
(0.0682498 -0.141987 0)
(-0.00816134 -0.246414 0)
(-0.185687 -0.138547 0)
(-0.125545 -0.119889 0)
(-0.203565 -0.126498 0)
(-0.234124 0.0267036 0)
(-0.129675 0.0230951 0)
(-0.128634 -0.000205333 0)
(-0.114197 0.0400304 0)
(-0.0841682 0.0763155 0)
(-0.0554834 0.0991202 0)
(-0.0359177 0.10997 0)
(-0.0229488 0.110685 0)
(-0.0141286 0.106094 0)
(-0.00813378 0.100191 0)
(-0.0043495 0.0953409 0)
(-0.00194973 0.0922777 0)
(-0.000284986 0.0909156 0)
(0.110336 0.00623957 0)
(0.115745 -0.163478 0)
(-0.0979305 -0.158718 0)
(-0.131382 0.040517 0)
(0.00678786 0.0611912 0)
(0.0604517 0.0135362 0)
(0.0563869 -0.032985 0)
(0.0641261 -0.0149197 0)
(0.104668 -0.0622307 0)
(0.0663289 -0.116655 0)
(0.106715 -0.112552 0)
(0.00878848 -0.097406 0)
(0.0925489 -0.158025 0)
(-0.0279866 -0.177008 0)
(-0.115683 -0.288159 0)
(-0.253553 -0.130141 0)
(-0.196409 -0.0727768 0)
(-0.174629 -0.0237959 0)
(-0.117108 -0.0203979 0)
(-0.118808 0.000486646 0)
(-0.11088 0.0279609 0)
(-0.0967823 0.0542921 0)
(-0.0768202 0.0751723 0)
(-0.058314 0.0873894 0)
(-0.041952 0.0910428 0)
(-0.0290005 0.0900937 0)
(-0.019206 0.0876433 0)
(-0.0119127 0.0853912 0)
(-0.00628418 0.0839161 0)
(-0.00167198 0.0832604 0)
(0.10043 0.00469576 0)
(0.102873 -0.147381 0)
(-0.0841667 -0.142581 0)
(-0.111041 0.0298619 0)
(0.00730865 0.0473551 0)
(0.0527984 0.00779033 0)
(0.0528993 -0.0310066 0)
(0.0598102 -0.0257981 0)
(0.083963 -0.0615934 0)
(0.062048 -0.154654 0)
(-0.0272933 -0.121172 0)
(0.0082344 -0.0477362 0)
(0.0365132 -0.117005 0)
(0.00141205 -0.17708 0)
(-0.0317654 -0.0837401 0)
(-0.0462474 -0.0963789 0)
(-0.0844144 -0.107969 0)
(-0.118625 -0.0613293 0)
(-0.100698 -0.00876716 0)
(-0.117227 0.000926447 0)
(-0.104309 0.0176841 0)
(-0.0960944 0.0372969 0)
(-0.0796846 0.0528554 0)
(-0.0633713 0.0636034 0)
(-0.0479732 0.0689573 0)
(-0.0350488 0.0709781 0)
(-0.0244858 0.0713485 0)
(-0.0158579 0.0711465 0)
(-0.00864075 0.0708908 0)
(-0.00241368 0.070764 0)
(0.0901832 0.00343021 0)
(0.0907512 -0.131985 0)
(-0.0710825 -0.127442 0)
(-0.0927219 0.019963 0)
(0.00730736 0.034753 0)
(0.045557 0.00223632 0)
(0.048631 -0.0299258 0)
(0.0542565 -0.0320401 0)
(0.0724347 -0.0642912 0)
(0.053404 -0.0998912 0)
(0.00710086 -0.101263 0)
(0.00300883 -0.104 0)
(0.0254155 -0.1292 0)
(-0.0352677 -0.13789 0)
(-0.0863519 -0.200972 0)
(-0.126077 -0.152121 0)
(-0.121823 -0.0562229 0)
(-0.112607 -0.0153334 0)
(-0.108635 -0.0238699 0)
(-0.0907688 -0.000587191 0)
(-0.0854575 0.0127686 0)
(-0.0761893 0.0268896 0)
(-0.0651477 0.0367872 0)
(-0.0533465 0.0438855 0)
(-0.0418653 0.0482372 0)
(-0.0315947 0.0507552 0)
(-0.0226655 0.0521317 0)
(-0.014942 0.0528582 0)
(-0.00819641 0.0532286 0)
(-0.00222475 0.0533929 0)
(0.0802975 0.00227263 0)
(0.0796238 -0.117394 0)
(-0.0588901 -0.113338 0)
(-0.0764206 0.0108382 0)
(0.00697973 0.0233558 0)
(0.0390261 -0.00303499 0)
(0.0439178 -0.0295548 0)
(0.0490741 -0.0372436 0)
(0.0588279 -0.0621489 0)
(0.0449597 -0.106049 0)
(0.0120279 -0.102087 0)
(0.00643152 -0.0818921 0)
(0.00934018 -0.103171 0)
(-0.00774054 -0.121655 0)
(-0.03312 -0.0818946 0)
(-0.0515646 -0.0592567 0)
(-0.103316 -0.0567613 0)
(-0.0903336 -0.0683236 0)
(-0.0835077 -0.0257941 0)
(-0.0820102 -0.0145462 0)
(-0.0729551 -0.000660195 0)
(-0.0642831 0.0110452 0)
(-0.0543966 0.0204968 0)
(-0.0446382 0.0276627 0)
(-0.0353947 0.0326258 0)
(-0.0270098 0.0358412 0)
(-0.0195445 0.0378039 0)
(-0.0129419 0.038939 0)
(-0.00708942 0.0395445 0)
(-0.00187112 0.0397993 0)
(0.070802 0.00123013 0)
(0.0694447 -0.103711 0)
(-0.0477164 -0.100594 0)
(-0.0620727 0.00263559 0)
(0.00647792 0.0130734 0)
(0.0332034 -0.00804329 0)
(0.0390355 -0.0299663 0)
(0.0436829 -0.040579 0)
(0.0489035 -0.0619628 0)
(0.0380486 -0.0895617 0)
(0.0118425 -0.093232 0)
(0.00223349 -0.0898035 0)
(0.00200621 -0.104129 0)
(-0.0268464 -0.109699 0)
(-0.0534222 -0.124698 0)
(-0.0806651 -0.109915 0)
(-0.063757 -0.0751747 0)
(-0.0619052 -0.0404197 0)
(-0.070578 -0.030451 0)
(-0.0629688 -0.0150854 0)
(-0.0592224 -0.00428734 0)
(-0.05296 0.00418276 0)
(-0.0458929 0.010264 0)
(-0.0384426 0.0146958 0)
(-0.0311017 0.0179375 0)
(-0.0241647 0.0203273 0)
(-0.0177385 0.0220572 0)
(-0.0118591 0.0232369 0)
(-0.00652315 0.0239464 0)
(-0.00169822 0.0242596 0)
(0.061731 0.000291267 0)
(0.0600969 -0.091014 0)
(-0.0376913 -0.0891121 0)
(-0.0495677 -0.00460572 0)
(0.00588094 0.003978 0)
(0.0280278 -0.0128157 0)
(0.0341187 -0.031004 0)
(0.0382373 -0.0427999 0)
(0.0402471 -0.0610114 0)
(0.0315465 -0.0822699 0)
(0.0125178 -0.0882779 0)
(0.00240248 -0.0842298 0)
(-0.00184132 -0.0898865 0)
(-0.0157312 -0.0940873 0)
(-0.032523 -0.0769888 0)
(-0.0428023 -0.065596 0)
(-0.0618584 -0.0452666 0)
(-0.0637078 -0.0486438 0)
(-0.0586604 -0.0329389 0)
(-0.054393 -0.0246012 0)
(-0.0484219 -0.0160167 0)
(-0.042164 -0.00872989 0)
(-0.0358301 -0.00276426 0)
(-0.0297286 0.00186045 0)
(-0.0239701 0.00522612 0)
(-0.0186031 0.00751502 0)
(-0.0136498 0.00896532 0)
(-0.00910682 0.00981732 0)
(-0.00496122 0.0102696 0)
(-0.00120004 0.0104526 0)
(0.0531142 -0.000526274 0)
(0.0514861 -0.0794596 0)
(-0.0289011 -0.0788659 0)
(-0.0388169 -0.0108846 0)
(0.00524661 -0.00383947 0)
(0.0234183 -0.0171461 0)
(0.0293059 -0.0323903 0)
(0.0327971 -0.0441264 0)
(0.0330825 -0.0597733 0)
(0.0257992 -0.0750959 0)
(0.0114806 -0.0822304 0)
(0.00132652 -0.0806879 0)
(-0.00470304 -0.0846265 0)
(-0.0181831 -0.0863565 0)
(-0.0313808 -0.0837948 0)
(-0.0426751 -0.0750605 0)
(-0.0437437 -0.0645068 0)
(-0.0428615 -0.0476767 0)
(-0.0442484 -0.0368937 0)
(-0.0414118 -0.0274408 0)
(-0.0379468 -0.0201972 0)
(-0.0337013 -0.0146358 0)
(-0.0290998 -0.0104659 0)
(-0.0243781 -0.00735954 0)
(-0.0197332 -0.00503941 0)
(-0.0153105 -0.00331056 0)
(-0.0112007 -0.00205026 0)
(-0.00744167 -0.00118624 0)
(-0.00403269 -0.000668365 0)
(-0.000954958 -0.000446151 0)
(0.0449849 -0.00125509 0)
(0.043517 -0.0690931 0)
(-0.0213979 -0.0699407 0)
(-0.029691 -0.0162154 0)
(0.00462768 -0.0105161 0)
(0.0192819 -0.020999 0)
(0.0246598 -0.0338726 0)
(0.0275158 -0.0449093 0)
(0.0269243 -0.0581865 0)
(0.0207256 -0.0698182 0)
(0.0100072 -0.0764911 0)
(0.00105042 -0.0760473 0)
(-0.00548247 -0.0773856 0)
(-0.0147288 -0.0770734 0)
(-0.0239368 -0.070472 0)
(-0.0303952 -0.0629607 0)
(-0.0352298 -0.051871 0)
(-0.0364671 -0.046312 0)
(-0.0351602 -0.0387812 0)
(-0.0328379 -0.0325281 0)
(-0.0296685 -0.0271589 0)
(-0.0260879 -0.0227542 0)
(-0.0223715 -0.019254 0)
(-0.0186995 -0.0165712 0)
(-0.0151705 -0.0146017 0)
(-0.0118316 -0.0132236 0)
(-0.00870527 -0.0123084 0)
(-0.00580467 -0.0117389 0)
(-0.00313791 -0.0114233 0)
(-0.000708161 -0.011297 0)
(0.0373123 -0.00192161 0)
(0.0360814 -0.0600241 0)
(-0.0151989 -0.0622767 0)
(-0.0220755 -0.0206135 0)
(0.0040306 -0.0161597 0)
(0.0155946 -0.0244515 0)
(0.0202473 -0.0353075 0)
(0.0225031 -0.0453065 0)
(0.0215473 -0.0564547 0)
(0.016338 -0.0655698 0)
(0.00826582 -0.0711537 0)
(0.000714582 -0.0715954 0)
(-0.00546026 -0.0719466 0)
(-0.0125845 -0.0706843 0)
(-0.0191594 -0.0664216 0)
(-0.023917 -0.0605919 0)
(-0.0263145 -0.0539669 0)
(-0.026793 -0.046833 0)
(-0.0262188 -0.0407565 0)
(-0.0245806 -0.0355525 0)
(-0.0223477 -0.0312959 0)
(-0.0197583 -0.0279203 0)
(-0.017002 -0.0253107 0)
(-0.0142169 -0.0233391 0)
(-0.0115027 -0.0218813 0)
(-0.00892548 -0.0208287 0)
(-0.00652543 -0.0200945 0)
(-0.00432044 -0.0196133 0)
(-0.00231281 -0.0193361 0)
(-0.000495733 -0.0192239 0)
(0.0300415 -0.00246557 0)
(0.02908 -0.0523089 0)
(-0.0102559 -0.0558059 0)
(-0.0158346 -0.0241219 0)
(0.00343772 -0.0208249 0)
(0.0122796 -0.0274723 0)
(0.0161234 -0.036635 0)
(0.0178428 -0.0454583 0)
(0.0167878 -0.0547817 0)
(0.0125602 -0.0620808 0)
(0.00651565 -0.0665464 0)
(0.00050486 -0.067375 0)
(-0.00474942 -0.0670864 0)
(-0.00996729 -0.065346 0)
(-0.0145092 -0.0615746 0)
(-0.0176955 -0.0568538 0)
(-0.0194846 -0.0515584 0)
(-0.0199428 -0.046738 0)
(-0.0193823 -0.0423033 0)
(-0.0181345 -0.0384912 0)
(-0.0164566 -0.0353242 0)
(-0.0145269 -0.0327761 0)
(-0.0124895 -0.0307881 0)
(-0.0104489 -0.0292876 0)
(-0.00846989 -0.0281932 0)
(-0.00658933 -0.0274231 0)
(-0.0048286 -0.026903 0)
(-0.00319912 -0.0265726 0)
(-0.0017053 -0.0263876 0)
(-0.000346696 -0.0263161 0)
(0.0231277 -0.00292856 0)
(0.0224005 -0.0459487 0)
(-0.00649519 -0.0505509 0)
(-0.0108427 -0.026804 0)
(0.00281672 -0.0245364 0)
(0.00929413 -0.030002 0)
(0.0122884 -0.0377548 0)
(0.0135387 -0.0455032 0)
(0.0125604 -0.0533017 0)
(0.00930403 -0.0592176 0)
(0.0048818 -0.0627656 0)
(0.000344165 -0.0636722 0)
(-0.00374795 -0.0631609 0)
(-0.00748862 -0.0613572 0)
(-0.0105654 -0.0583145 0)
(-0.012685 -0.0546221 0)
(-0.0138056 -0.0506933 0)
(-0.0140447 -0.0469194 0)
(-0.013634 -0.0435257 0)
(-0.0127453 -0.0406252 0)
(-0.0115565 -0.0382269 0)
(-0.0101947 -0.0363096 0)
(-0.00875696 -0.0348233 0)
(-0.00731316 -0.0337079 0)
(-0.00591117 -0.0328969 0)
(-0.00458187 -0.0323259 0)
(-0.0033427 -0.0319386 0)
(-0.00220159 -0.031691 0)
(-0.00116005 -0.0315522 0)
(-0.000215533 -0.0314998 0)
(0.016455 -0.00331044 0)
(0.0159276 -0.0410323 0)
(-0.00377331 -0.0465302 0)
(-0.00688562 -0.0287648 0)
(0.00213497 -0.0273215 0)
(0.00654468 -0.0320078 0)
(0.00869948 -0.0386483 0)
(0.00955169 -0.0454945 0)
(0.00877028 -0.0520808 0)
(0.00645798 -0.0569813 0)
(0.00341071 -0.0598556 0)
(0.000239605 -0.0606972 0)
(-0.00264399 -0.0601151 0)
(-0.0051432 -0.0584381 0)
(-0.00713158 -0.0559192 0)
(-0.00845668 -0.0529846 0)
(-0.00914106 -0.0499324 0)
(-0.00926953 -0.0470594 0)
(-0.00897112 -0.0444846 0)
(-0.00837426 -0.0422874 0)
(-0.007582 -0.0404764 0)
(-0.0066776 -0.0390326 0)
(-0.00572427 -0.0379182 0)
(-0.00477182 -0.0370873 0)
(-0.00384976 -0.0364891 0)
(-0.00297751 -0.036073 0)
(-0.00216575 -0.0357938 0)
(-0.00141915 -0.0356169 0)
(-0.000738289 -0.0355189 0)
(-0.000121198 -0.0354836 0)
(0.00987266 -0.00353494 0)
(0.0095033 -0.0376181 0)
(-0.00189732 -0.0437575 0)
(-0.00375271 -0.0301022 0)
(0.00136594 -0.0293022 0)
(0.00395637 -0.0334661 0)
(0.00528389 -0.0393225 0)
(0.00579255 -0.0454918 0)
(0.00528111 -0.0512133 0)
(0.00388204 -0.0553932 0)
(0.00207445 -0.0578039 0)
(0.000174937 -0.058536 0)
(-0.00154132 -0.0579443 0)
(-0.00298572 -0.0564328 0)
(-0.00409856 -0.054305 0)
(-0.00481956 -0.0518811 0)
(-0.00518278 -0.0494271 0)
(-0.00524059 -0.0471213 0)
(-0.0050618 -0.045076 0)
(-0.00472 -0.0433326 0)
(-0.00426762 -0.0418998 0)
(-0.00375338 -0.0407578 0)
(-0.00321243 -0.0398771 0)
(-0.0026721 -0.039219 0)
(-0.00215032 -0.0387427 0)
(-0.00165838 -0.0384086 0)
(-0.00120198 -0.0381822 0)
(-0.000782911 -0.0380374 0)
(-0.000400605 -0.037957 0)
(-5.34629e-05 -0.0379287 0)
(0.00311045 -0.00360469 0)
(0.00296856 -0.035364 0)
(-0.000538095 -0.0420096 0)
(-0.00112124 -0.0309849 0)
(0.000486801 -0.0305528 0)
(0.00137294 -0.0343131 0)
(0.00183882 -0.0396504 0)
(0.00202147 -0.0453084 0)
(0.00184616 -0.0504529 0)
(0.00137837 -0.0541835 0)
(0.000773101 -0.0563331 0)
(0.000126822 -0.0570294 0)
(-0.000438834 -0.0565448 0)
(-0.000905774 -0.055243 0)
(-0.00125551 -0.0534265 0)
(-0.00148081 -0.0513762 0)
(-0.00159423 -0.0493162 0)
(-0.00161601 -0.0473833 0)
(-0.00156582 -0.0456678 0)
(-0.00146383 -0.0442007 0)
(-0.0013277 -0.0429879 0)
(-0.00117183 -0.0420131 0)
(-0.00100685 -0.0412504 0)
(-0.000841422 -0.0406689 0)
(-0.000680793 -0.0402371 0)
(-0.000528073 -0.0399256 0)
(-0.000384641 -0.0397095 0)
(-0.000250798 -0.0395692 0)
(-0.000126343 -0.0394908 0)
(-1.12885e-05 -0.0394631 0)
(-0.00381041 0.0212485 0)
(-0.00512197 0.020312 0)
(-0.00678604 0.0179446 0)
(-0.0090156 0.0145324 0)
(-0.0119935 0.011146 0)
(-0.01481 0.00899225 0)
(-0.0183554 0.00267696 0)
(-0.00198052 -0.0141368 0)
(-0.0286264 -0.0255091 0)
(0.085283 0.210868 0)
(0.162387 0.0261198 0)
(-0.417872 -0.0674453 0)
(0.000868781 0.113059 0)
(0.0276912 -0.0535227 0)
(0.10321 -0.119664 0)
(0.101026 -0.100494 0)
(0.101668 -0.0727593 0)
(0.0838571 -0.0444086 0)
(0.066696 -0.0157206 0)
(0.0598904 0.00971101 0)
(0.0370128 0.0190419 0)
(0.0274483 0.0204445 0)
(0.0125189 0.0109313 0)
(0.0116936 0.00818555 0)
(0.0147671 0.009114 0)
(0.0223305 0.00818039 0)
(0.0236189 0.00686413 0)
(0.0254513 0.00485951 0)
(0.0180319 0.0031753 0)
(0.204011 0.00234766 0)
(-0.0042389 0.0225543 0)
(-0.00703907 0.0217054 0)
(-0.0104226 0.0195287 0)
(-0.0146408 0.0163144 0)
(-0.0196094 0.0128822 0)
(-0.0234215 0.0102973 0)
(-0.0272771 0.00198931 0)
(-0.0168488 -0.0138921 0)
(-0.0437005 -0.0285901 0)
(0.00777191 0.184406 0)
(0.123759 0.0802352 0)
(-0.57633 -0.00656711 0)
(-0.473754 0.0168997 0)
(0.0768322 -0.081534 0)
(0.117964 -0.119406 0)
(0.0767578 -0.102283 0)
(0.0874361 -0.0747159 0)
(0.0678983 -0.044688 0)
(0.0537564 -0.0154942 0)
(0.0395842 0.0101413 0)
(0.0437879 0.0189749 0)
(0.0287979 0.0209533 0)
(0.00790083 0.0130255 0)
(0.0506478 0.00729861 0)
(0.0777092 0.00825592 0)
(0.116056 0.00774367 0)
(0.140122 0.00849009 0)
(0.181574 0.00889657 0)
(0.244841 0.00237733 0)
(0.380616 -0.00259161 0)
(-0.00454944 0.0250255 0)
(-0.00881519 0.0242926 0)
(-0.0138641 0.0223529 0)
(-0.0199527 0.0193118 0)
(-0.0267751 0.0155285 0)
(-0.0308135 0.0112652 0)
(-0.0308589 0.0016128 0)
(-0.0250051 -0.0123407 0)
(-0.0507969 -0.0220041 0)
(-0.0698271 0.16126 0)
(0.101388 0.137976 0)
(-0.5614 0.0535723 0)
(-0.197302 0.0335122 0)
(-0.172893 -0.257341 0)
(0.0517014 -0.129524 0)
(0.0254039 -0.10071 0)
(0.0333992 -0.0719817 0)
(0.0335509 -0.040111 0)
(0.0559248 -0.0118534 0)
(0.063067 0.0124829 0)
(0.0579721 0.0199252 0)
(-0.00971539 0.0234113 0)
(0.100955 0.00889909 0)
(0.191635 0.00371087 0)
(0.258399 0.00594015 0)
(0.410208 0.00542601 0)
(0.528957 0.00270504 0)
(0.716236 -0.00620418 0)
(1.29678 -0.00948224 0)
(1.74028 -0.0062591 0)
(-0.00470963 0.0287744 0)
(-0.0102201 0.0281714 0)
(-0.0166372 0.0264773 0)
(-0.0241613 0.0235191 0)
(-0.0322453 0.019032 0)
(-0.0376394 0.0120282 0)
(-0.0374603 0.000358241 0)
(-0.0338815 -0.0103986 0)
(-0.0465306 -0.00986298 0)
(-0.097937 0.13226 0)
(0.195373 0.192803 0)
(-0.431124 0.142473 0)
(-0.538266 -0.0370151 0)
(-0.19391 -0.0767001 0)
(-0.00196114 -0.144307 0)
(-0.0134985 -0.0972654 0)
(-0.00755063 -0.0683352 0)
(0.0449978 -0.045858 0)
(0.0940155 -0.0197026 0)
(0.112146 0.00967722 0)
(0.0142983 0.024496 0)
(0.0391963 0.0189522 0)
(0.262646 -0.00391551 0)
(0.349872 -0.00486879 0)
(0.421234 -0.00693491 0)
(0.554489 -0.0114324 0)
(0.616728 -0.00741067 0)
(0.460717 -0.0209832 0)
(1.61023 -0.0467674 0)
(1.20177 0.00957922 0)
(-0.00465094 0.0337063 0)
(-0.0109101 0.0332236 0)
(-0.0180803 0.031732 0)
(-0.0262561 0.0287181 0)
(-0.0347637 0.0232543 0)
(-0.0412419 0.0136583 0)
(-0.0426781 -0.000539762 0)
(-0.0380338 -0.0106911 0)
(-0.0359302 -0.00189705 0)
(-0.0624434 0.0920753 0)
(0.227757 0.221146 0)
(-0.250058 0.223952 0)
(-0.329215 -0.0513691 0)
(0.153251 -0.384157 0)
(-0.0217217 -0.153121 0)
(-0.0119019 -0.101935 0)
(0.0449585 -0.0783498 0)
(0.112606 -0.0559805 0)
(0.134189 -0.0214737 0)
(0.0958522 0.0191646 0)
(-0.00424382 0.0307876 0)
(0.197538 0.000103391 0)
(0.358192 -0.0182118 0)
(0.463973 -0.0114192 0)
(0.49682 -0.00872608 0)
(0.524618 -0.00737532 0)
(0.505405 0.00884731 0)
(0.331582 -0.0676149 0)
(1.3894 -0.0603243 0)
(0.913152 0.0150782 0)
(-0.00429268 0.0394212 0)
(-0.0105132 0.0390107 0)
(-0.0174894 0.0376021 0)
(-0.025162 0.0343351 0)
(-0.032769 0.0277015 0)
(-0.0382081 0.0157254 0)
(-0.0386638 -0.00130861 0)
(-0.0323255 -0.0140781 0)
(-0.024207 -0.00388177 0)
(-0.0133101 0.0566581 0)
(0.177657 0.231791 0)
(-0.0981341 0.296997 0)
(-0.390772 0.0101734 0)
(-1.22694 -0.32644 0)
(-0.115251 -0.157071 0)
(0.012514 -0.11966 0)
(0.104954 -0.0933703 0)
(0.162571 -0.0665105 0)
(0.126501 -0.0183872 0)
(0.00484095 0.0268311 0)
(0.11657 0.0128187 0)
(0.309883 -0.0194273 0)
(0.41708 -0.0258502 0)
(0.502208 -0.0174244 0)
(0.717484 -0.0144546 0)
(0.603296 -0.00482241 0)
(0.216867 0.0106329 0)
(0.102356 -0.0834707 0)
(1.25447 -0.0688728 0)
(0.786181 0.0268393 0)
(-0.00358325 0.0451513 0)
(-0.0088031 0.044718 0)
(-0.0144666 0.0431849 0)
(-0.0203359 0.03939 0)
(-0.025629 0.0313938 0)
(-0.0286099 0.0170682 0)
(-0.0274874 -0.00262973 0)
(-0.0216758 -0.0180632 0)
(-0.0174365 -0.0121883 0)
(0.00411101 0.0339278 0)
(0.0886977 0.227454 0)
(0.0601177 0.382717 0)
(-0.205236 0.0481054 0)
(0.0582224 -0.197069 0)
(-0.0769113 -0.223572 0)
(0.0955025 -0.156833 0)
(0.111484 -0.107484 0)
(0.140438 -0.0634588 0)
(0.0790174 0.0022105 0)
(0.0180921 0.0271221 0)
(0.231351 -0.00575175 0)
(0.344226 -0.0320261 0)
(0.486882 -0.0546982 0)
(0.902061 -0.0407553 0)
(1.18234 -0.00950726 0)
(0.706409 0.0293078 0)
(0.170478 0.0343505 0)
(-0.127501 -0.118938 0)
(1.2134 -0.0893619 0)
(0.77022 0.0392553 0)
(-0.00257232 0.0498523 0)
(-0.00595099 0.049274 0)
(-0.00939079 0.0473718 0)
(-0.0125315 0.0428009 0)
(-0.0147545 0.0334544 0)
(-0.0151467 0.0174209 0)
(-0.0140704 -0.00340911 0)
(-0.0136826 -0.0193488 0)
(-0.0212982 -0.0175949 0)
(-0.009139 0.0247948 0)
(-0.00261664 0.193666 0)
(0.207823 0.408039 0)
(0.0765609 0.131896 0)
(0.519749 -0.271417 0)
(0.0141485 -0.492859 0)
(0.107307 -0.137644 0)
(0.0810541 -0.0928874 0)
(0.0809565 -0.0587553 0)
(0.0506799 0.00258833 0)
(0.103731 0.00263878 0)
(0.295323 -0.0348329 0)
(0.387266 -0.0499384 0)
(0.611518 -0.0616952 0)
(0.706246 -0.0738865 0)
(0.942165 0.00198006 0)
(0.613124 0.0677853 0)
(0.23028 0.0642856 0)
(-0.157932 -0.152635 0)
(1.21185 -0.119338 0)
(0.825471 0.0506999 0)
(-0.0014616 0.052538 0)
(-0.00268857 0.0517142 0)
(-0.00366376 0.0492734 0)
(-0.004037 0.043891 0)
(-0.00361062 0.0336935 0)
(-0.00288168 0.0176003 0)
(-0.00552275 -0.00116895 0)
(-0.0174366 -0.0134075 0)
(-0.0456301 -0.0114226 0)
(-0.0651088 0.0301365 0)
(-0.0977036 0.154415 0)
(0.201743 0.340314 0)
(0.0460664 0.0949927 0)
(-0.0741811 -0.301306 0)
(-0.670103 -0.0311494 0)
(0.006476 -0.161906 0)
(0.107183 -0.0984846 0)
(0.0752125 -0.0571466 0)
(0.0782206 -0.00128028 0)
(0.204233 -0.00773597 0)
(0.31512 -0.0461968 0)
(0.477287 -0.103221 0)
(1.07198 -0.077227 0)
(0.787306 -0.0827699 0)
(0.791273 0.00461261 0)
(0.491475 0.0973653 0)
(0.289988 0.0901662 0)
(-0.0174529 -0.189543 0)
(1.13363 -0.155435 0)
(0.916034 0.0585933 0)
(-0.000588309 0.0528548 0)
(-0.000221106 0.051755 0)
(0.000508633 0.0487707 0)
(0.0017564 0.0428466 0)
(0.00303132 0.0329009 0)
(0.00182409 0.019629 0)
(-0.00934729 0.00788592 0)
(-0.0401086 0.00427248 0)
(-0.097369 0.0115013 0)
(-0.156033 0.0398302 0)
(-0.189499 0.104768 0)
(0.119915 0.292967 0)
(-0.0913154 0.164881 0)
(-0.414154 -0.0954102 0)
(-0.295649 -0.626398 0)
(-0.318499 -0.286106 0)
(0.141431 -0.112697 0)
(0.0898098 -0.0576859 0)
(0.126258 -0.0244716 0)
(0.264376 -0.0436861 0)
(0.316397 -0.0770751 0)
(0.602341 -0.160432 0)
(0.314836 -0.0448067 0)
(0.426355 -0.0869425 0)
(0.550037 0.017265 0)
(0.344735 0.119134 0)
(0.301588 0.10557 0)
(0.139542 -0.216606 0)
(0.860657 -0.187451 0)
(0.947671 0.0557013 0)
(-0.000324027 0.0516867 0)
(0.000126828 0.0503891 0)
(0.000756991 0.0471044 0)
(0.00135412 0.0413599 0)
(0.00044955 0.0337655 0)
(-0.00718918 0.028472 0)
(-0.0331145 0.0330012 0)
(-0.0913461 0.04685 0)
(-0.19133 0.0602051 0)
(-0.288981 0.0590982 0)
(-0.293068 0.0651859 0)
(-0.0189965 0.242181 0)
(-0.0671111 0.230492 0)
(0.0945486 -0.17331 0)
(-0.46654 -0.274096 0)
(-0.0352843 -0.333143 0)
(0.251226 -0.191352 0)
(0.148501 -0.0599194 0)
(0.186495 -0.0314073 0)
(0.271311 -0.0484903 0)
(0.350967 -0.11808 0)
(0.8432 -0.117218 0)
(0.562743 -0.0338116 0)
(0.346809 -0.0807256 0)
(0.343987 0.0209011 0)
(0.208995 0.129587 0)
(0.280677 0.107502 0)
(0.202021 -0.228836 0)
(0.446247 -0.2003 0)
(0.795218 0.048775 0)
(-0.000909552 0.0518484 0)
(-0.00248771 0.0505067 0)
(-0.00437012 0.0473248 0)
(-0.00714029 0.0426436 0)
(-0.0130084 0.0394052 0)
(-0.0278682 0.0459251 0)
(-0.0598266 0.0717176 0)
(-0.117247 0.106648 0)
(-0.20847 0.109947 0)
(-0.28712 0.0641036 0)
(-0.298478 0.0373065 0)
(-0.177461 0.185604 0)
(-0.184342 0.24203 0)
(0.387197 0.0141582 0)
(-0.104495 -0.100217 0)
(0.337324 -0.482064 0)
(-0.118935 -0.241637 0)
(0.173721 -0.0592908 0)
(0.227502 -0.0567709 0)
(0.249165 -0.0741117 0)
(0.233975 -0.172848 0)
(0.212682 -0.109265 0)
(0.197546 -0.0483409 0)
(0.164235 -0.0614223 0)
(0.161372 0.0284094 0)
(0.102897 0.13095 0)
(0.253196 0.100791 0)
(0.190262 -0.226602 0)
(0.0741299 -0.223006 0)
(0.507273 0.0415927 0)
(-0.00237153 0.0564329 0)
(-0.00819336 0.0553649 0)
(-0.0155069 0.0531232 0)
(-0.0257042 0.0511158 0)
(-0.0413481 0.0544356 0)
(-0.0649903 0.0728355 0)
(-0.0916762 0.112533 0)
(-0.111833 0.158749 0)
(-0.137656 0.163591 0)
(-0.171417 0.105105 0)
(-0.184837 0.0550547 0)
(-0.141489 0.0953711 0)
(-0.202837 0.0572136 0)
(0.181113 -0.210357 0)
(0.21982 -0.336134 0)
(-0.259468 -0.483689 0)
(-0.288187 -0.0258639 0)
(0.25693 -0.0917283 0)
(0.238343 -0.0491022 0)
(0.0415026 -0.0460476 0)
(0.357495 -0.177003 0)
(0.334591 -0.0722169 0)
(0.0883922 -0.0362157 0)
(0.048709 -0.0558056 0)
(0.0302016 0.0297413 0)
(0.0373686 0.123651 0)
(0.226952 0.0905844 0)
(0.169324 -0.217703 0)
(-0.0252639 -0.220489 0)
(0.192133 0.0126055 0)
(-0.00404363 0.0720946 0)
(-0.0143886 0.0726853 0)
(-0.0273749 0.0742572 0)
(-0.0447643 0.0778111 0)
(-0.0681496 0.085318 0)
(-0.0953097 0.0999424 0)
(-0.113206 0.124679 0)
(-0.105768 0.153293 0)
(-0.0817072 0.15388 0)
(-0.0561464 0.10334 0)
(-0.0355744 0.0472988 0)
(0.066188 0.120306 0)
(0.0388875 0.0500772 0)
(0.106054 -0.220844 0)
(0.192186 -0.150007 0)
(-0.215613 -0.105246 0)
(-0.0955809 -0.321016 0)
(0.118854 -0.321461 0)
(0.0411597 -0.0188889 0)
(0.132423 -0.136658 0)
(0.0974145 -0.235247 0)
(0.307608 -0.0754146 0)
(0.0575328 -0.0124135 0)
(-0.0147162 -0.0462695 0)
(-0.0411307 0.0279546 0)
(0.00655464 0.110089 0)
(0.20186 0.0788794 0)
(0.146702 -0.204552 0)
(-0.111914 -0.207355 0)
(-0.0197787 0.0103856 0)
(-0.00168672 0.0894945 0)
(-0.00654931 0.0912282 0)
(-0.0121988 0.0951887 0)
(-0.0189488 0.101567 0)
(-0.0270436 0.109751 0)
(-0.0358423 0.118037 0)
(-0.0395282 0.124686 0)
(-0.0260671 0.127252 0)
(0.0103507 0.113889 0)
(0.0548605 0.0736801 0)
(0.0957069 0.00089808 0)
(0.144863 0.0571859 0)
(0.235696 0.0465905 0)
(0.166659 -0.157626 0)
(0.0990835 -0.152924 0)
(0.120202 -0.420442 0)
(0.0222974 -0.37571 0)
(0.0765671 -0.135764 0)
(-0.229338 -0.0239991 0)
(0.0748728 -0.0836789 0)
(-0.176397 -0.170557 0)
(0.0014029 -0.048381 0)
(-0.0558691 0.00744415 0)
(-0.0476223 -0.0388634 0)
(-0.067054 0.0236059 0)
(-0.00471321 0.093849 0)
(0.177017 0.0667834 0)
(0.130543 -0.189124 0)
(-0.129433 -0.19704 0)
(-0.101914 0.0074544 0)
(0.0011526 0.0909021 0)
(0.0028113 0.0922397 0)
(0.00517137 0.0952969 0)
(0.00888001 0.100208 0)
(0.0147835 0.106349 0)
(0.0235692 0.111511 0)
(0.0366091 0.111796 0)
(0.0566158 0.102174 0)
(0.0863727 0.0798451 0)
(0.118133 0.0420949 0)
(0.134766 -0.00149196 0)
(0.133789 0.0163208 0)
(0.2381 0.0222014 0)
(0.205614 -0.138531 0)
(0.130881 -0.13313 0)
(0.16902 -0.125785 0)
(0.0017519 -0.234799 0)
(-0.0645342 -0.136418 0)
(-0.0863051 -0.0233343 0)
(0.176025 -0.118694 0)
(-0.0478319 -0.187845 0)
(-0.0928581 -0.082611 0)
(-0.0681554 -0.00758936 0)
(-0.0561203 -0.0368276 0)
(-0.068961 0.0181274 0)
(-0.00828044 0.0776061 0)
(0.153133 0.0548322 0)
(0.115254 -0.172735 0)
(-0.124359 -0.180792 0)
(-0.118336 0.00475136 0)
(0.00257469 0.0832642 0)
(0.00718739 0.0839323 0)
(0.0127971 0.0854412 0)
(0.020063 0.0877824 0)
(0.0298574 0.0904395 0)
(0.0429208 0.0917898 0)
(0.0596218 0.088742 0)
(0.0788834 0.0770512 0)
(0.100126 0.0559826 0)
(0.115836 0.0282906 0)
(0.124497 -0.00074614 0)
(0.122299 -0.0243615 0)
(0.176358 -0.0285467 0)
(0.199271 -0.0798664 0)
(0.24655 -0.139604 0)
(0.111727 -0.296265 0)
(0.0246427 -0.176739 0)
(-0.0928188 -0.156038 0)
(-0.00824731 -0.0987083 0)
(-0.114825 -0.114752 0)
(-0.0653492 -0.118635 0)
(-0.107013 -0.0640731 0)
(-0.0653122 -0.0141174 0)
(-0.0565491 -0.0342803 0)
(-0.0625883 0.0125628 0)
(-0.00937978 0.0624011 0)
(0.130833 0.0432914 0)
(0.100506 -0.156573 0)
(-0.112594 -0.16504 0)
(-0.112708 0.00310261 0)
(0.00341721 0.0707711 0)
(0.0096516 0.0709147 0)
(0.0168653 0.0711992 0)
(0.0254909 0.071458 0)
(0.0360792 0.0711965 0)
(0.0491048 0.0693585 0)
(0.0647526 0.064248 0)
(0.0815545 0.0536461 0)
(0.0987124 0.037847 0)
(0.107776 0.017438 0)
(0.121033 -0.000839353 0)
(0.104707 -0.0120653 0)
(0.120515 -0.0659311 0)
(0.0846716 -0.114596 0)
(0.0415888 -0.102381 0)
(0.0268895 -0.0830723 0)
(-0.00468458 -0.174531 0)
(-0.0369471 -0.114562 0)
(-0.00726283 -0.0461469 0)
(0.0320102 -0.120238 0)
(-0.0614308 -0.158339 0)
(-0.085497 -0.063497 0)
(-0.0607277 -0.0256307 0)
(-0.0533381 -0.0322044 0)
(-0.0547587 0.0070681 0)
(-0.00955846 0.0484311 0)
(0.110482 0.0323591 0)
(0.0864878 -0.140681 0)
(-0.100109 -0.148799 0)
(-0.102502 0.00203678 0)
(0.00341441 0.0534081 0)
(0.00940192 0.0532749 0)
(0.0161634 0.0529388 0)
(0.0239139 0.0522539 0)
(0.0329027 0.0509296 0)
(0.0432973 0.0484663 0)
(0.0550022 0.0441358 0)
(0.0671743 0.0369285 0)
(0.0786812 0.0266389 0)
(0.0883957 0.0117729 0)
(0.0938404 -0.00254899 0)
(0.11144 -0.0268561 0)
(0.114698 -0.0190916 0)
(0.122667 -0.0596897 0)
(0.125489 -0.157513 0)
(0.0834103 -0.20415 0)
(0.0325873 -0.138262 0)
(-0.0262187 -0.128521 0)
(-0.00260177 -0.106071 0)
(-0.00702715 -0.102125 0)
(-0.0529416 -0.100821 0)
(-0.0738269 -0.0660024 0)
(-0.0549922 -0.0321374 0)
(-0.0492641 -0.0310036 0)
(-0.0473041 0.00173671 0)
(-0.00924911 0.0356576 0)
(0.0921727 0.0221494 0)
(0.0731464 -0.125779 0)
(-0.0883788 -0.133303 0)
(-0.091993 0.00119185 0)
(0.00306671 0.0397952 0)
(0.00830263 0.0395296 0)
(0.0141789 0.038909 0)
(0.0208203 0.0377551 0)
(0.0283453 0.0357716 0)
(0.0368184 0.0325309 0)
(0.0462088 0.0275246 0)
(0.0561725 0.0202567 0)
(0.066269 0.0105723 0)
(0.0750884 -0.00150384 0)
(0.0841141 -0.0159633 0)
(0.0854118 -0.0279338 0)
(0.0914201 -0.0712028 0)
(0.103681 -0.0610043 0)
(0.0506363 -0.0618209 0)
(0.0310352 -0.0832892 0)
(0.00599567 -0.121868 0)
(-0.00979951 -0.102575 0)
(-0.00634797 -0.0817004 0)
(-0.0118489 -0.102253 0)
(-0.044853 -0.108255 0)
(-0.0597573 -0.0633975 0)
(-0.0497296 -0.0375979 0)
(-0.0446556 -0.030505 0)
(-0.0405698 -0.00340407 0)
(-0.00863921 0.0241136 0)
(0.0759013 0.012741 0)
(0.0607107 -0.11186 0)
(-0.0775997 -0.118525 0)
(-0.081826 0.000414082 0)
(0.00288717 0.0242475 0)
(0.00772542 0.0239068 0)
(0.0130743 0.0231632 0)
(0.0189719 0.0219401 0)
(0.0254281 0.0201531 0)
(0.0324118 0.017684 0)
(0.0398138 0.0143238 0)
(0.0473537 0.00969658 0)
(0.0545267 0.00332059 0)
(0.0608836 -0.00553797 0)
(0.0646564 -0.0167644 0)
(0.0720392 -0.0325669 0)
(0.0630594 -0.0428593 0)
(0.063862 -0.0777153 0)
(0.0796782 -0.112932 0)
(0.0523331 -0.126538 0)
(0.0255252 -0.110548 0)
(-0.00251845 -0.104321 0)
(-0.00227348 -0.0907711 0)
(-0.0116892 -0.0937145 0)
(-0.038114 -0.0908556 0)
(-0.0496511 -0.0630312 0)
(-0.0442773 -0.041082 0)
(-0.0398142 -0.030787 0)
(-0.0345442 -0.00831921 0)
(-0.00787975 0.0137772 0)
(0.0615839 0.00423115 0)
(0.0493107 -0.0992572 0)
(-0.0677348 -0.104746 0)
(-0.0720882 -0.000290736 0)
(0.0023779 0.0104358 0)
(0.0061494 0.0102147 0)
(0.0103046 0.00971553 0)
(0.0148607 0.00880623 0)
(0.0198341 0.00728749 0)
(0.025232 0.00491719 0)
(0.0310269 0.00145234 0)
(0.0371593 -0.00329451 0)
(0.0434986 -0.0094279 0)
(0.0497056 -0.0169373 0)
(0.0555547 -0.0258182 0)
(0.0596055 -0.0345207 0)
(0.064304 -0.0504986 0)
(0.0621048 -0.0475121 0)
(0.0425726 -0.0672649 0)
(0.031712 -0.0784606 0)
(0.0148959 -0.0949454 0)
(0.00139772 -0.090248 0)
(-0.00254091 -0.0849442 0)
(-0.0125439 -0.0888322 0)
(-0.0317432 -0.0835214 0)
(-0.0408002 -0.0619036 0)
(-0.0387853 -0.0433693 0)
(-0.0348847 -0.0316816 0)
(-0.029171 -0.0129908 0)
(-0.00706603 0.0045735 0)
(0.0491231 -0.00325564 0)
(0.0390523 -0.0879203 0)
(-0.0586722 -0.0920173 0)
(-0.0628049 -0.000908437 0)
(0.00196696 -0.000468532 0)
(0.00505102 -0.000739969 0)
(0.00846362 -0.00131652 0)
(0.0122265 -0.00225071 0)
(0.0163413 -0.00359495 0)
(0.0207703 -0.00542525 0)
(0.0254214 -0.00786984 0)
(0.030147 -0.011127 0)
(0.034742 -0.0154751 0)
(0.0389618 -0.0212364 0)
(0.0423593 -0.0286812 0)
(0.0450449 -0.0383229 0)
(0.043461 -0.0492469 0)
(0.0439227 -0.06614 0)
(0.0424438 -0.0767496 0)
(0.0309562 -0.0851217 0)
(0.0176278 -0.0873223 0)
(0.0043183 -0.0852512 0)
(-0.00150588 -0.0814718 0)
(-0.0115621 -0.082917 0)
(-0.026059 -0.0761092 0)
(-0.0335249 -0.0605636 0)
(-0.033305 -0.0447557 0)
(-0.0300219 -0.0329715 0)
(-0.0243845 -0.0172932 0)
(-0.00623625 -0.00334717 0)
(0.0384313 -0.00975694 0)
(0.0300464 -0.0778181 0)
(-0.0503139 -0.0803353 0)
(-0.0540149 -0.00148242 0)
(0.00160591 -0.011319 0)
(0.00404048 -0.0114935 0)
(0.00670836 -0.0118656 0)
(0.00960852 -0.0125012 0)
(0.0127336 -0.0134929 0)
(0.0160696 -0.0149583 0)
(0.0195915 -0.0170266 0)
(0.0232482 -0.0198218 0)
(0.0269322 -0.0234503 0)
(0.030456 -0.028 0)
(0.0335408 -0.0335291 0)
(0.0357406 -0.0399449 0)
(0.0368703 -0.0476101 0)
(0.0354148 -0.0532923 0)
(0.0303532 -0.0642758 0)
(0.0236927 -0.0716717 0)
(0.0143934 -0.078037 0)
(0.00517748 -0.078149 0)
(-0.00124158 -0.0767939 0)
(-0.0101425 -0.0772437 0)
(-0.0209962 -0.0707072 0)
(-0.0272879 -0.0589052 0)
(-0.0279821 -0.0455392 0)
(-0.0252964 -0.034362 0)
(-0.0200827 -0.0211113 0)
(-0.00544659 -0.0100736 0)
(0.0293589 -0.0152761 0)
(0.0223418 -0.0690417 0)
(-0.0425731 -0.0698714 0)
(-0.0457102 -0.00201823 0)
(0.00123094 -0.019246 0)
(0.00305121 -0.0194064 0)
(0.00505838 -0.01974 0)
(0.00726037 -0.0202869 0)
(0.0096553 -0.0210968 0)
(0.0122248 -0.0222353 0)
(0.0149272 -0.0237888 0)
(0.0176932 -0.0258656 0)
(0.0204203 -0.0285898 0)
(0.0229711 -0.0320841 0)
(0.0251448 -0.0364552 0)
(0.0266914 -0.041768 0)
(0.0271399 -0.0479357 0)
(0.0264905 -0.0551127 0)
(0.0239306 -0.0617405 0)
(0.019043 -0.0674908 0)
(0.0123757 -0.0716326 0)
(0.00523974 -0.0727754 0)
(-0.000886209 -0.072351 0)
(-0.00842523 -0.0719198 0)
(-0.0165939 -0.0663607 0)
(-0.0218549 -0.0571256 0)
(-0.0229218 -0.045911 0)
(-0.0207909 -0.0357261 0)
(-0.0162416 -0.0245624 0)
(-0.00469592 -0.0158207 0)
(0.0217973 -0.01984 0)
(0.0159504 -0.0615136 0)
(-0.0353345 -0.0607016 0)
(-0.0378758 -0.00249993 0)
(0.000946355 -0.0263364 0)
(0.00230686 -0.0264519 0)
(0.00379955 -0.0266882 0)
(0.0054254 -0.027078 0)
(0.00718028 -0.0276658 0)
(0.00905239 -0.0285116 0)
(0.0110182 -0.029689 0)
(0.0130373 -0.0312783 0)
(0.0150447 -0.0333597 0)
(0.0169416 -0.0360034 0)
(0.018571 -0.0392673 0)
(0.0197435 -0.0431702 0)
(0.0202172 -0.0476876 0)
(0.0196513 -0.0525545 0)
(0.0177492 -0.057855 0)
(0.0144648 -0.0625465 0)
(0.0098426 -0.0662522 0)
(0.00459812 -0.0679139 0)
(-0.0006469 -0.0681417 0)
(-0.006671 -0.067303 0)
(-0.0127832 -0.0628131 0)
(-0.0170475 -0.0554068 0)
(-0.018204 -0.0460263 0)
(-0.0165721 -0.0369925 0)
(-0.0128019 -0.027583 0)
(-0.00396354 -0.0205236 0)
(0.0156209 -0.0234747 0)
(0.0108391 -0.0551681 0)
(-0.0285058 -0.0528668 0)
(-0.0304798 -0.00295023 0)
(0.000682392 -0.0315184 0)
(0.00162789 -0.0316112 0)
(0.00266818 -0.031797 0)
(0.00380588 -0.0320989 0)
(0.00503942 -0.0325482 0)
(0.00636039 -0.0331883 0)
(0.00775037 -0.0340745 0)
(0.00917755 -0.0352691 0)
(0.0105939 -0.0368363 0)
(0.0119293 -0.038835 0)
(0.0130801 -0.0413146 0)
(0.0139125 -0.0442896 0)
(0.014264 -0.0477475 0)
(0.0139532 -0.0515693 0)
(0.0127513 -0.0555173 0)
(0.0105609 -0.0592058 0)
(0.0074227 -0.0622168 0)
(0.00365058 -0.0639683 0)
(-0.000456049 -0.064439 0)
(-0.00501767 -0.0635045 0)
(-0.00948418 -0.0599156 0)
(-0.0127724 -0.0538969 0)
(-0.013837 -0.0460366 0)
(-0.0126353 -0.0380741 0)
(-0.00967823 -0.0301213 0)
(-0.00320947 -0.0242827 0)
(0.0106659 -0.0262812 0)
(0.00691959 -0.0500084 0)
(-0.0219826 -0.0464154 0)
(-0.0234398 -0.0032956 0)
(0.000465222 -0.0355004 0)
(0.00108271 -0.035572 0)
(0.00176254 -0.0357123 0)
(0.0025066 -0.0359382 0)
(0.00331403 -0.0362734 0)
(0.00417979 -0.0367516 0)
(0.00509253 -0.0374167 0)
(0.00603237 -0.038318 0)
(0.00696847 -0.0395043 0)
(0.00785316 -0.0410209 0)
(0.00861907 -0.0429036 0)
(0.00917705 -0.045168 0)
(0.0094337 -0.0477988 0)
(0.00925781 -0.0507212 0)
(0.00852145 -0.0537999 0)
(0.00714583 -0.0567453 0)
(0.00511479 -0.0592523 0)
(0.0025855 -0.0609002 0)
(-0.000320026 -0.0614522 0)
(-0.00351334 -0.0605745 0)
(-0.00658943 -0.0576481 0)
(-0.00892878 -0.0526664 0)
(-0.0097759 -0.0459915 0)
(-0.00895155 -0.0389387 0)
(-0.00682581 -0.032134 0)
(-0.00241067 -0.0271528 0)
(0.00677411 -0.0283441 0)
(0.00406583 -0.0460674 0)
(-0.0156382 -0.0414181 0)
(-0.0166697 -0.00357917 0)
(0.000276583 -0.0379444 0)
(0.000623676 -0.0380063 0)
(0.00100536 -0.0381259 0)
(0.00142299 -0.038316 0)
(0.00187678 -0.0385941 0)
(0.00236466 -0.0389855 0)
(0.00288053 -0.0395234 0)
(0.00341276 -0.0402462 0)
(0.00394268 -0.0411932 0)
(0.00444305 -0.0424014 0)
(0.00487724 -0.0439004 0)
(0.0051969 -0.0457057 0)
(0.00535114 -0.0478055 0)
(0.00526432 -0.0501579 0)
(0.00487013 -0.0526451 0)
(0.00411866 -0.0550869 0)
(0.00297963 -0.057215 0)
(0.0015128 -0.058712 0)
(-0.00022134 -0.0592767 0)
(-0.00213608 -0.0585071 0)
(-0.00396678 -0.0560404 0)
(-0.00538247 -0.0517834 0)
(-0.00592687 -0.0459635 0)
(-0.00543636 -0.0396061 0)
(-0.00412742 -0.0335846 0)
(-0.00152815 -0.0291263 0)
(0.00368768 -0.0297411 0)
(0.00206332 -0.0433684 0)
(-0.00933436 -0.0379468 0)
(-0.00999688 -0.00377559 0)
(9.89246e-05 -0.0394781 0)
(0.000213947 -0.0395378 0)
(0.000338197 -0.0396531 0)
(0.000471552 -0.0398355 0)
(0.00061403 -0.0400992 0)
(0.000765159 -0.040463 0)
(0.000923365 -0.0409512 0)
(0.00108535 -0.0415921 0)
(0.00124558 -0.0424161 0)
(0.00139574 -0.0434529 0)
(0.00152459 -0.0447272 0)
(0.00161857 -0.0462525 0)
(0.00166008 -0.0480222 0)
(0.00162717 -0.0500018 0)
(0.00150333 -0.0520976 0)
(0.0012677 -0.0541712 0)
(0.00090802 -0.0559954 0)
(0.000433177 -0.0572904 0)
(-0.000139254 -0.057752 0)
(-0.000791072 -0.0570199 0)
(-0.00140264 -0.0548164 0)
(-0.00187778 -0.0510013 0)
(-0.00206823 -0.0457594 0)
(-0.00189134 -0.039921 0)
(-0.00142284 -0.0344348 0)
(-0.000542376 -0.0304043 0)
(0.00109923 -0.0306707 0)
(0.000588029 -0.0416599 0)
(-0.00291028 -0.0356511 0)
(-0.0031501 -0.00379861 0)
)
;

boundaryField
{
    leftWall
    {
        type            fixedValue;
        value           uniform (0 0 0);
    }
    rightWall
    {
        type            fixedValue;
        value           uniform (0 0 0);
    }
    lowerWall
    {
        type            fixedValue;
        value           uniform (0 0 0);
    }
    atmosphere
    {
        type            pressureInletOutletVelocity;
        value           nonuniform List<vector> 
120
(
(-0.203921 0.00234461 0)
(-0.380315 -0.00258979 0)
(-1.73683 -0.00621143 0)
(-1.18831 0.00972415 0)
(-0.896947 0.0154117 0)
(-0.767895 0.0273413 0)
(-0.750235 0.0399648 0)
(-0.804731 0.0516901 0)
(-0.893287 0.0604847 0)
(-0.936229 0.0588271 0)
(-0.796574 0.0528594 0)
(-0.515504 0.0467356 0)
(-0.20493 0.0189607 0)
(0.0120524 0 0)
(0.0975026 0 0)
(0.11532 0 0)
(0.110336 0 0)
(0.10043 0 0)
(0.0901832 0 0)
(0.0802975 0 0)
(0.070802 0 0)
(0.061731 0 0)
(0.0531142 0 0)
(0.0449849 0 0)
(0.0373123 0 0)
(0.0300415 0 0)
(0.0231277 0 0)
(0.016455 0 0)
(0.00987266 0 0)
(0.00311045 0 0)
(0 -0.00360469 0)
(0 -0.035364 0)
(0 -0.0420096 0)
(0 -0.0309849 0)
(0 -0.0305528 0)
(0 -0.0343131 0)
(0 -0.0396504 0)
(0 -0.0453084 0)
(0 -0.0504529 0)
(0 -0.0541835 0)
(0 -0.0563331 0)
(0 -0.0570294 0)
(0 -0.0565448 0)
(0 -0.055243 0)
(0 -0.0534265 0)
(0 -0.0513762 0)
(0 -0.0493162 0)
(0 -0.0473833 0)
(0 -0.0456678 0)
(0 -0.0442007 0)
(0 -0.0429879 0)
(0 -0.0420131 0)
(0 -0.0412504 0)
(0 -0.0406689 0)
(0 -0.0402371 0)
(0 -0.0399256 0)
(0 -0.0397095 0)
(0 -0.0395692 0)
(0 -0.0394908 0)
(0 -0.0394631 0)
(0 -0.0394781 0)
(0 -0.0395378 0)
(0 -0.0396531 0)
(0 -0.0398355 0)
(0 -0.0400992 0)
(0 -0.040463 0)
(0 -0.0409512 0)
(0 -0.0415921 0)
(0 -0.0424161 0)
(0 -0.0434529 0)
(0 -0.0447272 0)
(0 -0.0462525 0)
(0 -0.0480222 0)
(0 -0.0500018 0)
(0 -0.0520976 0)
(0 -0.0541712 0)
(0 -0.0559954 0)
(0 -0.0572904 0)
(0 -0.057752 0)
(0 -0.0570199 0)
(0 -0.0548164 0)
(0 -0.0510013 0)
(0 -0.0457594 0)
(0 -0.039921 0)
(0 -0.0344348 0)
(0 -0.0304043 0)
(0 -0.0306707 0)
(0 -0.0416599 0)
(0 -0.0356511 0)
(0 -0.00379861 0)
(0.204011 0.00234766 0)
(0.380616 -0.00259161 0)
(1.74028 -0.0062591 0)
(1.20177 0.00957922 0)
(0.913152 0.0150782 0)
(0.786181 0.0268393 0)
(0.77022 0.0392553 0)
(0.825471 0.0506999 0)
(0.916034 0.0585933 0)
(0.947671 0.0557013 0)
(0.795218 0.048775 0)
(0.507273 0.0415927 0)
(0.192133 0.0126055 0)
(-0.0197787 0 0)
(-0.101914 0 0)
(-0.118336 0 0)
(-0.112708 0 0)
(-0.102502 0 0)
(-0.091993 0 0)
(-0.081826 0 0)
(-0.0720882 0 0)
(-0.0628049 0 0)
(-0.0540149 0 0)
(-0.0457102 0 0)
(-0.0378758 0 0)
(-0.0304798 0 0)
(-0.0234398 0 0)
(-0.0166697 0 0)
(-0.00999688 0 0)
(-0.0031501 0 0)
)
;
    }
    defaultFaces
    {
        type            empty;
    }
}


// ************************************************************************* //
