/*--------------------------------*- C++ -*----------------------------------*\
| =========                 |                                                 |
| \\      /  F ield         | OpenFOAM: The Open Source CFD Toolbox           |
|  \\    /   O peration     | Version:  2.4.0                                 |
|   \\  /    A nd           | Web:      www.OpenFOAM.org                      |
|    \\/     M anipulation  |                                                 |
\*---------------------------------------------------------------------------*/
FoamFile
{
    version     2.0;
    format      ascii;
    class       volVectorField;
    location    "1.3";
    object      U;
}
// * * * * * * * * * * * * * * * * * * * * * * * * * * * * * * * * * * * * * //

dimensions      [0 1 -1 0 0 0 0];

internalField   nonuniform List<vector> 
2400
(
(-0.00177672 0.000888481 0)
(-0.00536973 0.000908254 0)
(-0.00908044 0.000947127 0)
(-0.0129867 0.00100609 0)
(-0.017169 0.00108521 0)
(-0.0217085 0.00118469 0)
(-0.0266859 0.0013042 0)
(-0.0321791 0.00144261 0)
(-0.0382587 0.00159735 0)
(-0.0449809 0.00176364 0)
(-0.0523761 0.00193351 0)
(-0.0604345 0.00209451 0)
(-0.0690843 0.00222815 0)
(-0.0781644 0.00230821 0)
(-0.0873909 0.00229921 0)
(-0.0963201 0.00215608 0)
(-0.104313 0.00182609 0)
(-0.110516 0.00125376 0)
(-0.113848 0.000388239 0)
(-0.113095 -0.000785126 0)
(-0.00177083 0.00266269 0)
(-0.00535195 0.00272232 0)
(-0.00905106 0.00283928 0)
(-0.0129472 0.00301656 0)
(-0.0171214 0.0032546 0)
(-0.0216558 0.00355404 0)
(-0.026633 0.00391405 0)
(-0.032133 0.00433138 0)
(-0.0382295 0.00479849 0)
(-0.0449822 0.00530127 0)
(-0.0524262 0.00581594 0)
(-0.0605565 0.00630514 0)
(-0.0693059 0.00671319 0)
(-0.0785164 0.00696082 0)
(-0.0879033 0.00694032 0)
(-0.0970156 0.00651445 0)
(-0.105198 0.00552251 0)
(-0.111572 0.0037978 0)
(-0.115024 0.00120167 0)
(-0.114447 -0.00230693 0)
(-0.00174996 0.00442349 0)
(-0.00528883 0.00452241 0)
(-0.00894472 0.00471755 0)
(-0.0127964 0.00501315 0)
(-0.0169245 0.00541034 0)
(-0.0214116 0.00591042 0)
(-0.0263407 0.00651238 0)
(-0.0317939 0.00721128 0)
(-0.0378476 0.00799523 0)
(-0.0445666 0.00884153 0)
(-0.0519935 0.00971143 0)
(-0.0601341 0.0105436 0)
(-0.0689365 0.0112463 0)
(-0.0782627 0.0116876 0)
(-0.0878526 0.0116875 0)
(-0.0972807 0.011014 0)
(-0.105912 0.00939362 0)
(-0.112869 0.00654077 0)
(-0.117002 0.00222358 0)
(-0.117051 -0.00363884 0)
(-0.0017208 0.00615934 0)
(-0.00520094 0.00629713 0)
(-0.00879724 0.00657001 0)
(-0.0125883 0.00698326 0)
(-0.0166549 0.00753905 0)
(-0.0210803 0.00823959 0)
(-0.0259494 0.00908422 0)
(-0.0313472 0.010067 0)
(-0.0373558 0.0111727 0)
(-0.0440477 0.0123713 0)
(-0.0514771 0.0136109 0)
(-0.0596656 0.0148083 0)
(-0.0685824 0.015838 0)
(-0.0781164 0.0165185 0)
(-0.0880379 0.0165989 0)
(-0.0979506 0.015751 0)
(-0.107237 0.0135807 0)
(-0.115009 0.00966686 0)
(-0.120056 0.00365036 0)
(-0.121003 -0.00462058 0)
(-0.00168198 0.00786123 0)
(-0.00508404 0.00803747 0)
(-0.0086011 0.00838752 0)
(-0.0123114 0.00891772 0)
(-0.0162957 0.00963162 0)
(-0.0206382 0.0105328 0)
(-0.025426 0.0116216 0)
(-0.0307483 0.0128921 0)
(-0.0366938 0.0143271 0)
(-0.0433454 0.0158911 0)
(-0.0507723 0.017521 0)
(-0.0590171 0.0191151 0)
(-0.0680771 0.0205172 0)
(-0.077877 0.0214995 0)
(-0.0882302 0.0217421 0)
(-0.0987831 0.0208183 0)
(-0.108947 0.0182023 0)
(-0.117828 0.0133155 0)
(-0.124139 0.00563778 0)
(-0.126352 -0.00509016 0)
(-0.00163361 0.00951955 0)
(-0.00493839 0.00973373 0)
(-0.0083566 0.0101601 0)
(-0.0119658 0.0108063 0)
(-0.0158468 0.0116774 0)
(-0.0200846 0.0127791 0)
(-0.0247688 0.0141136 0)
(-0.0299934 0.0156763 0)
(-0.0358551 0.0174495 0)
(-0.0424492 0.0193946 0)
(-0.0498632 0.0214406 0)
(-0.0581652 0.0234703 0)
(-0.0673874 0.025302 0)
(-0.0775005 0.026666 0)
(-0.0883743 0.0271768 0)
(-0.0997155 0.0263083 0)
(-0.110983 0.0233901 0)
(-0.121285 0.0176576 0)
(-0.129249 0.00838036 0)
(-0.133161 -0.00487446 0)
(-0.00157584 0.0111248 0)
(-0.00476438 0.0113763 0)
(-0.0080643 0.0118779 0)
(-0.0115522 0.0126385 0)
(-0.0153086 0.0136656 0)
(-0.0194193 0.0149673 0)
(-0.0239764 0.0165487 0)
(-0.0290791 0.018408 0)
(-0.0348331 0.0205292 0)
(-0.0413481 0.0228733 0)
(-0.0487323 0.0253648 0)
(-0.0570837 0.0278758 0)
(-0.0664758 0.0302046 0)
(-0.0769353 0.0320466 0)
(-0.0884037 0.032957 0)
(-0.10067 0.0323103 0)
(-0.113265 0.0292801 0)
(-0.125325 0.0228809 0)
(-0.13539 0.012106 0)
(-0.1415 -0.00376109 0)
(-0.00150886 0.0126678 0)
(-0.00456253 0.0129557 0)
(-0.00772494 0.013531 0)
(-0.0110714 0.0144041 0)
(-0.0146817 0.0155852 0)
(-0.0186422 0.0170856 0)
(-0.0230474 0.0189144 0)
(-0.0280018 0.0210743 0)
(-0.0336208 0.0235535 0)
(-0.0400295 0.0263155 0)
(-0.0473595 0.0292847 0)
(-0.0557422 0.0323279 0)
(-0.065298 0.0352303 0)
(-0.0761193 0.0376618 0)
(-0.0882361 0.0391277 0)
(-0.101546 0.0389082 0)
(-0.115688 0.0360107 0)
(-0.129861 0.0291901 0)
(-0.142547 0.0170958 0)
(-0.151442 -0.00136354 0)
(-0.00143287 0.0141392 0)
(-0.00433347 0.0144626 0)
(-0.00733952 0.0151096 0)
(-0.0105245 0.0160927 0)
(-0.0139671 0.017425 0)
(-0.0177537 0.0191217 0)
(-0.0219809 0.0211975 0)
(-0.0267582 0.023661 0)
(-0.0322108 0.0265074 0)
(-0.0384803 0.0297065 0)
(-0.0457234 0.033187 0)
(-0.0541074 0.0368163 0)
(-0.0638043 0.0403754 0)
(-0.0749808 0.0435208 0)
(-0.087773 0.0457226 0)
(-0.102219 0.0461769 0)
(-0.118112 0.0437196 0)
(-0.134766 0.0368078 0)
(-0.150631 0.023658 0)
(-0.163067 0.0026942 0)
(-0.00134818 0.0155303 0)
(-0.00407804 0.0158879 0)
(-0.0069093 0.0166043 0)
(-0.00991311 0.017694 0)
(-0.0131664 0.0191736 0)
(-0.0167549 0.0210631 0)
(-0.0207765 0.0233837 0)
(-0.0253454 0.0261521 0)
(-0.0305962 0.0293735 0)
(-0.0366873 0.0330278 0)
(-0.0438016 0.0370529 0)
(-0.0521441 0.0413236 0)
(-0.0619407 0.0456263 0)
(-0.0734391 0.0496193 0)
(-0.0868992 0.052759 0)
(-0.102535 0.0541775 0)
(-0.120357 0.052541 0)
(-0.13987 0.045972 0)
(-0.159549 0.0321414 0)
(-0.176416 0.00877224 0)
(-0.00125513 0.0168326 0)
(-0.00379724 0.0172229 0)
(-0.00643588 0.0180056 0)
(-0.00923923 0.0191978 0)
(-0.0122818 0.0208197 0)
(-0.0156477 0.0228968 0)
(-0.0194351 0.0254579 0)
(-0.0237617 0.0285303 0)
(-0.028771 0.0321317 0)
(-0.034638 0.0362569 0)
(-0.0415721 0.0408585 0)
(-0.0498164 0.0458247 0)
(-0.0596508 0.0509573 0)
(-0.0714068 0.0559359 0)
(-0.0854834 0.0602328 0)
(-0.102313 0.06295 0)
(-0.122194 0.0625982 0)
(-0.144935 0.0569338 0)
(-0.169148 0.0429643 0)
(-0.191519 0.0174161 0)
(-0.00115412 0.0180377 0)
(-0.00349228 0.018459 0)
(-0.00592121 0.0193046 0)
(-0.00850543 0.0205942 0)
(-0.0113161 0.0223519 0)
(-0.0144348 0.0246096 0)
(-0.0179585 0.0274045 0)
(-0.0220069 0.0307763 0)
(-0.0267307 0.0347592 0)
(-0.0323211 0.0393677 0)
(-0.0390141 0.0445741 0)
(-0.0470898 0.0502859 0)
(-0.0568787 0.05633 0)
(-0.0687927 0.0624288 0)
(-0.0833799 0.0681118 0)
(-0.101335 0.0725037 0)
(-0.123339 0.0739948 0)
(-0.149643 0.0699548 0)
(-0.179186 0.0566049 0)
(-0.208387 0.0293651 0)
(-0.00104563 0.0191382 0)
(-0.0031646 0.0195882 0)
(-0.00536766 0.0204926 0)
(-0.00771491 0.0218735 0)
(-0.0102732 0.0237592 0)
(-0.0131203 0.0261879 0)
(-0.0163504 0.0292068 0)
(-0.0200826 0.0328696 0)
(-0.024473 0.0372308 0)
(-0.0297276 0.0423297 0)
(-0.036109 0.0481643 0)
(-0.0439331 0.0546658 0)
(-0.0535723 0.0616921 0)
(-0.0655062 0.0690325 0)
(-0.0804318 0.0763277 0)
(-0.0993499 0.0828049 0)
(-0.123435 0.0867987 0)
(-0.153569 0.0852928 0)
(-0.189262 0.0736039 0)
(-0.226787 0.0454714 0)
(-0.000930238 0.0201266 0)
(-0.0028159 0.0206031 0)
(-0.00477801 0.0215615 0)
(-0.00687151 0.0230264 0)
(-0.00915801 0.0250306 0)
(-0.0117099 0.0276187 0)
(-0.0146163 0.0308481 0)
(-0.0179931 0.0347884 0)
(-0.0219983 0.0395182 0)
(-0.0268512 0.0451084 0)
(-0.0328416 0.0515889 0)
(-0.0403201 0.058916 0)
(-0.0496875 0.0669784 0)
(-0.0614642 0.0756547 0)
(-0.0764775 0.084766 0)
(-0.0960732 0.0937602 0)
(-0.122052 0.101023 0)
(-0.156153 0.103183 0)
(-0.198825 0.0945539 0)
(-0.246511 0.0667481 0)
(-0.000808571 0.0209965 0)
(-0.00244807 0.0214968 0)
(-0.00415546 0.0225038 0)
(-0.00597975 0.0240445 0)
(-0.00797626 0.0261559 0)
(-0.0102105 0.028889 0)
(-0.0127641 0.0323115 0)
(-0.0157457 0.0365099 0)
(-0.0193105 0.0415907 0)
(-0.0236888 0.0476652 0)
(-0.0292005 0.0548031 0)
(-0.0362319 0.0629835 0)
(-0.0451943 0.0721126 0)
(-0.0566008 0.0821748 0)
(-0.0713609 0.0932559 0)
(-0.0911903 0.105197 0)
(-0.118669 0.116598 0)
(-0.156677 0.123819 0)
(-0.207079 0.120107 0)
(-0.266991 0.0944965 0)
(-0.00068135 0.0217418 0)
(-0.00206328 0.0222628 0)
(-0.00350363 0.0233123 0)
(-0.00504482 0.0249196 0)
(-0.0067349 0.0271253 0)
(-0.00863099 0.0299865 0)
(-0.0108044 0.0335803 0)
(-0.0133515 0.0380101 0)
(-0.0164181 0.0434143 0)
(-0.0202414 0.0499561 0)
(-0.0251774 0.0577565 0)
(-0.0316581 0.0668125 0)
(-0.0400825 0.0770099 0)
(-0.0508805 0.0884386 0)
(-0.0649468 0.101549 0)
(-0.0843653 0.116824 0)
(-0.112672 0.133317 0)
(-0.154221 0.147245 0)
(-0.212896 0.150787 0)
(-0.287472 0.13008 0)
(-0.000549376 0.0223615 0)
(-0.0016639 0.0229002 0)
(-0.00282656 0.0239859 0)
(-0.00407259 0.0256501 0)
(-0.00544191 0.0279366 0)
(-0.00698191 0.0309077 0)
(-0.00875086 0.0346482 0)
(-0.0108267 0.0392769 0)
(-0.0133349 0.0449668 0)
(-0.0165139 0.0519506 0)
(-0.0207666 0.0604211 0)
(-0.0265971 0.0703886 0)
(-0.034371 0.0816403 0)
(-0.0443193 0.0943444 0)
(-0.0571474 0.109414 0)
(-0.075263 0.128359 0)
(-0.10337 0.151068 0)
(-0.147696 0.173926 0)
(-0.214808 0.188228 0)
(-0.306514 0.176748 0)
(-0.000413289 0.0227314 0)
(-0.00125225 0.0232812 0)
(-0.00212824 0.0243904 0)
(-0.00306887 0.0260917 0)
(-0.00410529 0.0284313 0)
(-0.00527417 0.0314744 0)
(-0.00661844 0.0353101 0)
(-0.00819047 0.0400664 0)
(-0.0100788 0.0459479 0)
(-0.0125106 0.0532794 0)
(-0.0159526 0.062352 0)
(-0.0210398 0.0731794 0)
(-0.0280938 0.0852717 0)
(-0.0369827 0.0988167 0)
(-0.0479161 0.115351 0)
(-0.0634819 0.13782 0)
(-0.0897593 0.167055 0)
(-0.135238 0.19931 0)
(-0.209916 0.225351 0)
(-0.322112 0.22765 0)
(-0.000276452 0.0249931 0)
(-0.000835834 0.025597 0)
(-0.00142117 0.0268154 0)
(-0.00205211 0.0286841 0)
(-0.00275067 0.0312549 0)
(-0.00354283 0.0345997 0)
(-0.00445563 0.0388141 0)
(-0.00550929 0.0440331 0)
(-0.00673063 0.0504943 0)
(-0.00831465 0.0586827 0)
(-0.0108195 0.0690998 0)
(-0.0151454 0.0819017 0)
(-0.0215949 0.0961227 0)
(-0.0294214 0.111581 0)
(-0.0379294 0.129957 0)
(-0.0499223 0.15776 0)
(-0.0736557 0.199088 0)
(-0.120929 0.251203 0)
(-0.205533 0.302162 0)
(-0.341719 0.326953 0)
(-8.53978e-05 0.0143161 0)
(-0.000254561 0.0146757 0)
(-0.000431679 0.0154057 0)
(-0.00062472 0.0165298 0)
(-0.000842285 0.0180857 0)
(-0.00109624 0.0201266 0)
(-0.00139575 0.0227236 0)
(-0.0017236 0.0259753 0)
(-0.00200985 0.0300592 0)
(-0.00238346 0.0353938 0)
(-0.0034063 0.0425464 0)
(-0.00590049 0.0516576 0)
(-0.00940121 0.0617616 0)
(-0.0122651 0.0728071 0)
(-0.0118173 0.0867219 0)
(-0.00860268 0.108965 0)
(-0.0109801 0.144472 0)
(-0.0311969 0.195684 0)
(-0.0836994 0.260378 0)
(-0.203384 0.325563 0)
(-0.109585 -0.00186191 0)
(-0.105069 -0.0026209 0)
(-0.0990382 -0.00340861 0)
(-0.0914153 -0.00420365 0)
(-0.0822165 -0.00498106 0)
(-0.0715058 -0.00571307 0)
(-0.0594043 -0.00637049 0)
(-0.0460915 -0.00692459 0)
(-0.031802 -0.00734921 0)
(-0.0168234 -0.0076231 0)
(-0.00146319 -0.00773198 0)
(0.0139477 -0.00767005 0)
(0.0290617 -0.0074404 0)
(0.0435716 -0.00705436 0)
(0.0571746 -0.00653099 0)
(0.0696189 -0.00589487 0)
(0.0807053 -0.00517404 0)
(0.0902927 -0.00439786 0)
(0.0982924 -0.00359516 0)
(0.104723 -0.002793 0)
(-0.111108 -0.00554437 0)
(-0.10666 -0.00783704 0)
(-0.100661 -0.0102204 0)
(-0.0930237 -0.0126291 0)
(-0.0837575 -0.0149873 0)
(-0.0729219 -0.0172101 0)
(-0.0606373 -0.0192085 0)
(-0.0470865 -0.0208943 0)
(-0.0325116 -0.0221872 0)
(-0.0172121 -0.0230215 0)
(-0.00151088 -0.0233534 0)
(0.014244 -0.0231648 0)
(0.0296872 -0.0224655 0)
(0.044496 -0.0212904 0)
(0.0583544 -0.0196983 0)
(0.0710013 -0.0177645 0)
(0.0822327 -0.0155752 0)
(0.0919065 -0.01322 0)
(0.0999362 -0.010787 0)
(0.106349 -0.00835828 0)
(-0.114078 -0.00908943 0)
(-0.109786 -0.0129673 0)
(-0.103867 -0.0170111 0)
(-0.0962153 -0.0211099 0)
(-0.0868264 -0.0251336 0)
(-0.0757514 -0.0289364 0)
(-0.0631083 -0.0323635 0)
(-0.0490854 -0.0352611 0)
(-0.0339399 -0.0374875 0)
(-0.017996 -0.0389261 0)
(-0.00160816 -0.0394997 0)
(0.0148399 -0.0391749 0)
(0.0309447 -0.03797 0)
(0.0463521 -0.0359474 0)
(0.0607186 -0.0332112 0)
(0.0737648 -0.0298942 0)
(0.0852771 -0.0261466 0)
(0.0951123 -0.0221244 0)
(0.103189 -0.0179796 0)
(0.109551 -0.0138536 0)
(-0.11861 -0.0123855 0)
(-0.114573 -0.017936 0)
(-0.108795 -0.0237492 0)
(-0.101137 -0.0296665 0)
(-0.0915744 -0.0354995 0)
(-0.080143 -0.0410344 0)
(-0.0669546 -0.0460417 0)
(-0.0522048 -0.0502901 0)
(-0.0361733 -0.0535642 0)
(-0.0192237 -0.0556852 0)
(-0.00176103 -0.0565324 0)
(0.0157723 -0.0560543 0)
(0.0329102 -0.0542803 0)
(0.0492481 -0.0513079 0)
(0.0643991 -0.047297 0)
(0.0780559 -0.0424493 0)
(0.0899916 -0.03699 0)
(0.100062 -0.0311511 0)
(0.108196 -0.0251564 0)
(0.114463 -0.0192131 0)
(-0.124795 -0.0153034 0)
(-0.121139 -0.0226488 0)
(-0.115586 -0.0303869 0)
(-0.107953 -0.0383091 0)
(-0.0981819 -0.0461624 0)
(-0.0862821 -0.0536553 0)
(-0.0723542 -0.0604698 0)
(-0.0566005 -0.0662803 0)
(-0.0393302 -0.070778 0)
(-0.0209626 -0.0737017 0)
(-0.00197846 -0.0748725 0)
(0.0170911 -0.0742137 0)
(0.0356858 -0.0717716 0)
(0.0533269 -0.0676922 0)
(0.0695661 -0.0622085 0)
(0.0840586 -0.0556088 0)
(0.0965608 -0.0482097 0)
(0.106931 -0.0403335 0)
(0.115113 -0.0322873 0)
(0.121215 -0.0243522 0)
(-0.132753 -0.0176836 0)
(-0.129642 -0.0269787 0)
(-0.124439 -0.0368464 0)
(-0.116896 -0.0470237 0)
(-0.106904 -0.0571851 0)
(-0.0944352 -0.0669486 0)
(-0.0795663 -0.0758902 0)
(-0.0625022 -0.0835655 0)
(-0.0435869 -0.0895428 0)
(-0.0233144 -0.093447 0)
(-0.00227372 -0.0950152 0)
(0.0188724 -0.0941329 0)
(0.0394245 -0.0908755 0)
(0.0587997 -0.0854603 0)
(0.0764674 -0.0782211 0)
(0.0920369 -0.0695587 0)
(0.105248 -0.0599035 0)
(0.115965 -0.0496868 0)
(0.124159 -0.0393149 0)
(0.129993 -0.0291544 0)
(-0.142618 -0.0193147 0)
(-0.140283 -0.0307492 0)
(-0.13561 -0.0430052 0)
(-0.12827 -0.0557599 0)
(-0.118085 -0.0686063 0)
(-0.104967 -0.0810579 0)
(-0.0889524 -0.0925621 0)
(-0.0702371 -0.102524 0)
(-0.0491991 -0.110347 0)
(-0.0264277 -0.115492 0)
(-0.00266454 -0.117565 0)
(0.0212299 -0.116392 0)
(0.0443483 -0.112102 0)
(0.0659655 -0.105024 0)
(0.0854473 -0.0956379 0)
(0.102352 -0.0844909 0)
(0.116407 -0.0721564 0)
(0.127495 -0.0591985 0)
(0.135621 -0.0461429 0)
(0.141031 -0.0334575 0)
(-0.154551 -0.0199054 0)
(-0.153308 -0.0337155 0)
(-0.149423 -0.0486795 0)
(-0.142468 -0.0644145 0)
(-0.132173 -0.0804263 0)
(-0.118362 -0.0961095 0)
(-0.101006 -0.110759 0)
(-0.0802638 -0.12359 0)
(-0.0565349 -0.133782 0)
(-0.0305203 -0.140551 0)
(-0.00317357 -0.143292 0)
(0.0243352 -0.141714 0)
(0.0507781 -0.136063 0)
(0.075242 -0.12686 0)
(0.0969735 -0.114791 0)
(0.115487 -0.100599 0)
(0.130506 -0.0850315 0)
(0.141946 -0.068815 0)
(0.149868 -0.0526197 0)
(0.154624 -0.0370347 0)
(-0.168791 -0.0190926 0)
(-0.169024 -0.0355536 0)
(-0.166273 -0.0536045 0)
(-0.159978 -0.07281 0)
(-0.14974 -0.0925851 0)
(-0.135259 -0.112194 0)
(-0.116395 -0.130756 0)
(-0.0932254 -0.147255 0)
(-0.0661307 -0.160569 0)
(-0.035919 -0.16955 0)
(-0.00382693 -0.173216 0)
(0.0284583 -0.171025 0)
(0.0591836 -0.163504 0)
(0.0872092 -0.15151 0)
(0.111672 -0.136036 0)
(0.132069 -0.118067 0)
(0.148145 -0.0985569 0)
(0.159861 -0.0784231 0)
(0.167357 -0.058516 0)
(0.171134 -0.0395759 0)
(-0.185547 -0.016447 0)
(-0.187774 -0.0358404 0)
(-0.186629 -0.0574081 0)
(-0.181394 -0.0806646 0)
(-0.1715 -0.104931 0)
(-0.156476 -0.129334 0)
(-0.136012 -0.152802 0)
(-0.110026 -0.174058 0)
(-0.078786 -0.191595 0)
(-0.043139 -0.203713 0)
(-0.00464927 -0.20876 0)
(0.0340495 -0.205537 0)
(0.0702699 -0.195326 0)
(0.102673 -0.179582 0)
(0.130367 -0.15974 0)
(0.152907 -0.137059 0)
(0.170086 -0.112707 0)
(0.181922 -0.0878232 0)
(0.188652 -0.0634855 0)
(0.190963 -0.040634 0)
(-0.205025 -0.0114578 0)
(-0.209918 -0.0340041 0)
(-0.211027 -0.0595693 0)
(-0.207424 -0.0875532 0)
(-0.198328 -0.117178 0)
(-0.183049 -0.147435 0)
(-0.16104 -0.177075 0)
(-0.131943 -0.204552 0)
(-0.0957184 -0.227912 0)
(-0.0530361 -0.244688 0)
(-0.00565146 -0.252053 0)
(0.0419016 -0.246838 0)
(0.0851137 -0.232555 0)
(0.122749 -0.211694 0)
(0.154131 -0.186252 0)
(0.179021 -0.157705 0)
(0.197291 -0.127391 0)
(0.20899 -0.0967042 0)
(0.214457 -0.0670214 0)
(0.214584 -0.0395428 0)
(-0.227406 -0.00319759 0)
(-0.235792 -0.0292554 0)
(-0.24008 -0.0593755 0)
(-0.238894 -0.0928644 0)
(-0.231268 -0.12886 0)
(-0.216258 -0.166226 0)
(-0.193017 -0.203558 0)
(-0.160756 -0.239132 0)
(-0.118823 -0.270667 0)
(-0.0671856 -0.29486 0)
(-0.00680727 -0.306768 0)
(0.0535732 -0.297159 0)
(0.105417 -0.276247 0)
(0.148936 -0.248284 0)
(0.184278 -0.215772 0)
(0.211656 -0.180061 0)
(0.230956 -0.142448 0)
(0.242156 -0.104624 0)
(0.24568 -0.0684338 0)
(0.242711 -0.0354589 0)
(-0.252911 0.00926483 0)
(-0.265955 -0.0207492 0)
(-0.274486 -0.0558929 0)
(-0.276751 -0.0957702 0)
(-0.271526 -0.139266 0)
(-0.257586 -0.185082 0)
(-0.233798 -0.231794 0)
(-0.198912 -0.27784 0)
(-0.151279 -0.32109 0)
(-0.0887777 -0.357319 0)
(-0.00806171 -0.378786 0)
(0.0722966 -0.359268 0)
(0.134084 -0.327503 0)
(0.183273 -0.289758 0)
(0.222312 -0.248515 0)
(0.252201 -0.20416 0)
(0.272528 -0.157636 0)
(0.282796 -0.110977 0)
(0.283412 -0.0667544 0)
(0.276027 -0.0273018 0)
(-0.281752 0.0271607 0)
(-0.300778 -0.00699468 0)
(-0.314878 -0.0479047 0)
(-0.322042 -0.095146 0)
(-0.320348 -0.147259 0)
(-0.308577 -0.203078 0)
(-0.285595 -0.261291 0)
(-0.249824 -0.320668 0)
(-0.197969 -0.379598 0)
(-0.123731 -0.434768 0)
(-0.00917716 -0.479524 0)
(0.103915 -0.435621 0)
(0.175217 -0.385763 0)
(0.228173 -0.335691 0)
(0.269991 -0.284921 0)
(0.302413 -0.230638 0)
(0.323833 -0.172844 0)
(0.332692 -0.114876 0)
(0.329008 -0.0606206 0)
(0.31532 -0.0134485 0)
(-0.313741 0.0521197 0)
(-0.34079 0.0134729 0)
(-0.362307 -0.0340553 0)
(-0.375755 -0.0892143 0)
(-0.379133 -0.151896 0)
(-0.37139 -0.219921 0)
(-0.351242 -0.290913 0)
(-0.317545 -0.363977 0)
(-0.26755 -0.441598 0)
(-0.187413 -0.535007 0)
(-0.00787067 -0.637443 0)
(0.164241 -0.533294 0)
(0.23627 -0.445242 0)
(0.284138 -0.379998 0)
(0.326627 -0.321727 0)
(0.363751 -0.259019 0)
(0.387796 -0.18845 0)
(0.394401 -0.115162 0)
(0.384251 -0.0478476 0)
(0.361638 0.00894674 0)
(-0.349044 0.0862149 0)
(-0.386612 0.0436075 0)
(-0.417188 -0.0109175 0)
(-0.439209 -0.0777839 0)
(-0.450544 -0.153342 0)
(-0.447167 -0.231729 0)
(-0.430483 -0.312427 0)
(-0.407827 -0.395057 0)
(-0.385646 -0.498539 0)
(-0.30898 -0.666702 0)
(0.00487568 -0.87577 0)
(0.28827 -0.653791 0)
(0.341083 -0.495191 0)
(0.350522 -0.417524 0)
(0.382379 -0.361294 0)
(0.4292 -0.29035 0)
(0.465141 -0.204118 0)
(0.472031 -0.11134 0)
(0.452141 -0.0255896 0)
(0.415977 0.0435415 0)
(-0.386073 0.132407 0)
(-0.437019 0.0822736 0)
(-0.482204 0.0138149 0)
(-0.516775 -0.0645973 0)
(-0.530439 -0.141307 0)
(-0.52577 -0.232862 0)
(-0.51783 -0.326801 0)
(-0.530781 -0.41223 0)
(-0.563046 -0.543371 0)
(-0.448877 -0.837342 0)
(0.0369852 -1.29526 0)
(0.465579 -0.781616 0)
(0.502011 -0.505109 0)
(0.430786 -0.438528 0)
(0.44174 -0.425932 0)
(0.501393 -0.356137 0)
(0.553545 -0.22976 0)
(0.568273 -0.101301 0)
(0.537442 0.00835636 0)
(0.479443 0.0949687 0)
(-0.429017 0.191665 0)
(-0.504573 0.147545 0)
(-0.566206 0.0881885 0)
(-0.594773 0.004768 0)
(-0.605789 -0.125002 0)
(-0.617493 -0.254364 0)
(-0.623605 -0.343793 0)
(-0.656016 -0.397518 0)
(-0.679062 -0.573919 0)
(-0.402441 -1.18772 0)
(0.0749108 -2.04574 0)
(0.584984 -1.03311 0)
(0.634032 -0.42818 0)
(0.527982 -0.36486 0)
(0.59479 -0.43938 0)
(0.700159 -0.418239 0)
(0.725451 -0.273529 0)
(0.69921 -0.0727091 0)
(0.645205 0.0804718 0)
(0.55654 0.17369 0)
(-0.470279 0.285146 0)
(-0.548861 0.200979 0)
(-0.613774 0.0651569 0)
(-0.697816 -0.0935954 0)
(-0.793077 -0.193749 0)
(-0.820471 -0.224159 0)
(-0.754034 -0.261648 0)
(-0.678573 -0.320742 0)
(-0.521614 -0.651242 0)
(-0.0455624 -1.59057 0)
(0.086546 -2.47075 0)
(0.459566 -1.376 0)
(0.61097 -0.309886 0)
(0.68859 -0.275381 0)
(1.00986 -0.458555 0)
(1.24389 -0.343419 0)
(1.17724 -0.176855 0)
(0.971704 -0.0145119 0)
(0.779872 0.156922 0)
(0.634342 0.295591 0)
(-0.360466 0.349961 0)
(-0.535122 0.345783 0)
(-0.769066 0.332857 0)
(-1.01459 0.292493 0)
(-1.16674 0.156657 0)
(-1.15298 -0.132747 0)
(-0.924159 -0.432215 0)
(-0.64062 -0.656199 0)
(-0.338516 -1.01347 0)
(0.115105 -1.94398 0)
(0.0753523 -2.60123 0)
(0.320566 -1.53228 0)
(0.54982 -0.56573 0)
(0.940873 -0.913931 0)
(1.47364 -1.20914 0)
(1.96404 -0.726546 0)
(1.93109 -0.0247551 0)
(1.42723 0.301651 0)
(0.899385 0.395587 0)
(0.5443 0.420761 0)
(0.110843 -0.0016192 0)
(0.114582 -0.000257558 0)
(0.113418 0.000806801 0)
(0.108642 0.00155397 0)
(0.101453 0.00202312 0)
(0.0928429 0.00226956 0)
(0.0835883 0.00234995 0)
(0.0742485 0.00231512 0)
(0.0651982 0.00220696 0)
(0.0566658 0.00205753 0)
(0.048769 0.00189003 0)
(0.0415473 0.00172057 0)
(0.0349868 0.00155971 0)
(0.02904 0.0014139 0)
(0.023639 0.00128686 0)
(0.0187047 0.0011805 0)
(0.014153 0.00109557 0)
(0.00989793 0.00103212 0)
(0.00585375 0.000990026 0)
(0.00193698 0.000968609 0)
(0.112352 -0.00481047 0)
(0.115845 -0.000731486 0)
(0.114573 0.0024528 0)
(0.109649 0.00470278 0)
(0.102273 0.00611621 0)
(0.09347 0.00685487 0)
(0.0840369 0.00709083 0)
(0.074546 0.00697908 0)
(0.0653766 0.00664697 0)
(0.0567556 0.00619167 0)
(0.048797 0.00568331 0)
(0.041535 0.00517024 0)
(0.0349509 0.00468404 0)
(0.0289927 0.00424406 0)
(0.0235889 0.0038612 0)
(0.0186579 0.00354088 0)
(0.0141134 0.00328514 0)
(0.00986821 0.00309423 0)
(0.00583551 0.00296779 0)
(0.00193082 0.00290301 0)
(0.115289 -0.00784631 0)
(0.118263 -0.00100652 0)
(0.116284 0.0043083 0)
(0.110697 0.00804598 0)
(0.102783 0.0103734 0)
(0.0935838 0.0115682 0)
(0.083883 0.0119248 0)
(0.0742285 0.011706 0)
(0.0649731 0.0111259 0)
(0.0563209 0.0103465 0)
(0.0483674 0.00948414 0)
(0.0411331 0.00861846 0)
(0.0345898 0.00780103 0)
(0.0286792 0.00706321 0)
(0.0233256 0.00642245 0)
(0.0184449 0.00588709 0)
(0.0139498 0.00546008 0)
(0.00975279 0.00514156 0)
(0.00576719 0.00493064 0)
(0.00190831 0.00482305 0)
(0.119766 -0.0106005 0)
(0.12192 -0.000904985 0)
(0.118996 0.00657923 0)
(0.112502 0.0117551 0)
(0.103821 0.0149181 0)
(0.0940308 0.0164894 0)
(0.0839082 0.0168971 0)
(0.0739758 0.0165165 0)
(0.0645554 0.0156479 0)
(0.0558212 0.0145159 0)
(0.0478439 0.0132806 0)
(0.0406247 0.0120504 0)
(0.0341209 0.0108948 0)
(0.0282641 0.00985551 0)
(0.0229718 0.00895527 0)
(0.0181556 0.00820458 0)
(0.0137259 0.00760669 0)
(0.00959377 0.00716114 0)
(0.00567238 0.00686601 0)
(0.00187687 0.00671618 0)
(0.125864 -0.0129227 0)
(0.126849 -0.000214442 0)
(0.122609 0.00942338 0)
(0.114859 0.0159649 0)
(0.105143 0.0198602 0)
(0.0945664 0.0217012 0)
(0.0838905 0.0220662 0)
(0.0735989 0.0214491 0)
(0.0639689 0.0202359 0)
(0.0551341 0.0187115 0)
(0.0471321 0.017076 0)
(0.0399382 0.0154637 0)
(0.0334908 0.0139595 0)
(0.0277082 0.0126131 0)
(0.0224991 0.0114508 0)
(0.0177698 0.0104839 0)
(0.0134275 0.00971521 0)
(0.00938207 0.00914306 0)
(0.00554608 0.00876426 0)
(0.00183491 0.00857266 0)
(0.133721 -0.0146315 0)
(0.133087 0.00126795 0)
(0.127079 0.0130357 0)
(0.117714 0.0208334 0)
(0.106684 0.0253154 0)
(0.0951288 0.0272817 0)
(0.0837781 0.0274812 0)
(0.0730574 0.0265312 0)
(0.063184 0.0249023 0)
(0.0542392 0.0229352 0)
(0.0462183 0.020866 0)
(0.039065 0.0188504 0)
(0.0326944 0.016985 0)
(0.0270087 0.0153249 0)
(0.0219063 0.0138976 0)
(0.0172871 0.0127138 0)
(0.0130549 0.0117746 0)
(0.00911793 0.0110766 0)
(0.00538856 0.0106149 0)
(0.00178258 0.010382 0)
(0.143473 -0.015499 0)
(0.140672 0.00375234 0)
(0.132382 0.0176319 0)
(0.120991 0.0265282 0)
(0.10836 0.0313986 0)
(0.095643 0.0333039 0)
(0.0835102 0.0331843 0)
(0.0723054 0.031784 0)
(0.0621677 0.0296541 0)
(0.0531135 0.0271852 0)
(0.0450877 0.0246432 0)
(0.0379961 0.0222 0)
(0.0317267 0.0199595 0)
(0.0261633 0.0179785 0)
(0.0211926 0.0162835 0)
(0.0167076 0.0148825 0)
(0.0126084 0.0137737 0)
(0.0088018 0.012951 0)
(0.00520017 0.0124075 0)
(0.00172001 0.012134 0)
(0.155291 -0.0152172 0)
(0.149634 0.00756564 0)
(0.138455 0.0234629 0)
(0.124586 0.0332258 0)
(0.110062 0.0382221 0)
(0.0960142 0.039833 0)
(0.0830124 0.0392093 0)
(0.0712877 0.0372208 0)
(0.060881 0.0344918 0)
(0.0517309 0.0314543 0)
(0.0437235 0.0283962 0)
(0.0367214 0.0254992 0)
(0.0305823 0.0228693 0)
(0.0251696 0.0205608 0)
(0.0203574 0.018596 0)
(0.0160315 0.0169781 0)
(0.0120886 0.0157013 0)
(0.00843435 0.0147557 0)
(0.00498138 0.0141317 0)
(0.00164737 0.0138184 0)
(0.16937 -0.0134421 0)
(0.15998 0.0130744 0)
(0.145194 0.0308142 0)
(0.128356 0.0411103 0)
(0.111652 0.0458919 0)
(0.0961275 0.0469233 0)
(0.0821972 0.045578 0)
(0.0699414 0.0428449 0)
(0.0592804 0.0394082 0)
(0.0500626 0.0357296 0)
(0.0421078 0.0321096 0)
(0.0352307 0.0287322 0)
(0.029256 0.0256989 0)
(0.0240254 0.0230573 0)
(0.0194004 0.0208217 0)
(0.0152595 0.0189886 0)
(0.0114965 0.0175461 0)
(0.00801648 0.01648 0)
(0.00473282 0.0157774 0)
(0.00156488 0.0154252 0)
(0.185915 -0.00972712 0)
(0.171707 0.0207327 0)
(0.152447 0.040008 0)
(0.132106 0.0503687 0)
(0.112954 0.0545023 0)
(0.0958464 0.0546124 0)
(0.0809651 0.0522977 0)
(0.0681968 0.0486477 0)
(0.0573188 0.044387 0)
(0.0480782 0.0399916 0)
(0.0402222 0.0357633 0)
(0.0335141 0.0318795 0)
(0.0277432 0.028431 0)
(0.0227297 0.0254524 0)
(0.018322 0.0229469 0)
(0.0143929 0.0209013 0)
(0.0108336 0.0192967 0)
(0.00754942 0.0181133 0)
(0.00445529 0.0173345 0)
(0.00147283 0.0169447 0)
(0.205139 -0.00316624 0)
(0.18476 0.0311478 0)
(0.159974 0.0513981 0)
(0.135578 0.0611838 0)
(0.113756 0.064127 0)
(0.0950123 0.0629157 0)
(0.0792055 0.0593569 0)
(0.0659793 0.0546069 0)
(0.0549472 0.049402 0)
(0.0457469 0.0442132 0)
(0.038049 0.0393316 0)
(0.0315624 0.0349186 0)
(0.0260407 0.0310457 0)
(0.0212821 0.0277294 0)
(0.0171238 0.0249571 0)
(0.0134336 0.0227039 0)
(0.0101018 0.020942 0)
(0.00703475 0.0196455 0)
(0.00414984 0.0187935 0)
(0.00137157 0.0183676 0)
(0.227248 0.00715658 0)
(0.198852 0.0450019 0)
(0.167409 0.0653647 0)
(0.138437 0.07372 0)
(0.113798 0.0748067 0)
(0.093446 0.0718178 0)
(0.0768 0.0667213 0)
(0.0632116 0.0606844 0)
(0.0521162 0.0544157 0)
(0.0430388 0.0483598 0)
(0.0355718 0.0427839 0)
(0.0293688 0.0378232 0)
(0.0241469 0.0335215 0)
(0.019684 0.0298704 0)
(0.0158083 0.0268375 0)
(0.0123845 0.0243837 0)
(0.00930367 0.022471 0)
(0.00647449 0.0210666 0)
(0.00381772 0.0201449 0)
(0.00126155 0.0196849 0)
(0.252361 0.022212 0)
(0.213639 0.0630703 0)
(0.174253 0.0823021 0)
(0.140256 0.0881031 0)
(0.112777 0.0865329 0)
(0.0909516 0.0812636 0)
(0.0736265 0.0743295 0)
(0.0598177 0.0668248 0)
(0.0487785 0.0593793 0)
(0.0399264 0.0523883 0)
(0.0327774 0.0460834 0)
(0.0269288 0.0405636 0)
(0.0220625 0.035835 0)
(0.0179387 0.0318568 0)
(0.0143794 0.0285731 0)
(0.0112494 0.0259281 0)
(0.00844247 0.0238728 0)
(0.00587111 0.0223669 0)
(0.00346046 0.0213799 0)
(0.00114327 0.020888 0)
(0.280547 0.0436611 0)
(0.228541 0.0862985 0)
(0.179805 0.102591 0)
(0.140499 0.104391 0)
(0.110346 0.0992258 0)
(0.0873237 0.0911468 0)
(0.0695665 0.0820901 0)
(0.0557266 0.0729553 0)
(0.0448909 0.0642322 0)
(0.0363859 0.0562472 0)
(0.0296559 0.0491877 0)
(0.024242 0.0431065 0)
(0.0197916 0.0379608 0)
(0.0160516 0.0336697 0)
(0.0128427 0.030149 0)
(0.0100334 0.0273251 0)
(0.00752225 0.0251372 0)
(0.00522753 0.0235373 0)
(0.00307981 0.0224901 0)
(0.0010173 0.0219689 0)
(0.311612 0.0737507 0)
(0.242535 0.115788 0)
(0.183118 0.126568 0)
(0.138506 0.122533 0)
(0.106117 0.112708 0)
(0.0823605 0.1013 0)
(0.064515 0.0898795 0)
(0.0508777 0.0789874 0)
(0.0404166 0.0689037 0)
(0.0323987 0.0598766 0)
(0.0262033 0.0520484 0)
(0.0213127 0.0454158 0)
(0.0173421 0.0398731 0)
(0.0140312 0.0352897 0)
(0.0112058 0.0315506 0)
(0.00874249 0.0285629 0)
(0.00654782 0.0262544 0)
(0.00454718 0.0245694 0)
(0.00267781 0.0234679 0)
(0.000884313 0.0229203 0)
(0.344623 0.114988 0)
(0.254022 0.152509 0)
(0.182908 0.15436 0)
(0.133487 0.142273 0)
(0.0996867 0.126654 0)
(0.075884 0.111473 0)
(0.0583927 0.0975373 0)
(0.0452262 0.084817 0)
(0.0353268 0.0733117 0)
(0.0279524 0.0632068 0)
(0.0224216 0.0546097 0)
(0.0181516 0.0474519 0)
(0.0147265 0.0415446 0)
(0.0118888 0.0366981 0)
(0.00947805 0.0327637 0)
(0.00738424 0.0296306 0)
(0.0055248 0.0272152 0)
(0.00383396 0.0254553 0)
(0.00225677 0.0243061 0)
(0.000745093 0.0237353 0)
(0.377927 0.172881 0)
(0.26075 0.199088 0)
(0.17761 0.186592 0)
(0.124557 0.163425 0)
(0.0906715 0.140754 0)
(0.0677757 0.12147 0)
(0.0511675 0.10497 0)
(0.0387505 0.0903977 0)
(0.0296017 0.0774111 0)
(0.0230414 0.06619 0)
(0.0183217 0.0568326 0)
(0.0147774 0.0491909 0)
(0.0119631 0.0429629 0)
(0.00963915 0.037888 0)
(0.00767079 0.0337844 0)
(0.0059673 0.0305254 0)
(0.00445958 0.028018 0)
(0.00309226 0.0261937 0)
(0.00181928 0.0250037 0)
(0.000600524 0.0244132 0)
(0.408816 0.24129 0)
(0.257997 0.246963 0)
(0.164452 0.217745 0)
(0.110446 0.182522 0)
(0.0786555 0.152576 0)
(0.057964 0.129538 0)
(0.0428354 0.110967 0)
(0.0314309 0.0948887 0)
(0.0232123 0.0805561 0)
(0.0176569 0.0683024 0)
(0.0139183 0.0582946 0)
(0.0112143 0.050298 0)
(0.00907315 0.0438563 0)
(0.00729808 0.038631 0)
(0.00579565 0.034415 0)
(0.00450028 0.0310723 0)
(0.00335846 0.0285041 0)
(0.00232642 0.0266375 0)
(0.00136794 0.025421 0)
(0.000451354 0.024818 0)
(0.443814 0.370869 0)
(0.253897 0.342811 0)
(0.147758 0.277949 0)
(0.0931047 0.218328 0)
(0.0647411 0.176337 0)
(0.0472463 0.148221 0)
(0.0339397 0.126225 0)
(0.0235637 0.107068 0)
(0.016309 0.0899131 0)
(0.0119123 0.0755595 0)
(0.00932206 0.0641636 0)
(0.00756036 0.0552991 0)
(0.00613079 0.048214 0)
(0.00491907 0.0424656 0)
(0.00389169 0.0378251 0)
(0.00301196 0.0341473 0)
(0.0022422 0.0313235 0)
(0.00155052 0.0292723 0)
(0.000911104 0.0279357 0)
(0.000301247 0.0272733 0)
(0.287384 0.399958 0)
(0.115272 0.311966 0)
(0.050671 0.225939 0)
(0.0289727 0.164569 0)
(0.024576 0.126106 0)
(0.021336 0.101999 0)
(0.0160885 0.0845071 0)
(0.0106315 0.0699759 0)
(0.00632752 0.0571726 0)
(0.00391128 0.0467487 0)
(0.00294127 0.0389416 0)
(0.00248589 0.0331446 0)
(0.00203194 0.0286149 0)
(0.0016027 0.0249921 0)
(0.00124308 0.0221043 0)
(0.000948379 0.0198408 0)
(0.000699693 0.0181185 0)
(0.000481373 0.0168758 0)
(0.000282547 0.0160695 0)
(9.43504e-05 0.0156725 0)
(-0.00565823 0.0439454 0)
(-0.0167801 0.0449683 0)
(-0.0273243 0.0470186 0)
(-0.0369076 0.0501583 0)
(-0.0453116 0.0544754 0)
(-0.0524764 0.0600804 0)
(-0.0580444 0.0670954 0)
(-0.0596406 0.0755407 0)
(-0.0504448 0.0847376 0)
(-0.027721 0.0931274 0)
(-0.0299474 0.102561 0)
(-0.132802 0.129892 0)
(-0.290293 0.173822 0)
(-0.442924 0.222405 0)
(-0.606595 0.269673 0)
(-0.789943 0.328652 0)
(-0.994127 0.440407 0)
(-1.23083 0.580619 0)
(-1.50901 0.68075 0)
(-1.86641 0.732477 0)
(-0.0579501 0.0992089 0)
(-0.174932 0.0988563 0)
(-0.295063 0.0973971 0)
(-0.420795 0.0960705 0)
(-0.555337 0.095656 0)
(-0.70258 0.0971103 0)
(-0.865661 0.0978271 0)
(-1.05481 0.0826681 0)
(-1.2774 0.0427198 0)
(-1.50042 0.0844556 0)
(-1.89089 0.456624 0)
(-2.54704 0.894223 0)
(-3.05681 0.869759 0)
(-3.36131 0.718534 0)
(-3.49312 0.71257 0)
(-3.49287 0.806765 0)
(-3.39012 0.98469 0)
(-3.28957 1.25748 0)
(-3.21488 1.49935 0)
(-3.09793 1.54226 0)
(-0.059441 0.396157 0)
(-0.179488 0.404223 0)
(-0.301956 0.417783 0)
(-0.428251 0.43964 0)
(-0.56002 0.471591 0)
(-0.698946 0.516449 0)
(-0.845538 0.57709 0)
(-1.0045 0.657266 0)
(-1.19297 0.779175 0)
(-1.39619 1.00389 0)
(-1.54583 1.35631 0)
(-1.68332 1.64971 0)
(-1.91209 1.57148 0)
(-2.16899 1.13804 0)
(-2.41253 0.545568 0)
(-2.56083 -0.0107232 0)
(-2.5511 -0.221414 0)
(-2.4087 0.0230898 0)
(-2.31776 0.389238 0)
(-2.06349 0.157489 0)
(-0.051161 0.62261 0)
(-0.154297 0.63329 0)
(-0.258463 0.650167 0)
(-0.364049 0.676852 0)
(-0.471211 0.714605 0)
(-0.579782 0.765507 0)
(-0.688774 0.832191 0)
(-0.796068 0.917818 0)
(-0.900487 1.03351 0)
(-0.993974 1.21181 0)
(-1.0349 1.47108 0)
(-0.986677 1.72285 0)
(-0.922288 1.80432 0)
(-0.930531 1.64512 0)
(-1.02719 1.29967 0)
(-1.18106 0.898314 0)
(-1.33122 0.574405 0)
(-1.32381 0.278775 0)
(-0.964439 -0.319138 0)
(-0.295169 -1.58775 0)
(-0.0412209 0.806899 0)
(-0.124303 0.818801 0)
(-0.207439 0.836081 0)
(-0.290423 0.862859 0)
(-0.372723 0.899503 0)
(-0.45341 0.946672 0)
(-0.530939 1.0051 0)
(-0.602886 1.07534 0)
(-0.664908 1.15822 0)
(-0.708779 1.25803 0)
(-0.719194 1.37968 0)
(-0.678215 1.50356 0)
(-0.595295 1.57208 0)
(-0.523231 1.5266 0)
(-0.519614 1.34251 0)
(-0.621139 1.0484 0)
(-0.803835 0.681711 0)
(-0.838677 0.039913 0)
(-0.420005 -1.44693 0)
(0.0421287 -2.56904 0)
(-0.0318409 0.95477 0)
(-0.0961737 0.967265 0)
(-0.160249 0.98373 0)
(-0.223791 1.00889 0)
(-0.286302 1.0425 0)
(-0.347123 1.08431 0)
(-0.405276 1.13378 0)
(-0.459515 1.18987 0)
(-0.508156 1.2507 0)
(-0.548137 1.31282 0)
(-0.574573 1.37094 0)
(-0.583134 1.41735 0)
(-0.57561 1.43902 0)
(-0.566893 1.41787 0)
(-0.583352 1.34327 0)
(-0.659097 1.19566 0)
(-0.769594 0.752411 0)
(-0.572168 -0.511892 0)
(0.0133695 -2.68778 0)
(0.130109 -2.87591 0)
(-0.0233775 1.06659 0)
(-0.0708804 1.07958 0)
(-0.118259 1.09516 0)
(-0.165473 1.11886 0)
(-0.212348 1.15024 0)
(-0.258797 1.18882 0)
(-0.304723 1.2338 0)
(-0.350097 1.2839 0)
(-0.395057 1.33718 0)
(-0.43989 1.39054 0)
(-0.484778 1.43905 0)
(-0.530575 1.47742 0)
(-0.581098 1.50563 0)
(-0.644198 1.53102 0)
(-0.731402 1.52619 0)
(-0.820667 1.30935 0)
(-0.713043 0.533481 0)
(-0.227529 -1.01893 0)
(-0.021505 -2.91116 0)
(-0.00111581 -2.85791 0)
(-0.015311 1.14516 0)
(-0.0467876 1.15897 0)
(-0.0783422 1.17435 0)
(-0.110161 1.19787 0)
(-0.142354 1.22921 0)
(-0.175269 1.26813 0)
(-0.209451 1.31419 0)
(-0.245781 1.36673 0)
(-0.285616 1.42466 0)
(-0.330942 1.48608 0)
(-0.384544 1.54819 0)
(-0.450828 1.61078 0)
(-0.538501 1.68529 0)
(-0.667385 1.77864 0)
(-0.855081 1.78212 0)
(-0.983337 1.34729 0)
(-0.775394 0.027746 0)
(-0.472475 -2.17172 0)
(-0.338209 -3.06644 0)
(-0.268367 -2.80363 0)
(-0.00709131 1.19152 0)
(-0.0222614 1.20662 0)
(-0.0376094 1.22223 0)
(-0.0532214 1.24636 0)
(-0.0692724 1.27898 0)
(-0.0862371 1.32032 0)
(-0.104867 1.37064 0)
(-0.126376 1.43026 0)
(-0.152677 1.49949 0)
(-0.186665 1.57826 0)
(-0.232507 1.66668 0)
(-0.295641 1.77229 0)
(-0.386083 1.92092 0)
(-0.542321 2.11064 0)
(-0.80263 2.12807 0)
(-0.965731 1.41597 0)
(-0.765266 -0.490214 0)
(-0.742997 -2.92383 0)
(-0.690231 -3.06854 0)
(-0.554691 -2.83766 0)
(0.00185514 1.20528 0)
(0.00334407 1.22152 0)
(0.00427543 1.23716 0)
(0.00613136 1.26141 0)
(0.00834047 1.2947 0)
(0.0107128 1.3377 0)
(0.0128959 1.39136 0)
(0.0141981 1.45702 0)
(0.0134378 1.53649 0)
(0.00865511 1.63184 0)
(-0.00324921 1.74643 0)
(-0.024851 1.8945 0)
(-0.05472 2.11423 0)
(-0.125656 2.40163 0)
(-0.320584 2.47144 0)
(-0.464516 1.59036 0)
(-0.379631 -1.04122 0)
(-0.672377 -2.77932 0)
(-0.833079 -3.05901 0)
(-0.970008 -3.00919 0)
(0.0111862 1.18214 0)
(0.0289191 1.20729 0)
(0.0454293 1.21784 0)
(0.0650729 1.24043 0)
(0.086499 1.27187 0)
(0.110129 1.31297 0)
(0.136495 1.36501 0)
(0.166148 1.42981 0)
(0.199608 1.50992 0)
(0.237669 1.60859 0)
(0.281434 1.73027 0)
(0.332138 1.88857 0)
(0.400969 2.12124 0)
(0.496663 2.44027 0)
(0.52781 2.62384 0)
(0.529735 2.0817 0)
(0.329621 -0.395233 0)
(-0.0401344 -1.84704 0)
(-0.832601 -2.7746 0)
(-0.932973 -2.74137 0)
(0.0199081 1.12267 0)
(0.0520437 1.16646 0)
(0.0821137 1.16579 0)
(0.117786 1.18378 0)
(0.156851 1.20983 0)
(0.200237 1.24385 0)
(0.249441 1.28694 0)
(0.306218 1.34055 0)
(0.372883 1.40664 0)
(0.452519 1.48773 0)
(0.549562 1.58645 0)
(0.669769 1.70941 0)
(0.8249 1.88206 0)
(1.03957 2.13206 0)
(1.27301 2.3482 0)
(1.41994 2.16438 0)
(1.38316 1.0115 0)
(1.05232 -0.545677 0)
(0.285554 -1.96624 0)
(0.0275563 -2.67999 0)
(0.0264948 1.03336 0)
(0.0697037 1.10164 0)
(0.110228 1.08659 0)
(0.157826 1.09663 0)
(0.209994 1.11415 0)
(0.267665 1.13659 0)
(0.332851 1.16439 0)
(0.407769 1.19809 0)
(0.495327 1.23817 0)
(0.599141 1.28517 0)
(0.72368 1.33895 0)
(0.874875 1.39906 0)
(1.06142 1.47318 0)
(1.29886 1.58585 0)
(1.60597 1.71555 0)
(1.88716 1.69819 0)
(2.05937 1.24598 0)
(2.04069 0.362358 0)
(1.75413 -0.779584 0)
(1.32076 -1.90535 0)
(0.0298518 0.924796 0)
(0.0797329 1.01752 0)
(0.126802 0.989155 0)
(0.180797 0.988907 0)
(0.23967 0.996373 0)
(0.303914 1.00547 0)
(0.37538 1.01573 0)
(0.456002 1.02678 0)
(0.548057 1.03791 0)
(0.654226 1.04794 0)
(0.77753 1.05496 0)
(0.921249 1.05553 0)
(1.09145 1.04652 0)
(1.29194 1.0356 0)
(1.55234 1.03895 0)
(1.84443 1.01103 0)
(2.1045 0.819758 0)
(2.26132 0.377477 0)
(2.25324 -0.269188 0)
(2.0402 -1.0609 0)
(0.0297679 0.809479 0)
(0.081658 0.921079 0)
(0.13122 0.883573 0)
(0.186205 0.872919 0)
(0.245461 0.870879 0)
(0.309016 0.868032 0)
(0.37814 0.862942 0)
(0.45415 0.854857 0)
(0.538358 0.842555 0)
(0.632158 0.824294 0)
(0.737094 0.797747 0)
(0.854002 0.759507 0)
(0.985873 0.704543 0)
(1.13018 0.628089 0)
(1.30031 0.543435 0)
(1.49952 0.452944 0)
(1.70008 0.315282 0)
(1.85475 0.0595002 0)
(1.91797 -0.349148 0)
(1.84579 -0.859598 0)
(0.0268736 0.699019 0)
(0.0766416 0.820294 0)
(0.125127 0.778702 0)
(0.176972 0.759788 0)
(0.231846 0.750266 0)
(0.289635 0.738682 0)
(0.351023 0.722817 0)
(0.416699 0.701936 0)
(0.487189 0.674931 0)
(0.562878 0.64026 0)
(0.644129 0.596029 0)
(0.73047 0.539771 0)
(0.822382 0.468318 0)
(0.916085 0.375027 0)
(1.01294 0.263233 0)
(1.11858 0.145965 0)
(1.23303 0.0228489 0)
(1.32852 -0.139273 0)
(1.377 -0.38273 0)
(1.33594 -0.709444 0)
(0.0221317 0.602525 0)
(0.0666508 0.723133 0)
(0.111354 0.681594 0)
(0.157415 0.657925 0)
(0.205011 0.643604 0)
(0.254252 0.626754 0)
(0.305451 0.604782 0)
(0.358815 0.577149 0)
(0.414363 0.543105 0)
(0.471907 0.501583 0)
(0.531094 0.451333 0)
(0.591085 0.390863 0)
(0.651319 0.318744 0)
(0.709131 0.230977 0)
(0.762144 0.126031 0)
(0.812886 0.0127935 0)
(0.859481 -0.0991815 0)
(0.894915 -0.219988 0)
(0.909655 -0.369905 0)
(0.873396 -0.565975 0)
(0.0165512 0.523596 0)
(0.0538609 0.633732 0)
(0.0929255 0.594757 0)
(0.131633 0.569839 0)
(0.170529 0.553011 0)
(0.210143 0.53335 0)
(0.250606 0.508472 0)
(0.291797 0.478117 0)
(0.333445 0.441943 0)
(0.375085 0.399406 0)
(0.41597 0.349897 0)
(0.4551 0.292814 0)
(0.491364 0.227744 0)
(0.522882 0.153028 0)
(0.546534 0.0657565 0)
(0.559905 -0.0295516 0)
(0.565186 -0.125181 0)
(0.562061 -0.21751 0)
(0.547898 -0.322937 0)
(0.515232 -0.458946 0)
(0.0105282 0.469535 0)
(0.0401835 0.563669 0)
(0.0733718 0.528905 0)
(0.104196 0.505638 0)
(0.134219 0.488434 0)
(0.16453 0.468128 0)
(0.195132 0.442912 0)
(0.225734 0.412751 0)
(0.256012 0.377558 0)
(0.285517 0.337126 0)
(0.313588 0.291252 0)
(0.339436 0.239918 0)
(0.361921 0.183193 0)
(0.379364 0.120963 0)
(0.38709 0.0516224 0)
(0.380776 -0.023322 0)
(0.351652 -0.0963776 0)
(0.311498 -0.172689 0)
(0.281654 -0.273474 0)
(0.262794 -0.389944 0)
(0.00542972 0.419551 0)
(0.023401 0.485982 0)
(0.0438972 0.458005 0)
(0.0621624 0.438941 0)
(0.0799547 0.421843 0)
(0.0979464 0.401175 0)
(0.115986 0.376392 0)
(0.133758 0.347851 0)
(0.150889 0.315882 0)
(0.166819 0.280822 0)
(0.180821 0.243073 0)
(0.191931 0.203224 0)
(0.199148 0.162108 0)
(0.200831 0.120936 0)
(0.19586 0.0851699 0)
(0.177909 0.0733903 0)
(0.153104 0.043894 0)
(0.108816 -0.0821242 0)
(0.0944869 -0.231086 0)
(0.0898638 -0.35063 0)
(-2.14725 0.708259 0)
(-2.3087 0.54956 0)
(-2.39354 0.22913 0)
(-2.34109 -0.304793 0)
(-2.10983 -1.02019 0)
(-1.64276 -1.74928 0)
(-1.02543 -2.3007 0)
(-0.606551 -2.35391 0)
(-0.332807 -2.20893 0)
(0.0607213 -2.51514 0)
(0.0290193 -2.75404 0)
(0.258659 -1.90783 0)
(0.517713 -2.20913 0)
(0.842579 -2.44787 0)
(1.25733 -2.44317 0)
(1.77912 -1.69174 0)
(2.20546 0.0571624 0)
(2.24403 1.41913 0)
(2.07321 1.47663 0)
(1.88919 1.26353 0)
(-2.86765 1.4039 0)
(-2.43799 0.862489 0)
(-1.89088 -0.00954747 0)
(-1.26114 -1.15889 0)
(-0.663273 -2.25348 0)
(-0.416068 -2.69611 0)
(-0.200169 -3.04097 0)
(-0.124015 -2.98155 0)
(-0.127274 -2.8838 0)
(0.00452066 -2.87031 0)
(-0.0228074 -2.84219 0)
(0.0738093 -2.74544 0)
(0.17604 -2.9027 0)
(0.20091 -3.02478 0)
(0.248966 -3.0643 0)
(0.40373 -2.79322 0)
(0.797519 -1.82575 0)
(1.50813 -0.110378 0)
(2.07481 1.0231 0)
(2.58482 1.62238 0)
(-1.09499 -1.39574 0)
(-0.50201 -2.55564 0)
(-0.122749 -3.0619 0)
(0.00928471 -3.1071 0)
(0.113023 -3.07455 0)
(0.0736137 -3.04709 0)
(0.0407923 -2.96975 0)
(0.0367026 -2.90755 0)
(0.00544089 -2.90092 0)
(-0.00308868 -2.87603 0)
(-0.00770834 -2.84156 0)
(0.00580021 -2.92566 0)
(-0.00275906 -2.88427 0)
(-0.0267207 -2.92987 0)
(-0.0473145 -3.01405 0)
(-0.085804 -3.08152 0)
(-0.0847312 -3.1669 0)
(0.060694 -3.11493 0)
(0.386231 -2.64977 0)
(1.06698 -1.35574 0)
(0.172291 -2.73621 0)
(0.232501 -2.94871 0)
(0.222745 -2.98596 0)
(0.16915 -2.94123 0)
(0.129124 -2.92038 0)
(0.0816057 -2.91722 0)
(0.0479789 -2.8917 0)
(0.0329054 -2.86787 0)
(0.0191979 -2.86595 0)
(0.000765537 -2.8494 0)
(0.00293796 -2.83772 0)
(-0.00960063 -2.87265 0)
(-0.0329459 -2.85763 0)
(-0.0395157 -2.87084 0)
(-0.0626723 -2.89635 0)
(-0.107131 -2.91691 0)
(-0.149722 -2.93123 0)
(-0.200499 -2.97668 0)
(-0.228451 -2.94312 0)
(-0.17088 -2.7325 0)
(0.193432 -2.96197 0)
(0.18442 -2.94222 0)
(0.148622 -2.85712 0)
(0.111652 -2.79915 0)
(0.0834204 -2.79501 0)
(0.0547567 -2.80582 0)
(0.0350587 -2.80848 0)
(0.0238239 -2.81733 0)
(0.011801 -2.82526 0)
(0.00263637 -2.82705 0)
(-0.00145574 -2.82282 0)
(-0.00832667 -2.82558 0)
(-0.0226544 -2.81894 0)
(-0.0302029 -2.80864 0)
(-0.0469576 -2.79813 0)
(-0.0720461 -2.79481 0)
(-0.103563 -2.79609 0)
(-0.13575 -2.84227 0)
(-0.172344 -2.91257 0)
(-0.18753 -2.92663 0)
(0.139707 -2.86833 0)
(0.102607 -2.79406 0)
(0.0741184 -2.71546 0)
(0.0544266 -2.69858 0)
(0.04056 -2.73026 0)
(0.0292935 -2.76177 0)
(0.0233656 -2.7813 0)
(0.0172064 -2.79243 0)
(0.0106549 -2.8004 0)
(0.00339274 -2.81264 0)
(-0.00148213 -2.81216 0)
(-0.00740239 -2.80226 0)
(-0.0156847 -2.79259 0)
(-0.0206616 -2.78367 0)
(-0.0279984 -2.75926 0)
(-0.0351942 -2.73468 0)
(-0.0485499 -2.70671 0)
(-0.0645221 -2.71408 0)
(-0.0899629 -2.77237 0)
(-0.124773 -2.83404 0)
(-0.0239928 -2.74575 0)
(-0.0477961 -2.70322 0)
(-0.0397165 -2.67686 0)
(-0.0248821 -2.69657 0)
(-0.0120175 -2.72937 0)
(-0.00420985 -2.75355 0)
(0.00161632 -2.76641 0)
(0.00499727 -2.7708 0)
(0.00652993 -2.77525 0)
(0.00295249 -2.784 0)
(0.000267853 -2.78341 0)
(-0.00264581 -2.77617 0)
(-0.00462828 -2.76891 0)
(-0.000561494 -2.76575 0)
(0.00485102 -2.74983 0)
(0.020173 -2.73805 0)
(0.0360571 -2.71055 0)
(0.0530956 -2.68498 0)
(0.0563289 -2.69247 0)
(0.0327623 -2.72573 0)
(-0.262434 -2.68158 0)
(-0.261922 -2.72064 0)
(-0.227213 -2.77537 0)
(-0.166905 -2.79283 0)
(-0.119544 -2.78195 0)
(-0.0885141 -2.77639 0)
(-0.0649146 -2.77421 0)
(-0.039841 -2.76634 0)
(-0.0182313 -2.75221 0)
(-0.00494292 -2.74736 0)
(0.0115526 -2.74697 0)
(0.0274888 -2.74608 0)
(0.0407559 -2.75785 0)
(0.0689814 -2.77853 0)
(0.103791 -2.79478 0)
(0.158411 -2.82022 0)
(0.208994 -2.81249 0)
(0.256378 -2.75566 0)
(0.262971 -2.68798 0)
(0.25194 -2.66921 0)
(-0.550567 -2.74044 0)
(-0.632553 -2.88912 0)
(-0.624467 -3.15056 0)
(-0.515463 -3.16677 0)
(-0.444342 -3.06671 0)
(-0.365308 -3.01549 0)
(-0.291581 -2.99983 0)
(-0.2027 -2.98359 0)
(-0.114817 -2.93707 0)
(-0.032449 -2.91584 0)
(0.0550365 -2.92854 0)
(0.143795 -2.91052 0)
(0.222246 -2.95925 0)
(0.320382 -3.0474 0)
(0.420353 -3.15252 0)
(0.539596 -3.23141 0)
(0.627011 -3.20846 0)
(0.675208 -2.98587 0)
(0.640067 -2.7048 0)
(0.518697 -2.68729 0)
(-1.00579 -2.51873 0)
(-0.92854 -2.74764 0)
(-0.827537 -3.30284 0)
(-0.760044 -3.51966 0)
(-0.681133 -3.41846 0)
(-0.570853 -3.42769 0)
(-0.444314 -3.45655 0)
(-0.311722 -3.50478 0)
(-0.176047 -3.49487 0)
(-0.0300578 -3.48503 0)
(0.112658 -3.52456 0)
(0.256551 -3.4618 0)
(0.388967 -3.48992 0)
(0.506798 -3.56123 0)
(0.604048 -3.64246 0)
(0.684437 -3.60866 0)
(0.757702 -3.42957 0)
(0.839132 -2.97614 0)
(0.954914 -2.36741 0)
(0.992979 -2.33946 0)
(-0.844243 -2.94226 0)
(-0.738938 -3.43026 0)
(-0.689508 -3.68591 0)
(-0.641004 -3.79581 0)
(-0.557671 -3.89328 0)
(-0.459429 -3.98982 0)
(-0.35881 -4.05051 0)
(-0.2608 -4.0745 0)
(-0.15964 -4.08614 0)
(-0.0555589 -4.09589 0)
(0.0395784 -4.09819 0)
(0.139234 -4.05634 0)
(0.242108 -4.03389 0)
(0.336028 -4.02128 0)
(0.411609 -3.98973 0)
(0.463855 -3.90304 0)
(0.501857 -3.74818 0)
(0.531385 -3.52767 0)
(0.595873 -3.13236 0)
(0.701482 -2.62098 0)
(-0.0208732 -3.22327 0)
(-0.0341831 -3.57977 0)
(-0.0898447 -3.79966 0)
(-0.118377 -3.9807 0)
(-0.117356 -4.14453 0)
(-0.111034 -4.25268 0)
(-0.105925 -4.30219 0)
(-0.103134 -4.31181 0)
(-0.100467 -4.32948 0)
(-0.101519 -4.33306 0)
(-0.102576 -4.31141 0)
(-0.100857 -4.30114 0)
(-0.0948515 -4.2817 0)
(-0.093793 -4.22285 0)
(-0.103419 -4.11544 0)
(-0.127473 -3.96271 0)
(-0.165724 -3.76486 0)
(-0.23067 -3.53349 0)
(-0.295063 -3.23891 0)
(-0.308327 -2.84347 0)
(1.04902 -2.62281 0)
(0.897053 -3.01806 0)
(0.742468 -3.35435 0)
(0.598746 -3.61854 0)
(0.474681 -3.81689 0)
(0.358994 -3.9515 0)
(0.246239 -4.01291 0)
(0.132235 -4.00208 0)
(0.0149928 -3.99014 0)
(-0.111443 -3.99396 0)
(-0.232198 -3.97949 0)
(-0.354636 -3.98791 0)
(-0.475585 -3.97012 0)
(-0.596858 -3.88881 0)
(-0.721422 -3.74378 0)
(-0.85347 -3.54234 0)
(-1.00153 -3.28134 0)
(-1.16471 -2.95473 0)
(-1.3284 -2.56843 0)
(-1.50098 -2.1307 0)
(1.784 -1.71035 0)
(1.58282 -2.13329 0)
(1.38156 -2.51673 0)
(1.17852 -2.82977 0)
(0.971 -3.06485 0)
(0.764803 -3.22733 0)
(0.560373 -3.30581 0)
(0.35348 -3.28407 0)
(0.144821 -3.23107 0)
(-0.0723129 -3.22585 0)
(-0.284261 -3.21723 0)
(-0.4997 -3.23663 0)
(-0.712922 -3.2299 0)
(-0.92138 -3.14608 0)
(-1.12707 -2.98536 0)
(-1.33301 -2.75515 0)
(-1.53387 -2.45532 0)
(-1.72408 -2.09469 0)
(-1.90647 -1.69741 0)
(-2.07557 -1.30683 0)
(1.71854 -1.26368 0)
(1.59318 -1.52686 0)
(1.44306 -1.78481 0)
(1.27192 -2.02317 0)
(1.08284 -2.22229 0)
(0.880407 -2.36621 0)
(0.666332 -2.43132 0)
(0.44426 -2.40054 0)
(0.222641 -2.33965 0)
(-0.00138853 -2.32801 0)
(-0.223028 -2.31578 0)
(-0.445722 -2.33527 0)
(-0.665669 -2.35105 0)
(-0.876067 -2.29836 0)
(-1.07135 -2.17334 0)
(-1.25058 -1.99533 0)
(-1.40884 -1.78358 0)
(-1.54156 -1.55556 0)
(-1.64667 -1.32458 0)
(-1.72584 -1.09816 0)
(1.25309 -0.979562 0)
(1.17065 -1.15725 0)
(1.07444 -1.32259 0)
(0.963398 -1.46757 0)
(0.835846 -1.58609 0)
(0.69218 -1.66251 0)
(0.532337 -1.67295 0)
(0.36604 -1.62747 0)
(0.206067 -1.58938 0)
(0.0482846 -1.58774 0)
(-0.107052 -1.57513 0)
(-0.263894 -1.57859 0)
(-0.42161 -1.61024 0)
(-0.575708 -1.61829 0)
(-0.713399 -1.57523 0)
(-0.833197 -1.48596 0)
(-0.935508 -1.36518 0)
(-1.02098 -1.22474 0)
(-1.09169 -1.07296 0)
(-1.14846 -0.9211 0)
(0.813859 -0.73352 0)
(0.755726 -0.850437 0)
(0.68763 -0.967411 0)
(0.611494 -1.07461 0)
(0.525705 -1.15143 0)
(0.428668 -1.17356 0)
(0.325814 -1.15089 0)
(0.228919 -1.12096 0)
(0.140948 -1.11634 0)
(0.0541373 -1.12134 0)
(-0.0296643 -1.11826 0)
(-0.115035 -1.10721 0)
(-0.202078 -1.12187 0)
(-0.294952 -1.14683 0)
(-0.387371 -1.15201 0)
(-0.471277 -1.1106 0)
(-0.544919 -1.02885 0)
(-0.6101 -0.932394 0)
(-0.666335 -0.836128 0)
(-0.71229 -0.74422 0)
(0.477456 -0.575374 0)
(0.442616 -0.655363 0)
(0.400132 -0.734559 0)
(0.350268 -0.802135 0)
(0.292716 -0.840026 0)
(0.231595 -0.846315 0)
(0.175181 -0.84944 0)
(0.128487 -0.857835 0)
(0.0840192 -0.866546 0)
(0.0394356 -0.867071 0)
(-0.00302603 -0.871283 0)
(-0.0466078 -0.86319 0)
(-0.0898023 -0.859511 0)
(-0.137017 -0.858101 0)
(-0.190509 -0.853945 0)
(-0.245881 -0.836069 0)
(-0.296092 -0.791622 0)
(-0.33934 -0.727818 0)
(-0.377288 -0.665143 0)
(-0.410212 -0.607425 0)
(0.24472 -0.47934 0)
(0.226245 -0.536239 0)
(0.202795 -0.588855 0)
(0.175956 -0.627657 0)
(0.14611 -0.651266 0)
(0.117803 -0.676494 0)
(0.0931033 -0.707667 0)
(0.0703047 -0.720887 0)
(0.045944 -0.727634 0)
(0.023233 -0.729694 0)
(0.000974057 -0.734122 0)
(-0.0219258 -0.729059 0)
(-0.0448932 -0.723278 0)
(-0.067811 -0.714487 0)
(-0.0918655 -0.692975 0)
(-0.118594 -0.667714 0)
(-0.144323 -0.641352 0)
(-0.166929 -0.600304 0)
(-0.186649 -0.551704 0)
(-0.204704 -0.506761 0)
(0.082572 -0.431845 0)
(0.075433 -0.482327 0)
(0.0672272 -0.526136 0)
(0.0584425 -0.558725 0)
(0.0498821 -0.589084 0)
(0.0420123 -0.622429 0)
(0.0334741 -0.646605 0)
(0.0245193 -0.656025 0)
(0.0157224 -0.667872 0)
(0.00782206 -0.673396 0)
(-0.00026358 -0.676254 0)
(-0.0083201 -0.671775 0)
(-0.0163039 -0.663112 0)
(-0.0246428 -0.655652 0)
(-0.0325591 -0.639783 0)
(-0.0402849 -0.611201 0)
(-0.0476809 -0.584434 0)
(-0.0544658 -0.554404 0)
(-0.0599405 -0.514275 0)
(-0.0642678 -0.470417 0)
(1.64027 0.946882 0)
(1.33917 0.772344 0)
(1.09835 0.619264 0)
(0.883859 0.459965 0)
(0.684755 0.356648 0)
(0.509093 0.29314 0)
(0.356664 0.234094 0)
(0.200982 0.17972 0)
(0.058705 0.136772 0)
(0.012863 0.117184 0)
(0.0356179 0.106124 0)
(0.054171 0.0946971 0)
(0.0577943 0.0835854 0)
(0.0543964 0.0740568 0)
(0.0487903 0.0662846 0)
(0.0421121 0.0601023 0)
(0.0343171 0.0553438 0)
(0.0254182 0.0518808 0)
(0.0156157 0.0496177 0)
(0.0052671 0.0484894 0)
(2.84579 1.55839 0)
(2.91448 1.41832 0)
(2.99554 1.15547 0)
(3.12728 0.886486 0)
(3.29079 0.762012 0)
(3.38282 0.699895 0)
(3.31448 0.777582 0)
(3.00344 0.9185 0)
(2.38047 0.723321 0)
(1.76569 0.235279 0)
(1.47646 0.0432296 0)
(1.23844 0.0680217 0)
(1.01622 0.099253 0)
(0.833038 0.101383 0)
(0.673226 0.0961956 0)
(0.530767 0.0934961 0)
(0.401438 0.0932003 0)
(0.281051 0.0939865 0)
(0.166448 0.0950885 0)
(0.0550901 0.0953073 0)
(2.02776 0.162542 0)
(2.31458 0.336496 0)
(2.43775 -0.117123 0)
(2.61566 -0.390762 0)
(2.59713 -0.174675 0)
(2.40062 0.419932 0)
(2.14463 1.08198 0)
(1.87751 1.55855 0)
(1.65955 1.59191 0)
(1.51179 1.27885 0)
(1.32506 0.959765 0)
(1.11943 0.76491 0)
(0.94684 0.649679 0)
(0.797511 0.566721 0)
(0.657731 0.503486 0)
(0.526185 0.456954 0)
(0.401883 0.423764 0)
(0.283049 0.401015 0)
(0.16811 0.386872 0)
(0.0556216 0.37854 0)
(0.318637 -1.59414 0)
(1.01105 -0.333678 0)
(1.36173 0.269688 0)
(1.3259 0.54441 0)
(1.14163 0.864335 0)
(0.974366 1.28003 0)
(0.881613 1.65337 0)
(0.883974 1.82179 0)
(0.948343 1.70679 0)
(0.971066 1.42813 0)
(0.916854 1.17512 0)
(0.829754 1.00756 0)
(0.734668 0.892832 0)
(0.635518 0.804737 0)
(0.534752 0.736027 0)
(0.434452 0.683605 0)
(0.335481 0.644683 0)
(0.238057 0.617141 0)
(0.142049 0.599668 0)
(0.047059 0.58867 0)
(-0.0566741 -2.58453 0)
(0.387038 -1.56735 0)
(0.803681 -0.0541829 0)
(0.744075 0.630174 0)
(0.540021 1.04422 0)
(0.429197 1.35967 0)
(0.430831 1.54394 0)
(0.506154 1.57419 0)
(0.59098 1.48298 0)
(0.633474 1.34578 0)
(0.62819 1.22089 0)
(0.59184 1.11884 0)
(0.538283 1.03305 0)
(0.475177 0.960404 0)
(0.406426 0.900173 0)
(0.334402 0.851615 0)
(0.260696 0.813916 0)
(0.186248 0.78635 0)
(0.111597 0.768493 0)
(0.0369789 0.756261 0)
(-0.115124 -2.85541 0)
(-0.0117135 -2.71594 0)
(0.528751 -0.449834 0)
(0.645236 0.787844 0)
(0.507704 1.18822 0)
(0.439658 1.33103 0)
(0.434535 1.40108 0)
(0.455132 1.41112 0)
(0.474282 1.37854 0)
(0.476076 1.32372 0)
(0.459195 1.25942 0)
(0.429057 1.19298 0)
(0.390509 1.12918 0)
(0.346141 1.07095 0)
(0.29756 1.0199 0)
(0.246087 0.976918 0)
(0.192729 0.942447 0)
(0.138178 0.916647 0)
(0.0829759 0.899702 0)
(0.0274547 0.886933 0)
(0.0199226 -2.84989 0)
(0.0327012 -2.93871 0)
(0.209322 -0.784021 0)
(0.612899 0.658023 0)
(0.646854 1.33344 0)
(0.555216 1.48807 0)
(0.489321 1.47694 0)
(0.444993 1.44748 0)
(0.409416 1.41291 0)
(0.376448 1.36776 0)
(0.343678 1.31422 0)
(0.310679 1.25762 0)
(0.277099 1.20222 0)
(0.242589 1.15072 0)
(0.207068 1.10485 0)
(0.170619 1.06568 0)
(0.133393 1.03391 0)
(0.0955522 1.00992 0)
(0.0573415 0.994101 0)
(0.0188923 0.980956 0)
(0.275146 -2.8168 0)
(0.350364 -3.06347 0)
(0.425234 -1.68585 0)
(0.741885 0.386509 0)
(0.824521 1.47036 0)
(0.64801 1.74255 0)
(0.485287 1.68513 0)
(0.385297 1.58957 0)
(0.317585 1.51524 0)
(0.267687 1.44879 0)
(0.229097 1.38331 0)
(0.197651 1.32017 0)
(0.170601 1.2616 0)
(0.146102 1.20903 0)
(0.122957 1.16323 0)
(0.100425 1.12471 0)
(0.0780887 1.09376 0)
(0.0557184 1.07054 0)
(0.033312 1.05529 0)
(0.0108504 1.0415 0)
(0.536637 -2.87034 0)
(0.671098 -3.04018 0)
(0.637658 -2.64978 0)
(0.75816 0.0231187 0)
(0.799138 1.6946 0)
(0.543146 2.1005 0)
(0.326598 1.96274 0)
(0.218181 1.7714 0)
(0.153286 1.63467 0)
(0.110497 1.53209 0)
(0.0829567 1.44423 0)
(0.0649177 1.36688 0)
(0.0525523 1.2997 0)
(0.0434187 1.24226 0)
(0.0359728 1.19398 0)
(0.0292742 1.15442 0)
(0.0227934 1.12324 0)
(0.0162251 1.10019 0)
(0.00946289 1.08522 0)
(0.00280539 1.07035 0)
(0.932221 -3.03139 0)
(0.661625 -2.91423 0)
(0.486227 -2.51319 0)
(0.132738 -0.225912 0)
(0.163748 2.0056 0)
(-0.00491143 2.41377 0)
(-0.0926228 2.16856 0)
(-0.103918 1.89071 0)
(-0.113463 1.70301 0)
(-0.112143 1.56967 0)
(-0.104204 1.46275 0)
(-0.0930854 1.37407 0)
(-0.0804952 1.30063 0)
(-0.067635 1.24012 0)
(-0.0552245 1.19073 0)
(-0.0436086 1.15118 0)
(-0.0328716 1.12056 0)
(-0.0229785 1.09826 0)
(-0.0146826 1.08472 0)
(-0.0057853 1.06724 0)
(0.797788 -2.60499 0)
(0.454527 -2.483 0)
(-0.282745 -1.41816 0)
(-0.803745 0.807657 0)
(-0.747453 2.31185 0)
(-0.770724 2.41704 0)
(-0.638863 2.11722 0)
(-0.519386 1.83626 0)
(-0.436391 1.64909 0)
(-0.368137 1.51445 0)
(-0.310457 1.40768 0)
(-0.26081 1.3211 0)
(-0.217311 1.2509 0)
(-0.178909 1.19407 0)
(-0.144723 1.14839 0)
(-0.113972 1.11227 0)
(-0.085923 1.08458 0)
(-0.0600241 1.0648 0)
(-0.0378079 1.05833 0)
(-0.0143053 1.02908 0)
(-0.391983 -2.32706 0)
(-0.848986 -1.43061 0)
(-1.51841 0.0654087 0)
(-1.72173 1.49654 0)
(-1.5468 2.09706 0)
(-1.35919 2.00169 0)
(-1.07555 1.76256 0)
(-0.874025 1.57435 0)
(-0.718032 1.44615 0)
(-0.593212 1.34769 0)
(-0.491862 1.26709 0)
(-0.407642 1.20085 0)
(-0.336387 1.14666 0)
(-0.275178 1.10254 0)
(-0.221704 1.06696 0)
(-0.174192 1.03877 0)
(-0.131117 1.01709 0)
(-0.0915722 1.00263 0)
(-0.0574835 1.00738 0)
(-0.0215683 0.959752 0)
(-1.80017 -1.35177 0)
(-2.17346 -0.249939 0)
(-2.31129 0.70331 0)
(-2.16558 1.27553 0)
(-1.86987 1.39726 0)
(-1.55771 1.33236 0)
(-1.26064 1.24255 0)
(-1.0478 1.18379 0)
(-0.869765 1.1394 0)
(-0.724802 1.09866 0)
(-0.60402 1.06131 0)
(-0.502288 1.02809 0)
(-0.415591 0.999232 0)
(-0.340697 0.974657 0)
(-0.27499 0.954151 0)
(-0.216377 0.937427 0)
(-0.163017 0.924275 0)
(-0.114081 0.917942 0)
(-0.0712809 0.935058 0)
(-0.0264411 0.866679 0)
(-2.2573 -0.751058 0)
(-2.34703 -0.116036 0)
(-2.23191 0.344485 0)
(-1.9837 0.5766 0)
(-1.69728 0.65666 0)
(-1.43272 0.712084 0)
(-1.21004 0.756632 0)
(-1.03414 0.795185 0)
(-0.878491 0.818325 0)
(-0.746508 0.830218 0)
(-0.63171 0.834821 0)
(-0.531972 0.834894 0)
(-0.444634 0.832369 0)
(-0.367462 0.828538 0)
(-0.298507 0.824235 0)
(-0.236034 0.819898 0)
(-0.178469 0.81621 0)
(-0.125346 0.819424 0)
(-0.0777038 0.846737 0)
(-0.0282538 0.76037 0)
(-1.78947 -0.763324 0)
(-1.78672 -0.373054 0)
(-1.67028 -0.105843 0)
(-1.49884 0.0538446 0)
(-1.32515 0.181924 0)
(-1.17081 0.307677 0)
(-1.03246 0.412459 0)
(-0.907952 0.493481 0)
(-0.7917 0.552425 0)
(-0.68747 0.596656 0)
(-0.592596 0.629424 0)
(-0.506938 0.653559 0)
(-0.42929 0.671229 0)
(-0.358628 0.684074 0)
(-0.293891 0.693265 0)
(-0.233981 0.699532 0)
(-0.177869 0.704373 0)
(-0.125388 0.716412 0)
(-0.0768377 0.749883 0)
(-0.0271344 0.652107 0)
(-1.19412 -0.706349 0)
(-1.19699 -0.465898 0)
(-1.1372 -0.298157 0)
(-1.06319 -0.166735 0)
(-0.984832 -0.0369228 0)
(-0.904621 0.0921816 0)
(-0.823816 0.202232 0)
(-0.742835 0.290072 0)
(-0.663195 0.360706 0)
(-0.587437 0.418368 0)
(-0.51535 0.464815 0)
(-0.447576 0.502072 0)
(-0.38395 0.531775 0)
(-0.324265 0.555272 0)
(-0.268135 0.573548 0)
(-0.215038 0.587284 0)
(-0.164427 0.598495 0)
(-0.116168 0.616886 0)
(-0.0700764 0.65247 0)
(-0.0238091 0.5516 0)
(-0.754584 -0.615717 0)
(-0.775473 -0.468818 0)
(-0.762517 -0.352779 0)
(-0.740409 -0.243559 0)
(-0.711504 -0.127977 0)
(-0.673672 -0.0163723 0)
(-0.627301 0.0803686 0)
(-0.577059 0.161866 0)
(-0.525368 0.232031 0)
(-0.473422 0.291941 0)
(-0.421791 0.342513 0)
(-0.371258 0.384882 0)
(-0.322192 0.420072 0)
(-0.274805 0.448977 0)
(-0.229129 0.472245 0)
(-0.185042 0.490355 0)
(-0.142285 0.505417 0)
(-0.100516 0.526943 0)
(-0.0593074 0.561654 0)
(-0.0191128 0.465847 0)
(-0.446586 -0.526155 0)
(-0.476591 -0.430968 0)
(-0.488312 -0.348364 0)
(-0.492436 -0.261821 0)
(-0.48794 -0.166041 0)
(-0.474444 -0.071445 0)
(-0.452105 0.0116893 0)
(-0.423597 0.0837565 0)
(-0.392525 0.148237 0)
(-0.359209 0.205095 0)
(-0.324454 0.254729 0)
(-0.289004 0.297599 0)
(-0.253402 0.334232 0)
(-0.218029 0.365103 0)
(-0.18314 0.390555 0)
(-0.14886 0.410829 0)
(-0.115083 0.427659 0)
(-0.0811628 0.449353 0)
(-0.0464075 0.481375 0)
(-0.0138316 0.397791 0)
(-0.22795 -0.446521 0)
(-0.253537 -0.373865 0)
(-0.273928 -0.306132 0)
(-0.291677 -0.237151 0)
(-0.304079 -0.163435 0)
(-0.308158 -0.0888703 0)
(-0.303497 -0.0189488 0)
(-0.292449 0.0449509 0)
(-0.275772 0.102851 0)
(-0.256067 0.155007 0)
(-0.234158 0.201472 0)
(-0.21085 0.242382 0)
(-0.186581 0.278004 0)
(-0.161789 0.308534 0)
(-0.13677 0.334136 0)
(-0.111808 0.354868 0)
(-0.0869864 0.371841 0)
(-0.0613249 0.391563 0)
(-0.0330769 0.419613 0)
(-0.00827326 0.351807 0)
(-0.0689983 -0.40959 0)
(-0.0753064 -0.33432 0)
(-0.0836302 -0.260324 0)
(-0.0946486 -0.188313 0)
(-0.10715 -0.120843 0)
(-0.120254 -0.0588525 0)
(-0.125441 -0.00590795 0)
(-0.127838 0.0426249 0)
(-0.126728 0.0870553 0)
(-0.12258 0.128496 0)
(-0.115397 0.166694 0)
(-0.106281 0.201638 0)
(-0.0955727 0.233117 0)
(-0.0839024 0.260964 0)
(-0.0715528 0.285016 0)
(-0.0588513 0.305083 0)
(-0.0460409 0.32134 0)
(-0.0327085 0.33699 0)
(-0.0169132 0.358037 0)
(-0.00345701 0.315088 0)
)
;

boundaryField
{
    leftWall
    {
        type            fixedValue;
        value           uniform (0 0 0);
    }
    rightWall
    {
        type            fixedValue;
        value           uniform (0 0 0);
    }
    lowerWall
    {
        type            fixedValue;
        value           uniform (0 0 0);
    }
    atmosphere
    {
        type            pressureInletOutletVelocity;
        value           nonuniform List<vector> 
60
(
(0.00542972 0.419551 0)
(0.023401 0.485982 0)
(0.0438972 0.458005 0)
(0.0621624 0.438941 0)
(0.0799547 0.421843 0)
(0.0979464 0.401175 0)
(0.115986 0.376392 0)
(0.133758 0.347851 0)
(0.150889 0.315882 0)
(0.166819 0.280822 0)
(0.180821 0.243073 0)
(0.191931 0.203224 0)
(0.199148 0.162108 0)
(0.200831 0.120936 0)
(0.19586 0.0851699 0)
(0.177909 0.0733903 0)
(0.153104 0.043894 0)
(0 -0.0821242 0)
(0 -0.231086 0)
(0 -0.35063 0)
(0 -0.431845 0)
(0 -0.482327 0)
(0 -0.526136 0)
(0 -0.558725 0)
(0 -0.589084 0)
(0 -0.622429 0)
(0 -0.646605 0)
(0 -0.656025 0)
(0 -0.667872 0)
(0 -0.673396 0)
(0 -0.676254 0)
(0 -0.671775 0)
(0 -0.663112 0)
(0 -0.655652 0)
(0 -0.639783 0)
(0 -0.611201 0)
(0 -0.584434 0)
(0 -0.554404 0)
(0 -0.514275 0)
(0 -0.470417 0)
(0 -0.40959 0)
(0 -0.33432 0)
(0 -0.260324 0)
(0 -0.188313 0)
(0 -0.120843 0)
(0 -0.0588525 0)
(0 -0.00590795 0)
(-0.127838 0.0426249 0)
(-0.126728 0.0870553 0)
(-0.12258 0.128496 0)
(-0.115397 0.166694 0)
(-0.106281 0.201638 0)
(-0.0955727 0.233117 0)
(-0.0839024 0.260964 0)
(-0.0715528 0.285016 0)
(-0.0588513 0.305083 0)
(-0.0460409 0.32134 0)
(-0.0327085 0.33699 0)
(-0.0169132 0.358037 0)
(-0.00345701 0.315088 0)
)
;
    }
    defaultFaces
    {
        type            empty;
    }
}


// ************************************************************************* //
