/*--------------------------------*- C++ -*----------------------------------*\
| =========                 |                                                 |
| \\      /  F ield         | OpenFOAM: The Open Source CFD Toolbox           |
|  \\    /   O peration     | Version:  2.4.0                                 |
|   \\  /    A nd           | Web:      www.OpenFOAM.org                      |
|    \\/     M anipulation  |                                                 |
\*---------------------------------------------------------------------------*/
FoamFile
{
    version     2.0;
    format      ascii;
    class       surfaceScalarField;
    location    "0.178";
    object      phi;
}
// * * * * * * * * * * * * * * * * * * * * * * * * * * * * * * * * * * * * * //

dimensions      [0 3 -1 0 0 0 0];

internalField   nonuniform List<scalar> 
7080
(
3.05189e-08
-3.05189e-08
6.49176e-08
-3.43987e-08
8.94625e-08
-2.45449e-08
9.84034e-08
-8.94092e-09
9.5046e-08
3.35743e-09
7.34285e-08
2.16175e-08
4.72015e-08
2.6227e-08
2.27287e-08
2.44727e-08
2.74463e-09
1.99841e-08
-8.92906e-09
1.16737e-08
-1.34922e-08
4.5632e-09
-2.6086e-08
1.25938e-08
-3.30546e-08
6.96852e-09
-4.20803e-08
9.02577e-09
-4.60967e-08
4.01637e-09
-2.82468e-08
-1.78498e-08
3.82603e-09
-3.20729e-08
1.8359e-08
-1.4533e-08
1.06096e-08
7.74944e-09
-3.61928e-08
4.68023e-08
-1.43479e-07
1.07286e-07
-2.05252e-07
6.17728e-08
-1.8976e-07
-1.54919e-08
-1.75019e-07
-1.47406e-08
-1.65092e-07
-9.9276e-09
-1.37505e-07
-2.75872e-08
-9.71552e-08
-4.03494e-08
-6.08575e-08
-3.62977e-08
-3.25454e-08
-2.83122e-08
-2.70261e-08
-5.51927e-09
2.69058e-08
-5.74246e-08
7.28138e-08
-8.03068e-08
1.14611e-07
-6.63425e-08
1.3782e-07
-3.21495e-08
1.47294e-07
-6.11675e-09
1.35682e-07
3.32292e-08
1.13144e-07
4.87657e-08
9.05661e-08
4.70504e-08
6.5552e-08
4.49982e-08
4.90109e-08
2.82148e-08
3.98738e-08
1.37003e-08
1.72747e-08
3.51929e-08
8.38533e-09
1.58579e-08
-2.35636e-08
4.09747e-08
-3.60935e-08
1.65462e-08
-3.6545e-08
-1.73982e-08
-3.50391e-08
-3.35789e-08
-2.45773e-08
-2.49947e-08
-6.50872e-08
4.82593e-08
-1.75284e-07
1.56999e-07
-2.92213e-07
2.24215e-07
-3.18658e-07
8.82175e-08
-2.85625e-07
-4.85243e-08
-2.54169e-07
-4.61974e-08
-2.10723e-07
-5.33728e-08
-1.59273e-07
-7.90377e-08
-1.10139e-07
-8.94834e-08
-7.26909e-08
-7.37458e-08
-3.49045e-08
-6.60986e-08
-5.96117e-08
-2.31891e-09
2.13842e-08
-7.88088e-08
6.74078e-08
-1.2633e-07
1.11992e-07
-1.10927e-07
1.38175e-07
-5.83327e-08
1.51364e-07
-1.93055e-08
1.4453e-07
4.00627e-08
1.25988e-07
6.73079e-08
1.09739e-07
6.32993e-08
8.61807e-08
6.85567e-08
7.49516e-08
3.94439e-08
6.83614e-08
2.02904e-08
4.76307e-08
5.59236e-08
5.01119e-08
1.33767e-08
1.65441e-08
7.45425e-08
3.94839e-09
2.91419e-08
-6.33087e-09
-7.11893e-09
-4.29253e-08
3.01552e-09
-6.91465e-08
1.2265e-09
-1.34513e-07
1.13626e-07
-2.46077e-07
2.68563e-07
-3.18949e-07
2.97087e-07
-3.09138e-07
7.84071e-08
-2.75258e-07
-8.2405e-08
-2.39084e-07
-8.23715e-08
-1.88028e-07
-1.04428e-07
-1.31452e-07
-1.35614e-07
-8.65116e-08
-1.34424e-07
-6.38755e-08
-9.63819e-08
-3.45537e-08
-9.54204e-08
-8.92705e-08
-4.89497e-09
1.94148e-08
-9.82237e-08
6.53345e-08
-1.7225e-07
1.10327e-07
-1.55919e-07
1.36941e-07
-8.49464e-08
1.50742e-07
-3.31067e-08
1.44587e-07
4.62177e-08
1.26745e-07
8.51495e-08
1.12874e-07
7.71703e-08
8.88359e-08
9.25949e-08
8.22529e-08
4.60269e-08
7.30165e-08
2.95268e-08
6.01397e-08
6.88005e-08
7.77497e-08
-4.23326e-09
4.77194e-08
1.04573e-07
3.42418e-08
4.26195e-08
1.82605e-08
8.86248e-09
-4.7512e-08
6.8788e-08
-1.07147e-07
6.0861e-08
-1.77601e-07
1.84081e-07
-2.44712e-07
3.35673e-07
-2.6984e-07
3.22215e-07
-2.52726e-07
6.12927e-08
-2.40571e-07
-9.45595e-08
-2.08959e-07
-1.13984e-07
-1.6999e-07
-1.43397e-07
-1.26894e-07
-1.78711e-07
-8.89391e-08
-1.72378e-07
-4.98781e-08
-1.35443e-07
-2.97305e-08
-1.15568e-07
-1.08356e-07
-1.06454e-08
1.87888e-08
-1.17012e-07
6.48995e-08
-2.18361e-07
1.10214e-07
-2.01233e-07
1.37102e-07
-1.11835e-07
1.51111e-07
-4.7115e-08
1.44699e-07
5.26292e-08
1.26641e-07
1.03208e-07
1.13286e-07
9.05246e-08
8.77354e-08
1.18146e-07
8.42054e-08
4.95569e-08
6.62243e-08
4.75079e-08
6.51367e-08
6.98881e-08
9.46959e-08
-3.37925e-08
6.78683e-08
1.314e-07
6.1073e-08
4.94147e-08
4.50353e-08
2.49001e-08
-3.68059e-08
1.50629e-07
-1.19227e-07
1.43283e-07
-1.79134e-07
2.43987e-07
-1.90081e-07
3.46621e-07
-1.77768e-07
3.09902e-07
-1.55308e-07
3.88328e-08
-1.3396e-07
-1.15908e-07
-9.88984e-08
-1.49045e-07
-7.1487e-08
-1.70809e-07
-5.38707e-08
-1.96327e-07
-4.37473e-08
-1.82502e-07
-2.24755e-08
-1.56715e-07
-1.67516e-08
-1.21292e-07
-1.09916e-07
-1.51916e-08
1.84337e-08
-1.35446e-07
6.47915e-08
-2.64719e-07
1.10505e-07
-2.46946e-07
1.37754e-07
-1.39085e-07
1.52005e-07
-6.13659e-08
1.45183e-07
5.94511e-08
1.2685e-07
1.21542e-07
1.13427e-07
1.03947e-07
8.67553e-08
1.44818e-07
8.46577e-08
5.16544e-08
5.78055e-08
7.43601e-08
6.6603e-08
6.10907e-08
9.39899e-08
-6.11794e-08
7.67293e-08
1.48661e-07
8.65616e-08
3.95824e-08
7.49296e-08
3.65321e-08
5.21778e-10
2.25037e-07
-8.3864e-08
2.27668e-07
-1.26751e-07
2.86875e-07
-1.19399e-07
3.39268e-07
-9.41848e-08
2.84688e-07
-6.90481e-08
1.36961e-08
-2.33393e-08
-1.61617e-07
2.20414e-08
-1.94426e-07
4.87664e-08
-1.97533e-07
3.97971e-08
-1.87358e-07
1.41538e-08
-1.56858e-07
-2.90745e-09
-1.39653e-07
-9.08798e-09
-1.15112e-07
-1.01072e-07
-1.79316e-08
1.807e-08
-1.53516e-07
6.47045e-08
-3.11353e-07
1.10898e-07
-2.9314e-07
1.38596e-07
-1.66782e-07
1.5315e-07
-7.59205e-08
1.45824e-07
6.67777e-08
1.27272e-07
1.40094e-07
1.1348e-07
1.17739e-07
8.6598e-08
1.717e-07
8.49224e-08
5.333e-08
5.50059e-08
1.04277e-07
6.50748e-08
5.10218e-08
6.57664e-08
-6.1871e-08
6.69164e-08
1.47511e-07
1.02553e-07
3.94594e-09
9.07023e-08
4.83827e-08
3.73462e-08
2.78393e-07
-3.80227e-08
3.03037e-07
-7.80663e-08
3.26918e-07
-5.38535e-08
3.15055e-07
-9.88199e-09
2.40717e-07
3.04633e-08
-2.66491e-08
6.34786e-08
-1.94632e-07
1.01509e-07
-2.32456e-07
1.16207e-07
-2.12231e-07
1.00639e-07
-1.7179e-07
7.28142e-08
-1.29033e-07
3.24483e-08
-9.92875e-08
3.97582e-09
-8.66391e-08
-8.0927e-08
-1.61693e-08
1.76389e-08
-1.71155e-07
6.45902e-08
-3.58304e-07
1.1135e-07
-3.399e-07
1.39586e-07
-1.95018e-07
1.54504e-07
-9.08388e-08
1.4657e-07
7.47124e-08
1.27831e-07
1.58832e-07
1.13372e-07
1.32198e-07
8.73605e-08
1.97711e-07
8.54775e-08
5.5213e-08
5.95105e-08
1.30244e-07
6.44191e-08
4.61132e-08
2.96405e-08
-2.70925e-08
4.07189e-08
1.36433e-07
8.88057e-08
-4.41409e-08
7.41844e-08
6.3004e-08
5.10272e-08
3.0155e-07
1.5785e-08
3.38279e-07
-1.09922e-09
3.43802e-07
2.28619e-08
2.91094e-07
8.86206e-08
1.74958e-07
1.25856e-07
-6.38844e-08
1.37035e-07
-2.05811e-07
1.4635e-07
-2.41771e-07
1.3724e-07
-2.03121e-07
1.18017e-07
-1.52568e-07
9.35487e-08
-1.04565e-07
5.93024e-08
-6.50412e-08
2.27944e-08
-5.01311e-08
-5.27012e-08
-5.4314e-09
1.71269e-08
-1.88282e-07
6.44402e-08
-4.05618e-07
1.1185e-07
-3.8731e-07
1.40726e-07
-2.23894e-07
1.56066e-07
-1.06178e-07
1.47428e-07
8.33504e-08
1.28465e-07
1.77795e-07
1.13068e-07
1.47594e-07
8.89615e-08
2.21818e-07
8.48446e-08
5.93299e-08
6.91803e-08
1.45908e-07
7.14641e-08
4.38293e-08
1.8159e-08
2.62126e-08
1.7822e-08
1.3677e-07
4.75698e-08
-7.38887e-08
5.06348e-08
5.9939e-08
5.75542e-08
2.94631e-07
6.41989e-08
3.31635e-07
9.96374e-08
3.08364e-07
1.33169e-07
2.57562e-07
1.82009e-07
1.26118e-07
1.96117e-07
-7.79928e-08
1.81716e-07
-1.9141e-07
1.6328e-07
-2.23335e-07
1.41256e-07
-1.81097e-07
1.15932e-07
-1.27244e-07
9.07158e-08
-7.93488e-08
5.97183e-08
-3.40438e-08
2.87897e-08
-1.92025e-08
-2.60306e-08
2.11902e-09
1.65283e-08
-2.0481e-07
6.42498e-08
-4.53339e-07
1.12388e-07
-4.35448e-07
1.42021e-07
-2.53527e-07
1.57839e-07
-1.21996e-07
1.48416e-07
9.2774e-08
1.29073e-07
1.97137e-07
1.12813e-07
1.63855e-07
9.0351e-08
2.4428e-07
8.14878e-08
6.8193e-08
7.87353e-08
1.48661e-07
8.0141e-08
4.24236e-08
2.44035e-08
8.19501e-08
1.46178e-08
1.46555e-07
2.77096e-08
-8.69805e-08
5.12326e-08
3.6416e-08
7.68241e-08
2.69039e-07
8.85464e-08
3.19912e-07
1.47245e-07
2.49665e-07
1.93768e-07
2.11039e-07
2.2438e-07
9.55067e-08
2.14178e-07
-6.77911e-08
1.84859e-07
-1.62091e-07
1.53541e-07
-1.92017e-07
1.26298e-07
-1.53854e-07
9.7765e-08
-9.87106e-08
7.05034e-08
-5.20872e-08
4.50961e-08
-8.63644e-09
2.15516e-08
4.34197e-09
-7.28917e-09
2.81019e-09
1.58386e-08
-2.20649e-07
6.40147e-08
-5.01515e-07
1.12941e-07
-4.84375e-07
1.43479e-07
-2.84065e-07
1.59836e-07
-1.38353e-07
1.49529e-07
1.03081e-07
1.29637e-07
2.17029e-07
1.12866e-07
1.80626e-07
9.05796e-08
2.66566e-07
7.68229e-08
8.19497e-08
8.49661e-08
1.40517e-07
7.97348e-08
4.7655e-08
3.42032e-08
1.27482e-07
2.91868e-08
1.51572e-07
3.46947e-08
-9.24884e-08
5.63923e-08
1.47184e-08
8.55538e-08
2.39878e-07
9.73542e-08
3.08112e-07
1.36892e-07
2.10127e-07
1.76439e-07
1.71492e-07
1.92298e-07
7.96484e-08
1.75092e-07
-5.0585e-08
1.64904e-07
-1.51904e-07
1.39555e-07
-1.66667e-07
1.14531e-07
-1.28831e-07
8.43624e-08
-6.85417e-08
5.28261e-08
-2.0551e-08
3.09021e-08
1.32876e-08
1.63912e-08
1.88528e-08
3.61113e-09
5.49092e-09
1.50528e-08
-2.35702e-07
6.37296e-08
-5.50192e-07
1.1348e-07
-5.34125e-07
1.45104e-07
-3.15689e-07
1.62066e-07
-1.55315e-07
1.50753e-07
1.14395e-07
1.30219e-07
2.37562e-07
1.13263e-07
1.97582e-07
8.95371e-08
2.90292e-07
7.41698e-08
9.7317e-08
8.77604e-08
1.26927e-07
7.14524e-08
6.3963e-08
4.24047e-08
1.56529e-07
4.83271e-08
1.4565e-07
5.52773e-08
-9.94386e-08
6.23244e-08
7.67127e-09
7.74112e-08
2.24791e-07
1.01697e-07
2.83826e-07
1.20764e-07
1.9106e-07
1.49332e-07
1.42924e-07
1.63569e-07
6.54114e-08
1.68128e-07
-5.51441e-08
1.71143e-07
-1.54919e-07
1.44394e-07
-1.39918e-07
1.12878e-07
-9.73154e-08
7.37955e-08
-2.94589e-08
3.86825e-08
1.45619e-08
2.54576e-08
2.65125e-08
1.51114e-08
2.91989e-08
9.45232e-09
9.27023e-09
1.41651e-08
-2.49867e-07
6.33875e-08
-5.99415e-07
1.14039e-07
-5.84777e-07
1.46904e-07
-3.48555e-07
1.64538e-07
-1.72949e-07
1.52082e-07
1.26851e-07
1.30902e-07
2.58742e-07
1.13733e-07
2.14752e-07
8.82252e-08
3.158e-07
7.27232e-08
1.12819e-07
8.98318e-08
1.09818e-07
6.60017e-08
8.77931e-08
5.07035e-08
1.71828e-07
6.46158e-08
1.31737e-07
7.06934e-08
-1.05516e-07
6.93173e-08
9.04732e-09
6.07349e-08
2.33373e-07
9.45908e-08
2.4997e-07
1.21524e-07
1.64127e-07
1.41454e-07
1.22994e-07
1.6081e-07
4.60557e-08
1.67747e-07
-6.20819e-08
1.51375e-07
-1.38547e-07
1.23473e-07
-1.12015e-07
9.42386e-08
-6.80815e-08
7.15901e-08
-6.81043e-09
5.02387e-08
3.59133e-08
2.84407e-08
4.83105e-08
1.40218e-08
4.36178e-08
6.53034e-09
1.69437e-08
1.31686e-08
-2.63035e-07
6.29811e-08
-6.49227e-07
1.14671e-07
-6.36466e-07
1.48885e-07
-3.82768e-07
1.67264e-07
-1.91328e-07
1.53524e-07
1.40591e-07
1.31662e-07
2.80604e-07
1.14318e-07
2.32096e-07
8.67715e-08
3.43346e-07
7.09698e-08
1.28621e-07
9.16953e-08
8.90926e-08
6.52265e-08
1.14262e-07
4.94913e-08
1.87563e-07
6.90945e-08
1.12134e-07
6.55956e-08
-1.02017e-07
7.77679e-08
-3.125e-09
7.44089e-08
2.36732e-07
9.2144e-08
2.32235e-07
1.16777e-07
1.39494e-07
1.36319e-07
1.03452e-07
1.52928e-07
2.9446e-08
1.43165e-07
-5.23182e-08
1.16683e-07
-1.12065e-07
9.94226e-08
-9.4755e-08
8.50414e-08
-5.37003e-08
6.91079e-08
9.12313e-09
4.118e-08
6.38411e-08
4.48606e-09
8.50045e-08
6.10308e-09
4.20007e-08
-8.8553e-09
2.14887e-08
1.20552e-08
-2.7509e-07
6.25022e-08
-6.99674e-07
1.154e-07
-6.89364e-07
1.51054e-07
-4.18423e-07
1.7026e-07
-2.10534e-07
1.55061e-07
1.5579e-07
1.32508e-07
3.03157e-07
1.15149e-07
2.49455e-07
8.53056e-08
3.73189e-07
6.69647e-08
1.46962e-07
9.40394e-08
6.20179e-08
7.41829e-08
1.34118e-07
6.1924e-08
1.99822e-07
7.57841e-08
9.82739e-08
6.55885e-08
-9.18217e-08
9.35444e-08
-3.10809e-08
8.74292e-08
2.42847e-07
8.47702e-08
2.34894e-07
1.09742e-07
1.14523e-07
1.22188e-07
9.10062e-08
1.20025e-07
3.16087e-08
1.09862e-07
-4.21549e-08
8.25118e-08
-8.4715e-08
3.81906e-08
-5.04338e-08
-3.23956e-09
-1.22702e-08
-2.04956e-08
2.63792e-08
-3.45649e-08
7.79103e-08
-3.12384e-08
8.16779e-08
-5.65836e-09
1.64207e-08
-1.87229e-08
4.20927e-09
1.08147e-08
-2.85905e-07
6.19423e-08
-7.50802e-07
1.16222e-07
-7.43644e-07
1.53424e-07
-4.55625e-07
1.73538e-07
-2.30648e-07
1.56667e-07
1.72661e-07
1.33432e-07
3.26392e-07
1.16724e-07
2.66163e-07
8.2802e-08
4.07111e-07
6.23401e-08
1.67424e-07
9.86732e-08
2.56848e-08
7.71545e-08
1.55637e-07
1.87558e-08
2.5822e-07
3.50513e-08
8.19784e-08
6.85563e-08
-1.25327e-07
1.15578e-07
-7.81028e-08
1.20822e-07
2.37603e-07
1.12986e-07
2.4273e-07
1.18989e-07
1.08521e-07
1.01629e-07
1.08366e-07
1.13891e-07
1.93465e-08
1.25958e-07
-5.42216e-08
9.85401e-08
-5.72971e-08
5.75999e-08
-9.49364e-09
9.94049e-09
3.53892e-08
-2.39701e-08
6.02898e-08
-3.41812e-08
8.81214e-08
-2.83326e-08
7.58294e-08
-2.80958e-08
1.61839e-08
-1.08908e-08
-3.5928e-08
9.4349e-09
-2.9534e-07
6.12914e-08
-8.02658e-07
1.17123e-07
-7.99476e-07
1.5601e-07
-4.94511e-07
1.7709e-07
-2.51728e-07
1.58287e-07
1.91464e-07
1.34631e-07
3.50048e-07
1.18844e-07
2.81951e-07
7.88383e-08
4.47117e-07
6.08954e-08
1.85366e-07
1.05922e-07
-1.93415e-08
8.75696e-08
1.73989e-07
5.24552e-08
2.93335e-07
6.15805e-08
7.28531e-08
8.41256e-08
-1.47872e-07
1.36667e-07
-1.30645e-07
1.58057e-07
2.16214e-07
1.36084e-07
2.64703e-07
8.96025e-08
1.55002e-07
7.86181e-08
1.1935e-07
1.11497e-07
-1.35327e-08
9.81751e-08
-4.08993e-08
5.7701e-08
-1.68231e-08
4.70178e-08
1.18961e-09
4.22947e-08
4.01123e-08
1.93773e-08
8.32072e-08
1.07217e-08
9.6777e-08
1.14682e-08
7.50828e-08
-6.02426e-09
3.36763e-08
1.67192e-08
-3.36342e-08
7.90076e-09
-3.03241e-07
6.05352e-08
-8.55293e-07
1.18087e-07
-8.57028e-07
1.58828e-07
-5.35251e-07
1.8084e-07
-2.7374e-07
1.59964e-07
2.1234e-07
1.36051e-07
3.73961e-07
1.22588e-07
2.95414e-07
7.15561e-08
4.98149e-07
5.58496e-08
2.01073e-07
1.13899e-07
-7.7391e-08
7.74546e-08
2.10434e-07
1.01574e-08
3.60632e-07
1.9454e-08
6.35565e-08
6.535e-08
-1.93768e-07
1.24119e-07
-1.89414e-07
1.1349e-07
2.26843e-07
9.82037e-08
2.79989e-07
8.46175e-08
1.68588e-07
7.67919e-08
1.27176e-07
6.53999e-08
-2.14069e-09
-2.10883e-10
2.47115e-08
-3.28977e-08
1.58637e-08
-1.0989e-08
-2.07191e-08
2.57603e-08
3.36294e-09
4.12324e-08
6.77351e-08
5.26175e-08
8.53919e-08
5.87676e-08
6.89326e-08
4.19607e-08
5.04833e-08
4.82262e-08
1.04536e-08
6.19409e-09
-3.09435e-07
5.96409e-08
-9.0874e-07
1.19085e-07
-9.16472e-07
1.61838e-07
-5.78005e-07
1.84617e-07
-2.96519e-07
1.61582e-07
2.35375e-07
1.38702e-07
3.9684e-07
1.20284e-07
3.13832e-07
7.637e-08
5.42063e-07
5.87876e-08
2.18655e-07
1.14685e-07
-1.33288e-07
7.10859e-08
2.54033e-07
-2.19647e-08
4.53683e-07
5.64271e-09
3.59491e-08
6.8688e-08
-2.56813e-07
1.22049e-07
-2.42775e-07
9.21424e-08
2.56749e-07
7.69687e-08
2.95163e-07
9.31817e-08
1.52375e-07
6.19689e-08
1.58388e-07
-1.37733e-08
7.36016e-08
-8.47614e-08
9.56995e-08
-9.4029e-08
2.51314e-08
-7.09103e-08
-4.38378e-08
-3.43045e-08
-3.32429e-08
2.03573e-09
3.13949e-08
2.70573e-08
6.03703e-08
4.59495e-08
5.00405e-08
4.14587e-08
5.4974e-08
6.69155e-08
2.27694e-08
4.30175e-09
-3.13736e-07
5.85094e-08
-9.62947e-07
1.20012e-07
-9.77975e-07
1.64768e-07
-6.2276e-07
1.87884e-07
-3.19634e-07
1.63448e-07
2.59811e-07
1.39225e-07
4.21063e-07
1.32494e-07
3.20563e-07
5.04841e-08
6.24073e-07
1.93391e-08
2.498e-07
1.19081e-07
-2.33031e-07
6.01948e-08
3.12919e-07
-1.31083e-08
5.26986e-07
2.53999e-08
-2.55912e-09
5.02382e-08
-2.81651e-07
1.03898e-07
-2.96435e-07
7.21448e-08
2.88503e-07
5.5642e-08
3.11666e-07
4.23169e-08
1.65701e-07
4.11826e-08
1.59523e-07
9.23774e-09
1.05546e-07
-9.07135e-08
1.95651e-07
-1.20528e-07
5.4946e-08
-1.16709e-07
-4.76565e-08
-9.19425e-08
-5.80098e-08
-5.87237e-08
-1.82394e-09
-3.09313e-08
3.25778e-08
-4.18356e-09
2.32928e-08
9.25139e-09
4.1539e-08
6.70107e-08
9.15618e-09
2.23622e-09
-3.15973e-07
5.68098e-08
-1.01752e-06
1.20437e-07
-1.0416e-06
1.66619e-07
-6.68943e-07
1.89122e-07
-3.42137e-07
1.61891e-07
2.87042e-07
1.41233e-07
4.41721e-07
1.08718e-07
3.53078e-07
7.07524e-08
6.62038e-07
3.84114e-08
2.82141e-07
1.19579e-07
-3.14198e-07
8.2108e-08
3.5039e-07
-1.94411e-09
6.11038e-07
5.22757e-08
-5.6779e-08
5.80579e-08
-2.87434e-07
9.27487e-08
-3.31125e-07
1.15251e-07
2.66e-07
8.59049e-08
3.41012e-07
4.97093e-09
2.46634e-07
-1.52304e-08
1.79724e-07
3.71949e-08
5.31211e-08
-1.95494e-09
2.34801e-07
-3.96979e-08
9.2689e-08
-6.06764e-08
-2.6678e-08
-7.65534e-08
-4.21328e-08
-6.80339e-08
-1.03434e-08
-4.96816e-08
1.42255e-08
-3.60174e-08
9.62864e-09
-2.06053e-08
2.61269e-08
4.85567e-08
-2.15134e-09
3.36107e-10
-3.16309e-07
5.35642e-08
-1.07075e-06
1.1881e-07
-1.10685e-06
1.64551e-07
-7.14683e-07
1.82424e-07
-3.60011e-07
1.50364e-07
3.19102e-07
1.17861e-07
4.74224e-07
1.42498e-07
3.28441e-07
9.02197e-08
7.14317e-07
5.28367e-08
3.19524e-07
1.6933e-07
-4.30692e-07
1.28923e-07
3.90798e-07
8.74916e-09
7.31211e-07
8.37114e-08
-1.31741e-07
1.24481e-07
-3.28203e-07
9.6218e-08
-3.02862e-07
1.21421e-07
2.40797e-07
8.72955e-08
3.75138e-07
5.78548e-08
2.76075e-07
5.25327e-09
2.32325e-07
4.48054e-08
1.3569e-08
7.46924e-08
2.04914e-07
3.10468e-08
1.36335e-07
7.4817e-09
-3.1129e-09
-1.55274e-08
-1.91237e-08
-2.37467e-08
-2.12404e-09
-2.16376e-08
1.21163e-08
-2.45566e-08
1.25477e-08
-2.142e-08
2.29902e-08
3.38093e-08
-6.67261e-09
-1.12811e-09
-3.15181e-07
4.63669e-08
-1.11824e-06
1.10797e-07
-1.17128e-06
1.52013e-07
-7.55899e-07
1.55528e-07
-3.63526e-07
1.04664e-07
3.69966e-07
6.06421e-08
5.18246e-07
3.54227e-08
3.5366e-07
-2.16087e-08
7.71348e-07
-4.60128e-08
3.43928e-07
-7.25985e-08
-4.04106e-07
-8.24633e-08
4.00662e-07
-8.5236e-08
7.33984e-07
4.4873e-08
-2.6185e-07
1.67391e-07
-4.50721e-07
1.03878e-07
-2.3935e-07
6.39188e-08
2.80756e-07
3.78601e-08
4.01197e-07
7.55368e-08
2.38398e-07
4.29637e-08
2.64898e-07
3.61911e-08
2.03416e-08
8.98119e-08
1.51293e-07
6.63258e-08
1.59821e-07
3.22363e-08
3.09766e-08
8.1076e-09
5.00496e-09
8.09358e-09
-2.11003e-09
7.73727e-09
1.24727e-08
4.55354e-10
1.98296e-08
-9.61174e-09
3.30573e-08
3.87434e-08
-1.45459e-08
3.43921e-09
-3.1862e-07
3.07283e-08
-1.14553e-06
8.76847e-08
-1.22823e-06
1.21188e-07
-7.89403e-07
1.02844e-07
-3.45182e-07
5.3344e-08
4.19466e-07
2.7627e-08
5.43963e-07
3.29893e-08
3.48298e-07
2.09455e-08
7.83392e-07
-8.44214e-08
4.49295e-07
-1.42816e-07
-3.45712e-07
-7.39575e-08
3.31804e-07
-1.78753e-07
8.3878e-07
-7.63523e-08
-3.64251e-07
1.1072e-07
-6.37793e-07
2.83612e-08
-1.56991e-07
-8.91916e-08
3.98309e-07
-9.55919e-08
4.07597e-07
2.66155e-08
1.16191e-07
6.97225e-08
2.21792e-07
4.09625e-08
4.91015e-08
7.99721e-08
1.12283e-07
7.04298e-08
1.69363e-07
2.12663e-08
8.01401e-08
1.83528e-09
2.4436e-08
5.93637e-09
-6.21114e-09
2.77148e-09
1.56375e-08
-1.81994e-09
2.44211e-08
-1.23693e-08
4.36067e-08
5.06089e-08
-2.42348e-08
-8.43568e-09
-3.10184e-07
1.58701e-09
-1.15556e-06
4.11618e-08
-1.26781e-06
8.27554e-08
-8.30996e-07
6.66511e-08
-3.29077e-07
-5.00797e-08
5.36197e-07
-2.3338e-07
7.27263e-07
-6.79117e-08
1.8283e-07
1.56066e-08
6.99874e-07
-1.53233e-07
6.18135e-07
-1.97744e-07
-3.012e-07
-1.5752e-07
2.9158e-07
-2.53614e-07
9.34873e-07
-1.72569e-07
-4.45295e-07
-3.31435e-08
-7.77219e-07
-6.76265e-08
-1.22508e-07
-1.68025e-07
4.98708e-07
-1.14828e-07
3.544e-07
4.85341e-08
-4.71708e-08
9.7349e-08
1.72977e-07
3.41742e-08
1.12276e-07
2.62948e-08
1.20163e-07
2.68711e-08
1.68787e-07
-1.22153e-08
1.19227e-07
-2.007e-08
3.22907e-08
-2.02367e-08
-6.04448e-09
-2.17846e-08
1.71854e-08
-1.58698e-08
1.85063e-08
-1.46861e-08
4.2423e-08
5.23879e-08
-1.64651e-08
2.31504e-08
-3.33335e-07
-3.73998e-08
-1.09501e-06
-1.60818e-08
-1.28913e-06
8.51445e-08
-9.32223e-07
6.52902e-08
-3.09223e-07
-1.87511e-07
7.88998e-07
-4.83139e-07
1.02289e-06
-2.65732e-07
-3.45766e-08
-6.89135e-08
5.03055e-07
-1.56602e-07
7.05823e-07
-3.0769e-07
-1.50112e-07
-2.99939e-07
2.83829e-07
-2.2231e-07
8.57244e-07
-1.73928e-07
-4.93677e-07
-1.51731e-07
-7.99416e-07
-1.29979e-07
-1.4426e-07
-1.0114e-07
4.69868e-07
-4.04582e-08
2.93718e-07
-1.57589e-09
-8.60531e-08
-3.37978e-08
2.05199e-07
-7.98173e-08
1.58296e-07
-1.28636e-08
5.32091e-08
2.12791e-08
1.34644e-07
-2.38773e-08
1.64383e-07
-3.74402e-08
4.58536e-08
-3.58239e-08
-7.66073e-09
-2.79793e-08
9.34076e-09
-2.15939e-08
1.21208e-08
-1.27773e-08
3.36064e-08
4.24904e-08
-2.87994e-09
-4.17435e-08
-2.91591e-07
-6.50691e-08
-1.07168e-06
-2.42162e-08
-1.32998e-06
-1.30656e-07
-8.25783e-07
-6.49202e-07
2.09324e-07
-6.29934e-07
7.6973e-07
-4.35544e-07
8.28501e-07
-4.20264e-07
-4.98568e-08
-1.95644e-07
2.78436e-07
-1.26014e-07
6.36193e-07
-3.9171e-07
1.15584e-07
-2.95732e-07
1.87851e-07
-8.73952e-08
6.48908e-07
-1.66809e-07
-4.14263e-07
-2.90659e-07
-6.75566e-07
-2.64169e-07
-1.7075e-07
-1.16442e-07
3.22141e-07
-9.70369e-08
2.74313e-07
-1.44353e-07
-3.87371e-08
-1.18666e-07
1.79511e-07
-8.35473e-08
1.23177e-07
-1.21739e-08
-1.81643e-08
4.16947e-08
8.07752e-08
1.64169e-08
1.89661e-07
-5.64177e-09
6.79123e-08
-1.90782e-08
5.77567e-09
-2.22272e-08
1.24897e-08
-2.38528e-08
1.37464e-08
-1.44389e-08
2.41926e-08
2.95288e-08
-1.47727e-09
-2.3808e-08
-2.67783e-07
-1.85697e-09
-1.09363e-06
-1.7919e-07
-1.15265e-06
-1.2631e-06
2.58132e-07
-1.69921e-06
6.45427e-07
-7.55041e-07
-1.74436e-07
-6.03067e-07
6.76527e-07
-6.15519e-07
-3.74048e-08
-3.6077e-07
2.36871e-08
-1.90459e-07
4.65882e-07
-4.22277e-07
3.47402e-07
-2.22539e-07
-1.18875e-08
2.89042e-08
3.97465e-07
-1.67176e-07
-2.18183e-07
-3.66924e-07
-4.75818e-07
-3.53852e-07
-1.83822e-07
-1.54471e-07
1.2276e-07
-1.33461e-07
2.53303e-07
-1.62474e-07
-9.72376e-09
-9.44362e-08
1.11473e-07
-3.65163e-08
6.52575e-08
-5.32585e-08
-1.42219e-09
-1.76344e-08
4.51511e-08
5.39035e-08
1.18123e-07
6.36804e-08
5.81354e-08
2.65812e-08
4.28748e-08
-6.41412e-09
4.5485e-08
-2.19649e-08
2.92971e-08
-2.06951e-08
2.29227e-08
1.62332e-08
-7.39948e-09
-1.40997e-07
-1.26786e-07
3.24974e-07
-1.5596e-06
1.17052e-06
-1.99819e-06
2.25137e-08
1.40614e-06
-7.90457e-07
1.4584e-06
-7.31703e-07
-2.33186e-07
-7.66986e-07
7.11809e-07
-7.35483e-07
-6.8908e-08
-5.45901e-07
-1.65895e-07
-3.05707e-07
2.25688e-07
-3.84784e-07
4.26478e-07
-2.78737e-07
-1.17935e-07
-3.50142e-08
1.53742e-07
-1.34847e-07
-1.1835e-07
-3.35679e-07
-2.74986e-07
-3.96587e-07
-1.22914e-07
-2.0604e-07
-6.77871e-08
-1.01722e-07
1.48985e-07
-1.1384e-07
2.39435e-09
-2.61342e-08
2.37673e-08
5.8829e-08
-1.97057e-08
2.05682e-08
3.68386e-08
-1.19228e-10
6.58385e-08
6.50713e-08
5.29321e-08
7.04592e-08
5.27476e-08
4.86593e-08
6.46748e-08
3.80098e-08
5.61346e-08
1.68935e-08
5.04135e-08
-3.15105e-10
4.01314e-08
2.50673e-08
-9.14914e-09
4.79872e-08
-1.74772e-07
-1.77903e-07
-1.33371e-06
1.05729e-06
-3.23339e-06
7.21437e-07
1.74199e-06
-4.18041e-07
2.59787e-06
-7.37107e-07
8.58831e-08
-8.26415e-07
8.01119e-07
-7.82711e-07
-1.12612e-07
-6.55826e-07
-2.9278e-07
-4.28515e-07
-1.62324e-09
-3.9322e-07
3.91183e-07
-4.25273e-07
-8.58809e-08
-2.01851e-07
-6.96802e-08
-1.46865e-07
-1.73336e-07
-3.325e-07
-8.93499e-08
-4.21057e-07
-3.43578e-08
-2.87217e-07
-2.01627e-07
-1.07998e-07
-3.02325e-08
1.16255e-08
-1.17229e-07
1.15042e-07
-7.96494e-08
1.17484e-07
-2.21475e-08
8.0299e-08
7.40229e-08
1.94779e-07
-4.86436e-08
2.27394e-07
2.0315e-08
1.41418e-07
1.38722e-07
1.14638e-07
9.14529e-08
1.2294e-07
4.78303e-08
1.25918e-07
4.74337e-08
1.17809e-07
4.82378e-08
4.85422e-08
9.43322e-08
2.21177e-08
-2.7637e-08
5.01747e-08
-2.8057e-08
9.28919e-08
-4.27172e-08
1.22267e-07
-2.93751e-08
1.4537e-07
-2.31033e-08
1.64581e-07
-1.92105e-08
1.99091e-07
-3.451e-08
2.38015e-07
-3.89246e-08
1.7554e-07
6.24754e-08
5.7793e-08
1.17747e-07
1.61818e-09
5.61748e-08
-1.13039e-08
1.29221e-08
1.98267e-09
-1.32866e-08
3.57292e-08
-3.37465e-08
5.47503e-08
-1.90211e-08
5.02658e-08
4.48448e-09
3.86476e-08
1.16182e-08
3.03913e-08
8.25633e-09
1.35314e-08
1.68599e-08
1.85354e-09
1.16779e-08
-1.66539e-08
1.85074e-08
-3.45253e-08
1.78714e-08
-5.3779e-08
1.92536e-08
-7.36189e-08
1.984e-08
-9.33997e-08
1.97808e-08
-9.61812e-08
2.78144e-09
-8.87228e-08
-7.45833e-09
-6.45078e-08
-2.4215e-08
-3.04985e-08
-3.40093e-08
-3.04985e-08
3.0536e-08
-6.04919e-08
6.55297e-08
-6.30507e-08
1.03512e-07
-8.06993e-08
1.4931e-07
-7.51738e-08
1.98793e-07
-7.25863e-08
2.46387e-07
-6.68041e-08
2.8729e-07
-7.54132e-08
3.28026e-07
-7.96609e-08
3.05643e-07
8.48583e-08
1.95359e-07
2.28031e-07
8.24256e-08
1.69108e-07
3.685e-08
5.84977e-08
4.66779e-08
-2.31145e-08
5.18036e-08
-3.88722e-08
5.06356e-08
-1.78532e-08
3.47859e-08
2.03341e-08
-1.37106e-09
4.77751e-08
-1.38695e-08
2.07548e-08
-4.31154e-08
4.61058e-08
-5.91715e-08
2.7734e-08
-8.31107e-08
4.24466e-08
-1.04081e-07
3.88413e-08
-1.19824e-07
3.49968e-08
-1.35359e-07
3.5375e-08
-1.45486e-07
2.99078e-08
-1.35445e-07
-7.25961e-09
-1.13884e-07
-2.90186e-08
-7.24192e-08
-6.56801e-08
-2.68964e-08
-7.95321e-08
-5.73949e-08
2.24562e-08
-8.7843e-08
4.59381e-08
-8.65327e-08
6.54297e-08
-1.00191e-07
1.19745e-07
-1.29489e-07
1.78776e-07
-1.31617e-07
2.23803e-07
-1.11831e-07
2.57088e-07
-1.08698e-07
2.97119e-07
-1.19692e-07
3.07608e-07
7.43697e-08
2.57799e-07
2.7784e-07
1.60288e-07
2.6662e-07
9.17963e-08
1.26989e-07
6.24276e-08
6.25423e-09
2.57923e-08
-2.23691e-09
1.20587e-08
-4.11964e-09
-4.56346e-09
3.69563e-08
-4.34903e-08
8.6702e-08
-4.5664e-08
2.29284e-08
-7.36156e-08
7.40574e-08
-8.59984e-08
4.01168e-08
-1.03929e-07
6.03771e-08
-1.22863e-07
5.77749e-08
-1.32302e-07
4.44363e-08
-1.44003e-07
4.70755e-08
-1.49522e-07
3.54274e-08
-1.35825e-07
-2.09572e-08
-1.11298e-07
-5.35455e-08
-6.70395e-08
-1.09938e-07
-2.13805e-08
-1.25191e-07
-7.87754e-08
6.30642e-09
-1.04795e-07
2.99683e-08
-1.10195e-07
6.55453e-08
-1.35768e-07
1.06403e-07
-1.70347e-07
1.45136e-07
-1.7035e-07
1.80963e-07
-1.47658e-07
2.08595e-07
-1.36331e-07
2.26246e-07
-1.37344e-07
2.52264e-07
4.83525e-08
2.49328e-07
2.80776e-07
1.95264e-07
3.20683e-07
1.29115e-07
1.93138e-07
6.99278e-08
6.54412e-08
2.94111e-09
6.47498e-08
-1.8651e-08
1.74725e-08
-3.62982e-08
5.46034e-08
-7.23452e-08
1.22749e-07
-5.9691e-08
1.02742e-08
-7.98861e-08
9.42525e-08
-9.37041e-08
5.39347e-08
-1.06806e-07
7.34787e-08
-1.25951e-07
7.69198e-08
-1.32927e-07
5.14132e-08
-1.43889e-07
5.80372e-08
-1.48805e-07
4.03429e-08
-1.34578e-07
-3.51837e-08
-1.09643e-07
-7.84808e-08
-6.49814e-08
-1.546e-07
-1.94133e-08
-1.70759e-07
-9.81887e-08
-1.42653e-08
-1.05721e-07
-4.03186e-09
-1.20428e-07
1.19365e-08
-1.51736e-07
1.84857e-08
-1.76896e-07
3.09671e-08
-1.82832e-07
5.62326e-08
-1.72923e-07
9.41836e-08
-1.74282e-07
1.22418e-07
-1.65578e-07
1.58884e-07
1.1887e-08
1.85526e-07
2.54134e-07
1.84152e-07
3.22057e-07
1.36166e-07
2.41125e-07
5.96523e-08
1.41955e-07
-2.22232e-08
1.46625e-07
-4.51007e-08
4.035e-08
-5.72303e-08
6.6733e-08
-9.13245e-08
1.56843e-07
-6.56956e-08
-1.53548e-08
-7.41782e-08
1.02735e-07
-9.60633e-08
7.58197e-08
-1.06264e-07
8.36792e-08
-1.26629e-07
9.72854e-08
-1.32781e-07
5.75653e-08
-1.43802e-07
6.9058e-08
-1.49033e-07
4.55738e-08
-1.34714e-07
-4.95024e-08
-1.0954e-07
-1.03655e-07
-6.4561e-08
-1.99579e-07
-1.87898e-08
-2.1653e-07
-1.16979e-07
-2.469e-08
-9.89627e-08
-3.35268e-08
-1.11591e-07
-5.58993e-08
-1.29364e-07
-8.24497e-08
-1.50346e-07
-8.5809e-08
-1.79472e-07
-5.68006e-08
-2.01932e-07
-7.85641e-09
-2.23226e-07
3.74015e-08
-2.10836e-07
8.27853e-08
-3.34969e-08
1.20221e-07
2.16698e-07
1.32944e-07
3.09333e-07
9.72185e-08
2.76851e-07
2.15714e-08
2.17602e-07
-5.35471e-08
2.21744e-07
-7.0886e-08
5.76888e-08
-6.84398e-08
6.42869e-08
-9.49356e-08
1.83339e-07
-6.73682e-08
-4.29222e-08
-6.57252e-08
1.01092e-07
-9.69671e-08
1.07062e-07
-1.06063e-07
9.27753e-08
-1.27143e-07
1.18366e-07
-1.32951e-07
6.33725e-08
-1.44033e-07
8.01407e-08
-1.49749e-07
5.12899e-08
-1.35336e-07
-6.3916e-08
-1.09848e-07
-1.29142e-07
-6.44706e-08
-2.44957e-07
-1.84383e-08
-2.62563e-07
-1.35417e-07
-3.77656e-08
-7.73664e-08
-6.85161e-08
-8.08409e-08
-1.03068e-07
-9.48116e-08
-1.25239e-07
-1.28174e-07
-1.35676e-07
-1.69036e-07
-1.21882e-07
-2.15725e-07
-8.56973e-08
-2.59411e-07
-5.87314e-08
-2.37802e-07
-7.90917e-09
-8.43191e-08
4.91827e-08
1.59606e-07
7.88675e-08
2.79649e-07
4.75373e-08
3.08181e-07
-2.06726e-08
2.85812e-07
-7.38601e-08
2.74931e-07
-8.99986e-08
7.38273e-08
-6.325e-08
3.75383e-08
-7.24255e-08
1.92515e-07
-6.60236e-08
-4.93242e-08
-6.11677e-08
9.62363e-08
-9.76582e-08
1.43552e-07
-1.06863e-07
1.0198e-07
-1.27603e-07
1.39105e-07
-1.33318e-07
6.90877e-08
-1.4436e-07
9.11832e-08
-1.50678e-07
5.76074e-08
-1.36144e-07
-7.84496e-08
-1.10265e-07
-1.55022e-07
-6.44046e-08
-2.90817e-07
-1.80789e-08
-3.08888e-07
-1.53496e-07
-3.41284e-08
-4.86695e-08
-6.92707e-08
-4.56986e-08
-1.00919e-07
-6.31634e-08
-1.24769e-07
-1.04324e-07
-1.43236e-07
-1.50569e-07
-1.54081e-07
-2.04881e-07
-1.48705e-07
-2.64786e-07
-1.4701e-07
-2.39498e-07
-1.0944e-07
-1.21889e-07
-3.96065e-08
8.97728e-08
-5.91919e-09
2.45961e-07
-9.73181e-09
3.11994e-07
-3.81199e-08
3.142e-07
-6.3427e-08
3.00238e-07
-8.36012e-08
9.40015e-08
-3.93084e-08
-6.75441e-09
-3.56919e-08
1.88898e-07
-6.4168e-08
-2.08481e-08
-6.27052e-08
9.47736e-08
-9.87685e-08
1.79615e-07
-1.08772e-07
1.11984e-07
-1.27924e-07
1.58256e-07
-1.33796e-07
7.49592e-08
-1.44729e-07
1.02117e-07
-1.51774e-07
6.46526e-08
-1.371e-07
-9.31234e-08
-1.10748e-07
-1.81374e-07
-6.43153e-08
-3.3725e-07
-1.76529e-08
-3.55551e-07
-1.71149e-07
-2.33166e-08
-2.32338e-08
-5.42e-08
-1.48152e-08
-8.51844e-08
-3.21789e-08
-1.09217e-07
-8.02918e-08
-1.31471e-07
-1.28315e-07
-1.52541e-07
-1.83812e-07
-1.7679e-07
-2.40537e-07
-1.93221e-07
-2.23066e-07
-1.88386e-07
-1.26724e-07
-1.4536e-07
4.67466e-08
-1.05205e-07
2.05806e-07
-5.82706e-08
2.65059e-07
-4.45029e-08
3.00432e-07
-3.92321e-08
2.94968e-07
-4.33487e-08
9.81181e-08
-1.24898e-08
-3.76134e-08
-1.68506e-08
1.93259e-07
-6.84376e-08
3.07388e-08
-7.00295e-08
9.63655e-08
-9.91109e-08
2.08697e-07
-1.11872e-07
1.24745e-07
-1.281e-07
1.74485e-07
-1.34274e-07
8.11327e-08
-1.45146e-07
1.12988e-07
-1.53034e-07
7.25412e-08
-1.38208e-07
-1.0795e-07
-1.11292e-07
-2.0829e-07
-6.41941e-08
-3.84348e-07
-1.71465e-08
-4.02599e-07
-1.88295e-07
-1.45651e-08
-5.8586e-09
-3.54991e-08
6.11879e-09
-5.85696e-08
-9.10843e-09
-8.24528e-08
-5.64086e-08
-1.05809e-07
-1.04959e-07
-1.31413e-07
-1.58207e-07
-1.62517e-07
-2.09433e-07
-1.83401e-07
-2.02182e-07
-2.04156e-07
-1.05969e-07
-1.86326e-07
2.89166e-08
-1.41211e-07
1.60691e-07
-8.19154e-08
2.05764e-07
-6.39255e-08
2.82442e-07
-3.34705e-08
2.64513e-07
-1.46374e-08
7.9285e-08
-9.61406e-10
-5.12894e-08
-1.59663e-08
2.08264e-07
-7.52033e-08
8.99758e-08
-7.88639e-08
1.00026e-07
-9.68805e-08
2.26713e-07
-1.15287e-07
1.43151e-07
-1.28445e-07
1.87643e-07
-1.3465e-07
8.73385e-08
-1.45624e-07
1.23962e-07
-1.5446e-07
8.13776e-08
-1.39474e-07
-1.22937e-07
-1.11893e-07
-2.3587e-07
-6.4037e-08
-4.32204e-07
-1.65544e-08
-4.50081e-07
-2.04849e-07
-4.62721e-09
4.25951e-09
-1.85808e-08
2.00724e-08
-4.18764e-08
1.41871e-08
-7.24708e-08
-2.58143e-08
-9.24553e-08
-8.4974e-08
-1.14903e-07
-1.35759e-07
-1.42074e-07
-1.82262e-07
-1.50295e-07
-1.93961e-07
-1.59466e-07
-9.67982e-08
-1.52831e-07
2.22813e-08
-1.23454e-07
1.31314e-07
-8.57379e-08
1.68047e-07
-7.17015e-08
2.68406e-07
-3.2833e-08
2.25644e-07
-1.00185e-08
5.64705e-08
-9.22657e-09
-5.20813e-08
-2.20245e-08
2.21062e-07
-7.50822e-08
1.43034e-07
-8.48898e-08
1.09834e-07
-9.28506e-08
2.34674e-07
-1.17992e-07
1.68292e-07
-1.29238e-07
1.9889e-07
-1.34953e-07
9.30526e-08
-1.46153e-07
1.35162e-07
-1.56061e-07
9.12857e-08
-1.40908e-07
-1.3809e-07
-1.12545e-07
-2.64234e-07
-6.38396e-08
-4.80909e-07
-1.5872e-08
-4.98049e-07
-2.20721e-07
-7.30433e-10
1.42601e-08
-1.97076e-08
3.90495e-08
-3.70498e-08
3.15294e-08
-6.02125e-08
-2.65157e-09
-8.43925e-08
-6.07941e-08
-1.09105e-07
-1.11047e-07
-1.37657e-07
-1.5371e-07
-1.49841e-07
-1.81777e-07
-1.42969e-07
-1.0367e-07
-1.23867e-07
3.18008e-09
-1.05993e-07
1.1344e-07
-8.86356e-08
1.5069e-07
-6.22078e-08
2.41978e-07
-2.94277e-08
1.92864e-07
-2.35586e-08
5.06014e-08
-2.7318e-08
-4.83219e-08
-3.17332e-08
2.25477e-07
-6.87266e-08
1.80027e-07
-8.67114e-08
1.27818e-07
-9.05977e-08
2.3856e-07
-1.19629e-07
1.97323e-07
-1.30474e-07
2.09735e-07
-1.3527e-07
9.78488e-08
-1.46714e-07
1.46606e-07
-1.57845e-07
1.02417e-07
-1.42519e-07
-1.53416e-07
-1.13236e-07
-2.93517e-07
-6.35968e-08
-5.30548e-07
-1.5094e-08
-5.46552e-07
-2.35816e-07
1.43839e-08
1.68199e-08
-1.31394e-08
6.65728e-08
-4.30184e-08
6.14083e-08
-6.26472e-08
1.69773e-08
-7.61903e-08
-4.7251e-08
-9.11975e-08
-9.60396e-08
-1.07228e-07
-1.3768e-07
-1.36276e-07
-1.5273e-07
-1.43063e-07
-9.68828e-08
-1.19344e-07
-2.05393e-08
-1.08522e-07
1.02618e-07
-8.29886e-08
1.25157e-07
-4.37506e-08
2.0274e-07
-3.5561e-08
1.84674e-07
-3.92296e-08
5.42701e-08
-4.5258e-08
-4.22935e-08
-4.48352e-08
2.25054e-07
-6.51169e-08
2.00309e-07
-8.67079e-08
1.49409e-07
-9.0229e-08
2.42081e-07
-1.21215e-07
2.2831e-07
-1.31843e-07
2.20363e-07
-1.35669e-07
1.01674e-07
-1.47295e-07
1.58231e-07
-1.59815e-07
1.14937e-07
-1.44316e-07
-1.68915e-07
-1.13939e-07
-3.23893e-07
-6.33032e-08
-5.81184e-07
-1.42147e-08
-5.9564e-07
-2.5003e-07
3.34325e-08
4.87613e-09
3.30136e-08
6.69917e-08
5.79519e-09
8.86267e-08
-1.9738e-08
4.25104e-08
-4.98282e-08
-1.71607e-08
-6.74032e-08
-7.84647e-08
-7.62777e-08
-1.28805e-07
-1.05463e-07
-1.23545e-07
-1.28747e-07
-7.35981e-08
-1.21817e-07
-2.74699e-08
-1.09233e-07
9.00343e-08
-8.55269e-08
1.01451e-07
-5.56714e-08
1.72884e-07
-4.88025e-08
1.77805e-07
-4.49592e-08
5.04268e-08
-5.04148e-08
-3.68379e-08
-4.98117e-08
2.24451e-07
-6.67155e-08
2.17212e-07
-8.57238e-08
1.68418e-07
-9.07664e-08
2.47124e-07
-1.23088e-07
2.60632e-07
-1.33412e-07
2.30687e-07
-1.36081e-07
1.04343e-07
-1.47897e-07
1.70048e-07
-1.61979e-07
1.29019e-07
-1.4631e-07
-1.84584e-07
-1.14629e-07
-3.55574e-07
-6.29514e-08
-6.32861e-07
-1.3227e-08
-6.45364e-07
-2.63257e-07
1.18144e-08
-2.72906e-09
2.45209e-08
5.42853e-08
2.59118e-08
8.72358e-08
9.86066e-09
5.85615e-08
-2.16631e-08
1.4363e-08
-3.64059e-08
-6.37219e-08
-5.95439e-08
-1.05667e-07
-8.56085e-08
-9.74805e-08
-9.57597e-08
-6.34469e-08
-1.00327e-07
-2.29029e-08
-9.61404e-08
8.58481e-08
-7.31084e-08
7.84187e-08
-7.3001e-08
1.72777e-07
-6.03651e-08
1.6517e-07
-3.29104e-08
2.2972e-08
-6.93867e-08
-3.61619e-10
-6.98525e-08
2.24917e-07
-7.18855e-08
2.19245e-07
-8.54875e-08
1.8202e-07
-8.93315e-08
2.50968e-07
-1.25887e-07
2.97187e-07
-1.35273e-07
2.40073e-07
-1.36495e-07
1.05565e-07
-1.48498e-07
1.82051e-07
-1.64348e-07
1.44869e-07
-1.48511e-07
-2.00421e-07
-1.15344e-07
-3.88741e-07
-6.25324e-08
-6.85673e-07
-1.21229e-08
-6.95774e-07
-2.7538e-07
-3.74667e-08
-1.19037e-09
-2.98493e-08
4.66679e-08
-3.20224e-08
8.94089e-08
-5.1311e-08
7.78501e-08
-5.22885e-08
1.53405e-08
-4.41126e-08
-7.18977e-08
-7.36152e-08
-7.61647e-08
-1.03796e-07
-6.72994e-08
-1.05643e-07
-6.16001e-08
-9.25513e-08
-3.59948e-08
-1.06723e-07
1.0002e-07
-1.04518e-07
7.62129e-08
-9.52077e-08
1.63467e-07
-7.71543e-08
1.47116e-07
-2.50208e-08
-2.91614e-08
-1.4166e-08
-1.12165e-08
-3.4163e-08
2.44914e-07
-8.30936e-08
2.68176e-07
-8.54276e-08
1.84354e-07
-8.69478e-08
2.52488e-07
-1.28431e-07
3.3867e-07
-1.37812e-07
2.49455e-07
-1.36904e-07
1.04657e-07
-1.49063e-07
1.9421e-07
-1.66934e-07
1.6274e-07
-1.50934e-07
-2.16422e-07
-1.16138e-07
-4.23536e-07
-6.20372e-08
-7.39774e-07
-1.08928e-08
-7.46918e-07
-2.86273e-07
-5.32627e-08
1.84381e-08
-5.8501e-08
5.19063e-08
-5.63036e-08
8.72115e-08
-5.26173e-08
7.41638e-08
-2.57486e-08
-1.15282e-08
-8.45986e-09
-8.91865e-08
-3.33902e-08
-5.12344e-08
-7.14335e-08
-2.9256e-08
-7.51039e-08
-5.79297e-08
-5.22887e-08
-5.881e-08
-6.84498e-08
1.16181e-07
-1.32282e-07
1.40045e-07
-1.383e-07
1.69485e-07
-8.34404e-08
9.22563e-08
-6.03804e-08
-5.22214e-08
-6.21448e-08
-9.45207e-09
-2.68395e-08
2.09609e-07
-6.84007e-08
3.09737e-07
-9.08342e-08
2.06787e-07
-8.26977e-08
2.44352e-07
-1.30987e-07
3.86959e-07
-1.40902e-07
2.59369e-07
-1.37443e-07
1.01198e-07
-1.49545e-07
2.06312e-07
-1.69739e-07
1.82935e-07
-1.53595e-07
-2.32566e-07
-1.17032e-07
-4.601e-07
-6.14553e-08
-7.9535e-07
-9.5241e-09
-7.9885e-07
-2.95797e-07
-2.46407e-08
5.35324e-08
-4.19849e-08
6.92505e-08
-3.33171e-08
7.85436e-08
-9.66969e-09
5.05164e-08
2.47038e-08
-4.59017e-08
2.76737e-08
-9.21564e-08
7.30417e-09
-3.08649e-08
-4.40887e-08
2.21368e-08
-5.51476e-08
-4.68708e-08
-3.41366e-08
-7.9821e-08
-5.1728e-08
1.33773e-07
-8.68257e-08
1.75143e-07
-9.23174e-08
1.74977e-07
-8.06555e-08
8.05944e-08
-3.40295e-08
-9.88474e-08
-1.88619e-08
-2.46196e-08
-4.57021e-08
2.36449e-07
-9.7823e-08
3.61858e-07
-9.53292e-08
2.04294e-07
-8.20566e-08
2.31079e-07
-1.30875e-07
4.35778e-07
-1.44094e-07
2.72588e-07
-1.38089e-07
9.51921e-08
-1.49922e-07
2.18145e-07
-1.72733e-07
2.05746e-07
-1.56511e-07
-2.48788e-07
-1.18018e-07
-4.98593e-07
-6.07725e-08
-8.52596e-07
-8.00224e-09
-8.5162e-07
-3.03799e-07
1.81115e-09
7.44907e-08
5.32964e-10
7.05287e-08
2.01839e-08
5.88926e-08
4.70614e-08
2.36389e-08
7.2099e-08
-7.09394e-08
5.76202e-08
-7.76776e-08
2.28057e-08
3.94961e-09
-4.78358e-08
9.27783e-08
-6.60397e-08
-2.86669e-08
-7.63194e-08
-6.95414e-08
-1.06655e-07
1.64108e-07
-8.24202e-08
1.50908e-07
-7.33958e-08
1.65952e-07
-7.47067e-08
8.19053e-08
-3.55429e-08
-1.38011e-07
1.86123e-08
-7.87748e-08
5.57439e-08
1.99317e-07
-1.10517e-08
4.28654e-07
-7.41945e-08
2.67436e-07
-9.90358e-08
2.5592e-07
-1.37698e-07
4.7444e-07
-1.47673e-07
2.82563e-07
-1.38762e-07
8.62816e-08
-1.50022e-07
2.29405e-07
-1.7577e-07
2.31494e-07
-1.59653e-07
-2.64906e-07
-1.19069e-07
-5.39177e-07
-5.99554e-08
-9.11709e-07
-6.31045e-09
-9.05265e-07
-3.1011e-07
1.04549e-08
7.31919e-08
2.62562e-08
5.47275e-08
5.49171e-08
3.02317e-08
7.92115e-08
-6.55354e-10
6.57379e-08
-5.74658e-08
1.28929e-08
-2.48326e-08
-5.62939e-08
7.31364e-08
-1.06082e-07
1.42567e-07
-7.26073e-08
-6.21419e-08
-9.66075e-08
-4.55412e-08
-1.22083e-07
1.89584e-07
-9.37025e-08
1.22527e-07
-8.35219e-08
1.55772e-07
-5.83775e-08
5.67609e-08
-2.7977e-08
-1.68412e-07
-3.5046e-08
-7.17058e-08
-7.0877e-08
2.35148e-07
-1.46555e-07
5.04332e-07
-9.82267e-08
2.19108e-07
-5.04796e-08
2.08173e-07
-1.21253e-07
5.45213e-07
-1.52216e-07
3.13526e-07
-1.38022e-07
7.20876e-08
-1.49574e-07
2.40957e-07
-1.78247e-07
2.60166e-07
-1.62784e-07
-2.80368e-07
-1.20078e-07
-5.81884e-07
-5.89024e-08
-9.72885e-07
-4.43688e-09
-9.5973e-07
-3.14547e-07
1.89462e-08
5.20943e-08
3.81539e-08
3.55197e-08
5.02658e-08
1.81198e-08
4.3695e-08
5.91544e-09
-3.01213e-09
-1.07587e-08
-5.07468e-08
2.2902e-08
-7.77346e-08
1.00124e-07
-2.71433e-08
9.19756e-08
-3.11502e-08
-5.8135e-08
-7.01494e-08
-6.54196e-09
-3.41407e-08
1.53575e-07
-1.90613e-08
1.07448e-07
-3.54498e-08
1.7216e-07
-6.26953e-08
8.40063e-08
-4.69851e-08
-1.84122e-07
-2.82484e-08
-9.04426e-08
-3.96911e-08
2.46591e-07
-5.49424e-08
5.19583e-07
-8.70824e-08
2.51248e-07
-1.46923e-07
2.68014e-07
-1.866e-07
5.8489e-07
-1.46234e-07
2.73161e-07
-1.34422e-07
6.02757e-08
-1.46298e-07
2.52833e-07
-1.78185e-07
2.92053e-07
-1.64895e-07
-2.93657e-07
-1.20624e-07
-6.26155e-07
-5.72754e-08
-1.03623e-06
-2.39789e-09
-1.01461e-06
-3.16944e-07
8.78255e-09
3.66392e-08
1.06341e-08
3.36682e-08
-4.15169e-09
3.29055e-08
-3.39124e-08
3.56761e-08
-6.13082e-08
1.6637e-08
-8.68547e-08
4.84486e-08
-1.01191e-07
1.1446e-07
-2.78658e-08
1.86506e-08
-2.36521e-08
-6.23487e-08
-5.78098e-08
2.76156e-08
-3.89734e-08
1.34739e-07
-1.70222e-08
8.54965e-08
-7.52956e-09
1.62668e-07
-8.61329e-08
1.6261e-07
-4.38344e-08
-2.2642e-07
1.61324e-08
-1.50409e-07
7.16877e-10
2.62007e-07
-2.93739e-08
5.49674e-07
-4.94588e-08
2.71333e-07
2.88754e-09
2.15667e-07
-5.95012e-08
6.47279e-07
-1.21907e-07
3.35567e-07
-1.11471e-07
4.98399e-08
-1.33566e-07
2.74928e-07
-1.69632e-07
3.28118e-07
-1.62867e-07
-3.00422e-07
-1.19196e-07
-6.69825e-07
-5.40807e-08
-1.10135e-06
-4.87957e-10
-1.0682e-06
-3.17432e-07
-1.77271e-08
3.98204e-08
-2.64681e-08
4.24091e-08
-3.99405e-08
4.63779e-08
-5.79601e-08
5.36957e-08
-6.30559e-08
2.17328e-08
-7.65624e-08
6.19551e-08
-8.73471e-08
1.25245e-07
-8.02717e-08
1.15752e-08
-1.17311e-07
-2.53091e-08
-1.65918e-07
7.6222e-08
-1.31161e-07
9.9982e-08
-4.15693e-08
-4.09497e-09
-4.73924e-08
1.68491e-07
-1.10518e-07
2.25735e-07
-1.01298e-08
-3.26809e-07
7.09225e-08
-2.31462e-07
-2.1005e-09
3.3503e-07
-7.77552e-08
6.25329e-07
-9.17949e-08
2.85372e-07
-8.09741e-08
2.04847e-07
-1.14952e-07
6.81256e-07
-8.62523e-08
3.06868e-07
-5.26153e-08
1.62028e-08
-9.45976e-08
3.1691e-07
-1.40674e-07
3.74194e-07
-1.49811e-07
-2.91285e-07
-1.11434e-07
-7.08202e-07
-4.68972e-08
-1.16589e-06
9.76266e-10
-1.11607e-06
-3.16456e-07
-3.32485e-08
4.88342e-08
-4.06303e-08
4.97909e-08
-4.39145e-08
4.96622e-08
-4.47755e-08
5.45566e-08
-3.30604e-08
1.00177e-08
-4.29655e-08
7.18602e-08
-5.38986e-08
1.36178e-07
-3.07978e-08
-1.15256e-08
-4.43745e-08
-1.17324e-08
-9.93122e-08
1.3116e-07
-5.64767e-08
5.71465e-08
2.21593e-08
-8.2731e-08
-5.33144e-08
2.43965e-07
-1.1017e-07
2.82591e-07
-3.61589e-08
-4.0082e-07
3.26801e-08
-3.00301e-07
-5.02294e-08
4.17939e-07
-5.34954e-08
6.28595e-07
4.69775e-08
1.84899e-07
-5.71333e-08
3.08958e-07
-1.4678e-08
6.38801e-07
7.6253e-08
2.15937e-07
2.18567e-08
7.05992e-08
-1.81928e-08
3.5696e-07
-8.30796e-08
4.39081e-07
-1.18441e-07
-2.55923e-07
-8.83413e-08
-7.38302e-07
-3.1258e-08
-1.22297e-06
-3.60651e-09
-1.14373e-06
-3.20063e-07
-2.01064e-08
5.24756e-08
-2.30585e-08
5.2743e-08
-2.49959e-08
5.15997e-08
-2.00395e-08
4.96004e-08
8.54281e-10
-1.0876e-08
-9.74063e-09
8.24551e-08
-4.40662e-08
1.70504e-07
5.36598e-10
-5.61284e-08
3.19779e-08
-4.31738e-08
-2.9078e-08
1.92216e-07
-1.98917e-08
4.79602e-08
3.19959e-08
-1.34619e-07
2.20522e-08
2.53908e-07
-3.13005e-08
3.35944e-07
-8.98672e-08
-3.42253e-07
6.35364e-09
-3.96521e-07
-3.03334e-08
4.54626e-07
-2.22435e-08
6.20505e-07
9.51395e-08
6.75164e-08
-2.02619e-08
4.24359e-07
1.93982e-07
4.24557e-07
4.5025e-07
-4.03311e-08
2.54053e-07
2.66795e-07
8.42412e-09
6.02589e-07
-4.07361e-08
4.88241e-07
-8.30397e-08
-2.1362e-07
-4.13952e-08
-7.79947e-07
-2.16932e-09
-1.26219e-06
8.14617e-09
-1.15404e-06
-3.11916e-07
3.01488e-09
4.65806e-08
1.00778e-08
4.568e-08
1.36457e-08
4.80317e-08
1.61406e-08
4.71054e-08
3.42194e-08
-2.89548e-08
4.57402e-08
7.09343e-08
2.02455e-08
1.95998e-07
1.34137e-08
-4.92966e-08
5.40372e-08
-8.37973e-08
8.9765e-08
1.56488e-07
3.49662e-08
1.02759e-07
-1.81176e-08
-8.15349e-08
-1.5e-09
2.37291e-07
2.78389e-08
3.06605e-07
-3.67412e-09
-3.1074e-07
1.432e-07
-5.43395e-07
1.54416e-07
4.4341e-07
8.58527e-08
6.89068e-07
1.57993e-07
-4.62405e-09
1.28105e-07
4.54247e-07
3.28739e-07
2.23923e-07
4.97939e-07
-2.09531e-07
5.72899e-07
1.91835e-07
3.4538e-07
8.30108e-07
6.85967e-09
8.26762e-07
-1.00573e-07
-1.06187e-07
1.42657e-08
-8.94786e-07
3.6653e-08
-1.28458e-06
-2.33337e-08
-1.09405e-06
-3.3525e-07
1.05711e-08
3.45323e-08
2.2912e-08
3.33391e-08
3.6429e-08
3.45147e-08
4.90756e-08
3.44588e-08
5.26643e-08
-3.25436e-08
7.33262e-08
5.02723e-08
8.51211e-08
1.84203e-07
5.05958e-08
-1.47713e-08
2.26684e-08
-5.58698e-08
9.37044e-08
8.54517e-08
1.1577e-07
8.06932e-08
6.83589e-08
-3.41237e-08
6.29766e-08
2.42673e-07
1.29491e-07
2.40091e-07
1.63566e-07
-3.44816e-07
1.47533e-07
-5.27361e-07
1.46583e-07
4.4436e-07
2.44832e-07
5.90819e-07
2.68441e-07
-2.82331e-08
3.11299e-07
4.1139e-07
5.8012e-07
-4.48985e-08
4.98332e-07
-1.27743e-07
3.78628e-07
3.11539e-07
6.6713e-07
5.41606e-07
4.29796e-07
1.0641e-06
-3.83968e-08
3.62006e-07
1.86662e-08
-9.51849e-07
6.57181e-08
-1.33163e-06
4.16785e-08
-1.07001e-06
-2.93572e-07
1.04126e-08
1.67202e-08
2.44469e-08
1.93049e-08
3.70787e-08
2.18829e-08
3.6231e-08
3.53065e-08
-1.21949e-08
1.58823e-08
1.92005e-09
3.61574e-08
8.89259e-08
9.71975e-08
7.28171e-08
1.33749e-09
5.5197e-09
1.14276e-08
4.4191e-08
4.67803e-08
8.33361e-08
4.15482e-08
5.70415e-08
-7.82907e-09
1.17933e-07
1.81782e-07
2.94404e-07
6.36194e-08
2.66505e-07
-3.16917e-07
4.56298e-08
-3.06487e-07
1.04401e-07
3.85588e-07
4.04761e-07
2.90459e-07
3.76511e-07
1.65583e-11
4.40125e-07
3.47776e-07
6.9821e-07
-3.02984e-07
7.06208e-07
-1.35741e-07
6.12344e-07
4.05403e-07
7.17718e-07
4.36231e-07
1.34838e-06
4.33434e-07
2.11475e-06
-4.04362e-07
8.79943e-07
2.82959e-07
1.15991e-08
-4.63295e-07
2.41757e-08
-1.08259e-06
-2.69396e-07
-1.36083e-08
2.11794e-08
-1.91824e-08
2.4879e-08
-3.28218e-08
3.55224e-08
-2.80013e-08
3.04861e-08
-5.89477e-08
4.68287e-08
-4.80354e-08
2.52451e-08
2.59615e-08
2.32006e-08
-3.49553e-08
6.22543e-08
-6.59161e-08
4.23884e-08
-8.8327e-09
-1.03031e-08
3.67678e-08
-4.05231e-09
4.96946e-08
-2.07559e-08
1.87463e-07
4.40134e-08
3.54655e-07
-1.03572e-07
2.71324e-07
-2.33586e-07
8.98533e-08
-1.25016e-07
2.08982e-07
2.6646e-07
4.61482e-07
3.79583e-08
4.71704e-07
-1.02055e-08
5.84428e-07
2.35053e-07
7.42902e-07
-4.61458e-07
8.1689e-07
-2.0973e-07
7.91055e-07
4.31238e-07
7.50331e-07
4.76955e-07
1.08802e-06
9.57462e-08
-1.8091e-07
8.64563e-07
-1.9602e-06
2.06226e-06
-2.77945e-07
-2.14556e-06
1.45626e-07
-1.50616e-06
-1.23769e-07
-5.32804e-08
1.23001e-07
-1.09562e-07
8.11591e-08
-1.13479e-07
3.94392e-08
-9.1489e-08
8.49479e-09
-9.63847e-08
5.17232e-08
-1.9057e-07
1.19429e-07
-1.58108e-07
-9.26194e-09
-6.82903e-08
-2.75642e-08
-1.29112e-07
1.0321e-07
-2.16744e-07
7.7329e-08
-1.03377e-07
-1.17419e-07
7.7934e-08
-2.02067e-07
2.75147e-07
-1.53199e-07
4.01537e-07
-2.29959e-07
2.67717e-07
-9.97652e-08
1.9489e-07
-5.21903e-08
3.5692e-07
1.04431e-07
4.78735e-07
-8.38566e-08
5.36406e-07
-6.78772e-08
6.58477e-07
1.12982e-07
7.66141e-07
-5.69121e-07
8.08481e-07
-2.52071e-07
8.76764e-07
3.62955e-07
8.5619e-07
4.97529e-07
9.68356e-07
-1.64221e-08
-4.69719e-07
2.30263e-06
-1.26824e-06
2.86079e-06
2.30612e-07
-3.6444e-06
-4.69631e-08
-1.22859e-06
-1.70732e-07
2.16945e-07
-1.25794e-06
3.98159e-07
-1.51493e-06
6.08023e-07
-3.44324e-06
5.38913e-07
1.81111e-06
7.40257e-08
3.06277e-06
-2.17987e-07
3.77894e-07
-4.01636e-07
9.8477e-07
-3.99209e-07
-1.1504e-07
-3.37313e-07
-3.54675e-07
-2.49712e-07
-8.92245e-08
-1.81174e-07
3.22644e-07
-2.28814e-07
-3.82408e-08
-1.80215e-07
-1.18279e-07
-9.51529e-08
-2.58398e-07
-1.0449e-07
-8.00114e-08
-7.48088e-08
-6.40387e-08
-7.16199e-08
-2.04816e-07
-2.90801e-08
-7.27724e-08
3.89132e-08
-1.85224e-07
7.95339e-08
-1.20272e-07
7.14005e-08
-1.40161e-08
5.43742e-08
9.1048e-08
6.86897e-08
-6.29594e-08
9.45622e-08
-5.55981e-09
8.50693e-08
1.48211e-07
6.01991e-08
1.16321e-07
4.52945e-08
6.27353e-08
3.27541e-08
5.99781e-08
6.52599e-09
7.44731e-08
1.16081e-07
-1.52167e-08
9.7959e-08
-2.3152e-06
6.08657e-07
-2.02563e-06
6.19845e-07
-3.45443e-06
6.63908e-07
1.76704e-06
2.54336e-07
3.47234e-06
-1.15211e-07
7.47443e-07
-3.75884e-07
1.24544e-06
-4.13389e-07
-7.75347e-08
-3.52301e-07
-4.15764e-07
-3.00278e-07
-1.41247e-07
-7.96408e-08
1.02007e-07
-1.72895e-07
5.50135e-08
-2.4818e-07
-4.29938e-08
-1.43621e-07
-3.62956e-07
-1.37544e-07
-8.60895e-08
8.43206e-08
-2.85904e-07
5.63954e-07
-6.84452e-07
2.57316e-07
2.33864e-07
4.95461e-08
2.25455e-08
9.58417e-08
-1.66568e-07
8.87315e-08
-6.90649e-09
5.69323e-08
1.22849e-07
5.02624e-08
-5.62866e-08
5.42487e-08
-9.54364e-09
5.13161e-08
1.51148e-07
3.27239e-08
1.34917e-07
8.83031e-09
8.66291e-08
-1.45274e-08
8.33323e-08
-3.79337e-08
9.78775e-08
1.26031e-07
-4.78815e-08
-1.9985e-07
-3.02873e-06
2.66824e-07
-2.49231e-06
4.74486e-07
-3.66208e-06
7.28562e-07
1.51297e-06
4.23041e-07
3.77787e-06
6.15006e-09
1.16434e-06
-2.98263e-07
1.54986e-06
-3.68759e-07
-7.0363e-09
-3.49726e-07
-4.34798e-07
-3.56214e-07
-1.34756e-07
4.19953e-08
-2.96203e-07
1.4361e-07
-4.66011e-08
-3.0379e-07
4.04406e-07
-3.34238e-07
-3.32511e-07
-2.25995e-07
-1.94336e-07
-2.38563e-08
-4.88042e-07
4.99188e-08
-7.58225e-07
-1.3765e-07
4.21433e-07
-1.02649e-07
-1.24574e-08
-6.19435e-09
-2.63025e-07
4.21656e-08
-5.52693e-08
3.64484e-08
1.28564e-07
9.98295e-09
-2.98256e-08
-1.03826e-09
1.47282e-09
-6.99285e-10
1.50808e-07
-1.51371e-08
1.49358e-07
-3.91003e-08
1.10597e-07
-6.17938e-08
1.06028e-07
-7.82528e-08
1.14337e-07
1.27555e-07
-7.97759e-08
-2.18543e-07
-3.29866e-06
-1.05924e-08
-2.70026e-06
3.09736e-07
-3.98241e-06
7.05373e-07
1.11733e-06
5.57131e-07
3.92611e-06
1.38742e-07
1.58273e-06
-1.64191e-07
1.85279e-06
-3.09452e-07
1.38229e-07
-3.74185e-07
-3.70067e-07
-3.59911e-07
-1.49026e-07
-1.08124e-07
-5.47992e-07
-1.07199e-07
-4.75267e-08
-3.70337e-07
6.67541e-07
-4.01463e-07
-3.01387e-07
-3.17494e-07
-2.78308e-07
-2.19353e-07
-5.86184e-07
-3.15486e-07
-6.6209e-07
-2.48595e-07
3.54543e-07
-1.49157e-07
-1.11898e-07
-8.21013e-08
-3.30082e-07
-2.45285e-08
-1.12847e-07
-7.99838e-09
1.12029e-07
-4.16447e-08
3.81444e-09
-6.65969e-08
2.64161e-08
-6.68926e-08
1.51095e-07
-7.4392e-08
1.5685e-07
-9.21953e-08
1.28395e-07
-1.07875e-07
1.21704e-07
-1.16194e-07
1.22653e-07
1.23907e-07
-1.12548e-07
-1.61791e-07
-3.33514e-06
-9.03501e-08
-2.7717e-06
1.41465e-07
-4.21423e-06
5.94097e-07
6.64701e-07
6.30736e-07
3.88948e-06
2.73803e-07
1.93967e-06
1.52021e-08
2.11139e-06
-1.96032e-07
3.49468e-07
-3.75166e-07
-1.90935e-07
-4.09722e-07
-1.1447e-07
-3.28515e-07
-6.29198e-07
-3.39239e-07
-3.68039e-08
-3.89262e-07
7.17561e-07
-3.70849e-07
-3.19799e-07
-3.4082e-07
-3.08338e-07
-3.21443e-07
-6.0556e-07
-5.20288e-07
-4.63244e-07
-3.17585e-07
1.51842e-07
-1.81613e-07
-2.47875e-07
-1.4612e-07
-3.65577e-07
-9.67702e-08
-1.622e-07
-6.94812e-08
8.4738e-08
-1.0059e-07
3.49217e-08
-1.33034e-07
5.88573e-08
-1.34834e-07
1.52893e-07
-1.36289e-07
1.58304e-07
-1.45191e-07
1.37297e-07
-1.51956e-07
1.2847e-07
-1.52603e-07
1.233e-07
1.17405e-07
-1.46101e-07
-9.77159e-08
-3.27615e-06
-1.04989e-07
-2.76443e-06
-7.5447e-09
-4.31167e-06
4.20456e-07
2.36698e-07
6.21555e-07
3.68837e-06
3.93912e-07
2.16731e-06
2.45446e-07
2.25985e-06
-2.68371e-08
6.21756e-07
-3.5013e-07
1.32356e-07
-4.63741e-07
-8.5872e-10
-5.00648e-07
-5.9229e-07
-4.94603e-07
-4.28507e-08
-4.38737e-07
6.61693e-07
-4.80665e-07
-2.7787e-07
-4.98544e-07
-2.9046e-07
-5.10845e-07
-5.93256e-07
-5.86295e-07
-3.87793e-07
-3.37524e-07
-9.6928e-08
-2.2465e-07
-3.60753e-07
-1.99608e-07
-3.9062e-07
-1.66649e-07
-1.9516e-07
-1.43711e-07
6.18002e-08
-1.67448e-07
5.86601e-08
-1.97158e-07
8.85692e-08
-1.986e-07
1.54336e-07
-1.9537e-07
1.55074e-07
-1.9665e-07
1.38577e-07
-1.95809e-07
1.27629e-07
-1.90332e-07
1.17822e-07
1.07508e-07
-1.80437e-07
-3.89339e-08
-3.18136e-06
-9.64393e-08
-2.70693e-06
-1.28231e-07
-4.27988e-06
2.21011e-07
-1.12548e-07
5.25242e-07
3.38414e-06
4.73779e-07
2.21877e-06
4.77609e-07
2.25601e-06
1.59037e-07
9.40333e-07
-2.91495e-07
5.82886e-07
-4.948e-07
2.02445e-07
-6.0342e-07
-4.83668e-07
-5.8852e-07
-5.77513e-08
-4.94571e-07
5.67741e-07
-5.64372e-07
-2.08068e-07
-6.11337e-07
-2.43496e-07
-6.34309e-07
-5.7028e-07
-6.32078e-07
-3.90026e-07
-3.67763e-07
-3.61241e-07
-2.73236e-07
-4.55283e-07
-2.51048e-07
-4.12809e-07
-2.35578e-07
-2.1063e-07
-2.16717e-07
4.29384e-08
-2.34417e-07
7.63597e-08
-2.57801e-07
1.11951e-07
-2.57697e-07
1.54229e-07
-2.52331e-07
1.49704e-07
-2.49057e-07
1.35299e-07
-2.43697e-07
1.22265e-07
-2.35343e-07
1.09464e-07
9.59457e-08
-2.23785e-07
7.04923e-09
-3.06996e-06
-8.26871e-08
-2.6172e-06
-2.01445e-07
-4.16112e-06
3.0629e-08
-3.44628e-07
3.7131e-07
3.04346e-06
4.81686e-07
2.10839e-06
6.71151e-07
2.06655e-06
3.66929e-07
1.24456e-06
-1.91652e-07
1.14147e-06
-4.87811e-07
4.98604e-07
-6.49101e-07
-3.22378e-07
-6.43564e-07
-6.3288e-08
-5.44113e-07
4.68287e-07
-6.26534e-07
-1.25648e-07
-6.88359e-07
-1.81673e-07
-7.24408e-07
-5.34228e-07
-6.69805e-07
-4.44632e-07
-4.12278e-07
-6.18767e-07
-3.31479e-07
-5.36085e-07
-3.06487e-07
-4.37801e-07
-3.01845e-07
-2.15275e-07
-2.89691e-07
3.07811e-08
-3.01024e-07
8.76881e-08
-3.17287e-07
1.28206e-07
-3.15799e-07
1.52734e-07
-3.10447e-07
1.44346e-07
-3.05656e-07
1.30503e-07
-2.9886e-07
1.15464e-07
-2.89348e-07
9.99482e-08
8.5923e-08
-2.79329e-07
3.75506e-08
-2.9452e-06
-6.59434e-08
-2.5137e-06
-2.39314e-07
-3.98775e-06
-1.18022e-07
-4.65927e-07
2.15714e-07
2.70972e-06
3.86569e-07
1.93753e-06
7.64e-07
1.68911e-06
5.75359e-07
1.4332e-06
-5.11966e-08
1.76802e-06
-4.313e-07
8.78708e-07
-6.48544e-07
-1.05132e-07
-6.68005e-07
-4.3827e-08
-5.81962e-07
3.8224e-07
-6.6948e-07
-3.81314e-08
-7.38103e-07
-1.13052e-07
-7.83814e-07
-4.88515e-07
-7.02965e-07
-5.25483e-07
-4.67217e-07
-8.54515e-07
-3.90559e-07
-6.12744e-07
-3.68453e-07
-4.59909e-07
-3.68747e-07
-2.14984e-07
-3.58892e-07
2.0922e-08
-3.68936e-07
9.7727e-08
-3.79128e-07
1.38393e-07
-3.76507e-07
1.5011e-07
-3.71724e-07
1.39561e-07
-3.66681e-07
1.25459e-07
-3.60243e-07
1.09026e-07
-3.53133e-07
9.28372e-08
7.87865e-08
-3.45999e-07
6.68414e-08
-2.81472e-06
-4.76291e-08
-2.39924e-06
-2.53656e-07
-3.78172e-06
-2.11014e-07
-5.08577e-07
1.00303e-07
2.3984e-06
1.93782e-07
1.84405e-06
7.36306e-07
1.14659e-06
7.7357e-07
1.39594e-06
1.07382e-07
2.43421e-06
-3.30729e-07
1.31682e-06
-5.91814e-07
1.55954e-07
-6.48739e-07
1.30969e-08
-5.97894e-07
3.31393e-07
-6.85729e-07
4.97014e-08
-7.48167e-07
-5.06166e-08
-7.93266e-07
-4.43413e-07
-6.96031e-07
-6.22717e-07
-5.09639e-07
-1.04091e-06
-4.40146e-07
-6.82237e-07
-4.32457e-07
-4.676e-07
-4.23861e-07
-2.23581e-07
-4.24722e-07
2.17803e-08
-4.36864e-07
1.09868e-07
-4.3986e-07
1.41389e-07
-4.3856e-07
1.48812e-07
-4.34277e-07
1.35281e-07
-4.29059e-07
1.20244e-07
-4.23103e-07
1.03072e-07
-4.17054e-07
8.67879e-08
7.2361e-08
-4.10631e-07
9.47283e-08
-2.68282e-06
-3.04875e-08
-2.27403e-06
-2.53991e-07
-3.55821e-06
-2.57017e-07
-5.0556e-07
3.23977e-08
2.10899e-06
1.94162e-08
1.85703e-06
6.8301e-07
4.82997e-07
9.60617e-07
1.11834e-06
2.96178e-07
3.09864e-06
-1.83401e-07
1.7964e-06
-4.67423e-07
4.39977e-07
-5.67355e-07
1.13028e-07
-5.70853e-07
3.34888e-07
-6.51219e-07
1.30066e-07
-6.71077e-07
-3.07607e-08
-6.85604e-07
-4.28884e-07
-5.88746e-07
-7.19572e-07
-5.05073e-07
-1.12458e-06
-4.48469e-07
-7.38843e-07
-4.50798e-07
-4.65272e-07
-4.72882e-07
-2.01497e-07
-4.83306e-07
3.2206e-08
-4.93912e-07
1.20476e-07
-4.96934e-07
1.44415e-07
-4.94013e-07
1.45895e-07
-4.89463e-07
1.30735e-07
-4.84386e-07
1.15168e-07
-4.7969e-07
9.83747e-08
-4.73848e-07
8.0944e-08
6.51083e-08
-4.66599e-07
1.20109e-07
-2.55223e-06
-1.23168e-08
-2.14161e-06
-2.46656e-07
-3.32387e-06
-2.72533e-07
-4.79692e-07
7.28173e-09
1.82918e-06
1.47661e-08
1.84955e-06
6.81924e-07
-1.84159e-07
1.07817e-06
7.22101e-07
5.06302e-07
3.67051e-06
1.85465e-08
2.28416e-06
-2.5917e-07
7.17695e-07
-3.99356e-07
2.53213e-07
-4.79944e-07
4.15473e-07
-5.45126e-07
1.95246e-07
-4.51102e-07
-1.24786e-07
-3.09879e-07
-5.70104e-07
-2.64668e-07
-7.64781e-07
-3.35003e-07
-1.05425e-06
-4.09091e-07
-6.64757e-07
-4.41544e-07
-4.32819e-07
-4.9667e-07
-1.46369e-07
-5.17148e-07
5.26865e-08
-5.32583e-07
1.35915e-07
-5.38485e-07
1.5032e-07
-5.3683e-07
1.44242e-07
-5.33619e-07
1.27523e-07
-5.2817e-07
1.09716e-07
-5.20904e-07
9.11047e-08
-5.12696e-07
7.27307e-08
5.60254e-08
-5.03618e-07
1.41639e-07
-2.42463e-06
9.85065e-09
-2.00982e-06
-2.35427e-07
-3.07859e-06
-2.7122e-07
-4.43907e-07
2.92545e-09
1.55504e-06
1.38299e-07
1.71417e-06
6.1083e-07
-6.56689e-07
1.00151e-06
3.31425e-07
6.96041e-07
3.97597e-06
2.943e-07
2.6859e-06
3.60036e-08
9.75994e-07
-1.16445e-07
4.0566e-07
-2.67046e-07
5.6607e-07
-3.50544e-07
2.78745e-07
-2.56226e-07
-2.19104e-07
7.39749e-08
-9.00302e-07
1.82361e-07
-8.73165e-07
-1.65624e-07
-7.06261e-07
-3.60367e-07
-4.70016e-07
-4.11684e-07
-3.81503e-07
-4.83765e-07
-7.42879e-08
-5.20229e-07
8.91528e-08
-5.44228e-07
1.59916e-07
-5.55938e-07
1.62029e-07
-5.58594e-07
1.46895e-07
-5.56361e-07
1.25285e-07
-5.49648e-07
1.02998e-07
-5.40024e-07
8.14745e-08
-5.2938e-07
6.20822e-08
4.53919e-08
-5.1875e-07
1.58116e-07
-2.30061e-06
3.31583e-08
-1.88487e-06
-2.22555e-07
-2.82286e-06
-2.61692e-07
-4.04775e-07
-1.79029e-09
1.29514e-06
2.18162e-07
1.49422e-06
3.51351e-07
-7.89878e-07
7.32299e-07
-4.95193e-08
8.32031e-07
3.87624e-06
5.61485e-07
2.95644e-06
3.61576e-07
1.1759e-06
2.61575e-07
5.05661e-07
4.63407e-08
7.81301e-07
-1.07122e-07
4.32208e-07
-1.54099e-07
-1.72126e-07
-6.08943e-08
-9.93505e-07
-1.22129e-08
-9.21845e-07
-3.23446e-07
-3.95029e-07
-3.64166e-07
-4.29299e-07
-3.51502e-07
-3.94167e-07
-4.26918e-07
1.12808e-09
-4.82887e-07
1.45122e-07
-5.20166e-07
1.97195e-07
-5.42695e-07
1.84555e-07
-5.53338e-07
1.57535e-07
-5.5539e-07
1.27334e-07
-5.49416e-07
9.70198e-08
-5.38196e-07
7.02513e-08
-5.25351e-07
4.92351e-08
3.29698e-08
-5.1293e-07
1.68711e-07
-2.17951e-06
4.75805e-08
-1.76374e-06
-2.09576e-07
-2.5657e-06
-2.48412e-07
-3.65944e-07
-8.91834e-09
1.05566e-06
2.20795e-07
1.26451e-06
8.82938e-08
-6.57378e-07
5.03101e-07
-4.64325e-07
9.49625e-07
3.42972e-06
8.06216e-07
3.09985e-06
7.33395e-07
1.24873e-06
7.70235e-07
4.68821e-07
5.17925e-07
1.03361e-06
2.38159e-07
7.11974e-07
2.5136e-08
4.08971e-08
-1.73851e-07
-7.94517e-07
-1.96492e-07
-8.99204e-07
-2.40855e-07
-3.50668e-07
-2.76224e-07
-3.93932e-07
-2.74867e-07
-3.95524e-07
-3.16703e-07
4.29632e-08
-3.97358e-07
2.25777e-07
-4.52502e-07
2.5234e-07
-4.90962e-07
2.23015e-07
-5.16146e-07
1.8272e-07
-5.29651e-07
1.40839e-07
-5.29288e-07
9.66579e-08
-5.19025e-07
5.99892e-08
-5.05419e-07
3.563e-08
1.92955e-08
-4.91744e-07
1.73157e-07
-2.05937e-06
5.40389e-08
-1.64463e-06
-1.9753e-07
-2.31412e-06
-2.33185e-07
-3.30291e-07
-1.74649e-08
8.39941e-07
2.14223e-07
1.03283e-06
3.97146e-08
-4.82874e-07
4.63908e-07
-8.88519e-07
1.1015e-06
2.79212e-06
1.0082e-06
3.19315e-06
9.96174e-07
1.26076e-06
1.23222e-06
2.32774e-07
1.06617e-06
1.19965e-06
7.04443e-07
1.0737e-06
3.34462e-07
4.10878e-07
-7.9214e-08
-3.80841e-07
-3.16092e-07
-6.62328e-07
-4.24776e-07
-2.41986e-07
-5.28359e-07
-2.90351e-07
-2.99332e-07
-6.24552e-07
-2.01175e-07
-5.51921e-08
-2.76214e-07
3.00817e-07
-3.36918e-07
3.13046e-07
-3.87565e-07
2.73667e-07
-4.31204e-07
2.26362e-07
-4.63013e-07
1.72653e-07
-4.76983e-07
1.10631e-07
-4.72053e-07
5.5062e-08
-4.63332e-07
2.69111e-08
9.56478e-09
-4.536e-07
1.71928e-07
-1.9374e-06
5.29073e-08
-1.52561e-06
-1.86785e-07
-2.07442e-06
-2.169e-07
-3.00177e-07
-2.41824e-08
6.47227e-07
2.04913e-07
8.03738e-07
1.23468e-07
-4.01434e-07
4.57161e-07
-1.22221e-06
1.18441e-06
2.06487e-06
1.03874e-06
3.33883e-06
8.58061e-07
1.44144e-06
1.31552e-06
-2.24689e-07
1.46896e-06
1.04622e-06
1.19667e-06
1.34598e-06
7.53597e-07
8.53952e-07
2.59152e-07
1.13603e-07
-7.25661e-08
-3.30612e-07
-1.40646e-07
-1.73908e-07
-2.17382e-07
-2.13616e-07
-1.82893e-07
-6.5904e-07
-1.35816e-08
-2.24502e-07
-8.81181e-08
3.75356e-07
-1.82083e-07
4.07013e-07
-2.56669e-07
3.48257e-07
-3.02191e-07
2.71889e-07
-3.28307e-07
1.98772e-07
-3.42157e-07
1.24484e-07
-3.53633e-07
6.65395e-08
-3.65478e-07
3.87568e-08
1.15377e-08
-3.67451e-07
1.66188e-07
-1.81111e-06
4.56862e-08
-1.40511e-06
-1.76989e-07
-1.85175e-06
-2.00132e-07
-2.77035e-07
-2.86952e-08
4.7579e-07
1.80771e-07
5.94272e-07
1.57216e-07
-3.77886e-07
2.76313e-07
-1.34131e-06
9.88636e-07
1.35255e-06
8.35429e-07
3.49203e-06
4.90818e-07
1.78605e-06
1.06551e-06
-7.99386e-07
1.61935e-06
4.92378e-07
1.56387e-06
1.40146e-06
1.17098e-06
1.24685e-06
6.58465e-07
6.26115e-07
2.27067e-07
1.00784e-07
1.51429e-09
5.16436e-08
-2.0647e-07
-5.63333e-09
-3.41205e-07
-5.24306e-07
-1.09228e-08
-5.54783e-07
8.27835e-08
2.81651e-07
1.31137e-08
4.76683e-07
-8.3014e-08
4.44385e-07
-1.64772e-07
3.53648e-07
-2.19181e-07
2.53182e-07
-2.474e-07
1.52703e-07
-2.55642e-07
7.47811e-08
-2.49542e-07
3.26556e-08
6.51456e-09
-2.44521e-07
1.57467e-07
-1.67955e-06
3.49553e-08
-1.2826e-06
-1.67429e-07
-1.64936e-06
-1.832e-07
-2.61263e-07
-3.25792e-08
3.25166e-07
1.44905e-07
4.16786e-07
1.13126e-07
-3.46114e-07
2.42504e-08
-1.25244e-06
5.48679e-07
8.28122e-07
6.60876e-07
3.37984e-06
5.23088e-07
1.92384e-06
9.25518e-07
-1.20182e-06
1.58089e-06
-1.62999e-07
1.74491e-06
1.23745e-06
1.48909e-06
1.50266e-06
1.06374e-06
1.05147e-06
6.68606e-07
4.95913e-07
4.29381e-07
2.90867e-07
1.6671e-07
2.57036e-07
-1.20022e-07
-2.37576e-07
-5.21101e-08
-6.22696e-07
2.37364e-07
-7.82424e-09
3.11064e-07
4.02982e-07
3.11481e-07
4.43966e-07
2.58428e-07
4.067e-07
1.88397e-07
3.23211e-07
1.11493e-07
2.29605e-07
3.80093e-08
1.48263e-07
-1.88015e-08
8.9464e-08
3.3094e-08
-4.53838e-08
1.47266e-07
-1.54395e-06
2.36942e-08
-1.15903e-06
-1.57255e-07
-1.46841e-06
-1.66215e-07
-2.52304e-07
-3.64835e-08
1.9543e-07
1.0634e-07
2.73959e-07
4.95764e-08
-2.89357e-07
-1.86596e-07
-1.01627e-06
7.95512e-08
5.61978e-07
6.43155e-07
2.81623e-06
1.01167e-06
1.55533e-06
1.10482e-06
-1.29497e-06
1.51526e-06
-5.73434e-07
1.76521e-06
9.87494e-07
1.65232e-06
1.61556e-06
1.38879e-06
1.315e-06
1.10913e-06
7.75577e-07
8.52973e-07
5.47018e-07
6.62412e-07
4.47594e-07
4.3451e-07
-9.67854e-09
2.21089e-07
-4.09279e-07
3.77321e-07
-1.64059e-07
4.18124e-07
3.62176e-07
4.01813e-07
4.60275e-07
3.25703e-07
4.82807e-07
2.39575e-07
4.09338e-07
1.69717e-07
2.99461e-07
1.31826e-07
1.86153e-07
1.17938e-07
1.0335e-07
5.38961e-08
9.71331e-08
1.36652e-07
-1.40733e-06
1.42495e-08
-1.03663e-06
-1.45842e-07
-1.30833e-06
-1.49203e-07
-2.48945e-07
-3.99724e-08
8.61934e-08
7.35172e-08
1.60464e-07
8.01829e-09
-2.23862e-07
-2.57236e-07
-7.51021e-07
-9.6219e-08
4.00965e-07
7.69452e-07
1.95056e-06
1.37996e-06
9.44821e-07
1.35835e-06
-1.27336e-06
1.45761e-06
-6.72688e-07
1.62402e-06
8.21083e-07
1.64541e-06
1.59418e-06
1.56781e-06
1.3926e-06
1.3671e-06
9.76283e-07
1.12913e-06
7.84981e-07
1.01905e-06
5.57674e-07
8.6564e-07
1.4373e-07
5.1001e-07
-5.36525e-08
3.05894e-07
4.00536e-08
2.98592e-07
3.69475e-07
2.20212e-07
5.38654e-07
2.15125e-07
4.87894e-07
2.20151e-07
4.04312e-07
2.35243e-07
2.84368e-07
2.54828e-07
1.66567e-07
2.75248e-07
8.29303e-08
5.34012e-08
2.75741e-07
1.26043e-07
-1.2733e-06
7.69813e-09
-9.18285e-07
-1.33032e-07
-1.1676e-06
-1.3229e-07
-2.49692e-07
-4.25459e-08
-3.55525e-09
4.87222e-08
6.91911e-08
-3.53948e-09
-1.71603e-07
-1.96405e-07
-5.58157e-07
-6.16205e-08
2.66185e-07
8.20599e-07
1.06834e-06
1.44557e-06
3.1985e-07
1.41871e-06
-1.2465e-06
1.32893e-06
-5.82913e-07
1.39762e-06
7.52397e-07
1.49533e-06
1.49648e-06
1.45228e-06
1.43564e-06
1.23763e-06
1.19093e-06
1.06678e-06
9.55823e-07
9.99e-07
6.25452e-07
8.28131e-07
3.14596e-07
5.68293e-07
2.06184e-07
3.67251e-07
2.41094e-07
3.32095e-07
4.0463e-07
3.90308e-07
4.80442e-07
4.37296e-07
4.40906e-07
4.69007e-07
3.72602e-07
4.96097e-07
2.5728e-07
5.58449e-07
1.04216e-07
6.25481e-07
1.5899e-08
2.52866e-08
6.53596e-07
1.15327e-07
-1.14517e-06
4.10864e-09
-8.07069e-07
-1.19032e-07
-1.04447e-06
-1.15656e-07
-2.53072e-07
-4.40853e-08
-7.5128e-08
2.96638e-08
-4.56092e-09
-9.90715e-09
-1.32033e-07
-1.20445e-07
-4.47621e-07
-3.99462e-08
1.85689e-07
6.86422e-07
3.41969e-07
1.2073e-06
-2.01027e-07
1.16551e-06
-1.20471e-06
9.91324e-07
-4.08728e-07
8.90016e-07
8.53708e-07
8.63129e-07
1.52337e-06
8.18788e-07
1.47998e-06
7.56031e-07
1.25369e-06
7.59363e-07
9.52489e-07
7.40491e-07
6.44321e-07
6.10604e-07
4.44482e-07
4.63508e-07
3.53278e-07
3.6513e-07
3.39472e-07
3.84061e-07
3.85701e-07
4.63299e-07
4.01207e-07
5.3395e-07
3.70258e-07
5.89485e-07
3.1707e-07
5.99882e-07
2.46885e-07
5.44501e-07
1.59599e-07
4.59866e-07
1.00536e-07
9.92581e-08
3.85895e-07
1.04232e-07
-1.02577e-06
2.83517e-09
-7.05674e-07
-1.04265e-07
-9.37373e-07
-9.96263e-08
-2.57714e-07
-4.44302e-08
-1.30323e-07
1.45207e-08
-6.35123e-08
-1.42152e-08
-1.03296e-07
-7.98568e-08
-3.81982e-07
-7.2258e-09
1.13058e-07
4.56581e-07
-1.21841e-07
7.17991e-07
-4.6244e-07
5.15451e-07
-1.00216e-06
9.59831e-08
1.07431e-08
-1.47227e-07
1.09692e-06
-3.89965e-08
1.41514e-06
1.38299e-07
1.30269e-06
3.11132e-07
1.08086e-06
4.40586e-07
8.23034e-07
4.72397e-07
6.12509e-07
4.40084e-07
4.76794e-07
3.96509e-07
3.96854e-07
3.76608e-07
3.59374e-07
4.11479e-07
3.50832e-07
4.75648e-07
3.37041e-07
5.35962e-07
3.09947e-07
5.77475e-07
2.75559e-07
5.87978e-07
2.36385e-07
5.48807e-07
1.98772e-07
4.75883e-07
1.73461e-07
1.59267e-07
4.15875e-07
9.24727e-08
-9.17724e-07
3.26084e-09
-6.16464e-07
-8.91173e-08
-8.44994e-07
-8.43386e-08
-2.62494e-07
-4.3388e-08
-1.71271e-07
2.50469e-09
-1.09403e-07
-1.92852e-08
-8.15052e-08
-6.98958e-08
-3.31375e-07
-1.54725e-08
5.86319e-08
1.57911e-07
-2.95228e-07
7.08684e-08
-3.75399e-07
-3.24402e-07
-6.06892e-07
-8.43284e-07
5.29628e-07
-8.65729e-07
1.11937e-06
-4.79779e-07
1.02919e-06
-1.77059e-07
9.99968e-07
7.08808e-08
8.32914e-07
2.2471e-07
6.69204e-07
3.0039e-07
5.36828e-07
3.36447e-07
4.40737e-07
3.58786e-07
3.74517e-07
3.84165e-07
3.33996e-07
4.2392e-07
3.1108e-07
4.67781e-07
2.93182e-07
5.02642e-07
2.75089e-07
5.22767e-07
2.55436e-07
5.24463e-07
2.34691e-07
5.06695e-07
2.16541e-07
4.77463e-07
2.02695e-07
1.92233e-07
4.44497e-07
7.9698e-08
-8.23527e-07
4.22088e-09
-5.40988e-07
-7.38998e-08
-7.66869e-07
-6.98174e-08
-2.66575e-07
-4.10798e-08
-2.00004e-07
-1.26253e-08
-1.37856e-07
-2.55251e-08
-6.86048e-08
-7.91561e-08
-2.77749e-07
-6.39733e-08
4.34447e-08
-9.77626e-08
-2.61442e-07
-3.10289e-07
-1.62874e-07
-7.13259e-07
-2.0392e-07
-1.02899e-06
8.45361e-07
-8.45179e-07
9.35563e-07
-4.85269e-07
6.69282e-07
-2.21306e-07
7.36005e-07
-1.78733e-08
6.29481e-07
1.14788e-07
5.36542e-07
2.04835e-07
4.46781e-07
2.70665e-07
3.74907e-07
3.22633e-07
3.2255e-07
3.67304e-07
2.89327e-07
4.07289e-07
2.71096e-07
4.38969e-07
2.61503e-07
4.58372e-07
2.55687e-07
4.64843e-07
2.48965e-07
4.59632e-07
2.39903e-07
4.44234e-07
2.31939e-07
4.20086e-07
2.26844e-07
2.25656e-07
3.86664e-07
6.54647e-08
-7.45803e-07
5.05093e-09
-4.80574e-07
-5.8799e-08
-7.03012e-07
-5.58017e-08
-2.69569e-07
-3.70408e-08
-2.18759e-07
-2.18473e-08
-1.53048e-07
-3.06878e-08
-5.97648e-08
-8.94443e-08
-2.18999e-07
-1.01737e-07
5.57325e-08
-2.19527e-07
-1.43655e-07
-4.17795e-07
3.53928e-08
-7.14504e-07
9.2791e-08
-7.09223e-07
8.40083e-07
-4.81434e-07
7.07777e-07
-3.37152e-07
5.25001e-07
-1.74278e-07
5.73131e-07
-4.83114e-08
5.03515e-07
5.01707e-08
4.38059e-07
1.2823e-07
3.68722e-07
1.91243e-07
3.11894e-07
2.40421e-07
2.73372e-07
2.75364e-07
2.54385e-07
2.94412e-07
2.52048e-07
2.95377e-07
2.60539e-07
2.77698e-07
2.73366e-07
2.41873e-07
2.8479e-07
1.90891e-07
2.90886e-07
1.31335e-07
2.91496e-07
7.02849e-08
2.87893e-07
2.83382e-07
1.2559e-08
4.92705e-08
-6.87645e-07
5.10304e-09
-4.36406e-07
-4.3783e-08
-6.54119e-07
-4.16808e-08
-2.71666e-07
-3.05479e-08
-2.29889e-07
-2.49926e-08
-1.58603e-07
-3.16351e-08
-5.31243e-08
-8.68862e-08
-1.63753e-07
-1.08446e-07
7.72882e-08
-2.21992e-07
-3.01108e-08
-3.6009e-07
1.73491e-07
-5.23157e-07
2.5586e-07
-3.93558e-07
7.10486e-07
-2.4656e-07
5.60781e-07
-2.14347e-07
4.92789e-07
-1.33056e-07
4.91841e-07
-6.65293e-08
4.36987e-07
-3.02161e-09
3.74552e-07
5.65659e-08
3.09134e-07
1.11815e-07
2.56645e-07
1.59023e-07
2.26163e-07
1.93248e-07
2.20159e-07
2.09592e-07
2.35704e-07
2.03957e-07
2.66173e-07
1.73617e-07
3.03706e-07
1.17929e-07
3.40479e-07
3.84574e-08
3.70357e-07
-5.86847e-08
3.88638e-07
-1.64662e-07
3.93871e-07
3.87139e-07
-2.68419e-07
3.05515e-08
-6.52633e-07
3.90423e-09
-4.09757e-07
-2.83174e-08
-6.21892e-07
-2.63677e-08
-2.73611e-07
-2.07085e-08
-2.35546e-07
-2.06231e-08
-1.58691e-07
-2.56993e-08
-4.80505e-08
-6.7269e-08
-1.22187e-07
-8.77083e-08
9.77251e-08
-1.6893e-07
5.11102e-08
-2.51772e-07
2.56334e-07
-3.23413e-07
3.27503e-07
-2.18786e-07
6.05861e-07
-1.631e-07
5.05095e-07
-1.65743e-07
4.95434e-07
-1.45812e-07
4.71909e-07
-1.2733e-07
4.18505e-07
-1.01874e-07
3.49095e-07
-6.8049e-08
2.75309e-07
-2.40241e-08
2.1262e-07
3.04605e-08
1.71678e-07
9.37903e-08
1.56829e-07
1.63351e-07
1.66143e-07
2.35693e-07
1.9383e-07
3.06621e-07
2.32778e-07
3.71578e-07
2.75522e-07
4.26817e-07
3.15117e-07
4.68548e-07
3.46907e-07
4.93337e-07
3.69082e-07
3.79818e-07
5.00658e-07
9.3995e-09
1.6468e-09
-1.04552e-08
-8.90385e-09
-7.64054e-09
-9.47406e-09
-1.27099e-08
-3.39405e-08
-4.89304e-08
-8.53876e-08
-1.17708e-07
-1.36885e-07
-8.62358e-08
-6.14044e-08
-5.18671e-08
-3.35848e-08
-1.26046e-08
1.47932e-08
4.9637e-08
9.46556e-08
1.53163e-07
2.27542e-07
3.18086e-07
4.22896e-07
5.38386e-07
6.59968e-07
7.82818e-07
9.02688e-07
1.01625e-06
1.12093e-06
-2.65976e-08
1.34384e-07
-4.38773e-08
9.84409e-08
-5.95087e-08
5.50737e-08
-7.83493e-08
2.73387e-08
-1.05077e-07
7.84527e-08
-9.69872e-08
1.1134e-07
-5.76076e-08
-4.86402e-08
-3.51623e-08
-5.0008e-08
-3.11761e-08
9.92261e-08
-2.78171e-08
7.39676e-08
1.4346e-08
-1.59582e-07
7.46719e-08
-2.62391e-07
1.45704e-07
-2.24228e-07
1.33154e-07
-2.17409e-07
7.73814e-08
-4.39945e-08
1.44203e-07
-1.19012e-07
2.11671e-07
3.69628e-08
2.36128e-07
-1.08314e-07
2.89968e-07
-1.21718e-07
3.29199e-07
7.37515e-08
3.66391e-07
-6.06313e-07
3.77698e-07
-2.63378e-07
4.10931e-07
3.29722e-07
2.88254e-07
6.20206e-07
2.65658e-07
6.17347e-09
-3.14494e-07
2.88278e-06
-6.3976e-07
3.18605e-06
-2.68789e-07
-4.01536e-06
-1.04136e-07
-1.39325e-06
-1.14039e-06
-4.89919e-08
1.35499e-07
-5.99831e-08
1.09435e-07
-7.99914e-08
7.50842e-08
-1.10364e-07
5.77151e-08
-1.2859e-07
9.66837e-08
-9.89458e-08
8.16996e-08
-5.58014e-08
-9.17819e-08
-2.40625e-08
-8.17467e-08
2.39288e-08
5.12385e-08
8.14775e-08
1.64143e-08
1.45911e-07
-2.24018e-07
2.02669e-07
-3.19153e-07
2.39786e-07
-2.61349e-07
1.76718e-07
-1.54346e-07
1.06221e-07
2.65014e-08
1.55724e-07
-1.68518e-07
2.19084e-07
-2.63975e-08
2.61855e-07
-1.51084e-07
3.17826e-07
-1.77688e-07
3.57082e-07
3.4496e-08
3.51321e-07
-6.00552e-07
3.42152e-07
-2.54208e-07
3.27886e-07
3.43988e-07
1.48653e-07
7.99441e-07
7.25127e-08
8.23143e-08
-4.0979e-07
3.36508e-06
-6.23654e-07
3.3999e-06
-5.81446e-07
-4.05758e-06
-9.92792e-08
-1.87541e-06
-2.1879e-06
-7.48492e-08
1.30575e-07
-8.00531e-08
1.14642e-07
-9.86685e-08
9.37009e-08
-1.2316e-07
8.22073e-08
-1.28937e-07
1.02462e-07
-8.7147e-08
3.99092e-08
-5.35785e-08
-1.2535e-07
-1.76554e-08
-1.17671e-07
5.98144e-08
-2.6228e-08
1.54312e-07
-7.8086e-08
2.29152e-07
-2.98859e-07
2.89896e-07
-3.79902e-07
3.11873e-07
-2.83329e-07
2.31147e-07
-7.36295e-08
1.50632e-07
1.07017e-07
1.58928e-07
-1.76813e-07
2.06949e-07
-7.44203e-08
2.62434e-07
-2.06569e-07
3.20744e-07
-2.35998e-07
3.59975e-07
-4.73385e-09
3.21172e-07
-5.61752e-07
2.69108e-07
-2.02143e-07
2.10157e-07
4.02938e-07
-4.26059e-09
1.01386e-06
-1.32245e-07
2.103e-07
-5.13844e-07
3.74668e-06
-4.91421e-07
3.37747e-06
-2.53957e-07
-4.29504e-06
1.95354e-07
-2.32472e-06
-2.90519e-06
-1.03803e-07
1.21828e-07
-1.03921e-07
1.14759e-07
-1.13908e-07
1.03687e-07
-1.22431e-07
9.07305e-08
-1.05616e-07
8.5647e-08
-7.60419e-08
1.03356e-08
-5.33794e-08
-1.48011e-07
-1.4548e-08
-1.56505e-07
7.9316e-08
-1.20089e-07
1.88147e-07
-1.86918e-07
2.69606e-07
-3.80318e-07
3.31311e-07
-4.41612e-07
3.52222e-07
-3.04237e-07
2.75769e-07
2.81813e-09
1.89357e-07
1.93428e-07
1.60723e-07
-1.48176e-07
1.83805e-07
-9.75027e-08
2.3577e-07
-2.58534e-07
2.96692e-07
-2.9692e-07
3.35418e-07
-4.34574e-08
2.62309e-07
-4.88646e-07
1.60675e-07
-1.00508e-07
5.45654e-08
5.09047e-07
-1.64045e-07
1.23247e-06
-3.40584e-07
3.86839e-07
-5.7989e-07
3.98598e-06
-3.53506e-07
3.15108e-06
1.15713e-08
-4.66013e-06
2.15836e-07
-2.52898e-06
-3.18916e-06
-1.36051e-07
1.11777e-07
-1.2977e-07
1.08476e-07
-1.299e-07
1.03817e-07
-1.25611e-07
8.64426e-08
-1.02141e-07
6.21782e-08
-7.22512e-08
-1.95536e-08
-6.07275e-08
-1.59532e-07
-1.98507e-08
-1.97384e-07
7.57696e-08
-2.15708e-07
1.88607e-07
-2.99756e-07
2.73876e-07
-4.65586e-07
3.35998e-07
-5.03738e-07
3.5992e-07
-3.28157e-07
3.00637e-07
6.21019e-08
2.17741e-07
2.7632e-07
1.54759e-07
-8.51916e-08
1.47002e-07
-8.97452e-08
1.86682e-07
-2.98214e-07
2.49058e-07
-3.59297e-07
2.81953e-07
-7.635e-08
1.67581e-07
-3.74277e-07
7.24986e-09
5.9823e-08
-1.45216e-07
6.61512e-07
-3.2169e-07
1.40895e-06
-5.20995e-07
5.86145e-07
-5.73869e-07
4.03886e-06
-1.81932e-07
2.75914e-06
8.56555e-08
-4.92772e-06
1.56986e-07
-2.60032e-06
-3.2426e-06
-1.6898e-07
1.00318e-07
-1.60609e-07
1.00104e-07
-1.56087e-07
9.92956e-08
-1.43446e-07
7.38022e-08
-1.20741e-07
3.94745e-08
-9.3398e-08
-4.6896e-08
-8.14791e-08
-1.71449e-07
-3.83524e-08
-2.40515e-07
5.32837e-08
-3.07345e-07
1.63567e-07
-4.1004e-07
2.5031e-07
-5.52331e-07
3.10865e-07
-5.64294e-07
3.36211e-07
-3.53505e-07
2.97495e-07
1.00822e-07
2.22326e-07
3.51484e-07
1.31487e-07
5.64686e-09
9.09308e-08
-4.91865e-08
1.18981e-07
-3.26265e-07
1.83666e-07
-4.23984e-07
1.95771e-07
-8.84521e-08
3.02386e-08
-2.08747e-07
-1.92365e-07
2.82426e-07
-3.71844e-07
8.4099e-07
-4.51662e-07
1.48877e-06
-6.30285e-07
7.64769e-07
-5.00049e-07
3.90862e-06
1.81095e-09
2.25728e-06
9.78349e-08
-5.02374e-06
8.87153e-08
-2.5912e-06
-3.20293e-06
-2.11049e-07
8.7579e-08
-1.97332e-07
8.63866e-08
-1.86127e-07
8.80909e-08
-1.75727e-07
6.34015e-08
-1.54757e-07
1.85045e-08
-1.33242e-07
-6.84111e-08
-1.16975e-07
-1.87715e-07
-7.10811e-08
-2.86413e-07
1.5289e-08
-3.93717e-07
1.18667e-07
-5.1342e-07
2.02975e-07
-6.36644e-07
2.59081e-07
-6.204e-07
2.81916e-07
-3.76347e-07
2.6028e-07
1.22461e-07
1.92894e-07
4.18865e-07
7.96441e-08
1.18893e-07
1.29871e-08
1.74735e-08
3.63731e-08
-3.4965e-07
1.06601e-07
-4.94215e-07
7.36023e-08
-5.54504e-08
-1.5046e-07
1.53126e-08
-4.32453e-07
5.6442e-07
-5.95308e-07
1.00384e-06
-5.20741e-07
1.4142e-06
-6.29727e-07
8.73757e-07
-3.84927e-07
3.66383e-06
1.72964e-07
1.69939e-06
8.98299e-08
-4.94061e-06
2.36655e-08
-2.52504e-06
-3.13127e-06
-2.71432e-07
7.96795e-08
-2.6356e-07
7.85139e-08
-2.46828e-07
7.13591e-08
-2.29969e-07
4.65403e-08
-2.08349e-07
-3.11736e-09
-1.87103e-07
-8.96565e-08
-1.6488e-07
-2.09936e-07
-1.17079e-07
-3.34218e-07
-3.84667e-08
-4.72332e-07
5.43462e-08
-6.06235e-07
1.31194e-07
-7.13498e-07
1.78997e-07
-6.68203e-07
1.9558e-07
-3.92937e-07
1.84406e-07
1.33636e-07
1.20918e-07
4.8235e-07
-9.5202e-09
2.49327e-07
-9.24253e-08
1.00382e-07
-3.92886e-08
-4.02784e-07
2.79599e-08
-5.61467e-07
-7.97761e-08
5.22879e-08
-3.70199e-07
3.05734e-07
-6.89565e-07
8.83785e-07
-7.61717e-07
1.07599e-06
-4.99394e-07
1.15188e-06
-5.2274e-07
8.97104e-07
-2.47763e-07
3.38885e-06
2.60713e-07
1.19091e-06
7.5489e-08
-4.75538e-06
-2.15006e-08
-2.42805e-06
-3.03996e-06
-3.3847e-07
7.21485e-08
-3.2823e-07
6.82732e-08
-3.12772e-07
5.59005e-08
-2.94116e-07
2.78827e-08
-2.72219e-07
-2.50179e-08
-2.49043e-07
-1.12832e-07
-2.22038e-07
-2.3694e-07
-1.75545e-07
-3.80715e-07
-1.0728e-07
-5.406e-07
-2.9607e-08
-6.83911e-07
3.10946e-08
-7.74205e-07
6.5357e-08
-7.02466e-07
7.32711e-08
-4.00859e-07
6.73084e-08
1.39595e-07
1.90479e-09
5.47753e-07
-1.41242e-07
3.92468e-07
-2.08076e-07
1.67218e-07
-9.55427e-08
-5.15314e-07
-6.01703e-08
-5.96843e-07
-2.58887e-07
2.51006e-07
-6.12664e-07
6.59509e-07
-9.26061e-07
1.19718e-06
-8.07305e-07
9.57234e-07
-3.79401e-07
7.23971e-07
-3.70314e-07
8.88019e-07
-1.00133e-07
3.11867e-06
2.90274e-07
8.00513e-07
5.73767e-08
-4.52248e-06
-4.87735e-08
-2.3219e-06
-2.93005e-06
-4.02721e-07
6.42361e-08
-3.91815e-07
5.73653e-08
-3.76493e-07
4.05791e-08
-3.58299e-07
9.68714e-09
-3.37001e-07
-4.63198e-08
-3.13001e-07
-1.36831e-07
-2.85534e-07
-2.64405e-07
-2.45891e-07
-4.20361e-07
-1.93049e-07
-5.93443e-07
-1.32907e-07
-7.44057e-07
-9.26806e-08
-8.14436e-07
-7.97628e-08
-7.15386e-07
-8.82474e-08
-3.92379e-07
-1.03702e-07
1.55044e-07
-1.75358e-07
6.19411e-07
-3.09536e-07
5.26643e-07
-3.11722e-07
1.69405e-07
-1.29311e-07
-6.97721e-07
-1.60844e-07
-5.65313e-07
-4.59771e-07
5.49934e-07
-8.52843e-07
1.05258e-06
-1.1009e-06
1.44524e-06
-7.26401e-07
5.82732e-07
-2.06609e-07
2.04179e-07
-2.38979e-07
9.20391e-07
3.02175e-08
2.84948e-06
2.93225e-07
5.37511e-07
3.77375e-08
-4.26699e-06
-7.70644e-08
-2.20709e-06
-2.81136e-06
-4.56952e-07
5.45849e-08
-4.4545e-07
4.58614e-08
-4.315e-07
2.66305e-08
-4.13811e-07
-8.00289e-09
-3.93838e-07
-6.62959e-08
-3.73073e-07
-1.57596e-07
-3.5177e-07
-2.85708e-07
-3.26469e-07
-4.45666e-07
-2.96284e-07
-6.23627e-07
-2.62251e-07
-7.78094e-07
-2.46651e-07
-8.30038e-07
-2.57732e-07
-7.04309e-07
-2.87226e-07
-3.62887e-07
-3.26933e-07
1.94746e-07
-3.99803e-07
6.92283e-07
-4.99964e-07
6.26803e-07
-3.8327e-07
5.27104e-08
-1.5191e-07
-9.29077e-07
-2.88441e-07
-4.28785e-07
-6.69023e-07
9.30515e-07
-1.05905e-06
1.4426e-06
-1.1614e-06
1.54759e-06
-5.99175e-07
2.05072e-08
-1.01233e-07
-2.93765e-07
-1.55848e-07
9.75006e-07
1.1697e-07
2.57666e-06
2.86204e-07
3.68282e-07
1.95927e-08
-4.00037e-06
-1.0417e-07
-2.08333e-06
-2.68827e-06
-4.93912e-07
4.48747e-08
-4.81723e-07
3.36711e-08
-4.67742e-07
1.26522e-08
-4.52396e-07
-2.33491e-08
-4.36973e-07
-8.1721e-08
-4.24209e-07
-1.7036e-07
-4.16105e-07
-2.93811e-07
-4.12075e-07
-4.497e-07
-4.12157e-07
-6.23546e-07
-4.18001e-07
-7.72256e-07
-4.32111e-07
-8.15929e-07
-4.67429e-07
-6.68995e-07
-5.24509e-07
-3.05807e-07
-5.85276e-07
2.55509e-07
-6.52445e-07
7.59454e-07
-6.82602e-07
6.56961e-07
-4.2717e-07
-2.02723e-07
-2.06221e-07
-1.15002e-06
-4.51294e-07
-1.83715e-07
-8.67684e-07
1.3469e-06
-1.19363e-06
1.76855e-06
-1.04946e-06
1.40342e-06
-4.76159e-07
-5.52797e-07
-1.36616e-07
-6.3331e-07
-1.18761e-07
9.57151e-07
1.69895e-07
2.28801e-06
2.74404e-07
2.63777e-07
-1.16027e-09
-3.7248e-06
-1.28837e-07
-1.95565e-06
-2.56335e-06
-5.07508e-07
3.36308e-08
-4.94912e-07
2.10744e-08
-4.81866e-07
-3.9072e-10
-4.69834e-07
-3.53794e-08
-4.61387e-07
-9.01702e-08
-4.60368e-07
-1.71379e-07
-4.70261e-07
-2.83919e-07
-4.9246e-07
-4.27505e-07
-5.28265e-07
-5.87744e-07
-5.76826e-07
-7.23702e-07
-6.34434e-07
-7.58323e-07
-6.97815e-07
-6.05617e-07
-7.80868e-07
-2.22754e-07
-8.59461e-07
3.34099e-07
-8.9881e-07
7.98803e-07
-8.20385e-07
5.78538e-07
-4.79527e-07
-5.43582e-07
-3.43047e-07
-1.2865e-06
-6.33479e-07
1.06716e-07
-1.03298e-06
1.7464e-06
-1.2351e-06
1.97067e-06
-7.99871e-07
9.68197e-07
-3.44634e-07
-1.00804e-06
-2.19944e-07
-7.58001e-07
-1.08129e-07
8.45334e-07
1.90727e-07
1.98915e-06
2.59391e-07
1.95115e-07
-2.80707e-08
-3.43734e-06
-1.49639e-07
-1.83409e-06
-2.4381e-06
-5.00466e-07
2.11662e-08
-4.8687e-07
7.48003e-09
-4.74407e-07
-1.28515e-08
-4.65464e-07
-4.43195e-08
-4.63802e-07
-9.18343e-08
-4.74619e-07
-1.60563e-07
-5.03205e-07
-2.55336e-07
-5.52794e-07
-3.77922e-07
-6.23836e-07
-5.16705e-07
-7.13707e-07
-6.33838e-07
-8.14426e-07
-6.57607e-07
-9.1804e-07
-5.02006e-07
-1.02782e-06
-1.12973e-07
-1.11076e-06
4.17034e-07
-1.08591e-06
7.73953e-07
-8.87117e-07
3.79745e-07
-5.62503e-07
-8.68198e-07
-5.43686e-07
-1.30532e-06
-7.95919e-07
3.58946e-07
-1.13901e-06
2.08949e-06
-1.16345e-06
1.99511e-06
-5.25234e-07
3.2998e-07
-2.53805e-07
-1.27947e-06
-2.54268e-07
-7.57539e-07
-1.07293e-07
6.98357e-07
1.89955e-07
1.6919e-06
2.42446e-07
1.42624e-07
-5.32502e-08
-3.14164e-06
-1.65357e-07
-1.72198e-06
-2.31317e-06
-4.78055e-07
7.478e-09
-4.6422e-07
-6.35375e-09
-4.51297e-07
-2.57728e-08
-4.43026e-07
-5.2588e-08
-4.44809e-07
-9.0053e-08
-4.63579e-07
-1.41795e-07
-5.06197e-07
-2.12721e-07
-5.77667e-07
-3.06458e-07
-6.79323e-07
-4.15053e-07
-8.05886e-07
-5.07281e-07
-9.44343e-07
-5.19154e-07
-1.08082e-06
-3.65535e-07
-1.20213e-06
8.33469e-09
-1.25513e-06
4.70039e-07
-1.16054e-06
6.79356e-07
-8.91183e-07
1.10391e-07
-6.54199e-07
-1.10518e-06
-7.25682e-07
-1.23383e-06
-8.95331e-07
5.28592e-07
-1.16348e-06
2.35763e-06
-9.58393e-07
1.79003e-06
-2.61151e-07
-3.67259e-07
-2.44883e-07
-1.29574e-06
-2.51391e-07
-7.51032e-07
-1.08841e-07
5.55805e-07
1.78123e-07
1.40493e-06
2.24956e-07
9.57895e-08
-6.99193e-08
-2.84677e-06
-1.75194e-07
-1.61671e-06
-2.18821e-06
-4.43663e-07
-2.45959e-09
-4.29948e-07
-2.00683e-08
-4.16303e-07
-3.94174e-08
-4.0756e-07
-6.13306e-08
-4.10061e-07
-8.75529e-08
-4.3022e-07
-1.21639e-07
-4.76391e-07
-1.66554e-07
-5.57601e-07
-2.25254e-07
-6.77351e-07
-2.95308e-07
-8.28173e-07
-3.56465e-07
-9.92746e-07
-3.54586e-07
-1.14701e-06
-2.11269e-07
-1.25385e-06
1.15165e-07
-1.2622e-06
4.78388e-07
-1.11087e-06
5.28031e-07
-8.38954e-07
-1.6153e-07
-7.18543e-07
-1.22559e-06
-8.44281e-07
-1.1081e-06
-9.38616e-07
6.22925e-07
-1.13914e-06
2.55815e-06
-7.43199e-07
1.39409e-06
-5.46272e-08
-1.05583e-06
-2.46771e-07
-1.1036e-06
-2.37706e-07
-7.60096e-07
-1.10131e-07
4.28227e-07
1.61995e-07
1.1328e-06
2.08044e-07
4.9737e-08
-7.83326e-08
-2.56039e-06
-1.79006e-07
-1.51603e-06
-2.06182e-06
-3.67251e-07
-2.66025e-09
-3.62302e-07
-2.50192e-08
-3.55025e-07
-4.6696e-08
-3.52151e-07
-6.4206e-08
-3.58233e-07
-8.14727e-08
-3.77535e-07
-1.02339e-07
-4.18434e-07
-1.25659e-07
-4.9211e-07
-1.51583e-07
-6.06699e-07
-1.80724e-07
-7.58654e-07
-2.04514e-07
-9.26461e-07
-1.86783e-07
-1.07594e-06
-6.17856e-08
-1.15926e-06
1.98475e-07
-1.13076e-06
4.49892e-07
-9.5485e-07
3.52119e-07
-7.32705e-07
-3.83676e-07
-7.18845e-07
-1.23945e-06
-8.82907e-07
-9.44033e-07
-9.19838e-07
6.59853e-07
-1.04032e-06
2.67863e-06
-6.32275e-07
9.8604e-07
-4.37764e-08
-1.64432e-06
-2.40753e-07
-9.06619e-07
-2.23431e-07
-7.77416e-07
-1.10299e-07
3.15091e-07
1.44733e-07
8.77772e-07
1.92211e-07
2.2551e-09
-7.89267e-08
-2.28926e-06
-1.77487e-07
-1.41747e-06
-1.93196e-06
-2.35673e-07
-1.15109e-08
-2.35724e-07
-2.49708e-08
-2.44476e-07
-3.79475e-08
-2.59955e-07
-4.87296e-08
-2.78233e-07
-6.3197e-08
-3.03882e-07
-7.66939e-08
-3.41473e-07
-8.80731e-08
-4.00006e-07
-9.30553e-08
-4.89725e-07
-9.1009e-08
-6.12951e-07
-8.12907e-08
-7.51151e-07
-4.85855e-08
-8.59578e-07
4.66412e-08
-8.96169e-07
2.35067e-07
-8.35267e-07
3.88988e-07
-6.87026e-07
2.03877e-07
-5.66349e-07
-5.04352e-07
-6.55841e-07
-1.14996e-06
-8.38971e-07
-7.60902e-07
-8.02548e-07
6.23428e-07
-7.5001e-07
2.62609e-06
-4.63613e-07
6.99642e-07
-1.45738e-07
-1.9622e-06
-2.36573e-07
-8.15783e-07
-2.10739e-07
-8.03246e-07
-1.08794e-07
2.13143e-07
1.27519e-07
6.41459e-07
1.77237e-07
-4.74669e-08
-7.3349e-08
-2.03868e-06
-1.72006e-07
-1.31882e-06
-1.79687e-06
-5.84196e-08
1.52168e-09
-9.03402e-08
6.94597e-09
-1.04118e-07
-2.41733e-08
-1.20695e-07
-3.2157e-08
-1.52642e-07
-3.12531e-08
-1.94589e-07
-3.47502e-08
-2.41954e-07
-4.07121e-08
-2.95028e-07
-3.9986e-08
-3.60298e-07
-2.57429e-08
-4.41724e-07
1.34562e-10
-5.32523e-07
4.22123e-08
-5.98947e-07
1.13067e-07
-5.84799e-07
2.20921e-07
-4.83894e-07
2.88082e-07
-3.67188e-07
8.71713e-08
-3.64812e-07
-5.06728e-07
-5.55111e-07
-9.59665e-07
-7.49016e-07
-5.66995e-07
-6.56939e-07
5.31349e-07
-3.55385e-07
2.32453e-06
-1.48079e-07
4.92335e-07
-1.63365e-07
-1.94691e-06
-2.17403e-07
-7.61743e-07
-1.98877e-07
-8.21768e-07
-1.05104e-07
1.19368e-07
1.10717e-07
4.25641e-07
1.62365e-07
-9.91182e-08
-6.43455e-08
-1.81197e-06
-1.64166e-07
-1.219e-06
-1.65609e-06
8.05124e-08
1.81397e-08
5.81788e-08
2.92761e-08
7.4003e-08
-4.00014e-08
5.98261e-08
-1.79837e-08
1.61017e-08
1.24679e-08
-5.29435e-08
3.42917e-08
-1.26463e-07
3.28039e-08
-1.91332e-07
2.48788e-08
-2.46633e-07
2.95553e-08
-2.98678e-07
5.21793e-08
-3.45779e-07
8.93141e-08
-3.70745e-07
1.38034e-07
-3.3804e-07
1.8822e-07
-2.39568e-07
1.89609e-07
-1.58032e-07
5.63534e-09
-2.35232e-07
-4.29528e-07
-4.71024e-07
-7.23875e-07
-6.43306e-07
-3.94711e-07
-5.37905e-07
4.25945e-07
-6.59848e-08
1.85261e-06
1.27866e-07
2.98483e-07
-1.16092e-07
-1.70296e-06
-1.84555e-07
-6.93279e-07
-1.84439e-07
-8.21878e-07
-9.89305e-08
3.38587e-08
9.44471e-08
2.32267e-07
1.46732e-07
-1.51405e-07
-5.50056e-08
-1.61023e-06
-1.55306e-07
-1.1187e-06
-1.51117e-06
2.56444e-07
3.74351e-08
3.14811e-07
-2.90932e-08
2.91203e-07
-1.63961e-08
2.73414e-07
-1.97505e-10
2.09763e-07
7.6115e-08
1.16762e-07
1.2729e-07
1.5617e-08
1.33945e-07
-7.44217e-08
1.14914e-07
-1.44909e-07
1.00041e-07
-1.94911e-07
1.02182e-07
-2.24039e-07
1.18444e-07
-2.26012e-07
1.4001e-07
-1.89471e-07
1.51683e-07
-1.19028e-07
1.19167e-07
-8.15953e-08
-3.17987e-08
-1.8949e-07
-3.21633e-07
-4.04271e-07
-5.09095e-07
-5.31389e-07
-2.67592e-07
-4.17895e-07
3.1245e-07
1.02955e-07
1.33176e-06
2.53348e-07
1.48089e-07
-6.56659e-08
-1.38394e-06
-1.46842e-07
-6.12101e-07
-1.66644e-07
-8.0207e-07
-9.03751e-08
-4.24099e-08
7.87825e-08
6.31157e-08
1.29855e-07
-2.02479e-07
-4.76507e-08
-1.43273e-06
-1.46171e-07
-1.02017e-06
-1.36533e-06
6.26803e-07
6.42273e-08
5.09209e-07
8.85004e-08
3.84092e-07
1.08719e-07
2.4836e-07
1.35532e-07
1.40595e-07
1.83877e-07
5.16031e-08
2.1628e-07
-2.62605e-08
2.11806e-07
-9.36118e-08
1.82263e-07
-1.45977e-07
1.52404e-07
-1.79467e-07
1.35674e-07
-1.92385e-07
1.31364e-07
-1.82884e-07
1.30511e-07
-1.49993e-07
1.18796e-07
-1.04465e-07
7.36396e-08
-9.515e-08
-4.11162e-08
-1.92118e-07
-2.24665e-07
-3.54235e-07
-3.46981e-07
-4.329e-07
-1.88926e-07
-3.10484e-07
1.90033e-07
1.65971e-07
8.55295e-07
2.64206e-07
4.98533e-08
-3.19141e-08
-1.08783e-06
-1.12158e-07
-5.31855e-07
-1.47325e-07
-7.66897e-07
-7.99631e-08
-1.0977e-07
6.39528e-08
-8.07933e-08
1.11834e-07
-2.50361e-07
-4.30455e-08
-1.27784e-06
-1.36883e-07
-9.26336e-07
-1.22236e-06
3.31335e-07
1.18789e-07
2.68996e-07
1.50839e-07
2.00484e-07
1.7723e-07
1.30641e-07
2.05375e-07
6.96782e-08
2.44839e-07
1.36759e-08
2.72281e-07
-3.96103e-08
2.65091e-07
-9.37439e-08
2.36395e-07
-1.45358e-07
2.04018e-07
-1.86223e-07
1.76541e-07
-2.08494e-07
1.53637e-07
-2.08427e-07
1.30447e-07
-1.88019e-07
9.83906e-08
-1.60419e-07
4.60391e-08
-1.58355e-07
-4.31836e-08
-2.2196e-07
-1.61062e-07
-3.24025e-07
-2.44919e-07
-3.58303e-07
-1.54648e-07
-2.42099e-07
7.38283e-08
1.41658e-07
4.71533e-07
2.14268e-07
-2.27576e-08
-1.70485e-08
-8.56511e-07
-8.47224e-08
-4.64178e-07
-1.27731e-07
-7.23884e-07
-6.96258e-08
-1.67874e-07
5.02112e-08
-2.00623e-07
9.32626e-08
-2.93414e-07
-4.06164e-08
-1.14396e-06
-1.27189e-07
-8.39762e-07
-1.08574e-06
3.68972e-07
1.65692e-07
3.26972e-07
1.9284e-07
2.7671e-07
2.27492e-07
1.95301e-07
2.86784e-07
8.64751e-08
3.53665e-07
-6.28545e-09
3.65041e-07
-8.62706e-08
3.45075e-07
-1.59746e-07
3.09869e-07
-2.24029e-07
2.68301e-07
-2.70613e-07
2.23127e-07
-2.94345e-07
1.77371e-07
-2.94172e-07
1.30277e-07
-2.7593e-07
8.01508e-08
-2.52083e-07
2.2192e-08
-2.40086e-07
-5.5184e-08
-2.63914e-07
-1.37237e-07
-3.10042e-07
-1.98794e-07
-3.08276e-07
-1.56413e-07
-2.06705e-07
-2.77432e-08
7.9426e-08
1.85399e-07
1.45092e-07
-8.84237e-08
-1.5677e-08
-6.95743e-07
-6.49119e-08
-4.1494e-07
-1.08891e-07
-6.79901e-07
-5.93102e-08
-2.17454e-07
3.78511e-08
-2.97779e-07
7.49636e-08
-3.30528e-07
-3.93306e-08
-1.02966e-06
-1.16752e-07
-7.62341e-07
-9.58464e-07
4.05819e-07
2.04372e-07
3.51654e-07
2.47006e-07
2.71338e-07
3.07809e-07
1.56939e-07
4.01184e-07
3.25378e-08
4.78066e-07
-6.9486e-08
4.67065e-07
-1.5991e-07
4.35498e-07
-2.43489e-07
3.93448e-07
-3.1541e-07
3.40222e-07
-3.74386e-07
2.82105e-07
-4.11228e-07
2.14216e-07
-4.13934e-07
1.32986e-07
-3.89848e-07
5.6066e-08
-3.57321e-07
-1.03347e-08
-3.25757e-07
-8.67517e-08
-3.1098e-07
-1.52018e-07
-3.09831e-07
-1.99947e-07
-2.79342e-07
-1.86903e-07
-1.88782e-07
-1.18304e-07
1.46442e-08
-1.80282e-08
8.30697e-08
-1.56848e-07
-2.05167e-08
-5.92157e-07
-5.10531e-08
-3.844e-07
-9.12988e-08
-6.39654e-07
-4.92769e-08
-2.59477e-07
2.71534e-08
-3.74205e-07
5.77492e-08
-3.61128e-07
-3.82273e-08
-9.33684e-07
-1.05227e-07
-6.95343e-07
-8.43264e-07
3.38812e-07
2.52225e-07
2.78012e-07
3.07806e-07
1.47708e-07
4.38113e-07
1.62601e-08
5.32633e-07
-8.17323e-08
5.76059e-07
-1.90863e-07
5.76196e-07
-3.08394e-07
5.5303e-07
-4.28906e-07
5.1396e-07
-5.4522e-07
4.56537e-07
-6.33731e-07
3.70618e-07
-6.5996e-07
2.40447e-07
-6.27982e-07
1.01012e-07
-5.64541e-07
-7.37362e-09
-4.92962e-07
-8.19129e-08
-4.18946e-07
-1.60771e-07
-3.62623e-07
-2.08345e-07
-3.19845e-07
-2.42729e-07
-2.64539e-07
-2.4221e-07
-1.76478e-07
-2.06365e-07
-2.86516e-08
-1.65852e-07
3.45251e-08
-2.20022e-07
-2.69034e-08
-5.30727e-07
-4.11029e-08
-3.70197e-07
-7.49517e-08
-6.05806e-07
-3.97317e-08
-2.947e-07
1.83306e-08
-4.32266e-07
4.23006e-08
-3.85104e-07
-3.64512e-08
-8.54928e-07
-9.21844e-08
-6.39612e-07
-7.42782e-07
-4.23721e-08
3.07156e-07
-1.15101e-07
3.80535e-07
-1.43363e-07
4.66376e-07
-1.26738e-07
5.16009e-07
-1.22669e-07
5.71989e-07
-1.64871e-07
6.18398e-07
-2.77596e-07
6.65755e-07
-4.62171e-07
6.98535e-07
-6.72621e-07
6.66988e-07
-8.47185e-07
5.45184e-07
-9.1273e-07
3.05995e-07
-8.79937e-07
6.8221e-08
-7.68553e-07
-1.18755e-07
-6.31554e-07
-2.18912e-07
-5.0938e-07
-2.82949e-07
-4.0964e-07
-3.08089e-07
-3.29598e-07
-3.22776e-07
-2.54156e-07
-3.17652e-07
-1.6796e-07
-2.9256e-07
-6.06058e-08
-2.73202e-07
-7.79424e-10
-2.79844e-07
-3.16189e-08
-4.99886e-07
-3.31535e-08
-3.68661e-07
-5.9452e-08
-5.79511e-07
-3.07504e-08
-3.23408e-07
1.14649e-08
-4.74481e-07
2.91759e-08
-4.02823e-07
-3.31755e-08
-7.92574e-07
-7.70698e-08
-5.95721e-07
-6.59774e-07
-3.70807e-07
4.09545e-07
-4.47876e-07
4.57604e-07
-5.32059e-07
5.50558e-07
-6.67311e-07
6.51261e-07
-8.31844e-07
7.36522e-07
-1.00375e-06
7.903e-07
-1.19132e-06
8.53334e-07
-1.33425e-06
8.41463e-07
-1.41331e-06
7.46049e-07
-1.42507e-06
5.56948e-07
-1.3831e-06
2.64024e-07
-1.23936e-06
-7.55108e-08
-1.037e-06
-3.21118e-07
-7.89772e-07
-4.66138e-07
-5.91019e-07
-4.81705e-07
-4.38398e-07
-4.60716e-07
-3.24032e-07
-4.37146e-07
-2.33724e-07
-4.07961e-07
-1.52122e-07
-3.74158e-07
-7.24356e-08
-3.52881e-07
-1.78859e-08
-3.34389e-07
-3.17693e-08
-4.86001e-07
-2.55102e-08
-3.7492e-07
-4.42279e-08
-5.608e-07
-2.23164e-08
-3.45328e-07
6.40108e-09
-5.032e-07
1.8735e-08
-4.15164e-07
-2.75308e-08
-7.46306e-07
-5.91906e-08
-5.64063e-07
-5.97375e-07
4.86679e-07
4.23524e-07
4.26518e-07
5.17765e-07
3.45777e-07
6.31299e-07
2.85559e-07
7.1148e-07
1.48174e-07
8.73908e-07
-7.65926e-08
1.01507e-06
-3.35579e-07
1.11232e-06
-5.79563e-07
1.08545e-06
-8.09768e-07
9.76255e-07
-1.03847e-06
7.85649e-07
-1.27825e-06
5.03806e-07
-1.43893e-06
8.51764e-08
-1.23237e-06
-5.27681e-07
-8.79209e-07
-8.193e-07
-5.94036e-07
-7.66882e-07
-3.95925e-07
-6.58831e-07
-2.6558e-07
-5.67494e-07
-1.77858e-07
-4.95681e-07
-1.13033e-07
-4.38979e-07
-6.01254e-08
-4.05781e-07
-2.02756e-08
-3.74235e-07
-2.48076e-08
-4.81471e-07
-1.67701e-08
-3.8296e-07
-2.83826e-08
-5.49193e-07
-1.41553e-08
-3.59562e-07
2.74712e-09
-5.20102e-07
1.07326e-08
-4.23154e-07
-1.86598e-08
-7.16912e-07
-3.77154e-08
-5.45008e-07
-5.591e-07
1.22507e-06
1.33705e-06
1.45396e-06
1.54561e-06
1.62372e-06
1.66714e-06
1.63835e-06
1.4859e-06
1.21918e-06
8.30084e-07
3.08234e-07
-1.1331e-07
-2.15362e-07
-1.88876e-07
-1.43418e-07
-1.07596e-07
-8.114e-08
-5.96183e-08
-4.06238e-08
-2.39971e-08
-9.01998e-09
-9.98434e-09
-5.70447e-09
-1.01417e-08
-5.03773e-09
2.44378e-10
3.49272e-09
-6.52551e-09
-1.2382e-08
)
;

boundaryField
{
    leftWall
    {
        type            calculated;
        value           uniform 0;
    }
    rightWall
    {
        type            calculated;
        value           uniform 0;
    }
    lowerWall
    {
        type            calculated;
        value           uniform 0;
    }
    atmosphere
    {
        type            calculated;
        value           nonuniform List<scalar> 
120
(
8.66226e-07
9.59309e-07
9.13373e-07
4.88472e-07
1.98274e-07
3.87182e-08
-5.58461e-08
-1.18455e-07
-1.62305e-07
-1.97318e-07
-2.26627e-07
-2.50695e-07
-2.69239e-07
-2.82133e-07
-2.89803e-07
-2.93297e-07
-2.93894e-07
-2.92468e-07
-2.89028e-07
-2.82865e-07
-2.73272e-07
-2.6007e-07
-2.43468e-07
-2.23629e-07
-2.00525e-07
-1.73898e-07
-1.43189e-07
-1.07428e-07
-6.55618e-08
-1.89572e-08
-6.43073e-07
-4.02003e-07
-6.09787e-07
-2.75161e-07
-2.36809e-07
-1.56859e-07
-4.48166e-08
-1.00958e-07
1.12714e-07
8.75676e-08
2.88656e-07
3.46681e-07
5.55213e-07
4.80264e-07
4.85896e-07
4.53627e-07
3.97525e-07
3.21697e-07
2.40465e-07
1.67601e-07
1.1317e-07
8.24499e-08
7.5599e-08
8.90194e-08
1.17288e-07
1.53939e-07
1.92267e-07
2.27037e-07
2.55517e-07
2.75136e-07
3.19388e-07
4.05781e-07
5.14391e-07
6.19831e-07
7.95795e-07
9.71649e-07
1.14111e-06
1.2379e-06
1.24297e-06
1.17475e-06
1.02566e-06
5.06722e-07
-4.25629e-07
-8.45787e-07
-8.12343e-07
-6.94655e-07
-5.93951e-07
-5.17199e-07
-4.57969e-07
-4.22404e-07
-3.89211e-07
-4.8051e-07
-3.87243e-07
-5.44759e-07
-3.64671e-07
-5.25383e-07
-4.26404e-07
-7.06894e-07
-5.39151e-07
-5.47469e-07
8.65517e-07
9.4824e-07
9.12635e-07
4.99806e-07
2.10426e-07
4.90484e-08
-4.80017e-08
-1.12809e-07
-1.58681e-07
-1.95745e-07
-2.27264e-07
-2.53758e-07
-2.74882e-07
-2.90286e-07
-3.00158e-07
-3.05403e-07
-3.07346e-07
-3.07102e-07
-3.04948e-07
-3.00225e-07
-2.92009e-07
-2.79851e-07
-2.63812e-07
-2.44026e-07
-2.20425e-07
-1.92665e-07
-1.60076e-07
-1.21589e-07
-7.599e-08
-2.4013e-08
)
;
    }
    defaultFaces
    {
        type            empty;
        value           nonuniform 0();
    }
}


// ************************************************************************* //
