/*--------------------------------*- C++ -*----------------------------------*\
| =========                 |                                                 |
| \\      /  F ield         | OpenFOAM: The Open Source CFD Toolbox           |
|  \\    /   O peration     | Version:  2.4.0                                 |
|   \\  /    A nd           | Web:      www.OpenFOAM.org                      |
|    \\/     M anipulation  |                                                 |
\*---------------------------------------------------------------------------*/
FoamFile
{
    version     2.0;
    format      ascii;
    class       surfaceScalarField;
    location    "0.25";
    object      phi;
}
// * * * * * * * * * * * * * * * * * * * * * * * * * * * * * * * * * * * * * //

dimensions      [0 3 -1 0 0 0 0];

internalField   nonuniform List<scalar> 
4700
(
-2.15199e-11
2.15199e-11
-4.29056e-11
2.13913e-11
-6.40101e-11
2.11095e-11
-8.46881e-11
2.06827e-11
-1.04794e-10
2.01104e-11
-1.24181e-10
1.93912e-11
-1.42701e-10
1.85242e-11
-1.60205e-10
1.75092e-11
-1.76547e-10
1.63476e-11
-1.91584e-10
1.50428e-11
-2.05179e-10
1.36007e-11
-2.17204e-10
1.20307e-11
-2.27546e-10
1.03457e-11
-2.36106e-10
8.56273e-12
-2.42807e-10
6.70247e-12
-2.47596e-10
4.7894e-12
-2.50447e-10
2.85102e-12
-2.51364e-10
9.17062e-13
-2.50382e-10
-9.81844e-13
-2.81362e-12
-2.47567e-10
-2.16121e-11
4.3138e-11
-4.30957e-11
4.28845e-11
-6.42957e-11
4.23179e-11
-8.50686e-11
4.14636e-11
-1.05269e-10
4.03185e-11
-1.24749e-10
3.88795e-11
-1.4336e-10
3.71443e-11
-1.60953e-10
3.51123e-11
-1.77381e-10
3.27857e-11
-1.92499e-10
3.01711e-11
-2.0617e-10
2.72806e-11
-2.18266e-10
2.41329e-11
-2.28669e-10
2.07541e-11
-2.37282e-10
1.71783e-11
-2.44025e-10
1.34473e-11
-2.48846e-10
9.61013e-12
-2.51716e-10
5.72215e-12
-2.5264e-10
1.84316e-12
-2.51652e-10
-1.96582e-12
-5.63728e-12
-2.4882e-10
-2.16829e-11
6.48259e-11
-4.32375e-11
6.4447e-11
-6.45095e-11
6.3597e-11
-8.53551e-11
6.2316e-11
-1.05629e-10
6.0599e-11
-1.25183e-10
5.84409e-11
-1.43868e-10
5.58376e-11
-1.61535e-10
5.27876e-11
-1.78035e-10
4.92942e-11
-1.93222e-10
4.53669e-11
-2.06958e-10
4.10235e-11
-2.19111e-10
3.6292e-11
-2.29564e-10
3.12116e-11
-2.38215e-10
2.58332e-11
-2.44985e-10
2.02196e-11
-2.49818e-10
1.44449e-11
-2.52686e-10
8.59231e-12
-2.53593e-10
2.75246e-12
-2.52571e-10
-2.98346e-12
-8.51172e-12
-2.49689e-10
-2.17888e-11
8.66192e-11
-4.345e-11
8.61151e-11
-6.48298e-11
8.4983e-11
-8.57844e-11
8.32768e-11
-1.06168e-10
8.09893e-11
-1.25834e-10
7.81131e-11
-1.4463e-10
7.46419e-11
-1.62408e-10
7.05732e-11
-1.79017e-10
6.59105e-11
-1.94308e-10
6.06659e-11
-2.08141e-10
5.4863e-11
-2.20381e-10
4.85385e-11
-2.30908e-10
4.17442e-11
-2.39619e-10
3.45481e-11
-2.46429e-10
2.70339e-11
-2.51281e-10
1.93009e-11
-2.54146e-10
1.1461e-11
-2.55026e-10
3.63637e-12
-2.53953e-10
-4.05104e-12
-1.14613e-11
-2.50997e-10
-2.19297e-11
1.08553e-10
-4.37331e-11
1.07925e-10
-6.52564e-11
1.06512e-10
-8.63563e-11
1.04382e-10
-1.06887e-10
1.01527e-10
-1.26701e-10
9.79336e-11
-1.45648e-10
9.35951e-11
-1.63574e-10
8.85065e-11
-1.80328e-10
8.26714e-11
-1.95759e-10
7.61041e-11
-2.09722e-10
6.88328e-11
-2.2208e-10
6.09028e-11
-2.32707e-10
5.23784e-11
-2.41497e-10
4.3344e-11
-2.48362e-10
3.39049e-11
-2.53241e-10
2.41857e-11
-2.56102e-10
1.43279e-11
-2.56946e-10
4.48548e-12
-2.55807e-10
-5.18346e-12
-1.45119e-11
-2.5275e-10
-2.21055e-11
1.30662e-10
-4.40863e-11
1.2991e-10
-6.57888e-11
1.28219e-10
-8.70704e-11
1.25669e-10
-1.07786e-10
1.22247e-10
-1.27786e-10
1.1794e-10
-1.4692e-10
1.12735e-10
-1.65033e-10
1.06626e-10
-1.8197e-10
9.96147e-11
-1.97577e-10
9.17177e-11
-2.11704e-10
8.29672e-11
-2.24211e-10
7.34164e-11
-2.34966e-10
6.31412e-11
-2.43857e-10
5.22428e-11
-2.50792e-10
4.08479e-11
-2.55705e-10
2.91073e-11
-2.58563e-10
1.71931e-11
-2.59362e-10
5.29235e-12
-2.58137e-10
-6.40108e-12
-1.76849e-11
-2.54958e-10
-2.23158e-11
1.52981e-10
-4.45091e-11
1.52108e-10
-6.64264e-11
1.5014e-10
-8.79259e-11
1.47173e-10
-1.08863e-10
1.43189e-10
-1.29087e-10
1.3817e-10
-1.48447e-10
1.321e-10
-1.66786e-10
1.24969e-10
-1.83944e-10
1.16779e-10
-1.99764e-10
1.07544e-10
-2.14092e-10
9.73018e-11
-2.26779e-10
8.61116e-11
-2.3769e-10
7.4061e-11
-2.46705e-10
6.12674e-11
-2.53726e-10
4.78792e-11
-2.58683e-10
3.40745e-11
-2.61537e-10
2.0057e-11
-2.62284e-10
6.04874e-12
-2.60958e-10
-7.71958e-12
-2.10086e-11
-2.57627e-10
-2.25605e-11
1.75543e-10
-4.5001e-11
1.7455e-10
-6.71683e-11
1.7231e-10
-8.8922e-11
1.68929e-10
-1.10117e-10
1.64387e-10
-1.30605e-10
1.58661e-10
-1.5023e-10
1.51729e-10
-1.68833e-10
1.43577e-10
-1.86253e-10
1.34203e-10
-2.02325e-10
1.23622e-10
-2.16889e-10
1.11874e-10
-2.29792e-10
9.90227e-11
-2.40888e-10
8.51676e-11
-2.50052e-10
7.0442e-11
-2.57177e-10
5.50162e-11
-2.62187e-10
3.90966e-11
-2.65039e-10
2.29203e-11
-2.65726e-10
6.74641e-12
-2.6428e-10
-9.15631e-12
-2.45098e-11
-2.6077e-10
-2.28391e-11
1.98384e-10
-4.55611e-11
1.97273e-10
-6.80136e-11
1.94763e-10
-9.00576e-11
1.90975e-10
-1.11549e-10
1.85881e-10
-1.32338e-10
1.79452e-10
-1.52268e-10
1.71661e-10
-1.71177e-10
1.62489e-10
-1.88898e-10
1.51928e-10
-2.05262e-10
1.39992e-10
-2.20102e-10
1.26721e-10
-2.33255e-10
1.12185e-10
-2.4457e-10
9.64926e-11
-2.53908e-10
7.97925e-11
-2.61157e-10
6.22778e-11
-2.66231e-10
4.41842e-11
-2.69082e-10
2.57844e-11
-2.69701e-10
7.37723e-12
-2.68117e-10
-1.07289e-11
-2.82152e-11
-2.64403e-10
-2.31512e-11
2.21535e-10
-4.61885e-11
2.20308e-10
-6.89608e-11
2.17534e-10
-9.13312e-11
2.13344e-10
-1.13156e-10
2.07706e-10
-1.34286e-10
2.00582e-10
-1.54561e-10
1.91938e-10
-1.73817e-10
1.81747e-10
-1.91882e-10
1.69996e-10
-2.0858e-10
1.56696e-10
-2.23736e-10
1.41885e-10
-2.37179e-10
1.25637e-10
-2.48744e-10
1.0807e-10
-2.58287e-10
8.93471e-11
-2.6568e-10
6.96847e-11
-2.70831e-10
4.9349e-11
-2.73683e-10
2.86511e-11
-2.74226e-10
7.93314e-12
-2.72488e-10
-1.24556e-11
-3.21535e-11
-2.6854e-10
-2.34963e-11
2.4503e-10
-4.68821e-11
2.4369e-10
-7.00084e-11
2.40657e-10
-9.27409e-11
2.36074e-10
-1.14938e-10
2.29901e-10
-1.36447e-10
2.22091e-10
-1.57109e-10
2.12601e-10
-1.76755e-10
2.01394e-10
-1.95207e-10
1.88452e-10
-2.12283e-10
1.73777e-10
-2.27798e-10
1.57408e-10
-2.4157e-10
1.39419e-10
-2.53425e-10
1.19936e-10
-2.63202e-10
9.91366e-11
-2.70763e-10
7.72598e-11
-2.76004e-10
5.46043e-11
-2.78862e-10
3.15226e-11
-2.79322e-10
8.40637e-12
-2.77412e-10
-1.43545e-11
-3.6355e-11
-2.732e-10
-2.38738e-11
2.68902e-10
-4.76404e-11
2.6745e-10
-7.11543e-11
2.64166e-10
-9.42845e-11
2.592e-10
-1.1689e-10
2.52503e-10
-1.3882e-10
2.44018e-10
-1.59911e-10
2.33691e-10
-1.79991e-10
2.21475e-10
-1.98876e-10
2.0734e-10
-2.16375e-10
1.91282e-10
-2.32295e-10
1.73335e-10
-2.46441e-10
1.53574e-10
-2.58624e-10
1.3213e-10
-2.68671e-10
1.09195e-10
-2.76427e-10
8.50288e-11
-2.81774e-10
5.99652e-11
-2.8464e-10
3.44019e-11
-2.85011e-10
8.78959e-12
-2.82911e-10
-1.64436e-11
-4.08513e-11
-2.78404e-10
-2.42831e-11
2.93181e-10
-4.84616e-11
2.91621e-10
-7.23959e-11
2.88093e-10
-9.59589e-11
2.82757e-10
-1.19012e-10
2.75551e-10
-1.41402e-10
2.66406e-10
-1.62966e-10
2.55253e-10
-1.83525e-10
2.42035e-10
-2.0289e-10
2.26708e-10
-2.20862e-10
2.09259e-10
-2.37235e-10
1.89715e-10
-2.51802e-10
1.68149e-10
-2.64358e-10
1.44696e-10
-2.74712e-10
1.19559e-10
-2.82692e-10
9.30206e-11
-2.88164e-10
6.54494e-11
-2.91043e-10
3.72917e-11
-2.91318e-10
9.07628e-12
-2.89012e-10
-1.87397e-11
-4.56759e-11
-2.84177e-10
-2.47236e-11
3.179e-10
-4.93438e-11
3.16233e-10
-7.37301e-11
3.12472e-10
-9.77607e-11
3.06781e-10
-1.21298e-10
2.99083e-10
-1.4419e-10
2.89294e-10
-1.66271e-10
2.77332e-10
-1.87357e-10
2.63121e-10
-2.07252e-10
2.46606e-10
-2.25749e-10
2.2776e-10
-2.42627e-10
2.06599e-10
-2.57665e-10
1.83194e-10
-2.70642e-10
1.57681e-10
-2.81346e-10
1.30273e-10
-2.89584e-10
1.01268e-10
-2.95203e-10
7.1078e-11
-2.98095e-10
4.0194e-11
-2.98271e-10
9.26103e-12
-2.95745e-10
-2.12561e-11
-5.08646e-11
-2.90546e-10
-2.51951e-11
3.4309e-10
-5.02842e-11
3.41313e-10
-7.51531e-11
3.37332e-10
-9.96855e-11
3.31306e-10
-1.23746e-10
3.23137e-10
-1.47181e-10
3.12725e-10
-1.69823e-10
2.99972e-10
-1.91486e-10
2.84783e-10
-2.11964e-10
2.67086e-10
-2.31039e-10
2.46838e-10
-2.48478e-10
2.24043e-10
-2.64043e-10
1.98765e-10
-2.77493e-10
1.71139e-10
-2.88596e-10
1.41383e-10
-2.97131e-10
1.0981e-10
-3.02922e-10
7.68774e-11
-3.05827e-10
4.31063e-11
-3.05893e-10
9.33397e-12
-3.03152e-10
-2.39882e-11
-5.6463e-11
-2.97544e-10
-2.56981e-11
3.68782e-10
-5.12795e-11
3.66885e-10
-7.66599e-11
3.62705e-10
-1.01728e-10
3.56367e-10
-1.26349e-10
3.47752e-10
-1.5037e-10
3.36743e-10
-1.73621e-10
3.2322e-10
-1.9591e-10
3.07072e-10
-2.17026e-10
2.88203e-10
-2.36738e-10
2.66552e-10
-2.54798e-10
2.42107e-10
-2.70949e-10
2.14921e-10
-2.84932e-10
1.85127e-10
-2.96489e-10
1.52946e-10
-3.05363e-10
1.1869e-10
-3.11364e-10
8.28839e-11
-3.14269e-10
4.60169e-11
-3.14215e-10
9.28649e-12
-3.11274e-10
-2.69215e-11
-6.25208e-11
-3.05206e-10
-2.62361e-11
3.95013e-10
-5.23249e-11
3.92967e-10
-7.82447e-11
3.88618e-10
-1.03882e-10
3.81999e-10
-1.29102e-10
3.72967e-10
-1.53751e-10
3.61388e-10
-1.77659e-10
3.47125e-10
-2.00628e-10
3.3004e-10
-2.2244e-10
3.10015e-10
-2.4285e-10
2.86963e-10
-2.61595e-10
2.60854e-10
-2.78398e-10
2.31728e-10
-2.92978e-10
1.99711e-10
-3.05053e-10
1.65025e-10
-3.14316e-10
1.27957e-10
-3.20583e-10
8.91554e-11
-3.23482e-10
4.89206e-11
-3.23506e-10
9.3159e-12
-3.20048e-10
-3.03724e-11
-6.90242e-11
-3.13535e-10
-2.67981e-11
4.21807e-10
-5.34061e-11
4.1957e-10
-7.98909e-11
4.15098e-10
-1.06129e-10
4.08232e-10
-1.31982e-10
3.98816e-10
-1.573e-10
3.86703e-10
-1.81911e-10
3.71733e-10
-2.05613e-10
3.53741e-10
-2.28179e-10
3.3258e-10
-2.49351e-10
3.08135e-10
-2.68848e-10
2.80352e-10
-2.8637e-10
2.49252e-10
-3.01612e-10
2.14955e-10
-3.14272e-10
1.77688e-10
-3.2395e-10
1.37638e-10
-3.30504e-10
9.57126e-11
-3.32999e-10
5.14186e-11
-3.33077e-10
9.39924e-12
-3.29925e-10
-3.35198e-11
-7.60655e-11
-3.22875e-10
-2.75716e-11
4.49375e-10
-5.45793e-11
4.46575e-10
-8.1664e-11
4.4218e-10
-1.08547e-10
4.35113e-10
-1.35077e-10
4.25344e-10
-1.61105e-10
4.12728e-10
-1.86457e-10
3.97082e-10
-2.10929e-10
3.78211e-10
-2.34284e-10
3.55932e-10
-2.56249e-10
3.301e-10
-2.76527e-10
3.00628e-10
-2.94795e-10
2.6752e-10
-3.10727e-10
2.30887e-10
-3.24021e-10
1.90982e-10
-3.34161e-10
1.47779e-10
-3.41349e-10
1.02902e-10
-3.43127e-10
5.31982e-11
-3.42709e-10
8.98321e-12
-3.39915e-10
-3.63125e-11
-8.38321e-11
-3.32145e-10
-3.84743e-11
4.87848e-10
-7.71616e-11
4.85261e-10
-1.15792e-10
4.80809e-10
-1.54192e-10
4.73512e-10
-1.92246e-10
4.63395e-10
-2.29791e-10
4.5027e-10
-2.66617e-10
4.33904e-10
-3.02458e-10
4.14048e-10
-3.36991e-10
3.90461e-10
-3.69835e-10
3.62939e-10
-4.00554e-10
3.31343e-10
-4.28668e-10
2.9563e-10
-4.53664e-10
2.55879e-10
-4.75197e-10
2.12512e-10
-4.91895e-10
1.64477e-10
-5.0491e-10
1.15916e-10
-5.12615e-10
6.09028e-11
-5.15196e-10
1.1563e-11
-5.11889e-10
-3.96223e-11
-5.03387e-10
-9.23381e-11
-2.45506e-10
-2.05736e-12
-2.43026e-10
-2.47302e-12
-2.40142e-10
-2.87703e-12
-2.36873e-10
-3.25997e-12
-2.33239e-10
-3.62374e-12
-2.29261e-10
-3.96673e-12
-2.2496e-10
-4.28793e-12
-2.20362e-10
-4.58589e-12
-2.15487e-10
-4.86124e-12
-2.10362e-10
-5.11033e-12
-2.05012e-10
-5.33396e-12
-1.9946e-10
-5.53514e-12
-1.93735e-10
-5.70741e-12
-1.87862e-10
-5.85588e-12
-1.81866e-10
-5.98062e-12
-1.75773e-10
-6.07939e-12
-1.69607e-10
-6.15606e-12
-1.6339e-10
-6.20882e-12
-1.57143e-10
-6.23849e-12
-6.24554e-12
-1.5089e-10
-2.46746e-10
-4.12052e-12
-2.44247e-10
-4.95845e-12
-2.41344e-10
-5.76354e-12
-2.38054e-10
-6.53235e-12
-2.34396e-10
-7.26198e-12
-2.30391e-10
-7.9499e-12
-2.26063e-10
-8.59359e-12
-2.21434e-10
-9.1911e-12
-2.1653e-10
-9.73993e-12
-2.11372e-10
-1.02405e-11
-2.05986e-10
-1.06906e-11
-2.00401e-10
-1.10903e-11
-1.9464e-10
-1.14397e-11
-1.88731e-10
-1.17394e-11
-1.82701e-10
-1.19889e-11
-1.76571e-10
-1.21909e-11
-1.70368e-10
-1.23435e-11
-1.64114e-10
-1.24483e-11
-1.57831e-10
-1.25068e-11
-1.25211e-11
-1.51543e-10
-2.47584e-10
-6.21643e-12
-2.45053e-10
-7.47914e-12
-2.42114e-10
-8.69102e-12
-2.38784e-10
-9.84865e-12
-2.35084e-10
-1.09471e-11
-2.31036e-10
-1.19824e-11
-2.26662e-10
-1.29508e-11
-2.21985e-10
-1.38491e-11
-2.1703e-10
-1.46749e-11
-2.11822e-10
-1.54267e-11
-2.06387e-10
-1.61032e-11
-2.00751e-10
-1.67038e-11
-1.94941e-10
-1.72288e-11
-1.88983e-10
-1.76784e-11
-1.82902e-10
-1.80524e-11
-1.76725e-10
-1.83531e-11
-1.70474e-10
-1.85796e-11
-1.64173e-10
-1.87342e-11
-1.57846e-10
-1.88196e-11
-1.88393e-11
-1.51516e-10
-2.48847e-10
-8.3587e-12
-2.46265e-10
-1.00522e-11
-2.43271e-10
-1.16758e-11
-2.39883e-10
-1.32271e-11
-2.3612e-10
-1.46986e-11
-2.32004e-10
-1.6085e-11
-2.2756e-10
-1.73812e-11
-2.22811e-10
-1.85833e-11
-2.17782e-10
-1.9688e-11
-2.12499e-10
-2.06931e-11
-2.06988e-10
-2.15971e-11
-2.01276e-10
-2.23992e-11
-1.95391e-10
-2.30992e-11
-1.89357e-10
-2.36974e-11
-1.83202e-10
-2.41933e-11
-1.76951e-10
-2.45904e-11
-1.70628e-10
-2.4888e-11
-1.64259e-10
-2.50898e-11
-1.57866e-10
-2.51997e-11
-2.5222e-11
-1.51474e-10
-2.5054e-10
-1.05622e-11
-2.4789e-10
-1.26955e-11
-2.44823e-10
-1.47363e-11
-2.41354e-10
-1.6688e-11
-2.37506e-10
-1.85384e-11
-2.33301e-10
-2.0281e-11
-2.28762e-10
-2.19097e-11
-2.23915e-10
-2.34195e-11
-2.18787e-10
-2.48062e-11
-2.13402e-10
-2.60672e-11
-2.0779e-10
-2.72003e-11
-2.01976e-10
-2.82043e-11
-1.95989e-10
-2.90787e-11
-1.89854e-10
-2.98236e-11
-1.83598e-10
-3.04396e-11
-1.77249e-10
-3.09298e-11
-1.7083e-10
-3.12955e-11
-1.64369e-10
-3.15414e-11
-1.57888e-10
-3.16719e-11
-3.1692e-11
-1.51413e-10
-2.52668e-10
-1.28455e-11
-2.49937e-10
-1.54219e-11
-2.46774e-10
-1.78934e-11
-2.43205e-10
-2.02526e-11
-2.39249e-10
-2.24891e-11
-2.34929e-10
-2.45946e-11
-2.30272e-10
-2.65616e-11
-2.25302e-10
-2.83842e-11
-2.20048e-10
-3.00572e-11
-2.14535e-10
-3.1577e-11
-2.08794e-10
-3.29409e-11
-2.02851e-10
-3.41472e-11
-1.96734e-10
-3.51952e-11
-1.9047e-10
-3.60852e-11
-1.84088e-10
-3.68187e-11
-1.77614e-10
-3.73989e-11
-1.71076e-10
-3.78294e-11
-1.64499e-10
-3.81148e-11
-1.57908e-10
-3.82604e-11
-3.82718e-11
-1.51327e-10
-2.55245e-10
-1.5221e-11
-2.52409e-10
-1.82535e-11
-2.49134e-10
-2.11648e-11
-2.45441e-10
-2.39419e-11
-2.41354e-10
-2.65736e-11
-2.36896e-10
-2.905e-11
-2.32094e-10
-3.13624e-11
-2.26975e-10
-3.35036e-11
-2.21567e-10
-3.54676e-11
-2.15899e-10
-3.72494e-11
-2.1e-10
-3.88459e-11
-2.03899e-10
-4.02548e-11
-1.97624e-10
-4.14756e-11
-1.91204e-10
-4.25089e-11
-1.84668e-10
-4.3357e-11
-1.78045e-10
-4.40238e-11
-1.71362e-10
-4.45144e-11
-1.64645e-10
-4.48334e-11
-1.5792e-10
-4.4987e-11
-4.49818e-11
-1.5121e-10
-2.5828e-10
-1.7704e-11
-2.5532e-10
-2.12086e-11
-2.51911e-10
-2.45713e-11
-2.48073e-10
-2.77779e-11
-2.4383e-10
-3.08152e-11
-2.39209e-10
-3.36719e-11
-2.34236e-10
-3.63377e-11
-2.28939e-10
-3.88039e-11
-2.23349e-10
-4.10639e-11
-2.17496e-10
-4.31106e-11
-2.11409e-10
-4.49413e-11
-2.0512e-10
-4.65531e-11
-1.98657e-10
-4.79456e-11
-1.92052e-10
-4.91201e-11
-1.85335e-10
-5.00797e-11
-1.78535e-10
-5.08277e-11
-1.71681e-10
-5.13731e-11
-1.64799e-10
-5.17182e-11
-1.57915e-10
-5.18718e-11
-5.18415e-11
-1.51054e-10
-2.61785e-10
-2.03139e-11
-2.58683e-10
-2.43054e-11
-2.55117e-10
-2.81339e-11
-2.5111e-10
-3.17832e-11
-2.46687e-10
-3.52382e-11
-2.41875e-10
-3.84856e-11
-2.36702e-10
-4.15134e-11
-2.31199e-10
-4.43116e-11
-2.25396e-10
-4.6873e-11
-2.19327e-10
-4.91875e-11
-2.13021e-10
-5.12541e-11
-2.06512e-10
-5.30688e-11
-1.99832e-10
-5.46317e-11
-1.93012e-10
-5.59446e-11
-1.86084e-10
-5.70113e-11
-1.79079e-10
-5.78357e-11
-1.72026e-10
-5.84279e-11
-1.64952e-10
-5.87912e-11
-1.57886e-10
-5.89361e-11
-5.88712e-11
-1.5085e-10
-2.65777e-10
-2.30684e-11
-2.62512e-10
-2.75643e-11
-2.58766e-10
-3.1875e-11
-2.54565e-10
-3.59821e-11
-2.49934e-10
-3.98682e-11
-2.44902e-10
-4.35181e-11
-2.395e-10
-4.69179e-11
-2.33759e-10
-5.00561e-11
-2.27712e-10
-5.29237e-11
-2.21393e-10
-5.55109e-11
-2.14836e-10
-5.78149e-11
-2.08075e-10
-5.98325e-11
-2.01145e-10
-6.15641e-11
-1.94079e-10
-6.30121e-11
-1.8691e-10
-6.41807e-11
-1.7967e-10
-6.50757e-11
-1.72389e-10
-6.57058e-11
-1.65097e-10
-6.60787e-11
-1.57822e-10
-6.62052e-11
-6.60957e-11
-1.5059e-10
-2.70272e-10
-2.59865e-11
-2.66822e-10
-3.10068e-11
-2.62873e-10
-3.58186e-11
-2.58451e-10
-4.04008e-11
-2.53584e-10
-4.47336e-11
-2.48302e-10
-4.87997e-11
-2.42638e-10
-5.2583e-11
-2.36626e-10
-5.60706e-11
-2.303e-10
-5.92513e-11
-2.23697e-10
-6.21158e-11
-2.16854e-10
-6.46596e-11
-2.09807e-10
-6.68803e-11
-2.02593e-10
-6.87785e-11
-1.95248e-10
-7.03572e-11
-1.87806e-10
-7.16218e-11
-1.80299e-10
-7.25793e-11
-1.72762e-10
-7.3239e-11
-1.65224e-10
-7.36113e-11
-1.57714e-10
-7.37083e-11
-7.35427e-11
-1.50261e-10
-2.75292e-10
-2.90887e-11
-2.71634e-10
-3.46563e-11
-2.67455e-10
-3.99908e-11
-2.62784e-10
-4.50681e-11
-2.5765e-10
-4.98657e-11
-2.52086e-10
-5.43641e-11
-2.46126e-10
-5.85444e-11
-2.39806e-10
-6.23924e-11
-2.33165e-10
-6.58949e-11
-2.26241e-10
-6.90418e-11
-2.19075e-10
-7.1828e-11
-2.11705e-10
-7.42513e-11
-2.04172e-10
-7.6313e-11
-1.96512e-10
-7.80171e-11
-1.88763e-10
-7.93702e-11
-1.80959e-10
-8.03809e-11
-1.73134e-10
-8.10601e-11
-1.65321e-10
-8.14198e-11
-1.57549e-10
-8.14742e-11
-8.12382e-11
-1.49851e-10
-2.80858e-10
-3.23967e-11
-2.76968e-10
-3.85375e-11
-2.72533e-10
-4.44199e-11
-2.67581e-10
-5.00151e-11
-2.62148e-10
-5.52975e-11
-2.56266e-10
-6.02473e-11
-2.49974e-10
-6.48396e-11
-2.43309e-10
-6.90608e-11
-2.36312e-10
-7.28949e-11
-2.29027e-10
-7.63298e-11
-2.21498e-10
-7.93602e-11
-2.13767e-10
-8.19846e-11
-2.05876e-10
-8.42051e-11
-1.97865e-10
-8.60273e-11
-1.89774e-10
-8.74599e-11
-1.81638e-10
-8.85131e-11
-1.73494e-10
-8.91992e-11
-1.65375e-10
-8.95323e-11
-1.57315e-10
-8.95285e-11
-8.92046e-11
-1.49343e-10
-2.86997e-10
-3.59349e-11
-2.8285e-10
-4.26757e-11
-2.78128e-10
-4.91358e-11
-2.72864e-10
-5.52742e-11
-2.67098e-10
-6.10619e-11
-2.60859e-10
-6.6487e-11
-2.54195e-10
-7.15057e-11
-2.47143e-10
-7.61155e-11
-2.39747e-10
-8.02927e-11
-2.32058e-10
-8.40211e-11
-2.24122e-10
-8.72966e-11
-2.15987e-10
-9.01192e-11
-2.07698e-10
-9.24921e-11
-1.99298e-10
-9.44235e-11
-1.90827e-10
-9.59252e-11
-1.82324e-10
-9.70085e-11
-1.73827e-10
-9.76873e-11
-1.65372e-10
-9.79775e-11
-1.56993e-10
-9.78979e-11
-9.74658e-11
-1.48719e-10
-2.93736e-10
-3.97318e-11
-2.89305e-10
-4.7097e-11
-2.84264e-10
-5.41681e-11
-2.78656e-10
-6.08758e-11
-2.72515e-10
-6.71979e-11
-2.65887e-10
-7.31123e-11
-2.58804e-10
-7.85861e-11
-2.5132e-10
-8.35987e-11
-2.43476e-10
-8.81353e-11
-2.35333e-10
-9.21616e-11
-2.26945e-10
-9.56822e-11
-2.1836e-10
-9.86997e-11
-2.0963e-10
-1.01217e-10
-2.008e-10
-1.03246e-10
-1.9191e-10
-1.04806e-10
-1.83003e-10
-1.05906e-10
-1.74117e-10
-1.06561e-10
-1.65292e-10
-1.06791e-10
-1.56562e-10
-1.06615e-10
-1.06053e-10
-1.47961e-10
-3.01096e-10
-4.38305e-11
-2.9638e-10
-5.18007e-11
-2.90973e-10
-5.95644e-11
-2.84979e-10
-6.68602e-11
-2.7843e-10
-7.37377e-11
-2.7136e-10
-8.01744e-11
-2.63816e-10
-8.61239e-11
-2.55858e-10
-9.15519e-11
-2.47502e-10
-9.64858e-11
-2.38854e-10
-1.00805e-10
-2.29963e-10
-1.04568e-10
-2.20876e-10
-1.07781e-10
-2.11661e-10
-1.10426e-10
-2.02358e-10
-1.12543e-10
-1.9301e-10
-1.14145e-10
-1.83659e-10
-1.15247e-10
-1.74347e-10
-1.15863e-10
-1.65116e-10
-1.16011e-10
-1.56002e-10
-1.15715e-10
-1.15001e-10
-1.47046e-10
-3.09158e-10
-4.81958e-11
-3.03985e-10
-5.69599e-11
-2.98237e-10
-6.53001e-11
-2.91828e-10
-7.32575e-11
-2.84834e-10
-8.07222e-11
-2.77312e-10
-8.7689e-11
-2.69261e-10
-9.41684e-11
-2.60716e-10
-1.00091e-10
-2.518e-10
-1.05397e-10
-2.42609e-10
-1.09992e-10
-2.3318e-10
-1.13994e-10
-2.2351e-10
-1.17447e-10
-2.13779e-10
-1.20152e-10
-2.03958e-10
-1.22358e-10
-1.94112e-10
-1.23985e-10
-1.84275e-10
-1.25077e-10
-1.74495e-10
-1.25633e-10
-1.6482e-10
-1.25676e-10
-1.5529e-10
-1.25234e-10
-1.24337e-10
-1.45949e-10
-3.18087e-10
-5.29737e-11
-3.12573e-10
-6.24642e-11
-3.06341e-10
-7.1522e-11
-2.99479e-10
-8.01117e-11
-2.92012e-10
-8.81825e-11
-2.83952e-10
-9.57429e-11
-2.75348e-10
-1.02769e-10
-2.66202e-10
-1.09232e-10
-2.56662e-10
-1.14934e-10
-2.46785e-10
-1.19866e-10
-2.3665e-10
-1.24124e-10
-2.26428e-10
-1.27664e-10
-2.16048e-10
-1.30526e-10
-2.0566e-10
-1.32741e-10
-1.95243e-10
-1.34397e-10
-1.84852e-10
-1.35463e-10
-1.74564e-10
-1.35916e-10
-1.6441e-10
-1.35825e-10
-1.54431e-10
-1.3521e-10
-1.34086e-10
-1.44679e-10
-3.26924e-10
-5.81926e-11
-3.20983e-10
-6.84031e-11
-3.14306e-10
-7.81973e-11
-3.06934e-10
-8.74819e-11
-2.98946e-10
-9.61683e-11
-2.90427e-10
-1.0426e-10
-2.81227e-10
-1.11967e-10
-2.71312e-10
-1.19144e-10
-2.61023e-10
-1.2522e-10
-2.5052e-10
-1.30365e-10
-2.39742e-10
-1.34896e-10
-2.28787e-10
-1.38613e-10
-2.17863e-10
-1.41444e-10
-2.06935e-10
-1.43662e-10
-1.95944e-10
-1.45382e-10
-1.84993e-10
-1.4641e-10
-1.74188e-10
-1.46717e-10
-1.63512e-10
-1.46498e-10
-1.53033e-10
-1.45691e-10
-1.44267e-10
-1.42852e-10
-4.97056e-10
-6.45305e-11
-4.89812e-10
-7.5657e-11
-4.81456e-10
-8.65618e-11
-4.71979e-10
-9.6965e-11
-4.61595e-10
-1.06555e-10
-4.5061e-10
-1.15244e-10
-4.38627e-10
-1.23946e-10
-4.25092e-10
-1.3267e-10
-4.11075e-10
-1.39223e-10
-3.96981e-10
-1.44442e-10
-3.82256e-10
-1.496e-10
-3.67144e-10
-1.53703e-10
-3.52202e-10
-1.56365e-10
-3.3741e-10
-1.58435e-10
-3.22287e-10
-1.60489e-10
-3.07028e-10
-1.61655e-10
-2.92118e-10
-1.61615e-10
-2.77281e-10
-1.61326e-10
-2.62571e-10
-1.6039e-10
-2.48393e-10
-1.58434e-10
-1.38435e-10
-1.24494e-11
-1.26185e-10
-1.22431e-11
-1.14275e-10
-1.19041e-11
-1.02815e-10
-1.1453e-11
-9.18983e-11
-1.09112e-11
-8.15927e-11
-1.03e-11
-7.19476e-11
-9.64019e-12
-6.29923e-11
-8.95149e-12
-5.47374e-11
-8.25197e-12
-4.71771e-11
-7.55788e-12
-4.02904e-11
-6.88396e-12
-3.40438e-11
-6.24353e-12
-2.83925e-11
-5.64854e-12
-2.32813e-11
-5.10963e-12
-1.86467e-11
-4.63524e-12
-1.44175e-11
-4.23123e-12
-1.05179e-11
-3.90176e-12
-6.86882e-12
-3.65053e-12
-3.38928e-12
-3.48099e-12
-3.39199e-12
-1.39019e-10
-2.49613e-11
-1.26705e-10
-2.45462e-11
-1.14734e-10
-2.38644e-11
-1.03219e-10
-2.2958e-11
-9.22502e-11
-2.18701e-11
-8.18981e-11
-2.06436e-11
-7.22112e-11
-1.932e-11
-6.32185e-11
-1.79384e-11
-5.49304e-11
-1.65347e-11
-4.73406e-11
-1.51423e-11
-4.0428e-11
-1.37911e-11
-3.41587e-11
-1.25082e-11
-2.84876e-11
-1.13175e-11
-2.33589e-11
-1.02388e-11
-1.87085e-11
-9.28807e-12
-1.44649e-11
-8.4775e-12
-1.0552e-11
-7.81671e-12
-6.89068e-12
-7.31416e-12
-3.39902e-12
-6.97671e-12
-6.79304e-12
-1.38916e-10
-3.75516e-11
-1.26535e-10
-3.69181e-11
-1.14508e-10
-3.58828e-11
-1.02947e-10
-3.45098e-11
-9.19443e-11
-3.28647e-11
-8.15678e-11
-3.10122e-11
-7.18664e-11
-2.90145e-11
-6.28682e-11
-2.69303e-11
-5.45829e-11
-2.4814e-11
-4.70034e-11
-2.27157e-11
-4.01078e-11
-2.06807e-11
-3.38615e-11
-1.87495e-11
-2.82183e-11
-1.69576e-11
-2.31216e-11
-1.53343e-11
-1.85061e-11
-1.39033e-11
-1.42999e-11
-1.26833e-11
-1.04265e-11
-1.16897e-11
-6.80641e-12
-1.09352e-11
-3.35707e-12
-1.0429e-11
-1.01516e-11
-1.38758e-10
-5.02599e-11
-1.26276e-10
-4.93921e-11
-1.14165e-10
-4.79866e-11
-1.02536e-10
-4.61302e-11
-9.14812e-11
-4.39114e-11
-8.10685e-11
-4.14168e-11
-7.13454e-11
-3.87299e-11
-6.23392e-11
-3.59293e-11
-5.40584e-11
-3.30878e-11
-4.64947e-11
-3.02723e-11
-3.96251e-11
-2.75436e-11
-3.34136e-11
-2.49554e-11
-2.78125e-11
-2.25545e-11
-2.27639e-11
-2.03801e-11
-1.82012e-11
-1.84635e-11
-1.40515e-11
-1.68304e-11
-1.02379e-11
-1.55016e-11
-6.67988e-12
-1.44937e-11
-3.29363e-12
-1.38174e-11
-1.34458e-11
-1.38541e-10
-6.31263e-11
-1.25925e-10
-6.20022e-11
-1.13701e-10
-6.0204e-11
-1.01982e-10
-5.78418e-11
-9.08576e-11
-5.5027e-11
-8.03968e-11
-5.18691e-11
-7.06454e-11
-4.84731e-11
-6.16289e-11
-4.49377e-11
-5.33546e-11
-4.13545e-11
-4.58126e-11
-3.78072e-11
-3.89781e-11
-3.43715e-11
-3.28135e-11
-3.11147e-11
-2.7269e-11
-2.80949e-11
-2.22848e-11
-2.53607e-11
-1.77929e-11
-2.29519e-11
-1.37194e-11
-2.09006e-11
-9.98599e-12
-1.92332e-11
-6.51085e-12
-1.79694e-11
-3.20864e-12
-1.71209e-11
-1.66541e-11
-1.3826e-10
-7.61908e-11
-1.25476e-10
-7.47826e-11
-1.1311e-10
-7.25634e-11
-1.01278e-10
-6.96671e-11
-9.00682e-11
-6.62289e-11
-7.95479e-11
-6.23811e-11
-6.97617e-11
-5.82511e-11
-6.07332e-11
-5.39582e-11
-5.24679e-11
-4.96126e-11
-4.49538e-11
-4.5315e-11
-3.81641e-11
-4.11561e-11
-3.20587e-11
-3.72162e-11
-2.65856e-11
-3.35649e-11
-2.16828e-11
-3.02606e-11
-1.72802e-11
-2.73512e-11
-1.33026e-11
-2.48757e-11
-9.6701e-12
-2.28651e-11
-6.29878e-12
-2.13414e-11
-3.10188e-12
-2.03179e-11
-1.9755e-11
-1.37908e-10
-8.94916e-11
-1.24921e-10
-8.77665e-11
-1.12386e-10
-8.50928e-11
-1.00418e-10
-8.16285e-11
-8.91064e-11
-7.75334e-11
-7.85156e-11
-7.29639e-11
-6.86886e-11
-6.80702e-11
-5.9647e-11
-6.29924e-11
-5.13937e-11
-5.78598e-11
-4.39143e-11
-5.27897e-11
-3.71793e-11
-4.78877e-11
-3.11461e-11
-4.32475e-11
-2.57597e-11
-3.89499e-11
-2.09556e-11
-3.50632e-11
-1.66615e-11
-3.16437e-11
-1.28001e-11
-2.87366e-11
-9.28927e-12
-2.63769e-11
-6.04298e-12
-2.45886e-11
-2.97312e-12
-2.33871e-11
-2.27268e-11
-1.37477e-10
-1.03066e-10
-1.24252e-10
-1.00987e-10
-1.1152e-10
-9.78193e-11
-9.93948e-11
-9.37473e-11
-8.79641e-11
-8.89565e-11
-7.72923e-11
-8.3628e-11
-6.74193e-11
-7.79356e-11
-5.83641e-11
-7.2041e-11
-5.01264e-11
-6.60924e-11
-4.2689e-11
-6.02238e-11
-3.60195e-11
-5.45555e-11
-3.00719e-11
-4.91944e-11
-2.47883e-11
-4.42333e-11
-2.01009e-11
-3.97503e-11
-1.59349e-11
-3.58099e-11
-1.22103e-11
-3.24629e-11
-8.84231e-12
-2.97474e-11
-5.74267e-12
-2.76894e-11
-2.8221e-12
-2.63067e-11
-2.55481e-11
-1.36957e-10
-1.16953e-10
-1.23461e-10
-1.14477e-10
-1.10502e-10
-1.1077e-10
-9.81972e-11
-1.06045e-10
-8.66322e-11
-1.00514e-10
-7.58694e-11
-9.43831e-11
-6.59459e-11
-8.78517e-11
-5.68772e-11
-8.11034e-11
-4.86595e-11
-7.43055e-11
-4.12723e-11
-6.76081e-11
-3.46795e-11
-6.11467e-11
-2.88319e-11
-5.50414e-11
-2.36678e-11
-4.93971e-11
-1.91161e-11
-4.43023e-11
-1.50984e-11
-3.98292e-11
-1.15316e-11
-3.60331e-11
-8.32794e-12
-3.29545e-11
-5.39709e-12
-3.06216e-11
-2.64855e-12
-2.9055e-11
-2.81969e-11
-1.36339e-10
-1.31197e-10
-1.22534e-10
-1.28274e-10
-1.09321e-10
-1.23976e-10
-9.68145e-11
-1.18545e-10
-8.50998e-11
-1.1222e-10
-7.42368e-11
-1.05239e-10
-6.42591e-11
-9.78222e-11
-5.5178e-11
-9.01783e-11
-4.69855e-11
-8.24934e-11
-3.96572e-11
-7.4933e-11
-3.31536e-11
-6.76478e-11
-2.74212e-11
-6.07718e-11
-2.23945e-11
-5.44222e-11
-1.79981e-11
-4.86984e-11
-1.41497e-11
-4.36794e-11
-1.07622e-11
-3.94243e-11
-7.74488e-12
-3.59752e-11
-5.00554e-12
-3.33624e-11
-2.45219e-12
-3.16093e-11
-3.06507e-11
-1.35608e-10
-1.45846e-10
-1.2146e-10
-1.42417e-10
-1.07963e-10
-1.37467e-10
-9.52336e-11
-1.31269e-10
-8.33546e-11
-1.24093e-10
-7.2383e-11
-1.16204e-10
-6.23485e-11
-1.0785e-10
-5.32572e-11
-9.92636e-11
-4.50958e-11
-9.06497e-11
-3.78363e-11
-8.21882e-11
-3.1435e-11
-7.40451e-11
-2.58342e-11
-6.63687e-11
-2.09639e-11
-5.92891e-11
-1.67437e-11
-5.2917e-11
-1.30862e-11
-4.7338e-11
-9.90017e-12
-4.2613e-11
-7.09189e-12
-3.87855e-11
-4.56738e-12
-3.58882e-11
-2.23275e-12
-3.39461e-11
-3.28862e-11
-1.34751e-10
-1.60943e-10
-1.20223e-10
-1.56942e-10
-1.06414e-10
-1.51271e-10
-9.344e-11
-1.44238e-10
-8.13826e-11
-1.36145e-10
-7.0295e-11
-1.27286e-10
-6.02023e-11
-1.17937e-10
-5.11041e-11
-1.08356e-10
-4.29809e-11
-9.87682e-11
-3.58011e-11
-8.93637e-11
-2.95164e-11
-8.03252e-11
-2.40648e-11
-7.18157e-11
-1.93714e-11
-6.39785e-11
-1.53494e-11
-5.69369e-11
-1.19053e-11
-5.07821e-11
-8.94362e-12
-4.55754e-11
-6.3678e-12
-4.13613e-11
-4.08204e-12
-3.81746e-11
-1.98997e-12
-3.60413e-11
-3.48792e-11
-1.33751e-10
-1.7653e-10
-1.18805e-10
-1.71881e-10
-1.04656e-10
-1.65415e-10
-9.14171e-11
-1.57472e-10
-7.91682e-11
-1.4839e-10
-6.79582e-11
-1.38492e-10
-5.78075e-11
-1.28084e-10
-4.87076e-11
-1.17452e-10
-4.06304e-11
-1.06842e-10
-3.35421e-11
-9.64489e-11
-2.73897e-11
-8.64745e-11
-2.21061e-11
-7.70964e-11
-1.76116e-11
-6.84708e-11
-1.38113e-11
-6.07365e-11
-1.06041e-11
-5.39894e-11
-7.8905e-12
-4.82883e-11
-5.57142e-12
-4.36792e-11
-3.54892e-12
-4.01977e-11
-1.7236e-12
-3.78702e-11
-3.66051e-11
-1.32589e-10
-1.92648e-10
-1.17189e-10
-1.87271e-10
-1.02671e-10
-1.79925e-10
-8.9147e-11
-1.70989e-10
-7.66942e-11
-1.60838e-10
-6.53568e-11
-1.49826e-10
-5.51503e-11
-1.38288e-10
-4.60556e-11
-1.26545e-10
-3.80328e-11
-1.14863e-10
-3.10492e-11
-1.03432e-10
-2.5046e-11
-9.24776e-11
-1.99505e-11
-8.21924e-11
-1.56788e-11
-7.27442e-11
-1.21252e-11
-6.42926e-11
-9.17945e-12
-5.69368e-11
-6.7387e-12
-5.07288e-11
-4.7014e-12
-4.57157e-11
-2.96733e-12
-4.19331e-11
-1.43343e-12
-3.94078e-11
-3.80398e-11
-1.31245e-10
-2.09353e-10
-1.15352e-10
-2.03154e-10
-1.00437e-10
-1.94833e-10
-8.66096e-11
-1.84812e-10
-7.39417e-11
-1.73502e-10
-6.2473e-11
-1.61292e-10
-5.22153e-11
-1.48544e-10
-4.31359e-11
-1.35623e-10
-3.51758e-11
-1.22823e-10
-2.83116e-11
-1.10297e-10
-2.24756e-11
-9.83155e-11
-1.75894e-11
-8.70818e-11
-1.35668e-11
-7.67713e-11
-1.02871e-11
-6.7577e-11
-7.62818e-12
-5.95987e-11
-5.48603e-12
-5.28717e-11
-3.75621e-12
-4.74462e-11
-2.33635e-12
-4.33555e-11
-1.11943e-12
-4.06276e-11
-3.91591e-11
-1.29696e-10
-2.26699e-10
-1.13273e-10
-2.19573e-10
-9.79324e-11
-2.10171e-10
-8.37828e-11
-1.9896e-10
-7.08899e-11
-1.86395e-10
-5.92868e-11
-1.72895e-10
-4.89861e-11
-1.58844e-10
-3.99366e-11
-1.44673e-10
-3.20453e-11
-1.30715e-10
-2.53175e-11
-1.17025e-10
-1.96683e-11
-1.03966e-10
-1.5013e-11
-9.17396e-11
-1.12695e-11
-8.05183e-11
-8.29363e-12
-7.05561e-11
-5.94735e-12
-6.19464e-11
-4.13043e-12
-5.46888e-11
-2.73414e-12
-4.88436e-11
-1.65488e-12
-4.4437e-11
-7.81995e-13
-4.15011e-11
-3.99392e-11
-1.27914e-10
-2.44733e-10
-1.10922e-10
-2.36566e-10
-9.51301e-11
-2.25965e-10
-8.06418e-11
-2.13451e-10
-6.75156e-11
-1.99523e-10
-5.57748e-11
-1.84638e-10
-4.5444e-11
-1.69177e-10
-3.64469e-11
-1.53671e-10
-2.86237e-11
-1.38539e-10
-2.20531e-11
-1.23596e-10
-1.6612e-11
-1.09408e-10
-1.22079e-11
-9.61449e-11
-8.77892e-12
-8.39488e-11
-6.14065e-12
-7.31952e-11
-4.13201e-12
-6.39548e-11
-2.66791e-12
-5.61529e-11
-1.63136e-12
-4.98816e-11
-9.20375e-13
-4.51492e-11
-4.24071e-13
-4.19957e-11
-4.03607e-11
-1.2592e-10
-2.6349e-10
-1.08326e-10
-2.54161e-10
-9.20615e-11
-2.42233e-10
-7.72246e-11
-2.28291e-10
-6.38629e-11
-2.12887e-10
-5.19821e-11
-1.96521e-10
-4.16436e-11
-1.79518e-10
-3.27373e-11
-1.62581e-10
-2.49699e-11
-1.4631e-10
-1.85879e-11
-1.29983e-10
-1.33792e-11
-1.14622e-10
-9.24365e-12
-1.00286e-10
-6.17636e-12
-8.7021e-11
-3.91343e-12
-7.54621e-11
-2.25914e-12
-6.56124e-11
-1.16841e-12
-5.72475e-11
-5.03644e-13
-5.05504e-11
-1.68555e-13
-4.54857e-11
-4.05545e-14
-4.21216e-11
-4.04e-11
-1.23327e-10
-2.83016e-10
-1.05098e-10
-2.7239e-10
-8.83447e-11
-2.58988e-10
-7.31573e-11
-2.4348e-10
-5.95689e-11
-2.26476e-10
-4.755e-11
-2.08541e-10
-3.72508e-11
-1.89819e-10
-2.85018e-11
-1.71333e-10
-2.07412e-11
-1.54076e-10
-1.4595e-11
-1.36135e-10
-9.65526e-12
-1.19567e-10
-5.78682e-12
-1.04159e-10
-3.15042e-12
-8.96605e-11
-1.33242e-12
-7.72818e-11
-7.65882e-14
-6.687e-11
5.69803e-13
-5.78965e-11
7.98844e-13
-5.07812e-11
6.7001e-13
-4.53559e-11
2.71616e-13
-4.17215e-11
-4.0129e-11
-2.20886e-10
-3.10517e-10
-1.94888e-10
-2.98384e-10
-1.70691e-10
-2.83185e-10
-1.48399e-10
-2.65771e-10
-1.28062e-10
-2.46815e-10
-1.09521e-10
-2.27087e-10
-9.32252e-11
-2.06126e-10
-7.9126e-11
-1.8545e-10
-6.55698e-11
-1.67654e-10
-5.45318e-11
-1.47196e-10
-4.48395e-11
-1.29279e-10
-3.63532e-11
-1.1266e-10
-2.93833e-11
-9.66403e-11
-2.32923e-11
-8.33794e-11
-1.78236e-11
-7.23443e-11
-1.32986e-11
-6.24269e-11
-9.34691e-12
-5.4737e-11
-5.9335e-12
-4.87712e-11
-2.83629e-12
-4.48201e-11
-4.29664e-11
-1.00161e-07
1.00649e-07
-2.00905e-07
1.01229e-07
-3.01062e-07
1.00638e-07
-4.0026e-07
9.96717e-08
-4.98056e-07
9.82586e-08
-5.93907e-07
9.63013e-08
-6.87158e-07
9.36856e-08
-7.77029e-07
9.02857e-08
-8.62609e-07
8.59708e-08
-9.42857e-07
8.06136e-08
-1.01662e-06
7.41005e-08
-1.08267e-06
6.6343e-08
-1.1397e-06
5.72905e-08
-1.18643e-06
4.69425e-08
-1.22165e-06
3.53907e-08
-1.24414e-06
2.26066e-08
-1.25274e-06
8.66726e-09
-1.24912e-06
-3.60451e-09
-1.23081e-06
-1.83533e-08
-3.22173e-08
-1.19868e-06
-1.11981e-07
2.1263e-07
-2.24961e-07
2.1421e-07
-3.37577e-07
2.13254e-07
-4.49572e-07
2.11666e-07
-5.6059e-07
2.09274e-07
-6.70141e-07
2.05849e-07
-7.7758e-07
2.01122e-07
-8.82087e-07
1.94789e-07
-9.82652e-07
1.86531e-07
-1.07807e-06
1.76028e-07
-1.16695e-06
1.62981e-07
-1.24775e-06
1.4714e-07
-1.3188e-06
1.28338e-07
-1.37838e-06
1.06524e-07
-1.42479e-06
8.18022e-08
-1.45665e-06
5.44644e-08
-1.47305e-06
2.5062e-08
-1.47135e-06
-5.31586e-09
-1.4529e-06
-3.68074e-08
-6.79398e-08
-1.41718e-06
-1.1405e-07
3.2668e-07
-2.29194e-07
3.29356e-07
-3.44477e-07
3.28538e-07
-4.59851e-07
3.27041e-07
-5.75149e-07
3.24573e-07
-6.90038e-07
3.2074e-07
-8.03988e-07
3.15074e-07
-9.16236e-07
3.0704e-07
-1.02576e-06
2.96062e-07
-1.13127e-06
2.81538e-07
-1.23116e-06
2.62874e-07
-1.32355e-06
2.39535e-07
-1.40631e-06
2.111e-07
-1.47712e-06
1.77336e-07
-1.53358e-06
1.38265e-07
-1.57336e-06
9.42433e-08
-1.59433e-06
4.60331e-08
-1.59447e-06
-5.17592e-09
-1.57286e-06
-5.8414e-08
-1.10582e-07
-1.53022e-06
-1.15557e-07
4.42238e-07
-2.3262e-07
4.46419e-07
-3.50622e-07
4.4654e-07
-4.6991e-07
4.46329e-07
-5.90687e-07
4.45349e-07
-7.12941e-07
4.42993e-07
-8.36414e-07
4.38546e-07
-9.60529e-07
4.31155e-07
-1.08434e-06
4.19876e-07
-1.20648e-06
4.03676e-07
-1.32509e-06
3.81481e-07
-1.43779e-06
3.52237e-07
-1.5417e-06
3.15007e-07
-1.63345e-06
2.69083e-07
-1.70931e-06
2.1412e-07
-1.76536e-06
1.50296e-07
-1.79779e-06
7.84694e-08
-1.80358e-06
6.13745e-10
-1.78014e-06
-8.18518e-08
-1.64517e-07
-1.72621e-06
-1.15181e-07
5.5742e-07
-2.32407e-07
5.63648e-07
-3.5177e-07
5.65906e-07
-4.74213e-07
5.68774e-07
-6.00538e-07
5.71677e-07
-7.31259e-07
5.73717e-07
-8.66644e-07
5.73934e-07
-1.00653e-06
5.71042e-07
-1.15028e-06
5.6363e-07
-1.29662e-06
5.50021e-07
-1.44356e-06
5.28414e-07
-1.58819e-06
4.96869e-07
-1.72666e-06
4.53476e-07
-1.85409e-06
3.9651e-07
-1.96464e-06
3.24668e-07
-2.05171e-06
2.37365e-07
-2.10835e-06
1.35108e-07
-2.12788e-06
2.01456e-08
-2.10438e-06
-1.05347e-07
-2.34129e-07
-2.03477e-06
-1.10622e-07
6.68043e-07
-2.23971e-07
6.76997e-07
-3.41016e-07
6.82951e-07
-4.63521e-07
6.9128e-07
-5.93134e-07
7.0129e-07
-7.3134e-07
7.11924e-07
-8.79267e-07
7.21861e-07
-1.03759e-06
7.29367e-07
-1.20657e-06
7.32613e-07
-1.38544e-06
7.28886e-07
-1.57253e-06
7.15504e-07
-1.7648e-06
6.8914e-07
-1.95751e-06
6.46187e-07
-2.14394e-06
5.82939e-07
-2.31522e-06
4.95951e-07
-2.46034e-06
3.82482e-07
-2.5665e-06
2.41269e-07
-2.62022e-06
7.3861e-08
-2.60953e-06
-1.16034e-07
-3.23395e-07
-2.52027e-06
-9.87376e-08
7.66782e-07
-2.00888e-07
7.7915e-07
-3.08554e-07
7.90619e-07
-4.24607e-07
8.07335e-07
-5.5185e-07
8.28536e-07
-6.93003e-07
8.53079e-07
-8.50777e-07
8.79637e-07
-1.02744e-06
9.06028e-07
-1.22447e-06
9.29649e-07
-1.44314e-06
9.47557e-07
-1.68322e-06
9.55581e-07
-1.94279e-06
9.48714e-07
-2.21724e-06
9.20636e-07
-2.49869e-06
8.64395e-07
-2.7749e-06
7.72161e-07
-3.02864e-06
6.36223e-07
-3.23718e-06
4.4981e-07
-3.37232e-06
2.08997e-07
-3.40496e-06
-8.33918e-08
-4.27021e-07
-3.30133e-06
-7.58666e-08
8.42649e-07
-1.55729e-07
8.59013e-07
-2.43217e-07
8.78107e-07
-3.41845e-07
9.05964e-07
-4.55747e-07
9.42439e-07
-5.89444e-07
9.86777e-07
-7.47397e-07
1.03759e-06
-9.35036e-07
1.09367e-06
-1.15683e-06
1.15144e-06
-1.41737e-06
1.2081e-06
-1.7202e-06
1.25841e-06
-2.06696e-06
1.29548e-06
-2.45681e-06
1.31048e-06
-2.88393e-06
1.29151e-06
-3.33509e-06
1.22332e-06
-3.78678e-06
1.08791e-06
-4.20226e-06
8.65284e-07
-4.52977e-06
5.36509e-07
-4.71058e-06
9.74132e-08
-5.02324e-07
-4.63527e-06
-3.92965e-08
8.81946e-07
-8.23253e-08
9.02043e-07
-1.33406e-07
9.2919e-07
-1.98115e-07
9.70674e-07
-2.80989e-07
1.02531e-06
-3.88787e-07
1.09458e-06
-5.28127e-07
1.17693e-06
-7.06815e-07
1.27235e-06
-9.35361e-07
1.37998e-06
-1.22362e-06
1.49636e-06
-1.58328e-06
1.61807e-06
-2.02561e-06
1.73781e-06
-2.56135e-06
1.84623e-06
-3.19564e-06
1.9258e-06
-3.92803e-06
1.95572e-06
-4.74268e-06
1.90255e-06
-5.59786e-06
1.72047e-06
-6.40386e-06
1.34251e-06
-7.00989e-06
7.03453e-07
-4.17429e-07
-7.09479e-06
1.39654e-08
8.67981e-07
2.46039e-08
8.91405e-07
2.695e-08
9.26845e-07
1.70173e-08
9.80608e-07
-1.1147e-08
1.05348e-06
-6.43449e-08
1.14777e-06
-1.52065e-07
1.26465e-06
-2.84702e-07
1.40499e-06
-4.7605e-07
1.57133e-06
-7.45138e-07
1.76545e-06
-1.11445e-06
1.98738e-06
-1.61613e-06
2.23949e-06
-2.2802e-06
2.5103e-06
-3.14116e-06
2.78676e-06
-4.2324e-06
3.04695e-06
-5.58095e-06
3.25111e-06
-7.19348e-06
3.33301e-06
-8.95233e-06
3.10136e-06
-1.06621e-05
2.41318e-06
8.17986e-07
-1.18975e-05
8.36753e-08
7.84307e-07
1.65998e-07
8.09083e-07
2.43381e-07
8.49462e-07
3.11715e-07
9.12274e-07
3.66522e-07
9.9867e-07
4.02662e-07
1.11163e-06
4.12527e-07
1.25478e-06
3.8323e-07
1.43429e-06
2.99642e-07
1.65492e-06
1.38962e-07
1.92613e-06
-1.32573e-07
2.25891e-06
-5.57527e-07
2.66444e-06
-1.20942e-06
3.16219e-06
-2.19037e-06
3.7677e-06
-3.6246e-06
4.48119e-06
-5.68856e-06
5.31508e-06
-8.7643e-06
6.40875e-06
-1.30482e-05
7.38527e-06
-2.16217e-05
1.09866e-05
7.48577e-06
-2.82895e-05
1.62271e-07
6.22037e-07
3.26783e-07
6.4457e-07
4.91662e-07
6.84581e-07
6.56943e-07
7.46992e-07
8.19306e-07
8.36304e-07
9.77957e-07
9.52979e-07
1.13015e-06
1.10259e-06
1.27301e-06
1.29142e-06
1.3964e-06
1.53153e-06
1.48874e-06
1.83379e-06
1.52598e-06
2.22167e-06
1.45984e-06
2.73059e-06
1.20551e-06
3.41652e-06
6.07398e-07
4.36582e-06
-6.24904e-07
5.71349e-06
-2.85824e-06
7.54842e-06
-7.55289e-06
1.11034e-05
-1.28573e-05
1.26896e-05
-2.95051e-05
2.76345e-05
1.63894e-05
-3.84088e-05
2.44314e-07
3.77722e-07
4.95477e-07
3.93406e-07
7.50793e-07
4.29263e-07
1.01416e-06
4.83626e-07
1.28971e-06
5.60754e-07
1.57974e-06
6.62946e-07
1.8925e-06
7.89836e-07
2.23311e-06
9.50813e-07
2.61912e-06
1.14552e-06
3.07278e-06
1.38014e-06
3.63937e-06
1.65508e-06
4.40002e-06
1.96993e-06
5.49798e-06
2.31856e-06
7.1791e-06
2.6847e-06
9.84582e-06
3.04677e-06
1.45007e-05
2.89349e-06
2.15748e-05
4.02934e-06
3.21222e-05
2.14224e-06
5.59608e-05
3.79592e-06
3.95147e-06
6.83987e-05
3.17744e-07
5.99768e-08
6.44913e-07
6.62327e-08
9.80862e-07
9.33115e-08
1.33071e-06
1.33771e-07
1.70428e-06
1.87189e-07
2.11367e-06
2.53552e-07
2.56648e-06
3.3703e-07
3.0778e-06
4.39494e-07
3.65906e-06
5.64267e-07
4.33405e-06
7.05143e-07
5.13182e-06
8.57313e-07
6.09332e-06
1.00843e-06
7.27892e-06
1.13297e-06
8.77726e-06
1.18637e-06
1.07296e-05
1.09447e-06
1.27065e-05
9.16523e-07
1.71066e-05
-3.70683e-07
1.94017e-05
-1.52917e-07
3.32125e-05
-1.00149e-05
1.964e-06
3.52e-05
3.69316e-07
-3.09341e-07
7.48637e-07
-3.1309e-07
1.13584e-06
-2.9389e-07
1.53233e-06
-2.62721e-07
1.93671e-06
-2.1719e-07
2.34813e-06
-1.57867e-07
2.77388e-06
-8.87229e-08
3.22951e-06
-1.6128e-08
3.67383e-06
1.1994e-07
4.09288e-06
2.86096e-07
4.46875e-06
4.81445e-07
4.76875e-06
7.08428e-07
4.93578e-06
9.65944e-07
4.87709e-06
1.24506e-06
4.45776e-06
1.5138e-06
3.54316e-06
1.83113e-06
1.7148e-06
1.45768e-06
-7.07689e-07
2.26957e-06
-8.90519e-06
-1.81738e-06
1.87695e-06
-8.81814e-06
4.07597e-07
-7.1694e-07
8.32638e-07
-7.38132e-07
1.28108e-06
-7.42334e-07
1.76915e-06
-7.50794e-07
2.31825e-06
-7.66287e-07
2.9513e-06
-7.90919e-07
3.67932e-06
-8.16743e-07
4.4901e-06
-8.26908e-07
5.41654e-06
-8.06501e-07
6.44727e-06
-7.44641e-07
7.54425e-06
-6.15534e-07
8.63196e-06
-3.79271e-07
9.58778e-06
1.01225e-08
1.03576e-05
4.7526e-07
1.05945e-05
1.27692e-06
9.99473e-06
2.43086e-06
6.14973e-06
5.30268e-06
2.97257e-06
5.44673e-06
-1.40873e-05
1.52424e-05
1.53683e-06
-1.37471e-05
3.99469e-07
-1.11641e-06
8.14617e-07
-1.15328e-06
1.24661e-06
-1.17432e-06
1.69788e-06
-1.20207e-06
2.16173e-06
-1.23013e-06
2.62299e-06
-1.25219e-06
3.07175e-06
-1.2655e-06
3.51492e-06
-1.27008e-06
3.96752e-06
-1.2591e-06
4.44103e-06
-1.21816e-06
4.95428e-06
-1.12878e-06
5.54218e-06
-9.67178e-07
6.27815e-06
-7.25846e-07
6.86032e-06
-1.06917e-07
7.44231e-06
6.94932e-07
8.18263e-06
1.69054e-06
8.60999e-06
4.87531e-06
8.73205e-06
5.32468e-06
6.67857e-06
1.72959e-05
8.59581e-06
-3.80408e-07
3.55494e-07
-1.4719e-06
7.31482e-07
-1.52927e-06
1.14024e-06
-1.58308e-06
1.6051e-06
-1.66693e-06
2.15887e-06
-1.7839e-06
2.84616e-06
-1.93948e-06
3.72042e-06
-2.13975e-06
4.83714e-06
-2.3868e-06
6.25325e-06
-2.67521e-06
8.02894e-06
-2.99385e-06
1.0223e-05
-3.32287e-06
1.28738e-05
-3.61791e-06
1.59101e-05
-3.76213e-06
1.93286e-05
-3.52548e-06
2.32628e-05
-3.23928e-06
2.7463e-05
-2.50965e-06
3.50693e-05
-2.73099e-06
3.7905e-05
2.48903e-06
5.36821e-05
1.51882e-06
2.32186e-06
5.9956e-05
2.47361e-07
-1.71926e-06
5.0926e-07
-1.79117e-06
7.94185e-07
-1.86801e-06
1.11467e-06
-1.98741e-06
1.48409e-06
-2.15332e-06
1.91524e-06
-2.37064e-06
2.41962e-06
-2.64413e-06
3.01296e-06
-2.98014e-06
3.73102e-06
-3.39327e-06
4.65428e-06
-3.91712e-06
5.93588e-06
-4.60446e-06
7.83818e-06
-5.52021e-06
1.08281e-05
-6.75206e-06
1.57463e-05
-8.44369e-06
2.33906e-05
-1.08836e-05
3.5324e-05
-1.4443e-05
5.32223e-05
-2.06293e-05
8.01307e-05
-2.44194e-05
0.000125803
-4.41535e-05
-3.58771e-05
0.000164002
9.60189e-08
1.98543e-07
3.12647e-07
4.45765e-07
6.08275e-07
8.15658e-07
1.09243e-06
1.47535e-06
2.01177e-06
2.75036e-06
3.7365e-06
5.02328e-06
6.6866e-06
8.83209e-06
1.15707e-05
1.50225e-05
1.86053e-05
2.64279e-05
3.1378e-05
4.92783e-05
-1.17779e-06
-2.09602e-08
-1.15382e-06
-2.40408e-08
-1.12696e-06
-2.69477e-08
-1.0974e-06
-2.96544e-08
-1.06537e-06
-3.21384e-08
-1.0311e-06
-3.43797e-08
-9.94862e-07
-3.63628e-08
-9.56915e-07
-3.80782e-08
-9.17537e-07
-3.95169e-08
-8.77004e-07
-4.06769e-08
-8.35594e-07
-4.15596e-08
-7.93579e-07
-4.21687e-08
-7.51223e-07
-4.25126e-08
-7.08777e-07
-4.26034e-08
-6.66479e-07
-4.24577e-08
-6.24547e-07
-4.20921e-08
-5.83185e-07
-4.1523e-08
-5.42578e-07
-4.07683e-08
-5.02892e-07
-3.98467e-08
-3.87826e-08
-4.64268e-07
-1.39323e-06
-4.49038e-08
-1.36543e-06
-5.18426e-08
-1.33401e-06
-5.83734e-08
-1.29923e-06
-6.44305e-08
-1.26143e-06
-6.9937e-08
-1.22086e-06
-7.49573e-08
-1.17782e-06
-7.93972e-08
-1.13272e-06
-8.31808e-08
-1.08592e-06
-8.63141e-08
-1.0378e-06
-8.8786e-08
-9.88752e-07
-9.06086e-08
-9.39082e-07
-9.18359e-08
-8.89125e-07
-9.24663e-08
-8.39184e-07
-9.25425e-08
-7.89552e-07
-9.20876e-08
-7.40501e-07
-9.11403e-08
-6.92261e-07
-8.976e-08
-6.4505e-07
-8.79759e-08
-5.9905e-07
-8.5845e-08
-8.33971e-08
-5.54434e-07
-1.50121e-06
-7.39075e-08
-1.4673e-06
-8.57553e-08
-1.42879e-06
-9.68807e-08
-1.38604e-06
-1.07186e-07
-1.33939e-06
-1.16581e-07
-1.2894e-06
-1.24951e-07
-1.23657e-06
-1.32226e-07
-1.18146e-06
-1.38289e-07
-1.12465e-06
-1.4312e-07
-1.06658e-06
-1.4686e-07
-1.00771e-06
-1.49466e-07
-9.48618e-07
-1.50931e-07
-8.89754e-07
-1.51328e-07
-8.31514e-07
-1.50782e-07
-7.7424e-07
-1.49362e-07
-7.18254e-07
-1.47128e-07
-6.63734e-07
-1.44281e-07
-6.10926e-07
-1.40784e-07
-5.60013e-07
-1.36758e-07
-1.32272e-07
-5.11138e-07
-1.68817e-06
-1.11943e-07
-1.6432e-06
-1.30726e-07
-1.59174e-06
-1.48346e-07
-1.53437e-06
-1.64552e-07
-1.4718e-06
-1.79153e-07
-1.40482e-06
-1.91932e-07
-1.33434e-06
-2.02706e-07
-1.26109e-06
-2.11543e-07
-1.18581e-06
-2.18402e-07
-1.10965e-06
-2.23019e-07
-1.03338e-06
-2.25726e-07
-9.57731e-07
-2.26581e-07
-8.83381e-07
-2.25675e-07
-8.10912e-07
-2.2325e-07
-7.40829e-07
-2.19444e-07
-6.73406e-07
-2.1455e-07
-6.08847e-07
-2.0884e-07
-5.47349e-07
-2.02281e-07
-4.89029e-07
-1.95076e-07
-1.87345e-07
-4.33954e-07
-1.98302e-06
-1.63697e-07
-1.92026e-06
-1.9349e-07
-1.84726e-06
-2.21349e-07
-1.76491e-06
-2.46902e-07
-1.67459e-06
-2.69469e-07
-1.57781e-06
-2.88705e-07
-1.476e-06
-3.04523e-07
-1.37069e-06
-3.16849e-07
-1.26387e-06
-3.25221e-07
-1.15685e-06
-3.30043e-07
-1.0512e-06
-3.31376e-07
-9.48377e-07
-3.29403e-07
-8.49477e-07
-3.24574e-07
-7.55354e-07
-3.17371e-07
-6.66449e-07
-3.08345e-07
-5.83108e-07
-2.97888e-07
-5.05367e-07
-2.86579e-07
-4.33119e-07
-2.74529e-07
-3.66143e-07
-2.62054e-07
-2.49265e-07
-3.04223e-07
-2.44642e-06
-2.37542e-07
-2.35412e-06
-2.8579e-07
-2.24412e-06
-3.31351e-07
-2.11836e-06
-3.72663e-07
-1.9793e-06
-4.08533e-07
-1.82962e-06
-4.38383e-07
-1.67251e-06
-4.61636e-07
-1.51123e-06
-4.78122e-07
-1.34881e-06
-4.87648e-07
-1.18841e-06
-4.90435e-07
-1.03307e-06
-4.86719e-07
-8.85408e-07
-4.77064e-07
-7.47669e-07
-4.62312e-07
-6.21382e-07
-4.43658e-07
-5.07207e-07
-4.22519e-07
-4.04826e-07
-4.00266e-07
-3.13211e-07
-3.78192e-07
-2.30823e-07
-3.56916e-07
-1.56647e-07
-3.3623e-07
-3.15335e-07
-9.05761e-08
-3.19411e-06
-3.44759e-07
-3.05097e-06
-4.28927e-07
-2.87456e-06
-5.07763e-07
-2.6688e-06
-5.78422e-07
-2.43826e-06
-6.39079e-07
-2.18894e-06
-6.87701e-07
-1.92724e-06
-7.23335e-07
-1.65948e-06
-7.45885e-07
-1.39172e-06
-7.55408e-07
-1.12836e-06
-7.53795e-07
-8.7104e-07
-7.44038e-07
-6.28605e-07
-7.19499e-07
-4.13859e-07
-6.77059e-07
-2.37947e-07
-6.19572e-07
-1.08952e-07
-5.51517e-07
-2.65686e-08
-4.82653e-07
8.99023e-09
-4.13753e-07
5.40717e-08
-4.01999e-07
1.07499e-07
-3.89658e-07
-3.73444e-07
1.65604e-07
-4.47395e-06
-5.06086e-07
-4.24541e-06
-6.5747e-07
-3.95174e-06
-8.01444e-07
-3.60094e-06
-9.29218e-07
-3.20483e-06
-1.03519e-06
-2.77674e-06
-1.11579e-06
-2.33213e-06
-1.16795e-06
-1.88708e-06
-1.19093e-06
-1.45695e-06
-1.18554e-06
-1.05693e-06
-1.15382e-06
-7.02518e-07
-1.09845e-06
-3.98569e-07
-1.02345e-06
-1.4082e-07
-9.34807e-07
7.66185e-08
-8.37011e-07
2.633e-07
-7.38199e-07
4.0396e-07
-6.23315e-07
6.10483e-07
-6.20277e-07
7.35865e-07
-5.27381e-07
8.99151e-07
-5.52944e-07
-4.67328e-07
9.93032e-07
-6.78037e-06
-8.20501e-07
-6.36801e-06
-1.06983e-06
-5.82107e-06
-1.34837e-06
-5.12723e-06
-1.62306e-06
-4.31437e-06
-1.84806e-06
-3.4189e-06
-2.01126e-06
-2.47375e-06
-2.1131e-06
-1.50498e-06
-2.1597e-06
-5.29569e-07
-2.16095e-06
4.45565e-07
-2.12896e-06
1.44827e-06
-2.10116e-06
2.42298e-06
-1.99817e-06
3.24798e-06
-1.7598e-06
3.79043e-06
-1.37947e-06
3.79595e-06
-7.43709e-07
2.97317e-06
1.9947e-07
4.9688e-07
1.85601e-06
-4.23704e-07
3.932e-07
-2.44226e-07
-7.32424e-07
-7.71568e-07
6.00184e-08
-1.08165e-05
-1.90148e-06
-1.04363e-05
-1.45002e-06
-9.35599e-06
-2.4287e-06
-8.293e-06
-2.68605e-06
-6.95567e-06
-3.18539e-06
-5.50474e-06
-3.4622e-06
-4.02362e-06
-3.59422e-06
-2.60858e-06
-3.57474e-06
-1.32368e-06
-3.44585e-06
-2.28827e-07
-3.22382e-06
6.19195e-07
-2.94918e-06
1.19394e-06
-2.57292e-06
1.55569e-06
-2.12155e-06
1.72814e-06
-1.55192e-06
2.08052e-06
-1.09609e-06
-2.43975e-07
2.52396e-06
4.84202e-06
-3.22999e-06
2.53123e-06
2.704e-06
7.49084e-06
-5.69204e-06
-2.49822e-07
6.96909e-06
-1.89526e-05
-1.12383e-05
-1.73315e-05
-3.07115e-06
-1.81589e-05
-1.6013e-06
-1.63311e-05
-4.51383e-06
-1.20766e-05
-7.4399e-06
-7.61456e-06
-7.92424e-06
-3.00292e-06
-8.20587e-06
9.73543e-07
-7.5512e-06
4.92235e-06
-7.39465e-06
9.22847e-06
-7.52994e-06
1.43024e-05
-8.02308e-06
2.03137e-05
-8.58423e-06
2.8315e-05
-1.01228e-05
4.17889e-05
-1.50259e-05
7.04808e-05
-2.9788e-05
7.03243e-05
2.68039e-06
-5.93714e-05
0.000126466
-7.12378e-05
1.45704e-05
-1.74345e-05
-5.94953e-05
-1.56814e-05
-2.00294e-06
-2.09255e-05
-2.87216e-05
-2.51154e-05
1.11878e-06
-1.68062e-05
-9.9105e-06
-1.8875e-05
-2.44505e-06
-1.18116e-05
-1.45033e-05
-6.66349e-06
-1.30723e-05
-1.4123e-06
-1.34571e-05
3.15445e-06
-1.2118e-05
6.46149e-06
-1.07017e-05
4.91722e-06
-5.98569e-06
4.18569e-06
-7.29155e-06
9.53316e-06
-1.39317e-05
1.67929e-05
-1.73825e-05
3.73894e-05
-3.56224e-05
7.07867e-05
-6.31853e-05
6.07993e-05
1.26678e-05
-3.55378e-05
0.000222803
-5.28023e-05
3.18348e-05
-1.34311e-05
-9.88664e-05
-3.29867e-05
3.87418e-06
5.11261e-05
-1.1449e-05
2.2843e-05
2.94019e-05
2.30893e-05
-1.01569e-05
1.52935e-05
5.35074e-06
1.32808e-05
-1.24906e-05
9.79674e-06
-9.58825e-06
6.17506e-06
-9.83537e-06
-3.76597e-07
-5.5663e-06
-1.24427e-05
1.36442e-06
-2.65469e-05
8.11848e-06
-3.99663e-05
6.12791e-06
-5.07523e-05
-3.14573e-06
-5.44467e-05
-1.36881e-05
-7.21031e-05
-1.7966e-05
-0.00010876
-2.65289e-05
-9.88159e-05
2.72418e-06
0.000101848
2.2139e-05
0.00013171
1.97293e-06
4.84759e-05
-1.56324e-05
-1.10087e-05
2.64979e-05
1.8746e-05
5.00501e-06
4.13098e-05
6.8381e-06
2.95285e-05
1.62443e-06
3.30402e-05
1.83909e-06
2.06641e-05
-1.14474e-07
1.16097e-05
-5.338e-07
2.68821e-06
-9.13926e-07
-1.98319e-06
-8.94899e-07
1.2723e-07
-7.46002e-07
8.85784e-06
-6.12132e-07
1.60082e-05
-1.0224e-06
1.43746e-05
-1.51213e-06
3.12985e-06
-2.4434e-06
-1.29334e-05
-1.90274e-06
-3.62965e-05
-3.16574e-06
-3.33905e-05
-1.81773e-07
-1.6981e-05
5.72942e-06
-1.56059e-05
5.97848e-07
-3.22621e-05
1.02383e-06
3.01458e-06
-4.62854e-05
-5.25564e-06
1.44251e-06
-4.26507e-07
2.00896e-06
9.04524e-07
2.93395e-07
2.3981e-06
3.4552e-07
2.51351e-06
-2.29889e-07
2.42822e-06
-4.48508e-07
2.05054e-06
-5.36245e-07
1.67102e-06
-5.15379e-07
1.38185e-06
-4.56831e-07
1.18848e-06
-4.1876e-07
7.13066e-07
-5.46986e-07
-7.62694e-08
-7.22795e-07
-1.39052e-06
-1.12914e-06
-2.28532e-06
-1.00795e-06
-4.30057e-06
-1.15049e-06
-4.04442e-06
-4.37918e-07
1.28324e-06
4.01756e-07
1.89769e-06
-1.6605e-08
2.72607e-06
1.95453e-07
8.86793e-07
4.85386e-06
-8.4424e-06
-3.86223e-06
-4.19803e-06
-2.23541e-06
-2.20741e-06
-1.69722e-06
-9.34798e-08
-1.76841e-06
4.3685e-07
-7.60218e-07
1.19831e-06
-1.20997e-06
1.08449e-06
-4.22424e-07
7.65426e-07
-1.96316e-07
2.80309e-07
2.82855e-08
-1.46784e-07
8.33374e-09
-4.33523e-07
-2.60246e-07
-6.12221e-07
-5.44097e-07
-4.35675e-07
-1.30569e-06
-5.22975e-07
-9.20647e-07
-8.13018e-07
-8.60447e-07
-6.80106e-07
-5.7083e-07
-2.59e-06
2.31165e-06
1.48355e-06
-4.09016e-06
4.3049e-06
-2.62589e-06
-7.02439e-07
5.89413e-06
1.53604e-06
-5.77868e-06
4.14075e-06
-4.84011e-06
4.67936e-06
-2.23583e-06
4.35229e-06
-1.44135e-06
3.61594e-06
-2.38639e-08
4.38844e-06
-1.98247e-06
3.45153e-06
5.14483e-07
2.45649e-06
7.98726e-07
1.25595e-06
1.22882e-06
9.83116e-08
1.16597e-06
-7.98399e-07
6.36464e-07
-1.48404e-06
1.41542e-07
-5.34999e-07
-2.25473e-06
-1.00259e-06
-4.5306e-07
-1.95748e-06
9.44483e-08
-1.5513e-06
-9.77016e-07
-6.92701e-06
7.68736e-06
-5.29098e-07
-1.04881e-05
4.81175e-06
-7.96674e-06
-1.77686e-06
5.88617e-06
4.81601e-05
6.01729e-06
2.81877e-07
4.30381e-05
-5.43638e-06
3.48242e-06
1.17922e-05
-1.86699e-05
6.57285e-06
5.1955e-06
2.86061e-05
-2.40157e-05
1.87864e-05
1.03342e-05
1.10714e-05
8.51369e-06
-9.11791e-07
1.3212e-05
-1.29012e-05
1.31553e-05
-2.009e-05
7.82529e-06
-2.80212e-05
8.07275e-06
1.98776e-06
-3.22637e-05
1.22125e-05
-1.06778e-05
2.3016e-05
-1.07091e-05
1.50969e-05
6.94214e-06
-4.03851e-05
6.31694e-05
-1.20001e-05
-3.88731e-05
7.2274e-05
-9.22409e-05
-6.47711e-05
0.000135268
8.96687e-05
8.03505e-05
3.75695e-05
9.51373e-05
2.71095e-06
3.8341e-05
3.09518e-05
-4.69107e-05
1.4779e-05
2.13682e-05
9.81581e-06
-1.90525e-05
3.30637e-06
1.68436e-05
-7.2886e-07
1.25489e-05
-6.36213e-07
1.31194e-05
-4.16058e-07
1.29352e-05
-4.0573e-06
1.14665e-05
-8.52639e-06
1.25418e-05
-1.45453e-05
-2.62447e-05
-1.58093e-05
-9.41378e-06
2.75427e-05
-5.40612e-05
2.76396e-05
6.84526e-06
-3.16002e-05
0.000122409
-4.43818e-05
-2.60915e-05
-5.5431e-05
-8.11917e-05
-4.75621e-05
-7.26399e-05
3.10335e-05
-1.27898e-06
-3.52686e-06
-1.40823e-05
-8.75651e-06
-1.49743e-05
-5.69941e-06
1.61102e-06
1.02003e-05
1.9353e-05
2.75914e-05
3.88502e-05
2.82812e-05
2.95517e-05
5.04214e-06
2.04709e-05
5.51847e-06
-1.28648e-05
-7.84648e-05
-0.000101318
-3.90572e-07
-7.40064e-08
-3.22489e-07
-6.83822e-08
-2.60574e-07
-6.21987e-08
-2.05149e-07
-5.56922e-08
-1.56334e-07
-4.90637e-08
-1.14079e-07
-4.24823e-08
-7.81653e-08
-3.61192e-08
-4.82944e-08
-3.00551e-08
-2.42181e-08
-2.42428e-08
-5.44926e-09
-1.89149e-08
8.36169e-09
-1.39391e-08
1.75839e-08
-9.33372e-09
2.29064e-08
-5.4182e-09
2.49854e-08
-2.16205e-09
2.51148e-08
-2.02364e-10
2.30584e-08
1.99277e-09
1.9248e-08
3.75449e-09
1.37204e-08
5.4787e-09
7.308e-09
6.36882e-09
7.26717e-09
-4.69822e-07
-1.58618e-07
-3.92018e-07
-1.46187e-07
-3.21512e-07
-1.32705e-07
-2.58539e-07
-1.18665e-07
-2.03115e-07
-1.04489e-07
-1.55078e-07
-9.05222e-08
-1.1416e-07
-7.70406e-08
-7.99709e-08
-6.42467e-08
-5.19289e-08
-5.22873e-08
-2.95618e-08
-4.12841e-08
-1.22004e-08
-3.13025e-08
6.58225e-10
-2.21944e-08
9.59501e-09
-1.43576e-08
1.50325e-08
-7.6026e-09
1.68003e-08
-1.97321e-09
1.61561e-08
2.63512e-09
1.36689e-08
6.24156e-09
9.96261e-09
9.18626e-09
5.53595e-09
1.07969e-08
1.28042e-08
-4.19817e-07
-2.49938e-07
-3.3766e-07
-2.28342e-07
-2.64848e-07
-2.05515e-07
-2.01292e-07
-1.8222e-07
-1.46704e-07
-1.59077e-07
-1.00626e-07
-1.36601e-07
-6.248e-08
-1.15187e-07
-3.16358e-08
-9.50913e-08
-7.41857e-09
-7.6504e-08
1.0855e-08
-5.95559e-08
2.38616e-08
-4.43062e-08
3.26109e-08
-3.09403e-08
3.73322e-08
-1.90762e-08
3.86457e-08
-8.91489e-09
3.69531e-08
-2.80752e-10
3.17547e-08
7.83318e-09
2.54751e-08
1.25216e-08
1.75779e-08
1.7085e-08
8.97089e-09
1.94057e-08
2.17753e-08
-3.33638e-07
-3.50253e-07
-2.46375e-07
-3.15603e-07
-1.71679e-07
-2.8021e-07
-1.08838e-07
-2.4506e-07
-5.70257e-08
-2.1089e-07
-1.52903e-08
-1.78338e-07
1.74226e-08
-1.47901e-07
4.20567e-08
-1.19726e-07
5.97537e-08
-9.42015e-08
7.13564e-08
-7.11595e-08
7.76938e-08
-5.06456e-08
7.93592e-08
-3.26084e-08
7.71651e-08
-1.68844e-08
7.16196e-08
-3.37052e-09
6.30593e-08
8.27982e-09
5.36277e-08
1.72658e-08
4.14003e-08
2.47497e-08
2.88045e-08
2.96806e-08
1.48445e-08
3.33656e-08
3.66198e-08
-1.95165e-07
-4.5931e-07
-1.04706e-07
-4.06062e-07
-3.10935e-08
-3.53821e-07
2.73909e-08
-3.03543e-07
7.25924e-08
-2.56091e-07
1.05924e-07
-2.1167e-07
1.29265e-07
-1.71244e-07
1.44038e-07
-1.34499e-07
1.5156e-07
-1.01724e-07
1.5313e-07
-7.27278e-08
1.49599e-07
-4.71121e-08
1.41886e-07
-2.48943e-08
1.30657e-07
-5.65455e-09
1.16107e-07
1.11784e-08
1.00123e-07
2.42614e-08
8.23121e-08
3.50746e-08
6.27033e-08
4.43565e-08
4.23924e-08
4.99904e-08
2.16189e-08
5.41389e-08
5.82392e-08
1.8838e-08
-5.68722e-07
1.04148e-07
-4.9137e-07
1.69717e-07
-4.19388e-07
2.172e-07
-3.51024e-07
2.48742e-07
-2.87632e-07
2.67382e-07
-2.30311e-07
2.75158e-07
-1.79021e-07
2.74678e-07
-1.34017e-07
2.67307e-07
-9.43503e-08
2.5456e-07
-5.99782e-08
2.37945e-07
-3.04963e-08
2.18191e-07
-5.14006e-09
1.94343e-07
1.81932e-08
1.69567e-07
3.59536e-08
1.43737e-07
5.0091e-08
1.1648e-07
6.23303e-08
8.86003e-08
7.22354e-08
5.93285e-08
7.92626e-08
2.97872e-08
8.36818e-08
8.80275e-08
2.82567e-07
-6.85688e-07
3.78004e-07
-5.8681e-07
4.3943e-07
-4.80818e-07
4.69606e-07
-3.81203e-07
4.7801e-07
-2.96037e-07
4.71604e-07
-2.23905e-07
4.55521e-07
-1.62939e-07
4.32309e-07
-1.10807e-07
4.04118e-07
-6.61604e-08
3.72177e-07
-2.80381e-08
3.38202e-07
3.47699e-09
3.02616e-07
3.04437e-08
2.67685e-07
5.31218e-08
2.30874e-07
7.27626e-08
1.93261e-07
8.77018e-08
1.55334e-07
1.00256e-07
1.1714e-07
1.1043e-07
7.79671e-08
1.18436e-07
3.90523e-08
1.22598e-07
1.2708e-07
1.03901e-06
-7.31669e-07
9.94384e-07
-5.42182e-07
9.14285e-07
-4.00717e-07
8.3599e-07
-3.02905e-07
7.7352e-07
-2.33566e-07
7.1683e-07
-1.67217e-07
6.63265e-07
-1.09375e-07
6.10258e-07
-5.77977e-08
5.55501e-07
-1.14021e-08
4.95923e-07
3.15403e-08
4.42686e-07
5.67136e-08
3.92682e-07
8.04471e-08
3.43184e-07
1.0262e-07
2.94364e-07
1.21583e-07
2.44655e-07
1.37412e-07
1.95639e-07
1.49271e-07
1.46868e-07
1.59201e-07
9.76471e-08
1.67658e-07
4.87689e-08
1.71476e-07
1.75848e-07
4.70152e-07
-1.1418e-06
8.14383e-07
-8.86416e-07
1.0046e-06
-5.90941e-07
1.02472e-06
-3.23021e-07
9.81933e-07
-1.9078e-07
9.18427e-07
-1.0371e-07
8.52889e-07
-4.38383e-08
7.83994e-07
1.10965e-08
7.152e-07
5.73924e-08
6.43282e-07
1.03458e-07
5.65641e-07
1.34355e-07
4.89992e-07
1.56095e-07
4.19992e-07
1.7262e-07
3.56206e-07
1.8537e-07
2.9463e-07
1.98987e-07
2.35013e-07
2.08887e-07
1.76056e-07
2.18157e-07
1.17168e-07
2.26544e-07
5.83913e-08
2.30251e-07
2.34237e-07
5.03879e-06
7.885e-07
3.64943e-06
5.02942e-07
2.61963e-06
4.38867e-07
1.96381e-06
3.32795e-07
1.51235e-06
2.60672e-07
1.19544e-06
2.13198e-07
9.65372e-07
1.86231e-07
8.064e-07
1.70069e-07
6.94934e-07
1.68859e-07
6.22077e-07
1.76313e-07
5.6696e-07
1.8947e-07
5.16562e-07
2.06493e-07
4.63417e-07
2.25763e-07
4.04156e-07
2.44629e-07
3.39509e-07
2.63631e-07
2.72347e-07
2.76047e-07
2.04258e-07
2.86244e-07
1.35866e-07
2.94933e-07
6.77901e-08
2.98325e-07
3.02026e-07
-1.12286e-06
-9.15875e-08
6.4503e-07
-1.26496e-06
1.28926e-06
-2.0536e-07
1.66163e-06
-3.95791e-08
1.77863e-06
1.43675e-07
1.73994e-06
2.51884e-07
1.60088e-06
3.25292e-07
1.42088e-06
3.50073e-07
1.23313e-06
3.56608e-07
1.0524e-06
3.57045e-07
8.85993e-07
3.55876e-07
7.37431e-07
3.55054e-07
6.07868e-07
3.55324e-07
4.95193e-07
3.573e-07
3.99712e-07
3.59108e-07
3.13757e-07
3.61998e-07
2.33081e-07
3.66916e-07
1.54494e-07
3.73518e-07
7.69825e-08
3.75835e-07
3.79009e-07
4.96385e-06
-1.18126e-06
1.81665e-06
1.88224e-06
4.52711e-07
1.15858e-06
-1.69343e-07
5.82472e-07
-3.4835e-07
3.22679e-07
-3.28489e-07
2.32021e-07
-1.86951e-07
1.83752e-07
-1.00256e-08
1.73146e-07
1.54603e-07
1.91978e-07
2.85917e-07
2.25729e-07
3.79163e-07
2.62628e-07
4.33345e-07
3.00871e-07
4.50625e-07
3.38042e-07
4.35664e-07
3.72258e-07
3.91879e-07
4.0289e-07
3.28849e-07
4.25026e-07
2.5179e-07
4.43973e-07
1.70793e-07
4.54513e-07
8.56765e-08
4.6095e-07
4.64686e-07
2.23652e-05
2.95144e-06
1.43039e-05
9.94346e-06
1.06477e-05
4.81486e-06
7.7242e-06
3.50593e-06
5.72712e-06
2.31976e-06
4.35106e-06
1.60807e-06
3.3667e-06
1.16812e-06
2.63921e-06
9.0063e-07
2.09134e-06
7.39848e-07
1.67156e-06
6.45513e-07
1.3412e-06
5.92978e-07
1.07662e-06
5.6545e-07
8.62062e-07
5.52601e-07
6.86427e-07
5.4789e-07
5.41103e-07
5.4821e-07
4.1577e-07
5.50358e-07
3.05338e-07
5.54404e-07
2.0118e-07
5.58671e-07
9.9621e-08
5.62509e-07
5.64307e-07
-4.43551e-05
1.02113e-06
-2.76802e-05
-6.73143e-06
-1.81435e-05
-4.7219e-06
-1.14008e-05
-3.23673e-06
-6.98728e-06
-2.09378e-06
-4.08744e-06
-1.29177e-06
-2.2125e-06
-7.06821e-07
-1.0343e-06
-2.77572e-07
-3.46087e-07
5.1634e-08
9.81118e-08
2.01315e-07
3.63727e-07
3.27364e-07
5.03001e-07
4.26175e-07
5.54366e-07
5.01233e-07
5.44524e-07
5.57729e-07
4.94272e-07
5.9846e-07
4.15826e-07
6.28802e-07
3.19653e-07
6.50577e-07
2.15636e-07
6.62688e-07
1.07945e-07
6.702e-07
6.72251e-07
5.72451e-06
1.50479e-07
4.90755e-06
-5.91448e-06
4.1147e-06
-3.92905e-06
3.48861e-06
-2.61064e-06
3.04786e-06
-1.65304e-06
2.629e-06
-8.72916e-07
2.26348e-06
-3.41303e-07
1.92614e-06
5.97703e-08
1.73299e-06
2.4478e-07
1.53311e-06
4.01197e-07
1.3337e-06
5.26775e-07
1.14381e-06
6.16062e-07
9.64033e-07
6.81008e-07
8.01905e-07
7.19855e-07
6.50088e-07
7.50273e-07
5.09187e-07
7.69701e-07
3.7742e-07
7.82343e-07
2.49133e-07
7.90974e-07
1.23278e-07
7.96055e-07
7.95529e-07
7.88202e-06
-1.83741e-06
8.664e-06
-6.69646e-06
7.85969e-06
-3.12473e-06
6.87964e-06
-1.63058e-06
5.89773e-06
-6.71127e-07
5.08039e-06
-5.55764e-08
4.28829e-06
4.50804e-07
3.56649e-06
7.8157e-07
2.88459e-06
9.26674e-07
2.30384e-06
9.81953e-07
1.83795e-06
9.92665e-07
1.46983e-06
9.84179e-07
1.1808e-06
9.70036e-07
9.42735e-07
9.57914e-07
7.43815e-07
9.49191e-07
5.70908e-07
9.42606e-07
4.15181e-07
9.3807e-07
2.70807e-07
9.35347e-07
1.33109e-07
9.33752e-07
9.28636e-07
2.31167e-06
1.73709e-06
2.28968e-07
-4.61376e-06
3.21316e-07
-3.21708e-06
4.91547e-07
-1.80082e-06
5.18478e-07
-6.98057e-07
4.78846e-07
-1.59443e-08
5.66644e-07
3.63007e-07
7.7083e-07
5.77382e-07
9.56246e-07
7.41258e-07
1.07162e-06
8.66578e-07
1.10697e-06
9.57317e-07
1.06898e-06
1.02216e-06
9.74363e-07
1.06465e-06
8.44573e-07
1.0877e-06
6.98546e-07
1.09522e-06
5.48945e-07
1.0922e-06
4.04031e-07
1.08298e-06
2.64583e-07
1.07479e-06
1.30115e-07
1.06822e-06
1.05875e-06
0.000102916
3.40891e-05
6.92139e-05
2.90886e-05
4.68318e-05
1.9165e-05
3.20013e-05
1.30297e-05
2.20861e-05
9.21721e-06
1.54572e-05
6.61291e-06
1.09033e-05
4.91695e-06
7.69752e-06
3.78312e-06
5.43243e-06
3.00635e-06
3.83193e-06
2.46708e-06
2.70826e-06
2.08098e-06
1.9261e-06
1.80431e-06
1.38541e-06
1.60534e-06
1.00947e-06
1.46364e-06
7.41382e-07
1.3633e-06
5.39657e-07
1.29393e-06
3.7788e-07
1.24476e-06
2.39676e-07
1.21299e-06
1.16174e-07
1.19172e-06
1.17492e-06
-5.03975e-05
1.18467e-05
-3.16482e-05
1.03393e-05
-1.95697e-05
7.08639e-06
-1.20236e-05
5.48362e-06
-7.17959e-06
4.37321e-06
-4.13864e-06
3.57196e-06
-2.21086e-06
2.98918e-06
-9.8891e-07
2.56117e-06
-2.27583e-07
2.24502e-06
2.29692e-07
2.0098e-06
4.71118e-07
1.83956e-06
5.63168e-07
1.71226e-06
5.56918e-07
1.61159e-06
4.95547e-07
1.52501e-06
4.1105e-07
1.4478e-06
3.21794e-07
1.38318e-06
2.35361e-07
1.33119e-06
1.53812e-07
1.29454e-06
7.51858e-08
1.27034e-06
1.25011e-06
-5.95272e-05
-3.33207e-05
-1.82315e-05
-9.47211e-06
-4.52356e-06
-1.83907e-06
-4.72048e-07
1.55745e-07
3.81006e-07
4.09537e-07
3.57361e-07
2.88748e-07
2.29551e-07
1.83516e-07
1.45491e-07
1.12313e-07
8.12221e-08
5.28716e-08
2.60482e-08
)
;

boundaryField
{
    leftWall
    {
        type            calculated;
        value           uniform 0;
    }
    rightWall
    {
        type            calculated;
        value           uniform 0;
    }
    lowerWall
    {
        type            calculated;
        value           uniform 0;
    }
    atmosphere
    {
        type            calculated;
        value           nonuniform List<scalar> 
60
(
-1.81528e-06
-1.89369e-06
-1.98211e-06
-2.12053e-06
-2.31582e-06
-2.57802e-06
-2.9209e-06
-3.36306e-06
-3.92969e-06
-4.65571e-06
-5.5906e-06
-6.80699e-06
-8.41538e-06
-1.05892e-05
-1.36221e-05
-1.78949e-05
-2.4212e-05
-3.2242e-05
-4.91036e-05
-5.37774e-05
9.85953e-05
0.00012745
4.05889e-05
-3.63553e-05
1.60424e-05
-1.28346e-05
7.5687e-06
5.23849e-06
4.53008e-06
3.78254e-06
3.22811e-06
1.28301e-06
-1.56757e-05
-1.06843e-05
-2.95516e-05
-8.58348e-06
0.000137362
-7.7082e-06
-1.55917e-05
-2.47086e-05
-2.99444e-05
-1.58672e-05
-8.00276e-06
-3.27578e-06
-5.75337e-07
8.87469e-07
1.62216e-06
1.93338e-06
2.01976e-06
1.98127e-06
1.89173e-06
1.78087e-06
1.67079e-06
1.57104e-06
1.48582e-06
1.41636e-06
1.36228e-06
1.32289e-06
1.29716e-06
1.27616e-06
)
;
    }
    defaultFaces
    {
        type            empty;
        value           nonuniform 0();
    }
}


// ************************************************************************* //
