/*--------------------------------*- C++ -*----------------------------------*\
| =========                 |                                                 |
| \\      /  F ield         | OpenFOAM: The Open Source CFD Toolbox           |
|  \\    /   O peration     | Version:  2.4.0                                 |
|   \\  /    A nd           | Web:      www.OpenFOAM.org                      |
|    \\/     M anipulation  |                                                 |
\*---------------------------------------------------------------------------*/
FoamFile
{
    version     2.0;
    format      ascii;
    class       surfaceScalarField;
    location    "0.185";
    object      phiAlpha;
}
// * * * * * * * * * * * * * * * * * * * * * * * * * * * * * * * * * * * * * //

dimensions      [0 3 -1 0 0 0 0];

internalField   nonuniform List<scalar> 
7080
(
3.62672e-08
-3.62672e-08
6.96359e-08
-3.33687e-08
8.93947e-08
-1.97587e-08
9.04772e-08
-1.08251e-09
7.89967e-08
1.14805e-08
5.41816e-08
2.48151e-08
3.11865e-08
2.29951e-08
1.1218e-08
1.99685e-08
-4.35797e-09
1.5576e-08
-1.16461e-08
7.28815e-09
-1.22676e-08
6.21485e-10
-2.32445e-08
1.09769e-08
-2.83439e-08
5.09936e-09
-3.53711e-08
7.02723e-09
-3.88067e-08
3.43566e-09
-1.88215e-08
-1.99852e-08
1.61253e-08
-3.48886e-08
2.79714e-08
-1.18463e-08
2.02287e-08
7.74261e-09
-3.12183e-08
5.15062e-08
-1.31776e-07
1.02047e-07
-1.90835e-07
5.90578e-08
-1.85765e-07
-5.07088e-09
-1.9233e-07
6.56223e-09
-1.76135e-07
-1.61996e-08
-1.32207e-07
-4.48436e-08
-8.97788e-08
-4.30193e-08
-5.86467e-08
-3.13377e-08
-3.03714e-08
-2.8541e-08
-2.6225e-08
-4.38599e-09
3.58507e-08
-7.21179e-08
8.25841e-08
-8.01021e-08
1.20075e-07
-5.72498e-08
1.34802e-07
-1.58096e-08
1.34475e-07
1.18078e-08
1.16895e-07
4.2395e-08
9.57414e-08
4.41488e-08
7.55561e-08
4.01538e-08
5.34003e-08
3.77318e-08
4.12451e-08
1.94435e-08
3.61624e-08
5.70416e-09
1.50069e-08
3.21324e-08
7.18635e-09
1.29199e-08
-2.16602e-08
3.58738e-08
-3.22867e-08
1.40621e-08
-2.82072e-08
-2.40617e-08
-1.89783e-08
-4.40389e-08
-9.07671e-09
-2.17506e-08
-5.94587e-08
5.81922e-08
-1.77427e-07
1.69573e-07
-2.91397e-07
2.16671e-07
-3.03115e-07
7.14733e-08
-2.74165e-07
-3.40581e-08
-2.4913e-07
-1.86388e-08
-2.00889e-07
-6.46502e-08
-1.449e-07
-1.00818e-07
-9.76865e-08
-9.02193e-08
-6.41547e-08
-6.48564e-08
-3.27289e-08
-5.99875e-08
-5.61727e-08
-2.79574e-09
3.07566e-08
-1.02875e-07
7.81393e-08
-1.27485e-07
1.18919e-07
-9.80293e-08
1.37015e-07
-3.39059e-08
1.40712e-07
8.11152e-09
1.28155e-07
5.49516e-08
1.1096e-07
6.1344e-08
9.68105e-08
5.4303e-08
7.54829e-08
5.90593e-08
6.78613e-08
2.70651e-08
6.53951e-08
8.17032e-09
4.5261e-08
5.22666e-08
4.80032e-08
1.01777e-08
1.69015e-08
6.69756e-08
4.89877e-09
2.60649e-08
-2.40653e-09
-1.67556e-08
-3.30653e-08
-1.34334e-08
-5.70046e-08
2.04514e-09
-1.34827e-07
1.35952e-07
-2.50599e-07
2.85349e-07
-3.17876e-07
2.83952e-07
-2.95661e-07
4.93159e-08
-2.60426e-07
-6.94231e-08
-2.20086e-07
-5.88727e-08
-1.67854e-07
-1.16786e-07
-1.21201e-07
-1.47468e-07
-8.21572e-08
-1.29272e-07
-5.52351e-08
-9.17647e-08
-3.09359e-08
-8.42859e-08
-8.07367e-08
-6.37147e-09
2.88443e-08
-1.31719e-07
7.61972e-08
-1.74838e-07
1.1745e-07
-1.39282e-07
1.35995e-07
-5.24511e-08
1.40286e-07
3.8202e-09
1.28622e-07
6.66159e-08
1.12415e-07
7.75511e-08
1.00889e-07
6.58289e-08
7.89773e-08
8.09709e-08
7.59786e-08
3.00639e-08
7.14547e-08
1.26942e-08
5.82776e-08
6.54437e-08
7.63756e-08
-7.92039e-09
4.86121e-08
9.47391e-08
3.44579e-08
4.02191e-08
1.92935e-08
-1.59127e-09
-4.09906e-08
4.68685e-08
-9.44149e-08
5.54654e-08
-1.72358e-07
2.13881e-07
-2.46837e-07
3.5982e-07
-2.67407e-07
3.04553e-07
-2.56583e-07
3.83907e-08
-2.32539e-07
-9.3556e-08
-1.79216e-07
-1.12278e-07
-1.37534e-07
-1.58543e-07
-1.11283e-07
-1.73965e-07
-7.85759e-08
-1.62109e-07
-4.31344e-08
-1.27212e-07
-2.6488e-08
-1.00925e-07
-9.53093e-08
-1.19067e-08
2.83036e-08
-1.60022e-07
7.58797e-08
-2.22414e-07
1.17449e-07
-1.80851e-07
1.36174e-07
-7.11762e-08
1.40446e-07
-4.51551e-10
1.28506e-07
7.85555e-08
1.12333e-07
9.37249e-08
1.01446e-07
7.67151e-08
7.79311e-08
1.04486e-07
7.82039e-08
2.97911e-08
6.53212e-08
2.55769e-08
6.307e-08
6.7695e-08
9.48336e-08
-3.9684e-08
6.9658e-08
1.19915e-07
6.04489e-08
4.94283e-08
4.29915e-08
1.58661e-08
-3.8003e-08
1.27863e-07
-1.13911e-07
1.31362e-07
-1.70255e-07
2.70206e-07
-1.91708e-07
3.81072e-07
-1.78385e-07
2.91202e-07
-1.54029e-07
1.39336e-08
-1.13938e-07
-1.3398e-07
-6.14744e-08
-1.6491e-07
-2.97714e-08
-1.90402e-07
-2.03305e-08
-1.83454e-07
-2.48633e-08
-1.57728e-07
-1.92636e-08
-1.32948e-07
-1.61234e-08
-1.04051e-07
-9.29832e-08
-1.84268e-08
2.8069e-08
-1.88091e-07
7.59308e-08
-2.70276e-07
1.17904e-07
-2.22824e-07
1.36878e-07
-9.01502e-08
1.41089e-07
-4.66246e-09
1.28648e-07
9.09963e-08
1.12477e-07
1.09895e-07
1.01525e-07
8.76675e-08
7.67565e-08
1.29255e-07
7.87114e-08
2.78362e-08
5.67436e-08
4.75446e-08
6.41346e-08
6.03041e-08
9.70929e-08
-7.26423e-08
7.96129e-08
1.37395e-07
8.49838e-08
4.40574e-08
7.19041e-08
2.89459e-08
-6.68478e-09
2.06452e-07
-8.44488e-08
2.09126e-07
-1.12993e-07
2.98978e-07
-1.11268e-07
3.79316e-07
-9.87949e-08
2.78701e-07
-7.13788e-08
-1.36097e-08
-2.34447e-08
-1.81946e-07
3.33184e-08
-2.21665e-07
6.1169e-08
-2.18184e-07
5.73749e-08
-1.7971e-07
3.14076e-08
-1.31806e-07
4.05478e-09
-1.05689e-07
-7.81163e-09
-9.22113e-08
-8.23522e-08
-1.84553e-08
2.78532e-08
-2.15945e-07
7.60378e-08
-3.1846e-07
1.18505e-07
-2.65291e-07
1.37796e-07
-1.09442e-07
1.41945e-07
-8.81155e-09
1.28887e-07
1.04055e-07
1.12852e-07
1.2593e-07
1.01478e-07
9.9041e-08
7.63607e-08
1.54372e-07
7.90473e-08
2.51496e-08
5.3726e-08
7.2866e-08
6.25883e-08
5.14418e-08
7.17522e-08
-8.18062e-08
7.07483e-08
1.38399e-07
1.01586e-07
1.322e-08
9.23935e-08
3.81383e-08
3.2294e-08
2.66551e-07
-4.30446e-08
2.84465e-07
-6.78273e-08
3.24222e-07
-3.9358e-08
3.50817e-07
-8.42498e-09
2.47741e-07
2.63293e-08
-4.83519e-08
5.34861e-08
-2.09133e-07
8.12565e-08
-2.49449e-07
9.01157e-08
-2.27055e-07
8.69407e-08
-1.76307e-07
7.36996e-08
-1.18561e-07
4.38681e-08
-7.58572e-08
1.20214e-08
-6.03644e-08
-5.69718e-08
-1.33829e-08
2.75956e-08
-2.4354e-07
7.61522e-08
-3.67017e-07
1.19207e-07
-3.08346e-07
1.38883e-07
-1.29118e-07
1.4296e-07
-1.28885e-08
1.29161e-07
1.17854e-07
1.13388e-07
1.41704e-07
1.01258e-07
1.11171e-07
7.68624e-08
1.78767e-07
7.98249e-08
2.21871e-08
5.8403e-08
9.42879e-08
6.13815e-08
4.84634e-08
3.45174e-08
-5.49421e-08
4.50193e-08
1.27897e-07
9.22483e-08
-3.4009e-08
8.1842e-08
4.85446e-08
5.4092e-08
2.94301e-07
2.16235e-09
3.36394e-07
-1.94382e-08
3.45992e-07
1.596e-08
3.16673e-07
8.07805e-08
1.83691e-07
1.18567e-07
-8.60857e-08
1.26826e-07
-2.17407e-07
1.24752e-07
-2.47388e-07
1.11609e-07
-2.13964e-07
9.50013e-08
-1.59855e-07
7.88982e-08
-1.02461e-07
5.5834e-08
-5.27926e-08
2.59823e-08
-3.05126e-08
-3.07599e-08
-2.34981e-10
2.72829e-08
-2.70823e-07
7.62662e-08
-4.16e-07
1.20006e-07
-3.52085e-07
1.40139e-07
-1.49251e-07
1.44124e-07
-1.6873e-08
1.29473e-07
1.32505e-07
1.14038e-07
1.57139e-07
1.00798e-07
1.24411e-07
7.81899e-08
2.01375e-07
7.97153e-08
2.06617e-08
6.80672e-08
1.05936e-07
6.79152e-08
4.86154e-08
1.99316e-08
-6.95837e-09
2.17557e-08
1.26073e-07
5.35732e-08
-6.58265e-08
5.53186e-08
4.67993e-08
5.99381e-08
2.89682e-07
5.19445e-08
3.44388e-07
6.64026e-08
3.31534e-07
1.05824e-07
2.77253e-07
1.6417e-07
1.25361e-07
1.84208e-07
-1.06224e-07
1.69356e-07
-2.02569e-07
1.45623e-07
-2.23724e-07
1.2144e-07
-1.89884e-07
9.59413e-08
-1.34357e-07
7.44402e-08
-8.09601e-08
5.124e-08
-2.95921e-08
2.72819e-08
-6.55545e-09
-9.24469e-09
5.76404e-09
2.69099e-08
-2.97733e-07
7.63763e-08
-4.65467e-07
1.20897e-07
-3.96606e-07
1.41572e-07
-1.69926e-07
1.45436e-07
-2.07365e-08
1.29839e-07
1.48101e-07
1.14719e-07
1.72259e-07
1.00288e-07
1.38842e-07
7.93468e-08
2.22316e-07
7.69548e-08
2.30538e-08
7.75944e-08
1.05296e-07
7.70528e-08
4.9157e-08
2.48919e-08
4.52026e-08
1.722e-08
1.33745e-07
3.09533e-08
-7.95597e-08
5.2089e-08
2.56636e-08
7.44572e-08
2.67314e-07
8.22441e-08
3.36601e-07
1.3376e-07
2.80018e-07
1.83943e-07
2.2707e-07
2.20098e-07
8.89992e-08
2.04298e-07
-9.0579e-08
1.71527e-07
-1.69915e-07
1.38807e-07
-1.91e-07
1.11413e-07
-1.6249e-07
8.45514e-08
-1.07496e-07
5.95473e-08
-5.59592e-08
3.8591e-08
-8.63572e-09
2.03077e-08
1.17274e-08
6.1507e-09
4.90954e-09
2.64723e-08
-3.24205e-07
7.64788e-08
-5.15473e-07
1.21875e-07
-4.42002e-07
1.43189e-07
-1.91241e-07
1.46899e-07
-2.44465e-08
1.30256e-07
1.64744e-07
1.15417e-07
1.87099e-07
9.99986e-08
1.54261e-07
7.93169e-08
2.42998e-07
7.25459e-08
2.98248e-08
8.41209e-08
9.37214e-08
7.87852e-08
5.44927e-08
3.49636e-08
8.90241e-08
3.07466e-08
1.37962e-07
3.70914e-08
-8.59044e-08
6.13707e-08
1.38433e-09
8.76535e-08
2.41031e-07
9.74824e-08
3.26773e-07
1.4397e-07
2.3353e-07
1.92504e-07
1.78536e-07
2.05446e-07
7.59852e-08
1.71492e-07
-5.66331e-08
1.55481e-07
-1.53904e-07
1.33991e-07
-1.6951e-07
1.09046e-07
-1.37546e-07
7.99176e-08
-7.83695e-08
4.94013e-08
-2.54455e-08
2.81781e-08
1.25887e-08
1.56861e-08
2.42185e-08
1.42615e-08
7.57732e-09
2.59658e-08
-3.50171e-07
7.65693e-08
-5.66077e-07
1.22926e-07
-4.88359e-07
1.45e-07
-2.13314e-07
1.48519e-07
-2.79664e-08
1.30709e-07
1.82555e-07
1.16205e-07
2.01603e-07
1.00029e-07
1.70437e-07
7.78635e-08
2.65163e-07
6.98729e-08
3.78155e-08
8.76232e-08
7.59711e-08
7.21946e-08
6.99213e-08
4.37093e-08
1.17509e-07
4.99773e-08
1.31694e-07
5.88649e-08
-9.4792e-08
7.09307e-08
-1.06814e-08
8.72896e-08
2.24672e-07
1.07573e-07
3.06489e-07
1.31741e-07
2.09361e-07
1.65145e-07
1.45129e-07
1.75274e-07
6.58679e-08
1.65121e-07
-4.64797e-08
1.62887e-07
-1.5167e-07
1.43261e-07
-1.49884e-07
1.1432e-07
-1.08604e-07
7.58085e-08
-3.98617e-08
3.8985e-08
1.1377e-08
2.32355e-08
2.83395e-08
1.49647e-08
3.24882e-08
1.88936e-08
1.03344e-08
2.53853e-08
-3.75556e-07
7.66413e-08
-6.17333e-07
1.24058e-07
-5.35775e-07
1.47011e-07
-2.36267e-07
1.50295e-07
-3.12512e-08
1.31186e-07
2.01664e-07
1.17194e-07
2.15594e-07
1.00136e-07
1.87495e-07
7.58928e-08
2.89406e-07
6.86664e-08
4.50419e-08
9.02872e-08
5.43503e-08
6.62842e-08
9.39244e-08
5.23899e-08
1.31404e-07
6.77861e-08
1.16297e-07
7.53406e-08
-1.02346e-07
7.57947e-08
-1.11354e-08
7.01242e-08
2.30342e-07
1.00718e-07
2.75896e-07
1.27484e-07
1.82595e-07
1.47585e-07
1.25029e-07
1.64012e-07
4.94414e-08
1.67185e-07
-4.96526e-08
1.47265e-07
-1.3175e-07
1.20921e-07
-1.23541e-07
9.42136e-08
-8.18966e-08
6.96934e-08
-1.53415e-08
4.79644e-08
3.31062e-08
3.03954e-08
4.59085e-08
1.67329e-08
4.61496e-08
1.85232e-08
1.71036e-08
2.47249e-08
-4.00281e-07
7.66879e-08
-6.69296e-07
1.25291e-07
-5.84379e-07
1.49232e-07
-2.60208e-07
1.52228e-07
-3.4247e-08
1.31695e-07
2.22197e-07
1.18391e-07
2.28898e-07
1.00336e-07
2.05551e-07
7.35409e-08
3.16201e-07
6.74205e-08
5.11623e-08
9.24354e-08
2.93354e-08
6.40926e-08
1.22267e-07
5.20109e-08
1.43485e-07
7.50939e-08
9.32145e-08
7.24566e-08
-9.97091e-08
7.86004e-08
-1.72792e-08
7.42769e-08
2.34666e-07
9.61316e-08
2.54041e-07
1.21065e-07
1.57662e-07
1.3804e-07
1.08054e-07
1.54924e-07
3.25569e-08
1.48812e-07
-4.354e-08
1.20703e-07
-1.03642e-07
9.7665e-08
-1.00503e-07
8.10455e-08
-6.52762e-08
6.78223e-08
-2.11684e-09
4.64054e-08
5.45232e-08
1.43789e-08
7.79351e-08
1.13512e-08
4.91761e-08
4.95598e-09
2.49195e-08
2.3978e-08
-4.24259e-07
7.67014e-08
-7.22019e-07
1.26641e-07
-6.34318e-07
1.51675e-07
-2.85242e-07
1.54322e-07
-3.68946e-08
1.32224e-07
2.44296e-07
1.19816e-07
2.41306e-07
1.0084e-07
2.24527e-07
7.08615e-08
3.46179e-07
6.41765e-08
5.78473e-08
9.4457e-08
-9.45136e-10
7.0881e-08
1.45843e-07
6.34914e-08
1.50875e-07
8.32421e-08
7.34639e-08
7.30242e-08
-8.94913e-08
9.22827e-08
-3.65376e-08
8.41499e-08
2.42799e-07
8.5015e-08
2.53176e-07
1.10443e-07
1.32233e-07
1.26609e-07
9.18881e-08
1.29404e-07
2.9762e-08
1.21891e-07
-3.60272e-08
9.6242e-08
-7.79925e-08
5.15855e-08
-5.5846e-08
9.40829e-09
-2.31024e-08
-8.26315e-09
1.55534e-08
-2.29652e-08
6.92253e-08
-2.40542e-08
7.90245e-08
-3.46747e-10
2.54707e-08
-8.63794e-09
1.32475e-08
2.31368e-08
-4.47396e-07
7.66733e-08
-7.75556e-07
1.2811e-07
-6.85755e-07
1.54355e-07
-3.11487e-07
1.56579e-07
-3.91184e-08
1.32752e-07
2.68123e-07
1.21457e-07
2.526e-07
1.0184e-07
2.44144e-07
6.73921e-08
3.80627e-07
6.05573e-08
6.4682e-08
9.87464e-08
-3.91342e-08
7.40787e-08
1.70511e-07
2.67139e-08
1.9824e-07
4.84263e-08
5.17515e-08
7.56892e-08
-1.16754e-07
1.13178e-07
-7.40261e-08
1.07208e-07
2.48769e-07
1.01076e-07
2.59308e-07
1.2157e-07
1.1174e-07
1.09987e-07
1.03471e-07
1.18408e-07
2.13406e-08
1.31739e-07
-4.93583e-08
1.09761e-07
-5.60141e-08
6.89471e-08
-1.50321e-08
1.69942e-08
2.88505e-08
-1.98332e-08
5.23771e-08
-3.27697e-08
8.21536e-08
-2.94731e-08
7.57222e-08
-2.34975e-08
1.94942e-08
-6.57249e-09
-2.55614e-08
2.21929e-08
-4.69589e-07
7.65923e-08
-8.29955e-07
1.29696e-07
-7.38859e-07
1.57295e-07
-3.39086e-07
1.58984e-07
-4.08069e-08
1.3321e-07
2.93896e-07
1.23517e-07
2.62294e-07
1.02612e-07
2.65049e-07
6.26034e-08
4.20636e-07
5.98102e-08
6.74753e-08
1.0591e-07
-8.52342e-08
8.42071e-08
1.92214e-07
5.39811e-08
2.28466e-07
6.83742e-08
3.73585e-08
8.90098e-08
-1.3739e-07
1.32509e-07
-1.17525e-07
1.51375e-07
2.29903e-07
1.42237e-07
2.68447e-07
1.06114e-07
1.47862e-07
8.5285e-08
1.243e-07
1.11787e-07
-5.16132e-09
1.05295e-07
-4.28662e-08
6.76376e-08
-1.83567e-08
5.37406e-08
-1.13513e-09
4.07096e-08
4.18816e-08
1.07021e-08
8.23893e-08
-2.75766e-09
9.56088e-08
-2.83346e-09
7.57927e-08
-1.66854e-08
3.33432e-08
1.33059e-08
-3.65597e-08
2.11387e-08
-4.90728e-07
7.64356e-08
-8.85252e-07
1.31384e-07
-7.93807e-07
1.60515e-07
-3.68217e-07
1.61446e-07
-4.17377e-08
1.3366e-07
3.21682e-07
1.25894e-07
2.7006e-07
1.05591e-07
2.85353e-07
5.65799e-08
4.69647e-07
5.51718e-08
6.88834e-08
1.13388e-07
-1.43451e-07
7.77969e-08
2.27806e-07
2.05894e-08
2.85673e-07
3.78492e-08
2.00986e-08
7.58554e-08
-1.75396e-07
1.25123e-07
-1.66793e-07
1.29801e-07
2.25225e-07
1.18039e-07
2.80209e-07
9.02874e-08
1.75613e-07
7.86783e-08
1.35909e-07
7.55785e-08
-2.06151e-09
1.82237e-08
1.44879e-08
-1.85416e-08
1.8409e-08
-1.47348e-09
-1.82027e-08
2.84713e-08
1.19361e-08
3.59393e-08
7.49213e-08
4.1956e-08
8.95969e-08
4.62095e-08
7.15383e-08
3.10497e-08
4.85022e-08
4.12893e-08
3.07038e-09
1.9974e-08
-5.10702e-07
7.61354e-08
-9.41413e-07
1.33114e-07
-8.50786e-07
1.6396e-07
-3.99063e-07
1.63778e-07
-4.15554e-08
1.33865e-07
3.51595e-07
1.29996e-07
2.73929e-07
1.00303e-07
3.15046e-07
5.83347e-08
5.11615e-07
5.78121e-08
6.9406e-08
1.13146e-07
-1.98785e-07
7.23037e-08
2.68648e-07
-7.50954e-09
3.65486e-07
2.86221e-08
-1.6033e-08
7.97429e-08
-2.26517e-07
1.19916e-07
-2.06489e-07
1.05143e-07
2.40107e-07
8.95572e-08
2.95796e-07
9.89162e-08
1.66255e-07
6.93741e-08
1.65451e-07
-1.06868e-09
6.83813e-08
-6.45342e-08
7.7954e-08
-7.71133e-08
3.09873e-08
-5.6736e-08
-3.85807e-08
-2.17763e-08
-2.30249e-08
1.0866e-08
4.22775e-08
3.37853e-08
6.66808e-08
5.022e-08
5.51129e-08
4.46127e-08
5.41169e-08
6.06949e-08
2.52073e-08
1.87361e-08
-5.29438e-07
7.54731e-08
-9.9815e-07
1.34645e-07
-9.09958e-07
1.67289e-07
-4.31707e-07
1.65352e-07
-3.96188e-08
1.34574e-07
3.82373e-07
1.31942e-07
2.7656e-07
1.13766e-07
3.33222e-07
3.99601e-08
5.85421e-07
2.04336e-08
8.89324e-08
1.12021e-07
-2.90372e-07
5.87736e-08
3.21896e-07
-1.81261e-09
4.26073e-07
5.58302e-08
-7.36758e-08
6.94107e-08
-2.40097e-07
1.00086e-07
-2.37301e-07
6.81477e-08
2.72237e-07
5.48405e-08
3.09103e-07
6.13596e-08
1.59735e-07
5.57577e-08
1.71053e-07
5.92028e-09
1.18219e-07
-8.61984e-08
1.70075e-07
-1.08723e-07
5.35163e-08
-1.03406e-07
-4.38991e-08
-7.62389e-08
-5.01941e-08
-4.12711e-08
7.30817e-09
-1.32322e-08
3.86376e-08
1.19558e-08
2.9924e-08
2.11385e-08
4.49315e-08
6.60814e-08
1.57496e-08
1.75821e-08
-5.4702e-07
7.37851e-08
-1.05435e-06
1.35085e-07
-9.71257e-07
1.69256e-07
-4.65879e-07
1.64805e-07
-3.51669e-08
1.32493e-07
4.14684e-07
1.38106e-07
2.70947e-07
8.52005e-08
3.86128e-07
4.67745e-08
6.23847e-07
4.19298e-08
9.37772e-08
1.13346e-07
-3.60919e-07
5.6152e-08
3.79096e-07
-1.41042e-08
4.96329e-07
9.74304e-08
-1.8521e-07
1.11957e-07
-2.54592e-07
9.14689e-08
-2.1695e-07
8.29669e-08
2.80315e-07
6.85813e-08
3.23489e-07
1.35118e-08
2.1479e-07
4.49181e-09
1.80073e-07
3.43207e-08
8.72784e-08
-1.84403e-08
2.22875e-07
-4.82964e-08
8.33724e-08
-6.40201e-08
-2.81755e-08
-7.30807e-08
-4.11334e-08
-5.92833e-08
-6.48912e-09
-3.86625e-08
1.80172e-08
-2.34898e-08
1.47528e-08
-1.01948e-08
3.16358e-08
5.39478e-08
1.93814e-09
1.69408e-08
-5.63961e-07
6.93822e-08
-1.10679e-06
1.31776e-07
-1.03365e-06
1.66556e-07
-5.00659e-07
1.56949e-07
-2.55598e-08
1.24605e-07
4.47028e-07
1.21622e-07
2.73929e-07
1.18844e-07
3.88906e-07
7.82015e-08
6.6449e-07
5.07017e-08
1.21277e-07
1.72816e-07
-4.72996e-07
1.40777e-07
4.11141e-07
-8.51196e-09
6.45473e-07
1.06674e-07
-3.00396e-07
1.80686e-07
-3.28295e-07
1.06165e-07
-1.42571e-07
9.34932e-08
2.92863e-07
9.01286e-08
3.2708e-07
4.47055e-08
2.60219e-07
-4.98784e-09
2.29207e-07
4.55325e-08
3.67432e-08
6.33499e-08
2.05058e-07
2.34771e-08
1.23245e-07
2.44953e-09
-7.14792e-09
-1.81257e-08
-2.05582e-08
-2.37792e-08
-8.35604e-10
-2.07761e-08
1.50134e-08
-2.22997e-08
1.62765e-08
-1.77062e-08
2.70461e-08
3.98826e-08
-3.63889e-09
1.70817e-08
-5.81042e-07
5.88914e-08
-1.1486e-06
1.18729e-07
-1.09349e-06
1.52351e-07
-5.34281e-07
1.31275e-07
-4.48409e-09
8.59672e-08
4.92337e-07
6.83549e-08
2.91542e-07
4.0249e-08
4.17012e-07
-1.23401e-08
7.17079e-07
-4.68048e-08
1.56572e-07
-3.36777e-08
-4.86535e-07
-2.91109e-08
3.9738e-07
-1.16649e-07
7.31762e-07
2.63902e-08
-4.43435e-07
1.94439e-07
-4.97559e-07
1.19836e-07
-6.81083e-08
9.40437e-08
3.20197e-07
8.65924e-08
3.35047e-07
8.18798e-08
2.64934e-07
3.38441e-08
2.74592e-07
3.51248e-08
3.54503e-08
8.06542e-08
1.57976e-07
5.99133e-08
1.44021e-07
3.06523e-08
2.2113e-08
9.48222e-09
6.11795e-10
8.04906e-09
5.96562e-10
7.20264e-09
1.58588e-08
-2.27431e-10
2.37039e-08
-8.36015e-09
3.51786e-08
4.11958e-08
-9.67274e-09
2.11205e-08
-6.02163e-07
3.78618e-08
-1.16535e-06
8.73872e-08
-1.14301e-06
1.204e-07
-5.67293e-07
7.92416e-08
3.66768e-08
3.91871e-08
5.32391e-07
4.93719e-08
2.81357e-07
7.51697e-09
4.58052e-07
-1.70732e-08
7.40447e-07
-9.55266e-08
2.3698e-07
-1.3277e-07
-4.4977e-07
-1.09819e-07
3.73992e-07
-2.0878e-07
8.29433e-07
-9.88154e-08
-5.53399e-07
8.99104e-08
-6.87486e-07
3.57381e-08
-1.42983e-08
-2.31967e-08
3.80072e-07
-2.91742e-08
3.41169e-07
4.88029e-08
1.86959e-07
6.83504e-08
2.55027e-07
3.64491e-08
6.73394e-08
7.65541e-08
1.19528e-07
7.44278e-08
1.46555e-07
3.21661e-08
6.43736e-08
9.17893e-09
2.35899e-08
1.1115e-08
-1.34162e-09
8.19088e-09
1.8781e-08
2.30388e-09
2.9591e-08
-9.14718e-09
4.66295e-08
5.21174e-08
-2.00687e-08
1.23761e-08
-6.14539e-07
5.46503e-09
-1.15843e-06
3.682e-08
-1.17437e-06
8.24116e-08
-6.12883e-07
4.193e-08
5.96752e-08
-5.11562e-08
6.25477e-07
-1.59785e-07
3.90605e-07
-8.76414e-08
3.66387e-07
-6.53501e-09
6.57986e-07
-1.3013e-07
3.5825e-07
-1.43512e-07
-4.43944e-07
-1.25353e-07
3.6174e-07
-1.90054e-07
8.94757e-07
-1.62798e-07
-5.80922e-07
-7.0174e-08
-7.79282e-07
-9.02698e-08
5.43904e-09
-1.79817e-07
4.69642e-07
-9.9872e-08
2.61242e-07
6.78672e-08
1.86906e-08
1.15651e-07
2.08866e-07
7.00766e-08
1.12901e-07
5.03797e-08
1.40514e-07
4.04996e-08
1.56616e-07
1.53536e-09
1.03339e-07
-9.7891e-09
3.49148e-08
-1.24812e-08
1.3522e-09
-1.2864e-08
1.91667e-08
-8.59013e-09
2.53213e-08
-1.02081e-08
4.82472e-08
5.71356e-08
-1.52268e-08
2.81888e-08
-6.42728e-07
-2.85669e-08
-1.10168e-06
-8.25453e-09
-1.19466e-06
3.3868e-08
-2.30523e-07
-1.25361e-08
7.86686e-09
-2.5057e-07
4.77956e-07
-4.26441e-07
5.59955e-07
-1.66818e-07
9.94126e-08
-3.10229e-08
5.23126e-07
-1.80758e-07
5.10058e-07
-2.53889e-07
-3.70589e-07
-2.47033e-07
3.55278e-07
-1.46501e-07
7.9433e-07
-1.5691e-07
-5.70552e-07
-1.76637e-07
-7.58248e-07
-1.42592e-07
-2.9298e-08
-1.48527e-07
4.75601e-07
-6.5574e-08
1.78426e-07
2.79713e-08
-7.48864e-08
1.52155e-08
2.21745e-07
-4.27859e-08
1.7205e-07
3.46275e-09
9.42647e-08
2.27596e-08
1.37319e-07
-1.84857e-08
1.44579e-07
-2.97613e-08
4.61931e-08
-2.64135e-08
-1.99576e-09
-1.81484e-08
1.09017e-08
-1.16995e-08
1.88722e-08
-5.07377e-09
4.16219e-08
5.10842e-08
9.7732e-10
-4.46652e-08
-5.98063e-07
-4.77275e-08
-1.09861e-06
-6.16445e-09
-4.23806e-07
-3.23207e-08
-1.09272e-08
-2.25027e-07
4.94203e-09
-4.16566e-07
1.88584e-07
-3.93873e-07
4.88651e-07
-2.96445e-07
-2.0717e-09
-1.30336e-07
3.57208e-07
-1.67401e-07
5.48062e-07
-3.54297e-07
-1.83736e-07
-2.98871e-07
2.98092e-07
-1.12157e-07
6.07648e-07
-1.77216e-07
-5.0555e-07
-3.0162e-07
-6.33894e-07
-2.48535e-07
-8.29299e-08
-1.21712e-07
3.47002e-07
-1.02662e-07
1.59086e-07
-1.10167e-07
-6.75379e-08
-8.56775e-08
1.97238e-07
-6.65867e-08
1.52958e-07
3.95546e-09
2.37222e-08
4.41737e-08
9.71011e-08
1.28199e-08
1.75928e-07
-5.80362e-09
6.48144e-08
-1.66793e-08
8.87977e-09
-1.6147e-08
1.03692e-08
-1.3263e-08
1.5988e-08
-3.3057e-09
3.16644e-08
4.01254e-08
7.65312e-09
-3.4233e-08
-5.63826e-07
1.35503e-07
-1.05254e-06
-7.3573e-09
-2.33798e-08
-3.57835e-08
-1.22767e-09
-3.09102e-07
-3.84857e-08
-4.85024e-07
2.34188e-08
-5.26938e-07
4.07957e-07
-5.49794e-07
-6.06386e-09
-2.57906e-07
6.02065e-08
-1.75433e-07
4.65625e-07
-4.10868e-07
5.18132e-08
-2.03913e-07
8.97944e-08
1.89367e-08
3.82146e-07
-1.80109e-07
-3.06639e-07
-3.66114e-07
-4.47975e-07
-3.10745e-07
-1.38407e-07
-1.1692e-07
1.51958e-07
-1.06627e-07
1.48671e-07
-1.31086e-07
-4.30786e-08
-7.76515e-08
1.43804e-07
-3.77789e-08
1.13085e-07
-4.77649e-08
3.3708e-08
-7.99574e-09
5.73318e-08
4.79959e-08
1.19936e-07
5.7576e-08
5.52342e-08
3.07075e-08
3.57482e-08
4.17159e-09
3.69051e-08
-6.65425e-09
2.68138e-08
-2.38269e-09
2.73928e-08
3.07557e-08
6.98696e-09
-9.34904e-08
-4.25963e-07
2.88106e-08
-3.36632e-07
-1.47227e-09
-5.34258e-09
1.48652e-11
-4.15047e-10
-6.53713e-08
-1.82929e-09
-5.10682e-07
2.16464e-09
-6.35135e-07
2.52214e-07
-6.65148e-07
-6.12987e-08
-4.22788e-07
-1.94273e-07
-2.40977e-07
2.8385e-07
-3.63233e-07
1.74102e-07
-1.93058e-07
-8.03545e-08
1.70698e-08
1.72077e-07
-1.44843e-07
-1.44822e-07
-3.37342e-07
-2.53745e-07
-3.63639e-07
-1.02045e-07
-1.4109e-07
-6.3804e-08
-5.42445e-08
6.16955e-08
-9.11344e-08
-4.66726e-09
-2.11599e-08
7.38293e-08
4.20312e-08
3.49141e-08
2.11636e-09
4.81852e-08
-8.80057e-09
4.57712e-08
5.30761e-08
4.13887e-08
6.55083e-08
2.53609e-08
5.02377e-08
3.16082e-08
4.03729e-08
2.78257e-08
2.49837e-08
2.41955e-08
1.49629e-08
2.04997e-08
1.89103e-08
9.43197e-09
3.20716e-07
-3.17071e-07
5.198e-09
-1.91309e-09
6.15814e-11
-1.13945e-11
5.7361e-10
1.40903e-11
-5.86111e-09
6.39661e-11
-1.96754e-07
-1.4349e-09
-3.43451e-07
1.68505e-08
-5.49909e-07
-3.59927e-08
-5.52939e-07
-2.7281e-07
-3.42939e-07
6.48998e-08
-3.16803e-07
1.51061e-07
-3.45577e-07
-5.72128e-08
-1.46703e-07
-1.76135e-08
-1.14222e-07
-4.65178e-08
-1.63066e-07
-2.14858e-08
-1.45797e-07
-1.05681e-08
-1.2757e-07
-1.28943e-10
-9.03722e-09
-8.59905e-11
5.13158e-09
-2.51499e-11
3.13302e-08
1.14706e-10
2.23292e-08
3.2985e-11
2.53158e-08
1.54201e-10
3.33438e-08
-2.08892e-10
3.36079e-08
2.16719e-10
2.41888e-08
1.79626e-13
2.43811e-08
-1.24848e-10
2.29522e-08
-2.34221e-11
1.85888e-08
3.92821e-11
1.2197e-08
-4.75931e-11
6.97119e-09
-8.36788e-11
2.34779e-08
-2.81047e-08
4.89995e-08
-2.57837e-08
8.67018e-08
-3.80116e-08
1.25067e-07
-3.9189e-08
1.59887e-07
-3.49108e-08
1.74543e-07
-1.47527e-08
1.84606e-07
-1.01708e-08
2.21546e-07
-3.70583e-08
1.76972e-07
4.6093e-08
6.12563e-08
1.16369e-07
-3.89757e-09
6.50876e-08
-1.9426e-08
1.55284e-08
-1.02409e-08
-9.1852e-09
2.50735e-08
-3.51787e-08
4.65561e-08
-2.14717e-08
4.34928e-08
3.06332e-09
3.44027e-08
9.09004e-09
2.7603e-08
6.79966e-09
1.32371e-08
1.4366e-08
4.78152e-09
8.45554e-09
-1.16157e-08
1.63972e-08
-2.66385e-08
1.50228e-08
-4.11123e-08
1.44739e-08
-5.5903e-08
1.47906e-08
-7.6435e-08
2.05321e-08
-8.66998e-08
1.02648e-08
-8.75401e-08
8.40229e-10
-6.89398e-08
-1.86003e-08
-3.59499e-08
-3.299e-08
-3.59498e-08
2.51175e-08
-5.60177e-08
5.49879e-08
-5.56539e-08
8.99864e-08
-7.30098e-08
1.36753e-07
-8.59553e-08
1.89013e-07
-8.73712e-08
2.37345e-07
-6.32667e-08
2.72896e-07
-4.5731e-08
3.16311e-07
-8.03998e-08
3.14723e-07
4.80147e-08
2.06849e-07
2.24566e-07
8.23928e-08
1.89579e-07
2.26081e-08
7.53464e-08
3.05287e-08
-1.71425e-08
4.28865e-08
-4.74545e-08
4.66914e-08
-2.52458e-08
3.37643e-08
1.59905e-08
9.13338e-10
4.1941e-08
-1.11469e-08
1.88599e-08
-3.81859e-08
4.14051e-08
-5.20442e-08
2.23137e-08
-7.47359e-08
3.90889e-08
-9.3893e-08
3.41799e-08
-1.06517e-07
2.70976e-08
-1.18254e-07
2.65281e-08
-1.31465e-07
3.37427e-08
-1.30624e-07
9.4239e-09
-1.18114e-07
-1.16701e-08
-8.18655e-08
-5.48484e-08
-3.55329e-08
-7.93225e-08
-7.14827e-08
1.39255e-08
-7.63144e-08
3.52125e-08
-7.6939e-08
6.05507e-08
-9.83109e-08
1.00866e-07
-1.26194e-07
1.51163e-07
-1.37619e-07
2.06489e-07
-1.18627e-07
2.47359e-07
-8.6643e-08
2.84011e-07
-1.17437e-07
3.05896e-07
2.6084e-08
2.57345e-07
2.73275e-07
1.57728e-07
2.89209e-07
7.97652e-08
1.53323e-07
5.27774e-08
9.70844e-09
2.21444e-08
-1.69011e-08
1.13207e-08
-1.44078e-08
-3.60773e-09
3.09189e-08
-4.00541e-08
7.83874e-08
-4.31621e-08
2.19679e-08
-6.96787e-08
6.79217e-08
-7.99238e-08
3.25587e-08
-9.7361e-08
5.65262e-08
-1.14814e-07
5.16331e-08
-1.2124e-07
3.35232e-08
-1.292e-07
3.44883e-08
-1.37578e-07
4.21206e-08
-1.32843e-07
4.68949e-09
-1.16988e-07
-2.75256e-08
-7.74517e-08
-9.43845e-08
-3.04503e-08
-1.26324e-07
-1.01933e-07
1.08717e-09
-8.92793e-08
2.33061e-08
-9.9104e-08
5.60744e-08
-1.31169e-07
8.25441e-08
-1.53093e-07
1.09083e-07
-1.64183e-07
1.47094e-07
-1.56666e-07
2.03107e-07
-1.42684e-07
2.29869e-07
-1.44226e-07
2.47921e-07
8.00353e-09
2.47453e-07
2.73798e-07
1.92394e-07
3.44282e-07
1.21316e-07
2.24416e-07
6.5224e-08
6.57893e-08
2.64045e-09
4.57e-08
-1.83671e-08
6.60027e-09
-3.60103e-08
4.8562e-08
-6.95779e-08
1.11955e-07
-5.80673e-08
1.04573e-08
-7.76101e-08
8.74645e-08
-8.85666e-08
4.35153e-08
-1.01208e-07
6.91679e-08
-1.18882e-07
6.93066e-08
-1.22513e-07
3.71548e-08
-1.29491e-07
4.14659e-08
-1.36996e-07
4.96254e-08
-1.31792e-07
-5.14397e-10
-1.15516e-07
-4.38017e-08
-7.55339e-08
-1.34366e-07
-2.85425e-08
-1.73315e-07
-1.30475e-07
-1.78088e-08
-8.98696e-08
-1.15106e-08
-1.05397e-07
-1.54069e-08
-1.2737e-07
-2.15407e-08
-1.46953e-07
-1.19335e-08
-1.74012e-07
2.2383e-08
-1.91141e-07
7.68089e-08
-1.97273e-07
1.18009e-07
-1.8576e-07
1.51788e-07
-2.60261e-08
1.78163e-07
2.47339e-07
1.73814e-07
3.48439e-07
1.30554e-07
2.67415e-07
6.19915e-08
1.34339e-07
-1.85297e-08
1.26221e-07
-4.39912e-08
3.20618e-08
-5.8092e-08
6.26628e-08
-8.9992e-08
1.43855e-07
-6.42219e-08
-1.53128e-08
-7.27573e-08
9.59999e-08
-9.1178e-08
6.19359e-08
-1.0081e-07
7.88003e-08
-1.19845e-07
8.83409e-08
-1.2244e-07
3.97499e-08
-1.2923e-07
4.8256e-08
-1.36941e-07
5.73361e-08
-1.31917e-07
-5.53815e-09
-1.15507e-07
-6.0212e-08
-7.52455e-08
-1.74627e-07
-2.80057e-08
-2.20555e-07
-1.58481e-07
-2.90073e-08
-7.93744e-08
-4.84136e-08
-8.60669e-08
-8.0123e-08
-9.57964e-08
-9.83741e-08
-1.28695e-07
-9.25282e-08
-1.7976e-07
-5.99583e-08
-2.23659e-07
-7.80516e-09
-2.49367e-07
3.4474e-08
-2.27973e-07
7.29829e-08
-6.4615e-08
1.04124e-07
2.16115e-07
1.15014e-07
3.37453e-07
9.74963e-08
2.85685e-07
2.97468e-08
2.02106e-07
-4.87791e-08
2.04747e-07
-6.91349e-08
5.24176e-08
-7.09906e-08
6.45184e-08
-9.68959e-08
1.6976e-07
-6.58559e-08
-4.63528e-08
-6.41246e-08
9.42685e-08
-9.20446e-08
8.98559e-08
-1.00501e-07
8.72569e-08
-1.20508e-07
1.08348e-07
-1.22637e-07
4.18791e-08
-1.29193e-07
5.4812e-08
-1.37308e-07
6.54504e-08
-1.32552e-07
-1.02938e-08
-1.15954e-07
-7.68096e-08
-7.53336e-08
-2.15248e-07
-2.77763e-08
-2.68113e-07
-1.86257e-07
-3.91507e-08
-5.36081e-08
-6.98762e-08
-5.53415e-08
-9.14829e-08
-7.41897e-08
-1.01841e-07
-1.18301e-07
-1.07455e-07
-1.74075e-07
-1.01552e-07
-2.29588e-07
-8.01415e-08
-2.70806e-07
-6.18659e-08
-2.46222e-07
-1.81266e-08
-1.08266e-07
3.84698e-08
1.59684e-07
7.31758e-08
3.03572e-07
5.37792e-08
3.05657e-07
-1.41277e-08
2.70012e-07
-7.42519e-08
2.64871e-07
-8.91311e-08
6.72968e-08
-6.78782e-08
4.32655e-08
-7.86689e-08
1.80551e-07
-6.48431e-08
-6.01786e-08
-5.89553e-08
8.83808e-08
-9.26251e-08
1.23526e-07
-1.01153e-07
9.57845e-08
-1.21132e-07
1.28327e-07
-1.2308e-07
4.38269e-08
-1.29209e-07
6.09411e-08
-1.37827e-07
7.40682e-08
-1.3339e-07
-1.47307e-08
-1.1655e-07
-9.36494e-08
-7.54858e-08
-2.56312e-07
-2.75667e-08
-3.16032e-07
-2.13824e-07
-2.63331e-08
-2.75107e-08
-5.44487e-08
-2.72259e-08
-7.74023e-08
-5.1236e-08
-9.56886e-08
-1.00015e-07
-1.15379e-07
-1.54495e-07
-1.32763e-07
-2.1235e-07
-1.39421e-07
-2.64198e-07
-1.39895e-07
-2.45795e-07
-1.01883e-07
-1.463e-07
-2.64299e-08
8.45573e-08
1.37788e-08
2.63756e-07
3.27848e-09
3.16176e-07
-4.05154e-08
3.13808e-07
-7.15303e-08
2.95886e-07
-8.77489e-08
8.35154e-08
-4.50412e-08
5.57799e-10
-4.2058e-08
1.77568e-07
-6.26657e-08
-3.95709e-08
-6.01223e-08
8.58374e-08
-9.37138e-08
1.57117e-07
-1.02884e-07
1.04955e-07
-1.21652e-07
1.47095e-07
-1.23695e-07
4.58704e-08
-1.29214e-07
6.64599e-08
-1.38438e-07
8.32919e-08
-1.34383e-07
-1.87858e-08
-1.17249e-07
-1.10784e-07
-7.56541e-08
-2.97906e-07
-2.73165e-08
-3.6437e-07
-2.41141e-07
-1.51452e-08
-6.60144e-09
-3.92546e-08
-3.11645e-09
-6.36499e-08
-2.68402e-08
-8.42171e-08
-7.94477e-08
-1.06882e-07
-1.31831e-07
-1.30546e-07
-1.88685e-07
-1.57591e-07
-2.37266e-07
-1.76462e-07
-2.2701e-07
-1.74825e-07
-1.48038e-07
-1.22233e-07
3.18565e-08
-7.76002e-08
2.19123e-07
-4.71365e-08
2.85712e-07
-4.70033e-08
3.13677e-07
-4.63006e-08
2.95183e-07
-5.15083e-08
8.87232e-08
-1.75028e-08
-3.34477e-08
-1.9212e-08
1.79277e-07
-6.57037e-08
6.92072e-09
-6.70766e-08
8.72104e-08
-9.44244e-08
1.84465e-07
-1.05818e-07
1.16348e-07
-1.22031e-07
1.63308e-07
-1.24397e-07
4.82367e-08
-1.29213e-07
7.12755e-08
-1.39129e-07
9.32077e-08
-1.35533e-07
-2.23815e-08
-1.18047e-07
-1.28269e-07
-7.58311e-08
-3.40122e-07
-2.70126e-08
-4.13188e-07
-2.68153e-07
-8.00388e-09
6.31256e-09
-2.40267e-08
1.29067e-08
-4.3082e-08
-7.78452e-09
-6.57532e-08
-5.67774e-08
-8.7957e-08
-1.09628e-07
-1.13163e-07
-1.63479e-07
-1.43394e-07
-2.07036e-07
-1.70295e-07
-2.00109e-07
-2.03753e-07
-1.14681e-07
-1.85559e-07
1.34435e-08
-1.33083e-07
1.66647e-07
-7.72108e-08
2.2984e-07
-6.17903e-08
2.98256e-07
-3.59397e-08
2.69333e-07
-1.97864e-08
7.25699e-08
-3.03569e-09
-5.01984e-08
-1.52647e-08
1.91506e-07
-7.25225e-08
6.41785e-08
-7.57279e-08
9.04158e-08
-9.27808e-08
2.01518e-07
-1.09248e-07
1.32816e-07
-1.22538e-07
1.76598e-07
-1.25059e-07
5.07574e-08
-1.2922e-07
7.54369e-08
-1.39893e-07
1.0388e-07
-1.36846e-07
-2.5428e-08
-1.18946e-07
-1.46169e-07
-7.60139e-08
-3.83054e-07
-2.66498e-08
-4.62552e-07
-2.94803e-07
4.82377e-10
1.34084e-08
-1.11417e-08
2.45311e-08
-3.37158e-08
1.47901e-08
-6.32156e-08
-2.72785e-08
-8.35486e-08
-8.92973e-08
-1.06738e-07
-1.40289e-07
-1.30376e-07
-1.83399e-07
-1.429e-07
-1.87585e-07
-1.65431e-07
-9.21404e-08
-1.68587e-07
1.65703e-08
-1.33564e-07
1.31592e-07
-8.8722e-08
1.84997e-07
-7.47993e-08
2.84334e-07
-3.79309e-08
2.32464e-07
-1.23051e-08
4.6944e-08
-8.2207e-09
-5.42827e-08
-2.00342e-08
2.0332e-07
-7.46927e-08
1.18837e-07
-8.18484e-08
9.75715e-08
-8.88248e-08
2.08494e-07
-1.12149e-07
1.5614e-07
-1.23497e-07
1.87946e-07
-1.25658e-07
5.29179e-08
-1.29227e-07
7.90065e-08
-1.4073e-07
1.15383e-07
-1.3833e-07
-2.78277e-08
-1.19946e-07
-1.64554e-07
-7.61996e-08
-4.26801e-07
-2.62241e-08
-5.12528e-07
-3.21027e-07
1.75228e-09
2.19907e-08
-1.38144e-08
4.00964e-08
-3.11959e-08
3.21719e-08
-5.45147e-08
-3.96007e-09
-7.95989e-08
-6.42143e-08
-1.04076e-07
-1.15812e-07
-1.28323e-07
-1.59152e-07
-1.4422e-07
-1.71687e-07
-1.4436e-07
-9.20004e-08
-1.3472e-07
6.93214e-09
-1.18015e-07
1.14892e-07
-9.593e-08
1.62912e-07
-7.20517e-08
2.60455e-07
-3.77526e-08
1.98165e-07
-2.58144e-08
3.50058e-08
-2.51125e-08
-5.49846e-08
-2.8988e-08
2.07195e-07
-7.02621e-08
1.60111e-07
-8.40509e-08
1.1136e-07
-8.5935e-08
2.10378e-07
-1.13924e-07
1.84129e-07
-1.24991e-07
1.99012e-07
-1.26265e-07
5.4192e-08
-1.29211e-07
8.1953e-08
-1.41639e-07
1.27811e-07
-1.39992e-07
-2.94748e-08
-1.21045e-07
-1.83501e-07
-7.63847e-08
-4.71461e-07
-2.57308e-08
-5.63182e-07
-3.46758e-07
1.24986e-08
2.65959e-08
-1.2672e-08
6.52652e-08
-3.78432e-08
5.73431e-08
-5.57743e-08
1.3971e-08
-7.02454e-08
-4.97431e-08
-8.34175e-08
-1.0264e-07
-1.00277e-07
-1.42292e-07
-1.32597e-07
-1.39368e-07
-1.39878e-07
-8.47189e-08
-1.22207e-07
-1.07394e-08
-1.14454e-07
1.07139e-07
-8.94004e-08
1.37859e-07
-5.29996e-08
2.24055e-07
-4.21603e-08
1.87326e-07
-4.24625e-08
3.53081e-08
-4.44223e-08
-5.30249e-08
-4.20891e-08
2.04862e-07
-6.64216e-08
1.84443e-07
-8.44043e-08
1.29343e-07
-8.49409e-08
2.10915e-07
-1.15403e-07
2.1459e-07
-1.26731e-07
2.1034e-07
-1.26967e-07
5.44278e-08
-1.29156e-07
8.41427e-08
-1.42615e-07
1.4127e-07
-1.4184e-07
-3.02492e-08
-1.22238e-07
-2.03103e-07
-7.65651e-08
-5.17134e-07
-2.51651e-08
-6.14582e-07
-3.71923e-07
3.47249e-08
1.67907e-08
2.9743e-08
7.02461e-08
3.38141e-09
8.37056e-08
-2.03697e-08
3.77185e-08
-4.7424e-08
-2.26878e-08
-6.26782e-08
-8.73856e-08
-7.73537e-08
-1.27616e-07
-1.08198e-07
-1.08524e-07
-1.28341e-07
-6.45765e-08
-1.23166e-07
-1.59139e-08
-1.12718e-07
9.66911e-08
-8.93127e-08
1.14453e-07
-5.61689e-08
1.90911e-07
-5.02615e-08
1.81419e-07
-4.9634e-08
3.46806e-08
-5.13078e-08
-5.13511e-08
-4.70923e-08
2.00647e-07
-6.64399e-08
2.03791e-07
-8.37871e-08
1.4669e-07
-8.52363e-08
2.12364e-07
-1.16974e-07
2.46328e-07
-1.28727e-07
2.22093e-07
-1.27716e-07
5.3417e-08
-1.2906e-07
8.54867e-08
-1.43649e-07
1.55859e-07
-1.43882e-07
-3.00166e-08
-1.23517e-07
-2.23467e-07
-7.67353e-08
-5.63916e-07
-2.45211e-08
-6.66796e-07
-3.96444e-07
2.17459e-08
8.29105e-09
3.00178e-08
6.19712e-08
2.65391e-08
8.71849e-08
8.54453e-09
5.571e-08
-2.26743e-08
8.53065e-09
-4.02346e-08
-6.98252e-08
-6.89354e-08
-9.89153e-08
-9.33144e-08
-8.41445e-08
-1.00862e-07
-5.70292e-08
-1.06983e-07
-9.79295e-09
-9.99599e-08
8.96684e-08
-7.81892e-08
9.26826e-08
-7.32141e-08
1.85936e-07
-6.02474e-08
1.68452e-07
-3.99331e-08
1.43663e-08
-7.39942e-08
-1.729e-08
-6.78323e-08
1.94485e-07
-6.89967e-08
2.04955e-07
-8.35356e-08
1.61229e-07
-8.39237e-08
2.12752e-07
-1.19473e-07
2.81878e-07
-1.31043e-07
2.33663e-07
-1.28504e-07
5.08779e-08
-1.28899e-07
8.58815e-08
-1.4474e-07
1.71699e-07
-1.46124e-07
-2.86317e-08
-1.24891e-07
-2.44701e-07
-7.68879e-08
-6.11919e-07
-2.37922e-08
-7.19892e-07
-4.20236e-07
-2.31676e-08
5.89747e-09
-1.56662e-08
5.44683e-08
-2.06856e-08
9.21914e-08
-4.21059e-08
7.71274e-08
-4.75215e-08
1.39465e-08
-4.7577e-08
-6.97669e-08
-7.91457e-08
-6.73458e-08
-1.0505e-07
-5.82401e-08
-1.03029e-07
-5.905e-08
-9.97553e-08
-1.30668e-08
-1.12017e-07
1.0193e-07
-9.87882e-08
7.94541e-08
-9.01929e-08
1.77341e-07
-7.80232e-08
1.56282e-07
-3.25361e-08
-3.11208e-08
-2.90241e-08
-2.08021e-08
-4.26928e-08
2.08154e-07
-8.19102e-08
2.44173e-07
-8.29453e-08
1.62264e-07
-8.1667e-08
2.11474e-07
-1.21881e-07
3.22093e-07
-1.341e-07
2.45882e-07
-1.29312e-07
4.60895e-08
-1.28635e-07
8.52049e-08
-1.45883e-07
1.88947e-07
-1.4858e-07
-2.59341e-08
-1.26378e-07
-2.66903e-07
-7.7015e-08
-6.61281e-07
-2.29712e-08
-7.73936e-07
-4.43207e-07
-4.72066e-08
1.65477e-08
-4.64944e-08
5.37559e-08
-4.47245e-08
9.04212e-08
-4.50073e-08
7.74145e-08
-2.30977e-08
-7.96294e-09
-1.14143e-08
-8.14505e-08
-3.65101e-08
-4.22493e-08
-7.29224e-08
-2.18278e-08
-7.24562e-08
-5.95161e-08
-6.12248e-08
-2.42982e-08
-9.08264e-08
1.31531e-07
-1.41892e-07
1.30519e-07
-1.32729e-07
1.68178e-07
-8.50556e-08
1.08609e-07
-6.54578e-08
-5.07185e-08
-5.9644e-08
-2.66159e-08
-2.47681e-08
1.73278e-07
-6.81713e-08
2.87576e-07
-8.76719e-08
1.81765e-07
-7.69199e-08
2.00722e-07
-1.2474e-07
3.69913e-07
-1.3795e-07
2.59091e-07
-1.30268e-07
3.84082e-08
-1.2821e-07
8.31463e-08
-1.47063e-07
2.078e-07
-1.51262e-07
-2.17353e-08
-1.27991e-07
-2.90174e-07
-7.71063e-08
-7.12167e-07
-2.20492e-08
-8.28993e-07
-4.65256e-07
-2.55421e-08
4.5163e-08
-3.74546e-08
6.5678e-08
-2.95425e-08
8.25167e-08
-9.11201e-09
5.69841e-08
2.24162e-08
-3.94911e-08
2.24456e-08
-8.14802e-08
-2.59552e-10
-1.95444e-08
-4.90286e-08
2.69366e-08
-5.38273e-08
-5.46686e-08
-3.59276e-08
-4.21762e-08
-6.21389e-08
1.57743e-07
-1.08168e-07
1.76549e-07
-1.08006e-07
1.68015e-07
-8.6321e-08
8.6924e-08
-4.49921e-08
-9.20475e-08
-3.29596e-08
-3.86484e-08
-5.37378e-08
1.94056e-07
-1.00919e-07
3.34757e-07
-9.29965e-08
1.73842e-07
-7.35674e-08
1.81293e-07
-1.23905e-07
4.2025e-07
-1.42237e-07
2.77423e-07
-1.31385e-07
2.75555e-08
-1.27598e-07
7.93598e-08
-1.48228e-07
2.28431e-07
-1.5418e-07
-1.57835e-08
-1.29725e-07
-3.14629e-07
-7.71406e-08
-7.64751e-07
-2.1019e-08
-8.85114e-07
-4.86275e-07
2.59949e-09
6.77709e-08
-2.22335e-09
7.05022e-08
1.44267e-08
6.58667e-08
4.09239e-08
3.0487e-08
6.46263e-08
-6.31966e-08
5.01345e-08
-6.69886e-08
1.71596e-08
1.34333e-08
-4.91662e-08
9.33562e-08
-6.70275e-08
-3.60517e-08
-7.32803e-08
-3.64696e-08
-9.99718e-08
1.84434e-07
-8.6911e-08
1.63488e-07
-8.17973e-08
1.62902e-07
-8.03853e-08
8.5512e-08
-4.68852e-08
-1.25548e-07
5.26072e-09
-9.07943e-08
5.20338e-08
1.47283e-07
-1.03672e-08
3.97158e-07
-7.61197e-08
2.39595e-07
-9.42507e-08
1.99424e-07
-1.3242e-07
4.58419e-07
-1.46959e-07
2.91963e-07
-1.32635e-07
1.32309e-08
-1.26613e-07
7.33382e-08
-1.49214e-07
2.51032e-07
-1.57288e-07
-7.70961e-09
-1.31527e-07
-3.4039e-07
-7.70523e-08
-8.19226e-07
-1.98816e-08
-9.42285e-07
-5.06157e-07
1.02372e-08
7.32834e-08
1.95933e-08
6.11463e-08
4.62112e-08
3.92449e-08
7.25241e-08
4.17097e-09
6.07315e-08
-5.14073e-08
1.04789e-08
-1.67369e-08
-5.30839e-08
7.69962e-08
-8.91367e-08
1.29615e-07
-7.54613e-08
-4.97866e-08
-1.13985e-07
8.99949e-10
-1.34918e-07
2.05367e-07
-9.72238e-08
1.25794e-07
-8.56694e-08
1.51347e-07
-7.20607e-08
7.19033e-08
-4.87479e-08
-1.4886e-07
-3.41306e-08
-1.05412e-07
-4.64206e-08
1.59573e-07
-1.18525e-07
4.69262e-07
-8.93301e-08
2.104e-07
-3.74865e-08
1.4758e-07
-1.06964e-07
5.27897e-07
-1.53664e-07
3.38663e-07
-1.32202e-07
-8.23123e-09
-1.25124e-07
6.62596e-08
-1.49391e-07
2.75299e-07
-1.6028e-07
3.17982e-09
-1.33163e-07
-3.67507e-07
-7.66241e-08
-8.75764e-07
-1.86739e-08
-1.00024e-06
-5.24831e-07
1.61562e-08
5.90616e-08
3.34232e-08
4.3875e-08
4.89778e-08
2.36923e-08
4.5781e-08
7.36864e-09
1.86838e-09
-7.49467e-09
-4.08688e-08
2.60004e-08
-6.01188e-08
9.6266e-08
-3.931e-09
7.42913e-08
-1.42455e-08
-3.95316e-08
-6.22107e-08
4.76681e-08
-5.28368e-08
1.95994e-07
-4.11919e-08
1.14149e-07
-5.07605e-08
1.60916e-07
-8.51366e-08
1.06279e-07
-7.00383e-08
-1.63959e-07
-3.0328e-08
-1.45122e-07
-5.36978e-08
1.82943e-07
-8.34006e-08
4.98965e-07
-9.76145e-08
2.24614e-07
-1.39114e-07
1.8908e-07
-1.74891e-07
5.63674e-07
-1.46178e-07
3.0995e-07
-1.29682e-07
-2.47277e-08
-1.21087e-07
5.76646e-08
-1.46903e-07
3.01115e-07
-1.61952e-07
1.8229e-08
-1.33784e-07
-3.95676e-07
-7.51927e-08
-9.34356e-07
-1.75533e-08
-1.05787e-06
-5.42384e-07
1.16041e-08
4.38209e-08
1.5772e-08
3.971e-08
2.93196e-09
3.65327e-08
-2.69212e-08
3.72216e-08
-5.72738e-08
2.2858e-08
-8.16527e-08
5.03794e-08
-8.61558e-08
1.00893e-07
-1.80588e-08
6.96635e-09
-2.89657e-08
-2.86841e-08
-4.9102e-08
6.71602e-08
-4.17781e-08
1.8867e-07
-2.87002e-08
1.00592e-07
-1.53882e-08
1.47582e-07
-9.68405e-08
1.87781e-07
-6.04904e-08
-1.98767e-07
7.87701e-09
-2.13489e-07
-6.6023e-09
1.97422e-07
-3.56813e-08
5.28044e-07
-5.42516e-08
2.43184e-07
-1.61133e-08
1.50942e-07
-7.96495e-08
6.2721e-07
-1.2561e-07
3.55911e-07
-1.07598e-07
-4.27395e-08
-1.09172e-07
5.92386e-08
-1.36383e-07
3.28326e-07
-1.58859e-07
4.07044e-08
-1.30816e-07
-4.23718e-07
-7.10714e-08
-9.94101e-07
-1.69481e-08
-1.112e-06
-5.59332e-07
-9.8834e-09
4.40324e-08
-1.81152e-08
4.79419e-08
-3.46122e-08
5.30297e-08
-5.55984e-08
5.82079e-08
-6.63625e-08
3.36221e-08
-8.40841e-08
6.8101e-08
-9.86337e-08
1.15461e-07
-1.10278e-07
1.89302e-08
-1.44443e-07
7.33796e-09
-1.7737e-07
9.96103e-08
-1.18294e-07
1.26505e-07
-4.12778e-08
2.27022e-08
-3.25544e-08
1.38836e-07
-9.91131e-08
2.54476e-07
-4.32078e-08
-2.55088e-07
3.46809e-08
-2.91258e-07
2.77183e-08
2.04385e-07
-5.31317e-08
6.08891e-07
-9.89834e-08
2.89036e-07
-4.66885e-08
9.8647e-08
-9.20475e-08
6.72569e-07
-9.96197e-08
3.63483e-07
-4.89359e-08
-9.34233e-08
-7.40735e-08
8.43762e-08
-1.07818e-07
3.62071e-07
-1.43915e-07
7.68015e-08
-1.18264e-07
-4.49369e-07
-6.09089e-08
-1.05146e-06
-1.71389e-08
-1.15577e-06
-5.76471e-07
-2.80893e-08
5.2053e-08
-3.60021e-08
5.58533e-08
-4.20135e-08
5.90411e-08
-4.69764e-08
6.31677e-08
-4.17567e-08
2.83964e-08
-5.32088e-08
7.95548e-08
-6.85127e-08
1.30777e-07
-5.81663e-08
8.58373e-09
-7.09438e-08
2.09182e-08
-1.19537e-07
1.50181e-07
-6.67742e-08
7.40634e-08
6.77324e-09
-5.10612e-08
-5.0413e-08
1.96003e-07
-9.42149e-08
2.99101e-07
-1.02105e-07
-2.47614e-07
-2.92807e-08
-3.63406e-07
-1.0493e-08
1.85597e-07
-2.52243e-08
6.23656e-07
1.64745e-08
2.46076e-07
-4.27803e-08
1.57867e-07
-2.56535e-08
6.55442e-07
4.90909e-08
2.88198e-07
3.29406e-08
-7.69492e-08
-8.1591e-10
1.18133e-07
-5.23144e-08
4.13569e-07
-1.1115e-07
1.35638e-07
-8.72348e-08
-4.73283e-07
-4.02082e-08
-1.09848e-06
-2.11734e-08
-1.1748e-06
-5.97644e-07
-2.08514e-08
5.76776e-08
-2.54444e-08
6.04471e-08
-2.84049e-08
6.19985e-08
-2.56353e-08
6.03949e-08
-1.17087e-08
1.44663e-08
-2.41454e-08
9.1989e-08
-5.71645e-08
1.63796e-07
-1.9321e-08
-2.92599e-08
9.21087e-09
-7.61363e-09
-4.0707e-08
2.00976e-07
-3.80709e-08
7.16134e-08
1.69395e-08
-1.06055e-07
1.12955e-08
2.01661e-07
-6.02435e-08
3.7149e-07
-1.31085e-07
-1.77188e-07
-5.47493e-08
-4.40441e-07
-3.87156e-08
1.69563e-07
-1.0016e-08
5.94956e-07
8.48835e-08
1.5027e-07
-4.71287e-08
2.89842e-07
1.11176e-07
4.95329e-07
3.9187e-07
4.26741e-09
2.48483e-07
6.83177e-08
2.75582e-08
3.39672e-07
-1.59523e-08
4.5708e-07
-7.51155e-08
1.94801e-07
-3.58159e-08
-5.12582e-07
-7.10256e-09
-1.1272e-06
-1.25895e-08
-1.16932e-06
-6.10234e-07
3.48377e-09
5.51711e-08
7.74461e-09
5.61873e-08
7.98984e-09
6.17599e-08
6.03957e-09
6.23524e-08
2.34954e-08
-2.98684e-09
3.22135e-08
8.32673e-08
1.00106e-08
1.85998e-07
1.82408e-09
-2.10739e-08
3.10288e-08
-3.68184e-08
6.77532e-08
1.64252e-07
1.75101e-08
1.21688e-07
-2.01164e-08
-6.86313e-08
4.04225e-09
1.77511e-07
3.25682e-08
3.42079e-07
1.53676e-08
-1.609e-07
1.28141e-07
-5.54198e-07
1.16638e-07
1.81067e-07
6.06529e-08
6.4851e-07
1.42475e-07
6.91169e-08
7.06591e-08
3.62443e-07
2.62874e-07
3.04151e-07
4.67268e-07
-1.99827e-07
5.10981e-07
1.94595e-08
3.56766e-07
4.94985e-07
5.30702e-08
5.69821e-07
-4.12563e-08
6.1155e-08
1.69485e-08
-2.28411e-07
2.88847e-08
-1.12749e-06
-2.77453e-08
-1.11268e-06
-6.37979e-07
1.60433e-08
4.67807e-08
2.56728e-08
4.65577e-08
3.80861e-08
4.93468e-08
4.78751e-08
5.25648e-08
4.92317e-08
-4.34351e-09
6.86463e-08
6.38495e-08
7.58596e-08
1.78781e-07
4.21792e-08
1.26065e-08
1.71284e-08
-1.17675e-08
7.54187e-08
1.05961e-07
8.62831e-08
1.10789e-07
6.50044e-08
-4.76772e-08
6.60391e-08
1.76482e-07
1.39705e-07
2.65918e-07
1.94239e-07
-2.15825e-07
2.13112e-07
-5.7307e-07
1.38501e-07
2.55677e-07
1.5605e-07
6.29408e-07
2.3157e-07
-6.1989e-09
2.2349e-07
3.71485e-07
5.36404e-07
-8.56596e-09
5.23321e-07
-1.87102e-07
3.72768e-07
1.69553e-07
5.42783e-07
2.89839e-07
3.47846e-07
3.88954e-07
4.84595e-08
2.59219e-08
1.94969e-08
-2.72226e-08
6.78024e-08
-2.83154e-07
4.76576e-08
-1.09264e-06
-5.90316e-07
1.81033e-08
3.56643e-08
2.92771e-08
3.53838e-08
4.2985e-08
3.56388e-08
4.42017e-08
5.1348e-08
2.64506e-09
3.72131e-08
5.54234e-09
6.09522e-08
7.67609e-08
1.07563e-07
6.80847e-08
2.12828e-08
1.0905e-08
4.54121e-08
3.93132e-08
7.7553e-08
6.67489e-08
8.33538e-08
3.96782e-08
-2.08524e-08
9.27613e-08
1.23058e-07
2.60129e-07
9.65767e-08
2.64637e-07
-2.21733e-07
8.38021e-08
-3.92167e-07
6.049e-08
2.78779e-07
2.98667e-07
3.91887e-07
3.29396e-07
-3.64257e-08
3.48005e-07
3.52454e-07
6.35309e-07
-2.96281e-07
6.81683e-07
-2.33897e-07
5.58753e-07
2.92029e-07
5.0472e-07
2.99019e-07
4.01539e-07
1.73558e-07
1.16375e-07
-9.62612e-08
1.68863e-08
-2.06022e-09
-7.75832e-08
-2.48144e-09
3.382e-08
-9.98662e-07
-5.56488e-07
7.73169e-09
1.88416e-08
1.20879e-09
2.12989e-08
-9.28335e-09
2.40288e-08
-1.34886e-08
2.8744e-08
-4.21416e-08
3.57175e-08
-3.70424e-08
2.72889e-08
1.50774e-08
2.95573e-08
-2.76956e-08
3.3641e-08
-4.45105e-08
3.36193e-08
-3.71947e-09
1.77428e-08
1.66546e-08
4.38173e-08
5.52895e-09
-4.74187e-09
1.4528e-07
-1.30978e-08
3.32178e-07
-6.55153e-08
2.43949e-07
-9.82377e-08
3.41341e-08
-1.80804e-07
1.20109e-07
1.92397e-07
4.04488e-07
1.07072e-07
4.11754e-07
-4.4141e-08
4.98255e-07
2.65506e-07
6.79942e-07
-4.78433e-07
6.80944e-07
-2.08688e-07
7.4147e-07
2.29316e-07
6.83378e-07
2.52544e-07
2.77888e-07
1.07776e-07
2.75327e-09
-1.91778e-08
-2.55022e-10
-1.89448e-10
-2.89482e-08
-2.93062e-09
9.52197e-08
-3.28217e-07
-4.13296e-07
2.20815e-09
-9.66891e-11
-3.53124e-09
-8.6105e-11
-9.59708e-09
4.71123e-11
-1.11703e-08
6.24891e-11
-6.27021e-09
-8.29633e-11
-1.28226e-08
2.52272e-11
-1.91443e-08
1.44932e-10
-1.62086e-08
-5.10369e-11
-1.50187e-08
2.46541e-11
-2.50473e-08
7.48503e-11
-9.8862e-09
2.62967e-12
4.13467e-10
-8.54822e-13
6.40943e-08
-1.30027e-13
8.88862e-08
-3.7214e-13
9.78922e-08
1.7927e-10
9.51618e-08
-1.01027e-08
2.64642e-07
3.02326e-08
3.90601e-07
-3.96462e-08
4.09405e-07
-3.38778e-08
5.70659e-07
1.09309e-07
2.92653e-07
-1.56576e-07
1.74789e-07
-9.85086e-09
3.98222e-07
8.16739e-09
3.97361e-07
2.13078e-08
8.01494e-08
-5.08277e-09
1.99639e-10
-4.69519e-10
-4.52992e-11
2.36959e-13
-2.77745e-09
-1.73894e-11
-3.1505e-07
-4.73738e-12
-3.1257e-07
-3.48531e-12
-1.108e-11
1.29883e-11
-1.0631e-11
2.33762e-12
-1.1548e-11
1.90059e-11
-1.72462e-12
-3.45391e-11
5.42086e-12
-1.4859e-09
-1.30462e-12
-5.86892e-09
-8.46751e-11
-6.16599e-08
-4.6018e-09
-2.52406e-07
-1.19412e-07
-1.80914e-07
-1.72689e-08
-6.12082e-08
6.32928e-08
-9.47855e-08
6.58428e-11
-1.48025e-08
-2.14645e-11
-5.54841e-09
-7.04823e-11
-1.26758e-09
-5.23641e-13
-9.69325e-12
-2.6786e-11
-5.55281e-12
-2.08212e-10
-9.89262e-13
-1.56111e-10
2.43473e-12
-8.96795e-11
7.97291e-11
-1.01167e-12
1.14258e-10
-3.36523e-12
2.65744e-10
2.25964e-12
5.60987e-11
-9.52291e-13
2.7148e-10
5.1161e-13
2.74476e-10
1.01868e-12
1.52776e-10
-1.7132e-12
1.2713e-10
-4.96924e-13
1.60769e-10
-4.55944e-13
1.12836e-10
-1.2789e-12
-1.49749e-12
3.00265e-11
-4.56148e-13
-1.91131e-11
6.78791e-13
-1.71464e-11
2.23836e-12
-3.035e-13
9.39193e-13
-1.4088e-14
-2.21877e-14
5.02252e-13
-3.84936e-11
5.20989e-13
-1.82161e-10
1.0072e-11
-4.73474e-09
-4.82029e-11
-1.36146e-07
-6.34551e-09
-1.67711e-07
-1.6717e-08
-2.2331e-09
-3.82257e-08
-1.91952e-13
-9.15139e-10
-1.11075e-12
-2.14723e-11
-6.01237e-13
-7.15865e-11
-1.08822e-12
-5.5482e-13
-2.37571e-11
-4.60092e-12
-2.36531e-11
-7.12603e-11
3.08433e-11
-4.40408e-11
4.11503e-11
-3.25136e-14
3.89644e-12
3.62531e-13
7.00339e-13
-5.97516e-13
2.82549e-12
1.23398e-13
5.01396e-13
-3.47868e-16
1.11226e-12
-7.01583e-14
2.32951e-12
4.17478e-15
7.37905e-13
-2.04936e-14
2.13935e-13
-2.63069e-14
-3.64705e-13
-4.88705e-14
-1.70654e-12
2.03848e-14
1.6175e-13
-3.27847e-12
-5.53441e-13
-1.83187e-11
2.91465e-13
-2.06319e-11
2.19173e-14
-1.03137e-13
9.43826e-14
-1.35565e-13
6.61596e-14
6.34064e-13
-1.02762e-12
2.34471e-13
-1.17064e-12
2.2665e-14
-4.93807e-11
-2.69206e-16
-6.39467e-09
-1.64526e-13
-1.51574e-08
-1.28452e-13
5.24383e-10
-7.8899e-13
6.65403e-09
-1.82443e-11
1.84041e-10
1.29265e-09
-2.90451e-12
1.1308e-10
-5.30478e-12
1.40198e-11
-3.55595e-12
-1.01377e-11
-1.4581e-11
-3.16362e-11
-4.60836e-15
-5.48235e-14
-7.70481e-15
-3.46681e-14
1.10395e-12
-1.67075e-14
5.72472e-14
2.2552e-14
7.24148e-14
1.13861e-13
5.72266e-14
-7.06431e-15
5.26983e-15
-1.2943e-15
1.29859e-14
4.13407e-15
-6.68669e-15
2.68391e-15
-3.64807e-14
2.04727e-15
-1.13968e-13
4.02175e-15
-2.1281e-13
1.43909e-14
3.33559e-14
-3.03672e-13
-6.74251e-13
-1.68439e-11
-4.82946e-15
-1.95232e-11
-5.62239e-14
-1.25668e-13
2.10427e-13
6.06855e-13
4.84729e-14
9.84072e-13
-2.18855e-15
4.10396e-13
-3.65391e-16
-2.45945e-14
-2.32798e-15
-9.35996e-16
-3.68195e-15
-1.65536e-13
-1.57179e-14
-1.21512e-13
-9.2051e-14
-7.16923e-13
3.7578e-13
-1.8694e-11
3.18291e-10
-8.8011e-11
-3.86528e-11
1.13769e-10
-2.96148e-11
2.18889e-11
-1.46998e-11
-7.79183e-12
-2.39953e-14
-1.10995e-13
-1.60688e-14
-6.90536e-14
-1.02079e-14
-4.56033e-14
-1.4189e-14
-1.45717e-14
1.43266e-14
6.47231e-15
8.42098e-15
1.26836e-13
-8.70891e-16
1.09294e-13
-2.44726e-15
6.72199e-15
-1.89657e-15
3.70255e-15
-2.06662e-15
2.56346e-15
-4.77432e-15
2.52653e-15
-1.20645e-14
4.08381e-15
-1.84646e-14
7.40496e-15
2.21248e-14
-2.50675e-14
-4.91232e-13
-1.48818e-13
-2.53298e-14
-1.74705e-11
-1.96689e-14
-2.62057e-13
2.13404e-13
9.99204e-14
1.72049e-13
2.94691e-12
7.79299e-14
9.94568e-13
-8.61626e-16
3.12506e-14
-2.1756e-14
4.14613e-17
-4.51781e-13
-1.60904e-13
-3.00044e-13
-3.09683e-13
4.00522e-13
-4.70349e-13
-8.67702e-12
-6.21683e-12
-3.06909e-11
-1.28884e-11
-4.60157e-11
2.01232e-11
-3.4435e-11
8.97056e-12
-7.14712e-14
-9.47904e-15
-5.33278e-14
-1.39081e-13
-3.53243e-14
-9.4962e-14
-1.57637e-14
-7.13246e-14
-1.4037e-14
-1.73812e-14
-7.10175e-14
6.56701e-15
-1.00665e-13
1.76967e-13
-7.3241e-15
3.42994e-14
-2.52254e-15
1.76649e-15
-1.87658e-15
2.90127e-15
-2.15132e-15
2.71772e-15
-2.65978e-15
2.82177e-15
-3.38318e-15
4.26306e-15
-4.48739e-15
7.36855e-15
2.86682e-14
-1.23738e-14
-1.48817e-13
-1.34172e-18
-3.30758e-14
-1.51119e-14
-4.43088e-15
-3.60925e-13
6.36488e-14
6.96761e-15
4.44487e-13
2.86808e-12
2.24522e-13
1.4869e-12
4.21679e-15
1.36054e-13
-1.5799e-14
1.62651e-15
-9.76507e-13
-5.26287e-17
-8.65511e-13
2.46787e-15
-4.79126e-13
3.17398e-13
-1.01097e-12
-1.12118e-12
-1.42125e-11
8.13576e-13
-1.49304e-12
3.71084e-13
-1.18668e-13
1.33984e-13
-1.81036e-13
-2.15407e-14
-1.9282e-13
-4.40972e-13
-3.28074e-13
-1.01696e-12
-2.71215e-14
-1.66818e-12
-4.81165e-14
-1.27189e-14
-1.40413e-13
-2.72136e-15
-4.05127e-14
5.65717e-15
-2.3915e-15
-3.42662e-16
-2.85495e-15
2.07776e-15
-2.98391e-15
2.87859e-15
-3.23727e-15
2.86857e-15
-3.90022e-15
3.3963e-15
-1.90002e-14
1.93076e-14
-2.79058e-13
2.67424e-13
5.6318e-13
-7.68682e-13
-1.25861e-18
-5.90286e-20
-1.16956e-14
-3.41753e-15
2.01636e-15
-3.86688e-13
5.91619e-15
5.13621e-16
5.20468e-13
2.63884e-12
2.57242e-13
4.9052e-13
1.26824e-14
4.49632e-14
1.35745e-14
3.5274e-16
-5.80793e-13
5.79319e-13
-9.03044e-13
5.50326e-13
-2.09249e-13
4.75095e-13
-5.75403e-13
-1.09084e-12
-7.71116e-13
4.24851e-13
-1.56488e-13
-4.79187e-13
-1.32778e-13
8.20833e-14
-9.09959e-14
-1.29501e-14
-2.17648e-12
-8.82927e-13
-3.34459e-12
-1.71945e-12
-4.88861e-13
-5.59915e-12
-6.49416e-15
-4.93364e-13
-6.55052e-15
-1.30336e-15
-3.86486e-15
3.37653e-15
-4.31253e-15
8.71746e-16
-4.11516e-15
2.5654e-15
-4.49226e-15
3.11279e-15
-5.74033e-15
3.99944e-15
-1.57514e-14
1.32433e-14
-6.54878e-13
2.98921e-13
-1.81042e-12
9.00598e-13
9.5413e-13
-2.0712e-12
4.57743e-22
-1.3656e-19
-2.9919e-15
-1.85003e-15
-1.63242e-18
-1.93878e-17
2.50491e-16
5.03691e-18
5.11379e-13
2.40218e-12
1.17566e-14
-6.91963e-14
3.48284e-15
1.49345e-17
3.61195e-15
1.751e-16
-5.80537e-13
1.98761e-12
-2.04565e-12
4.42656e-12
-2.77348e-13
-8.95451e-13
-5.2937e-13
-1.10886e-12
-6.26292e-13
3.00559e-13
-1.76195e-13
-1.0477e-14
-2.97325e-13
1.00709e-13
1.08357e-13
9.14516e-15
-2.09528e-12
7.62121e-13
-4.0874e-12
1.7637e-12
-1.78473e-12
-5.9831e-12
-9.35866e-15
-1.61667e-12
-6.45358e-15
-2.62254e-15
-5.5964e-15
3.79153e-15
-1.06223e-14
6.73922e-15
-6.86198e-15
1.00724e-14
-2.75624e-15
8.1748e-15
-7.3885e-15
7.78011e-15
-3.63893e-14
3.70255e-14
-2.5263e-12
4.22686e-13
-2.45926e-12
1.01218e-12
8.20883e-13
-2.17594e-12
2.31621e-21
-2.272e-19
-5.12516e-19
-7.05248e-16
-1.18502e-18
-2.05371e-17
1.158e-17
-5.28601e-19
7.06332e-14
1.57106e-15
1.13021e-15
-1.12994e-15
3.37103e-16
7.80145e-16
3.38862e-16
1.49072e-16
-1.24218e-12
1.90503e-12
-6.76576e-12
1.15216e-11
-1.30476e-12
-4.0348e-12
-4.26902e-13
-2.18324e-12
-6.51913e-13
3.44014e-13
-4.12942e-13
6.19322e-13
-3.70487e-13
1.01488e-12
-1.39074e-12
1.34329e-12
-2.94217e-12
2.28211e-12
-4.13924e-12
-4.39928e-13
-4.65294e-12
-3.3805e-12
-2.01754e-13
-1.91283e-13
-1.74197e-13
-2.83527e-14
-6.09273e-14
1.03382e-13
-1.56892e-14
6.89959e-14
-9.55837e-15
1.6865e-14
-1.69684e-14
2.54013e-14
2.21099e-14
4.06576e-14
-1.40077e-13
1.28679e-13
-9.77865e-13
6.84175e-14
-1.24248e-12
6.54323e-14
1.85045e-14
-4.30054e-13
5.95217e-21
-3.51713e-19
-4.45069e-19
-1.67997e-16
-4.19069e-18
-2.31961e-17
2.21307e-19
-2.65008e-18
1.04962e-15
5.20448e-16
9.01734e-17
-4.21274e-17
1.91605e-16
3.15158e-16
1.70695e-16
1.46326e-16
1.36337e-13
6.35752e-13
-6.18019e-12
1.80925e-11
-7.36833e-12
-2.61558e-12
-4.37706e-13
-1.16152e-11
-5.88364e-13
3.06202e-13
-5.7684e-13
5.52057e-13
-7.60349e-12
1.99511e-12
-3.92782e-11
-2.3661e-11
-2.81234e-11
-1.40017e-10
-2.60896e-12
-6.57204e-11
-5.90243e-14
-7.40371e-14
-1.32311e-13
-7.18895e-14
-2.45769e-13
-3.05944e-14
-4.0702e-13
8.3642e-14
-1.19842e-13
1.17623e-13
-1.22044e-13
1.18694e-13
-3.19571e-13
9.8856e-14
-3.97977e-13
1.76103e-13
-3.27926e-13
1.0487e-13
-9.70646e-14
6.79255e-14
-5.13445e-14
1.06422e-14
-7.48751e-15
-3.43219e-14
1.24817e-20
-5.06101e-19
-3.79784e-19
-2.59912e-17
-2.41722e-18
-2.86806e-17
-2.51937e-17
-2.48087e-18
4.46257e-17
4.42754e-16
2.77007e-17
4.06872e-16
1.43951e-16
1.42966e-16
1.59893e-16
1.04781e-16
5.87818e-13
4.80781e-14
-4.41089e-12
9.53284e-12
-9.13127e-12
2.33648e-12
-4.3684e-13
-1.91471e-11
-4.51597e-13
3.93397e-13
5.82045e-13
1.29062e-12
6.06225e-12
1.00878e-12
-4.02395e-11
-7.81307e-11
-6.61214e-11
-2.78252e-10
-1.60859e-13
-1.92386e-10
-7.35952e-14
-1.05922e-13
-5.3457e-14
-3.71316e-14
-4.21787e-13
-2.20628e-14
-4.23735e-13
9.96576e-14
-4.19556e-13
1.26322e-13
-4.35529e-13
3.769e-14
-4.27702e-13
1.55097e-13
-3.09593e-13
1.1579e-13
-8.67817e-14
6.44396e-14
-7.49186e-14
2.11809e-14
-1.07592e-13
1.96066e-14
3.42373e-14
-2.62615e-13
2.25621e-20
-6.73253e-19
-3.05059e-19
-2.44962e-17
-1.61202e-18
-3.43135e-17
-1.36348e-17
-2.06062e-18
6.33571e-18
1.22631e-16
8.43388e-18
2.62471e-16
1.69469e-16
2.70702e-17
2.14723e-16
3.32312e-17
4.63376e-14
1.94396e-15
-5.07377e-13
1.67015e-14
-5.89044e-12
7.18113e-13
-1.52882e-11
-8.73373e-12
-3.74413e-12
9.23269e-12
1.95112e-13
3.25454e-12
2.7066e-12
-7.89108e-15
3.37208e-11
-1.16073e-11
4.59338e-11
-2.71468e-10
-1.25164e-12
-1.28481e-10
-7.96601e-14
-1.20732e-12
-2.85522e-14
-2.79024e-14
-1.14833e-13
-1.20315e-15
-1.80837e-13
4.97043e-15
-1.67188e-13
3.55996e-16
-2.72037e-13
6.7157e-16
-2.67509e-13
1.40898e-14
-1.61386e-13
-3.3594e-15
-1.97001e-13
4.18709e-14
-3.06634e-13
5.22255e-14
-3.65557e-13
7.27054e-14
5.44168e-14
-3.91198e-13
3.57188e-20
-8.18023e-19
-1.61902e-19
-2.87307e-17
-1.25279e-18
-3.73282e-17
-7.05021e-18
-2.11153e-18
1.07008e-18
4.60687e-17
1.13797e-17
1.83882e-16
1.37633e-16
-5.88122e-17
2.3867e-16
-1.01135e-16
9.62231e-16
1.21225e-15
1.35854e-14
3.19386e-15
-1.16177e-13
-5.85618e-16
-6.31492e-12
-9.01445e-16
-2.89036e-12
8.17379e-12
-1.50953e-13
2.33684e-12
-1.72424e-13
-7.73065e-15
-9.89778e-12
-1.90663e-12
-1.05543e-10
-1.36082e-10
-2.91096e-11
-1.85373e-10
-1.36142e-13
-3.00996e-11
-6.76587e-14
-2.591e-14
-7.13051e-15
3.03739e-15
-3.19748e-15
7.49633e-16
-3.38936e-15
3.30452e-16
-3.40112e-15
4.67612e-16
6.47468e-15
3.32449e-16
-1.53148e-13
5.20243e-15
-3.84478e-13
8.5381e-14
-4.19361e-13
7.96669e-14
-4.13553e-13
5.97836e-14
4.32496e-14
-4.08752e-13
4.94361e-20
-8.8582e-19
2.76035e-20
-3.08341e-17
-1.33691e-18
-3.64363e-17
-3.39523e-18
-1.9027e-18
1.70424e-19
1.82899e-17
1.68873e-17
1.33782e-16
7.42492e-17
-6.04854e-17
3.38484e-16
-4.22086e-16
2.68788e-16
1.18518e-15
2.08344e-15
1.32334e-15
8.78762e-16
4.0261e-16
3.20351e-18
-2.81526e-17
-5.3465e-13
1.13117e-11
-1.12225e-13
9.67914e-13
-1.61636e-13
-3.03844e-15
-1.07321e-12
-1.01586e-12
-1.2967e-10
-1.28573e-10
-1.60126e-10
-1.5289e-10
-1.66291e-12
-7.03436e-11
-1.31856e-13
-1.51695e-12
-6.91667e-16
1.62925e-14
-6.79203e-16
3.29789e-16
-8.02562e-16
3.30833e-16
-9.31283e-16
3.43832e-16
-1.53792e-15
4.55883e-16
-7.76248e-14
1.47057e-15
-4.09303e-13
2.76778e-14
-4.10162e-13
7.23939e-14
-4.09617e-13
5.18861e-14
3.26492e-14
-4.06031e-13
5.87303e-20
-8.18928e-19
1.67299e-19
-2.96162e-17
-1.31404e-18
-3.14523e-17
-1.65591e-18
-1.38753e-18
1.03794e-20
7.67159e-18
1.46861e-17
8.8278e-17
4.23936e-17
-2.99908e-17
4.13652e-16
-5.12298e-16
3.44676e-16
1.1846e-15
4.103e-16
1.05428e-15
2.54278e-16
5.15755e-16
2.12764e-16
7.51965e-20
2.8018e-12
1.35799e-13
8.53373e-14
7.24027e-13
7.66867e-15
3.7783e-15
-9.29659e-13
-7.13662e-14
-9.76097e-11
-1.18894e-10
-1.63741e-10
-8.48797e-11
-4.17966e-11
-1.55501e-10
-1.63932e-14
-4.32971e-11
-4.1748e-16
2.43987e-16
-5.12384e-16
3.57149e-16
-6.12212e-16
3.69418e-16
-7.50988e-16
3.48043e-16
-8.79429e-16
3.30715e-16
-5.25941e-15
9.05805e-16
-7.15504e-14
6.27608e-15
-8.86001e-14
3.06881e-15
-6.59527e-14
6.34838e-15
2.23337e-15
-2.66381e-14
6.60629e-20
-6.12995e-19
2.43209e-19
-2.42254e-17
-1.06398e-18
-2.33701e-17
-7.67223e-19
-8.90533e-19
-2.68756e-19
3.08247e-18
9.19347e-18
4.5906e-17
1.26181e-17
-1.01553e-17
2.17156e-16
-4.37434e-16
3.90935e-16
9.90078e-16
3.91878e-16
1.43882e-15
3.15991e-16
4.92466e-16
3.54525e-16
-5.28407e-17
8.77268e-14
4.34323e-15
1.22088e-13
-1.0395e-15
2.65171e-14
5.83272e-15
-4.56641e-14
-4.80384e-16
-1.22273e-10
-6.00135e-12
-1.96163e-10
-7.81226e-12
-1.58735e-10
-1.8965e-10
-4.64329e-13
-1.92872e-10
-3.89739e-16
-4.63712e-13
-1.0283e-15
9.21682e-16
-4.43606e-16
5.17784e-15
-5.19284e-16
4.09687e-16
-6.09041e-16
3.78515e-16
-9.90316e-16
1.18439e-15
-1.50137e-15
6.71638e-15
-1.02079e-15
2.1087e-15
-5.7311e-16
5.89272e-15
2.07509e-15
-4.16763e-16
4.45868e-20
-3.29773e-19
2.09083e-19
-1.53997e-17
-7.57673e-19
-1.44866e-17
-3.10239e-19
-5.57529e-19
-2.33479e-19
1.07112e-18
4.27116e-18
1.71951e-17
9.76616e-18
-4.12716e-18
1.73283e-16
-4.03529e-16
4.45853e-16
7.83188e-16
4.33454e-16
1.34033e-15
3.25378e-16
6.09437e-16
4.90131e-16
-1.14597e-16
4.52276e-15
2.47585e-16
2.85669e-15
4.63295e-16
2.66533e-15
9.70049e-16
5.20195e-16
1.9137e-16
-6.00155e-12
-6.08113e-16
-4.38984e-11
1.39119e-13
-1.33767e-10
-9.62295e-11
-5.84322e-11
-2.65005e-10
-1.3196e-12
-5.66323e-11
-2.11542e-14
5.17496e-13
-1.00022e-13
9.00811e-14
-6.7543e-13
5.27099e-13
-2.04293e-12
2.17598e-12
-7.3842e-13
3.05715e-12
-4.43345e-14
2.93264e-13
-2.47617e-13
1.4321e-13
-3.02597e-13
2.44372e-13
1.73863e-13
-1.38645e-13
2.42679e-20
-1.11172e-19
1.06713e-19
-7.35623e-18
-5.15487e-19
-7.24991e-18
-1.11356e-19
-2.86158e-19
-9.53561e-20
3.22262e-19
1.37338e-18
4.4839e-18
6.09759e-18
-2.03304e-18
1.00742e-16
-3.30076e-16
4.71827e-16
7.42351e-16
4.88503e-16
1.43312e-15
2.99271e-16
9.03399e-16
2.95011e-16
-1.7641e-16
4.65455e-16
-2.56112e-17
5.55794e-16
3.4195e-16
1.24256e-15
3.22555e-16
1.34725e-14
1.13935e-14
1.17982e-14
5.94503e-16
-3.53481e-11
2.01639e-12
-1.4606e-10
2.49174e-12
-1.97688e-10
-2.09285e-10
-7.06683e-13
-1.92506e-10
1.48963e-15
4.31218e-13
2.33318e-15
6.47048e-13
-3.60294e-15
3.3029e-13
1.36899e-14
1.63628e-12
-2.74078e-12
2.16694e-12
-3.18553e-12
2.74544e-12
-4.05589e-12
2.84974e-12
-4.35432e-12
2.18289e-12
1.42329e-12
-2.22059e-14
8.1653e-21
-3.1372e-20
2.21685e-20
-2.63247e-18
-2.75965e-19
-2.90835e-18
-3.75422e-20
-1.2043e-19
-2.45115e-20
8.70583e-20
3.0132e-19
8.14819e-19
2.38596e-18
-7.91114e-19
5.28902e-17
-2.48678e-16
1.11725e-15
7.66987e-16
6.9046e-16
2.07627e-15
3.68445e-16
1.28654e-15
2.90664e-16
-2.51167e-16
3.95507e-16
-2.47086e-16
4.41753e-16
1.67057e-16
4.65841e-16
3.05499e-16
2.59846e-14
1.10722e-14
4.91846e-14
7.57881e-15
2.07614e-12
-9.18991e-15
1.83056e-11
3.33254e-13
-1.03784e-10
-2.0848e-13
-1.00397e-10
-1.31538e-10
1.92281e-12
-4.48214e-11
1.35119e-13
2.3513e-12
1.12984e-13
2.76349e-13
3.85219e-13
6.11041e-14
3.87354e-13
1.92376e-13
2.52074e-13
7.86168e-13
2.08095e-14
1.78355e-12
-1.63764e-13
1.20244e-12
1.34921e-12
-1.14517e-12
2.28541e-21
-5.51897e-21
-5.63509e-21
-8.55433e-19
-1.14517e-19
-9.36407e-19
-1.1898e-20
-4.19422e-20
-4.57514e-21
2.04686e-20
4.56153e-20
1.02606e-19
5.96257e-19
-1.67223e-19
-8.01371e-17
-9.7265e-17
5.74167e-16
9.31858e-17
6.88214e-16
2.52663e-15
5.98528e-16
1.39948e-15
4.8683e-16
-3.36416e-16
5.1433e-16
-4.75072e-16
4.5922e-16
8.57499e-17
4.68796e-16
3.0381e-16
9.18988e-15
1.37353e-15
8.91703e-15
1.73517e-15
4.09032e-15
1.12931e-15
2.94056e-13
4.2122e-14
1.15195e-13
-2.65856e-14
-7.0247e-12
-7.16927e-13
2.04955e-11
-1.23256e-11
5.1562e-13
1.33057e-11
9.00903e-14
8.22884e-13
1.83485e-13
2.29586e-13
2.36979e-13
3.23069e-13
4.74352e-13
6.8219e-13
2.44474e-11
2.77399e-11
3.13318e-11
2.83213e-11
2.37802e-11
9.26772e-12
3.98469e-22
-6.65156e-22
-5.24416e-21
-1.30942e-19
-3.6987e-20
-2.54317e-19
-3.35045e-21
-1.35053e-20
-5.96369e-22
3.6632e-21
4.5827e-21
8.13745e-21
8.25749e-20
-1.43494e-20
-1.04142e-16
-1.4196e-17
3.37416e-17
-2.4013e-17
6.81423e-16
1.99261e-15
7.97846e-16
1.00707e-15
7.24522e-16
-4.93832e-16
1.19722e-15
-1.05676e-15
3.70618e-16
4.41611e-17
3.82233e-16
3.00062e-16
6.35046e-16
6.4203e-16
6.61151e-16
5.68035e-16
1.44553e-15
2.77402e-16
3.95219e-14
3.95044e-15
4.8388e-13
3.75683e-13
8.12248e-13
-2.55906e-13
2.08726e-11
-1.56565e-12
1.03673e-11
2.33844e-12
5.02297e-13
3.36506e-12
9.41582e-13
2.11767e-13
1.41802e-11
4.94813e-12
3.96197e-11
4.57926e-11
2.87279e-11
4.06688e-11
3.37747e-11
2.28161e-11
1.55219e-11
4.16151e-11
4.76417e-23
-5.27039e-23
-2.06309e-21
-1.08032e-20
-1.04479e-20
-5.34721e-20
-7.86995e-22
-3.27257e-21
-5.2138e-23
3.35124e-22
3.01084e-22
3.51883e-22
5.13584e-21
-8.50728e-22
-2.91566e-17
-9.08113e-19
-1.22348e-16
-3.76709e-18
4.75958e-16
9.01051e-16
6.29572e-16
2.09483e-16
1.00676e-14
-1.05119e-14
5.89001e-14
-5.04778e-14
1.47086e-15
5.7501e-14
3.83368e-16
1.39705e-15
4.25272e-16
4.17857e-16
3.82926e-16
5.39803e-16
3.27983e-16
2.71173e-16
3.9328e-15
2.90278e-16
1.09366e-11
2.10414e-12
1.81927e-11
2.76976e-12
7.01415e-12
-3.03937e-13
3.12335e-12
-9.96751e-14
-2.14622e-13
6.86926e-13
2.99251e-13
2.17249e-13
5.04715e-12
1.70848e-13
7.61751e-11
3.54992e-11
9.57555e-11
2.04873e-11
1.0815e-10
9.87525e-12
1.16263e-11
1.11596e-10
3.73868e-24
-2.67797e-24
-4.92741e-22
-4.69348e-22
-2.12582e-21
-7.86536e-21
-1.3766e-22
-5.25458e-22
-4.42663e-24
-5.56729e-24
1.81181e-23
6.0678e-24
2.2212e-22
-1.92785e-22
-3.35043e-18
-4.58596e-20
-4.96557e-17
-1.55975e-19
1.57969e-16
1.28285e-16
3.5104e-16
1.70327e-18
1.22624e-12
-2.59655e-13
3.65809e-12
-3.46844e-12
5.02035e-13
1.04005e-12
1.65044e-14
4.86921e-13
6.11858e-16
1.62008e-14
2.15204e-14
2.17374e-13
6.59438e-16
2.10708e-14
7.64518e-16
2.51148e-16
6.79348e-12
2.36334e-12
3.46344e-12
5.33449e-13
1.41117e-13
-3.8852e-14
4.01757e-14
2.41172e-16
1.18699e-13
2.27564e-14
4.378e-13
2.15768e-13
5.22419e-13
4.76819e-14
4.85475e-11
1.83081e-13
6.46898e-11
1.27809e-13
2.50324e-11
-1.36904e-13
-1.04494e-13
7.8874e-12
1.86766e-25
-8.58131e-26
-7.07923e-23
-1.00813e-23
-2.77668e-22
-6.8159e-22
-1.60422e-23
-4.76698e-23
-9.02799e-25
-1.38994e-24
2.49719e-24
-6.46061e-25
3.58535e-23
-1.12429e-22
-1.78749e-19
-2.19777e-20
-3.47512e-18
-4.88875e-20
1.43959e-17
-2.06266e-18
1.19759e-17
-1.17069e-17
3.50136e-12
-3.10588e-12
3.08037e-12
-2.92742e-12
8.83883e-14
4.81639e-12
2.13911e-13
2.47559e-12
3.14697e-13
2.30265e-12
5.81683e-13
2.1004e-12
3.93525e-13
7.87097e-13
4.88683e-13
2.93689e-13
6.56053e-13
-3.18196e-14
4.14306e-14
-1.7309e-15
2.16589e-15
-6.53878e-17
2.21228e-15
1.29409e-16
2.47807e-14
1.40242e-16
1.31347e-13
2.17099e-15
8.34581e-14
5.30016e-14
2.52855e-13
1.73666e-14
3.81732e-13
3.55024e-15
2.43221e-13
8.31649e-16
7.62191e-16
1.36985e-13
5.79173e-27
-1.71809e-27
-5.24436e-24
-8.36468e-26
-2.00103e-23
-3.00179e-23
-1.0671e-24
-2.10645e-24
-2.70334e-25
-8.31181e-26
4.65283e-25
-2.13799e-25
1.10501e-23
-5.20471e-23
-6.30701e-20
-4.11648e-20
-2.46146e-18
-3.10137e-19
6.3935e-18
-3.98488e-17
2.35589e-15
-2.37829e-15
-1.6196e-12
-2.7822e-12
-6.27512e-12
1.85794e-12
-5.70589e-12
5.36708e-12
-2.05358e-12
1.47878e-12
-3.51045e-13
2.15149e-12
-2.18062e-14
4.17684e-13
5.82617e-15
1.06838e-13
3.46967e-14
2.53401e-16
2.60602e-15
1.20895e-16
7.42155e-16
1.08566e-16
2.67344e-16
2.91173e-16
1.80608e-16
1.68657e-16
1.80807e-16
1.42785e-16
1.07542e-15
1.12607e-15
1.91461e-15
5.23021e-14
3.73582e-15
1.54406e-14
6.97438e-15
2.14376e-15
6.05542e-15
1.51782e-15
1.98825e-15
4.76674e-15
1.08999e-28
-2.13391e-29
-1.69128e-25
-2.85594e-28
-6.86827e-25
-5.78654e-25
-3.43327e-26
-3.83393e-26
-4.17631e-26
-1.79456e-27
3.68372e-26
-3.07601e-26
-1.90277e-22
-7.74102e-24
-3.82995e-19
-6.88268e-21
-1.31113e-17
-6.19182e-20
2.90381e-16
-2.18635e-17
-1.68198e-15
-4.2269e-16
-5.10209e-12
-3.67702e-13
-7.17547e-12
4.0721e-12
-1.87589e-12
3.61381e-13
-4.48989e-13
7.19939e-15
-4.7333e-14
2.35162e-15
-4.34138e-15
8.07356e-16
1.52157e-16
2.08756e-16
2.64217e-16
9.63843e-17
1.57368e-16
3.16098e-16
1.21467e-16
1.67614e-16
1.44331e-16
1.52621e-16
1.48561e-16
1.28718e-16
1.34431e-16
1.00007e-16
1.04004e-15
1.69045e-16
1.78993e-13
2.61177e-13
2.59536e-14
2.06576e-13
3.64461e-15
9.72173e-15
3.03103e-15
2.05283e-15
2.05155e-15
2.91421e-15
1.20734e-30
-1.65401e-31
-1.91174e-27
-5.18137e-31
-9.43334e-27
-3.94555e-27
-4.70276e-28
-2.24016e-28
-4.16327e-27
-1.57021e-29
9.89483e-28
-1.77884e-27
-2.3751e-22
-3.98641e-25
-1.12253e-19
-3.85821e-22
-7.60595e-18
-1.25444e-21
-3.27291e-16
-6.52016e-19
-8.41888e-16
1.37807e-17
-1.65915e-12
-7.84016e-15
-3.3248e-13
8.06515e-15
-9.97528e-15
4.50865e-16
-2.39194e-15
-2.36793e-16
-2.94125e-16
6.32157e-17
-4.99333e-17
3.55754e-16
-5.85593e-18
1.46587e-16
1.20146e-17
6.16262e-17
2.3847e-16
6.44927e-16
7.24869e-17
3.16475e-16
8.73437e-17
1.21301e-16
9.81777e-17
1.03345e-16
9.32479e-17
9.1888e-17
2.02726e-13
2.06416e-13
1.96174e-13
2.78074e-13
1.35681e-13
2.77065e-13
4.224e-15
1.16976e-13
2.76823e-15
3.41789e-15
2.45149e-15
2.29635e-15
7.5539e-33
-8.25667e-34
-5.21671e-30
-4.27882e-34
-3.9515e-29
-7.43988e-30
-2.68158e-30
-3.00099e-31
-1.76649e-28
-6.95114e-32
-2.4404e-26
-3.04152e-29
-2.47366e-23
-8.07542e-27
-8.20975e-21
-1.04167e-23
-4.68577e-19
2.44491e-21
-1.40803e-17
-1.71638e-20
-1.57222e-16
8.80479e-18
-8.20368e-15
1.03746e-16
-4.87808e-16
1.18954e-16
-3.07243e-17
3.13695e-16
-2.83212e-17
3.80413e-17
-3.4506e-17
4.15274e-17
-2.29796e-17
6.58906e-17
-7.44824e-18
6.07593e-17
-5.03343e-19
3.49256e-17
6.53289e-17
5.61733e-16
1.73651e-15
3.98709e-15
1.45485e-15
5.16827e-15
2.25949e-16
4.24236e-16
2.05479e-16
9.8197e-17
8.04007e-14
2.59965e-13
2.45022e-14
3.45097e-13
-3.86045e-14
3.50268e-13
3.59697e-14
2.66398e-13
-6.08213e-15
4.48688e-14
4.53178e-12
-1.60355e-11
2.44223e-35
-2.96053e-36
-1.58374e-33
-4.20232e-37
-3.35036e-32
-4.0814e-33
-6.85387e-33
-6.40849e-35
-1.95103e-30
-3.29666e-35
-9.35012e-28
-6.124e-32
-8.14758e-25
-3.66146e-29
-3.41681e-22
-9.92802e-26
-2.71311e-20
2.88772e-22
-1.25414e-18
5.54461e-21
-1.35795e-17
1.61334e-18
-4.39227e-17
1.60874e-17
-5.04861e-17
7.4804e-17
-8.77564e-18
9.09063e-17
-9.34869e-18
1.79534e-17
-2.06992e-17
1.84247e-17
-7.69094e-17
4.18946e-17
-6.34224e-16
1.54288e-16
-2.12297e-15
1.2823e-15
-3.09707e-15
9.59056e-15
-5.09153e-16
9.39396e-15
1.9421e-17
3.6335e-15
6.72885e-17
2.15182e-16
7.57079e-17
8.29682e-17
1.58122e-13
1.73382e-14
1.50435e-13
1.44073e-13
1.70292e-13
3.42154e-13
1.07731e-13
3.39063e-13
1.67217e-13
1.48894e-13
3.42261e-13
2.14661e-12
2.61954e-38
2.90188e-40
-2.64595e-36
-1.0556e-36
-1.4371e-33
-3.05887e-30
-5.53295e-27
-4.90113e-24
-6.41019e-22
-5.72181e-20
-9.46219e-19
-5.73047e-18
-3.97976e-18
-7.47098e-19
-9.46151e-19
-2.9046e-18
-3.99404e-18
-2.90801e-17
2.28751e-17
6.4684e-16
1.19251e-15
7.72619e-16
3.22867e-16
9.71896e-16
1.08882e-14
9.95752e-14
3.401e-13
2.72977e-13
2.62952e-13
4.48308e-13
-6.63584e-11
5.46856e-13
-1.59741e-10
4.2154e-12
-1.34328e-10
8.4447e-12
-8.9947e-11
3.59911e-12
-1.78937e-10
-1.83679e-13
-1.75294e-10
8.34174e-12
-4.59307e-11
2.81122e-12
-9.92489e-11
1.6786e-13
-7.63243e-11
1.57715e-12
-3.28133e-12
-5.67063e-13
7.72454e-13
-1.65019e-12
3.11168e-14
-1.41837e-13
5.02014e-14
-1.62487e-13
7.85864e-14
-4.20561e-13
1.7806e-10
1.27702e-12
4.09182e-09
-1.99683e-12
8.04974e-08
-8.00396e-09
3.43614e-08
-1.41363e-10
3.11234e-08
-2.29602e-12
1.45813e-07
9.94639e-09
9.90986e-09
-9.43009e-09
1.30604e-10
-7.70638e-11
4.41571e-09
3.07257e-11
5.49936e-09
-6.93319e-13
4.39713e-10
-2.65922e-11
-3.71704e-12
-1.03234e-11
-4.87427e-12
-3.66023e-12
-5.24563e-13
-2.23383e-12
8.29651e-14
-6.66236e-12
-1.52301e-11
-5.23384e-12
2.95393e-13
-7.12463e-12
3.91555e-13
-3.43986e-12
5.20793e-13
-2.09369e-12
9.94939e-14
-5.92494e-12
2.25571e-13
-3.06185e-12
5.07616e-13
-1.05088e-13
-4.63422e-13
-1.31826e-13
-3.41476e-14
5.17083e-13
5.60728e-15
4.24609e-13
-1.34724e-13
1.54159e-13
-2.71635e-13
5.78269e-14
-9.3104e-14
1.17093e-13
-2.62759e-13
1.76467e-13
-3.86595e-13
2.08353e-12
-8.09337e-13
8.03926e-14
-7.38187e-14
1.43653e-10
-8.57949e-14
2.41881e-12
-1.8644e-13
1.22768e-13
-6.53586e-14
9.48705e-09
2.23838e-11
7.91461e-11
-2.22813e-11
2.32162e-12
-2.51512e-13
3.33071e-11
7.20233e-14
3.24428e-11
1.40143e-13
6.31492e-12
-2.18682e-13
-2.1673e-12
-1.17599e-12
-5.30521e-12
1.76234e-12
-6.66839e-13
-2.45632e-14
4.55731e-13
-8.1174e-12
-2.12345e-11
-3.76635e-13
3.29097e-14
-4.0364e-13
4.86442e-14
-1.39634e-13
1.41951e-13
-1.60742e-13
7.41652e-14
-2.64299e-13
7.4556e-14
-2.47705e-13
-5.2347e-14
-5.47363e-14
-2.64306e-16
4.29338e-15
-4.33633e-16
9.90252e-15
-1.46229e-17
1.48083e-14
-2.63539e-16
5.82128e-14
-3.11826e-15
7.37933e-14
-4.07046e-15
3.07265e-13
-3.22739e-15
2.80436e-13
-2.15254e-15
1.4803e-13
2.01068e-13
7.98016e-14
-8.70904e-14
4.9787e-14
-1.11443e-13
6.55339e-14
-2.66088e-13
7.68156e-14
-1.48112e-13
2.24551e-11
-8.06142e-14
2.53178e-13
-6.93209e-14
1.89847e-15
-3.79858e-16
7.63316e-14
1.15675e-15
2.26427e-13
-2.09173e-15
3.20695e-14
-1.29144e-14
-1.1365e-12
-6.11595e-14
-3.36563e-14
-1.34772e-13
-1.73134e-13
-8.30792e-14
6.13886e-13
-2.30265e-11
-2.03433e-11
-2.87272e-14
2.38419e-14
-5.71727e-14
8.98696e-14
-5.88634e-14
1.76615e-13
-1.21549e-13
1.56008e-13
-1.9127e-13
1.00639e-13
-6.80145e-14
1.75882e-14
-2.72202e-16
-4.1004e-16
1.33191e-16
-9.0205e-16
7.97807e-16
-8.06361e-16
1.58485e-15
-1.16859e-15
2.32927e-15
-3.94921e-15
2.86317e-15
-4.64135e-15
2.79612e-15
-3.19656e-15
1.90902e-15
-1.29146e-15
2.01874e-13
8.09256e-14
1.95612e-13
-3.98412e-15
8.6935e-14
-8.49297e-14
2.39538e-13
-3.32074e-13
2.95779e-13
-2.2183e-13
5.78459e-14
-3.86145e-14
4.67483e-16
-1.20665e-14
1.04531e-16
-1.64341e-16
4.75654e-16
4.62396e-16
3.31488e-16
-1.32056e-15
-3.85127e-15
-5.60924e-15
-7.72554e-14
-4.63968e-16
-2.54429e-14
-1.29556e-13
6.81515e-15
-1.20419e-13
7.14141e-13
-2.20461e-11
-1.97513e-11
-1.31889e-13
1.42749e-13
-3.47914e-13
4.82296e-13
-4.36917e-13
4.78568e-13
-5.76438e-13
6.89437e-13
-2.22116e-13
1.64268e-13
-7.58655e-16
-5.23635e-17
-3.7989e-16
-8.09939e-16
1.1044e-16
-1.50876e-15
1.05634e-15
-4.90312e-16
1.75838e-15
-1.99734e-15
2.96522e-15
-5.27531e-15
3.50693e-15
-5.68732e-15
3.46312e-15
-3.70936e-15
2.4635e-15
-3.80313e-16
1.19576e-13
9.41646e-15
6.30037e-14
-1.28156e-15
1.96674e-13
-2.6405e-13
2.65469e-13
-2.51607e-13
3.13232e-13
-1.04303e-13
4.24067e-14
-1.13029e-15
1.03146e-16
-6.75539e-16
1.46158e-17
-6.94884e-17
-2.97287e-17
1.52217e-16
-1.74045e-15
7.22429e-17
-6.82335e-15
2.0143e-15
-2.89629e-14
2.25305e-14
1.03397e-14
1.12299e-14
8.83289e-14
-3.92589e-13
5.13086e-13
-2.06437e-11
-6.04263e-14
-1.30065e-12
8.19927e-13
-1.61304e-12
9.34347e-13
-1.77683e-12
7.9928e-13
-1.16702e-12
3.13997e-13
-1.24129e-15
3.8086e-15
-9.27136e-16
-3.79372e-16
-6.01188e-16
-1.17654e-15
-2.90972e-17
-1.99413e-15
1.30218e-15
3.20807e-16
1.96946e-15
-2.80679e-15
1.32698e-14
-1.70297e-14
1.49341e-14
-1.21973e-14
3.28203e-15
3.96797e-15
1.99771e-15
5.49066e-16
4.23472e-15
6.95339e-15
2.89885e-15
8.78909e-16
1.35759e-13
-2.36894e-13
1.05248e-13
-5.10436e-14
1.22094e-15
-3.14372e-16
9.09968e-17
-3.08331e-17
1.24615e-17
-9.41873e-17
-9.10182e-17
2.72394e-17
-3.83707e-16
1.90461e-16
-1.51e-15
1.29022e-15
-5.22779e-15
7.24288e-16
-9.97385e-15
2.60634e-15
7.13946e-16
5.67144e-15
8.60018e-14
-7.08533e-13
6.04273e-14
-7.03296e-14
-6.86556e-21
-2.02764e-12
9.06529e-13
-1.69877e-12
7.4921e-13
-5.86208e-13
2.56533e-13
-3.5474e-14
5.86954e-15
-1.51576e-15
-3.91853e-17
-1.22654e-15
-6.84026e-16
-8.62699e-16
-1.55285e-15
-2.92046e-16
-2.38723e-15
2.35267e-15
1.17583e-15
8.83005e-15
-9.59888e-15
2.10122e-13
-1.38793e-12
2.39285e-13
-1.42321e-12
1.50435e-14
-2.35065e-13
2.07756e-15
2.58067e-15
4.05687e-15
4.35748e-15
1.16337e-14
1.56077e-14
4.97132e-14
-1.01741e-13
2.52808e-16
-1.61764e-15
4.72753e-17
-1.47753e-16
4.12931e-17
-4.27646e-18
-6.09779e-17
1.43277e-17
-1.52369e-16
1.13377e-16
-2.77014e-16
1.58819e-16
-2.21423e-16
5.06804e-16
-2.44163e-16
4.80155e-16
6.24803e-16
1.1369e-15
-8.38106e-14
1.22466e-15
3.90811e-14
-1.08805e-12
-2.08979e-25
-3.11721e-14
-6.48035e-21
-1.23082e-12
3.4678e-13
-2.9646e-13
2.13214e-14
-7.66189e-15
8.40707e-15
-2.10505e-15
3.13008e-16
-1.84007e-15
-3.09205e-16
-1.55749e-15
-9.78545e-16
-1.14435e-15
-1.96196e-15
-2.42974e-16
-3.30156e-15
2.74711e-15
-4.06722e-14
2.50019e-13
-4.88679e-13
1.39241e-12
-5.05789e-12
1.09086e-12
-4.14295e-12
4.47401e-15
-2.61399e-13
2.25161e-15
4.07138e-15
1.25067e-15
4.72707e-15
-1.02183e-14
1.42765e-14
-1.36162e-15
-2.53176e-14
7.65702e-17
-3.10104e-15
2.05589e-17
-1.18505e-16
-2.23443e-17
4.62535e-17
-1.18534e-16
1.14226e-16
-1.79564e-16
1.72959e-16
-1.79902e-16
1.10887e-16
-1.29101e-16
2.04504e-16
-1.33995e-16
2.70188e-16
-1.21718e-16
7.8041e-16
-1.35691e-14
-1.51797e-16
2.52233e-14
-5.05862e-13
-6.25847e-21
-2.12798e-14
-2.27604e-20
-2.90555e-14
2.53912e-14
-6.91511e-15
-7.86813e-16
-2.82982e-15
4.36451e-15
-3.22532e-15
7.39864e-16
-2.58869e-15
-9.37045e-16
-2.05746e-15
-1.51429e-15
-1.71458e-15
-2.29845e-15
2.3349e-15
-7.34861e-15
-8.76001e-14
-2.32498e-13
8.39238e-14
-3.32937e-12
5.333e-13
-5.52011e-12
5.99906e-13
-4.22229e-12
-7.18787e-16
-2.54965e-13
1.3069e-16
2.60523e-15
-9.78169e-16
5.15539e-15
-3.1429e-15
8.29856e-15
-2.14497e-14
-1.59855e-14
-2.2117e-17
-2.91313e-13
-1.02717e-17
-1.10119e-16
-7.14087e-17
1.03887e-16
-1.57118e-16
1.98039e-16
-1.81746e-16
1.9782e-16
-1.26983e-16
4.71847e-17
-6.86741e-17
8.32963e-17
-8.08813e-17
1.80563e-16
-1.98414e-17
4.34124e-16
1.10276e-17
8.06436e-17
7.56065e-16
-1.46144e-17
-2.9562e-20
-2.35932e-14
-1.11264e-19
-2.9134e-14
9.61739e-15
-5.29338e-14
1.32965e-14
-1.26188e-13
3.28809e-14
-1.66118e-13
-5.71045e-15
-6.26797e-14
-4.38777e-14
-6.19355e-15
-3.26619e-14
-1.8042e-15
-6.69083e-15
-1.73264e-16
-8.42932e-15
-7.91281e-13
-4.33138e-14
-8.28119e-13
-3.81421e-12
-6.5208e-13
-5.71291e-12
-3.36393e-13
-4.55358e-12
-1.13363e-15
-3.43383e-13
-1.38747e-15
2.19896e-15
-2.71338e-15
5.7432e-15
-7.72548e-14
8.20093e-14
-9.39734e-14
-2.27248e-13
-1.15885e-17
-2.70075e-13
-4.41826e-17
-8.16797e-17
-1.09008e-16
1.67465e-16
-1.67249e-16
2.54526e-16
-1.42371e-16
1.78263e-16
-6.82628e-17
-1.04034e-17
-2.9254e-17
1.27704e-17
-4.51093e-17
1.26706e-16
-2.12052e-18
2.54366e-16
1.97968e-18
9.12119e-18
2.86585e-19
-2.07612e-17
-8.69563e-21
-1.15293e-17
-2.63087e-19
-3.08147e-13
5.71905e-14
-3.39638e-13
3.90218e-14
-3.29877e-13
1.89456e-14
-3.23614e-13
-1.93398e-14
-2.99796e-13
-7.31036e-14
-1.08507e-13
-1.24635e-13
-9.88121e-15
-7.37714e-14
-1.34175e-14
-1.02196e-14
7.7741e-15
-3.88242e-14
-1.2589e-12
-2.52816e-12
-1.23031e-12
-5.761e-12
-1.49545e-12
-4.30838e-12
-9.45749e-15
-2.76395e-13
-1.07575e-14
2.78784e-15
-1.719e-13
1.49054e-13
-4.27168e-13
2.58506e-13
-8.99625e-14
-2.16635e-13
-5.13381e-17
-1.39618e-15
-7.57478e-17
-5.35572e-17
-1.31072e-16
2.26875e-16
-1.47703e-16
2.76227e-16
-7.2385e-17
1.22317e-16
-1.62501e-17
-3.36699e-17
-1.05423e-17
-3.03146e-18
-2.33072e-17
7.92644e-17
-3.26101e-19
1.60105e-16
8.23994e-19
2.31739e-18
2.9502e-19
-3.4494e-17
-9.41587e-21
-1.17252e-17
-4.43041e-19
-3.80156e-13
4.05084e-14
-3.74243e-13
2.57193e-14
-3.64899e-13
1.88577e-15
-3.54518e-13
-3.47504e-14
-3.4647e-13
-8.93246e-14
-3.18137e-13
-1.5954e-13
-7.68993e-14
-1.7621e-13
-7.50961e-15
-8.28669e-14
1.16335e-13
-7.71229e-14
-2.19006e-12
-1.55664e-12
-2.25746e-12
-5.71323e-12
-2.73571e-12
-3.84911e-12
-2.43127e-13
-1.02329e-13
-2.48988e-13
7.65899e-15
-5.5586e-13
4.21648e-13
-2.87847e-13
2.36816e-13
-2.79337e-16
-9.65772e-16
-8.98462e-17
-1.49171e-15
-1.04936e-16
6.5792e-17
-1.41737e-16
2.76352e-16
-1.26451e-16
2.72747e-16
-4.59185e-17
6.47473e-17
-6.09021e-18
-5.37567e-17
-5.34908e-18
-4.61473e-18
-1.03004e-17
4.04831e-17
1.52628e-18
9.49856e-17
8.58282e-19
1.74432e-18
2.96384e-19
-4.75379e-17
-1.97178e-20
-2.74303e-17
-6.12138e-19
-4.05928e-13
3.05742e-14
-3.96836e-13
1.28706e-14
-3.68074e-13
-1.12298e-14
-3.64747e-13
-4.54049e-14
-3.68021e-13
-9.35291e-14
-3.73543e-13
-1.60985e-13
-3.22123e-13
-2.35508e-13
6.51003e-15
-1.65193e-13
2.66352e-14
-5.95659e-14
-3.66855e-12
-1.39178e-12
-3.59244e-12
-5.80568e-12
-4.32165e-12
-3.20417e-12
-5.2393e-13
-1.29224e-14
-5.36324e-13
1.84475e-14
-4.69029e-13
1.61463e-13
-9.0849e-16
8.55637e-15
-8.37896e-16
-2.74425e-15
-2.15637e-16
-1.61037e-15
-1.31304e-16
2.53782e-16
-1.47645e-16
3.15757e-16
-1.1193e-16
2.54716e-16
-3.16444e-17
1.09497e-17
-3.91954e-18
-5.47008e-17
-3.30687e-18
-3.76474e-18
-3.78344e-18
1.72624e-17
2.87868e-18
4.57336e-17
3.21067e-18
8.11131e-18
1.46693e-19
-4.90426e-17
-3.21973e-20
-3.24355e-17
-7.69383e-19
-4.02837e-13
2.01357e-14
-3.53006e-13
3.73526e-15
-3.45593e-13
-5.05152e-15
-3.67731e-13
-3.11966e-14
-3.82816e-13
-8.60111e-14
-4.04435e-13
-1.45731e-13
-4.19294e-13
-2.27715e-13
6.40213e-14
-2.89784e-13
7.28952e-14
-3.3859e-14
-2.98217e-12
-4.17306e-13
-6.51587e-12
-5.46522e-12
-7.58784e-12
-2.52752e-12
-2.48713e-12
8.72783e-13
-7.1936e-14
2.54776e-13
-7.76035e-15
9.11567e-15
-1.20421e-15
-3.60201e-16
-1.10085e-15
-3.8579e-15
-5.29614e-16
-1.73654e-15
-1.53329e-16
3.69912e-16
-1.53249e-16
3.4781e-16
-1.0341e-16
2.22805e-16
-1.59821e-17
-7.76666e-17
-2.74725e-18
-4.02637e-17
-1.809e-18
-2.22655e-18
-1.26654e-18
6.97477e-18
2.12466e-18
1.70061e-17
7.10199e-18
1.13906e-17
-1.06443e-19
-4.26927e-17
-4.58621e-20
-3.33001e-17
-8.65391e-19
-5.14957e-15
1.23868e-16
-1.81581e-15
2.55995e-17
-1.59319e-14
-4.32774e-17
-1.56192e-13
-5.57866e-16
-3.11796e-13
-1.00227e-14
-4.28464e-13
-3.3632e-14
-5.22385e-13
-1.38069e-13
-1.20263e-13
-1.64197e-13
-7.98617e-14
-2.43632e-14
-8.78581e-13
-4.59161e-14
-7.02841e-12
-9.77454e-13
-9.47463e-12
-7.5189e-13
-9.82807e-12
6.89026e-13
-9.04633e-15
1.00248e-12
-1.94385e-15
8.33979e-16
-2.46115e-15
-1.06515e-15
-1.06669e-15
-4.06883e-15
-3.11456e-16
-5.23971e-16
-1.77979e-16
3.9849e-16
-1.84875e-16
3.99221e-16
-1.32335e-16
1.98021e-16
-6.82076e-18
-1.72512e-16
-1.65402e-18
-2.16093e-17
-9.19845e-19
-9.79267e-19
-4.47498e-19
2.87107e-18
6.69585e-19
5.44134e-18
2.10522e-18
3.37594e-18
-3.4415e-19
-3.70766e-17
-5.89572e-20
-3.02221e-17
-8.35555e-19
-3.52047e-16
6.70207e-17
-2.9501e-16
-6.84129e-18
-2.81799e-16
-8.21694e-17
-7.41908e-16
-1.50201e-16
-1.0731e-14
-3.90645e-17
-7.78732e-14
-5.56811e-17
-9.77431e-14
-3.98897e-16
-6.04413e-14
-8.99714e-15
-1.84644e-14
-1.01076e-14
-3.1958e-14
-1.55651e-14
-1.7804e-12
-3.83404e-15
-3.6571e-12
-9.97075e-15
-2.37859e-12
1.47614e-15
-3.10159e-15
7.44114e-15
-3.9035e-15
3.32877e-16
-2.40193e-15
-2.87908e-15
-1.01588e-15
-3.62344e-15
-3.39725e-16
-2.91771e-16
-2.03361e-16
4.46437e-16
-2.16772e-16
4.76893e-16
-1.01479e-16
1.35196e-16
-9.41941e-19
-2.22169e-16
-6.78351e-19
-6.96225e-18
-4.04099e-19
-2.74642e-19
-1.94903e-19
1.05065e-18
2.65077e-19
1.88857e-18
1.00101e-18
1.59662e-18
-4.60746e-19
-2.78712e-17
-5.76537e-20
-2.25168e-17
-6.53557e-19
-2.75472e-15
1.35129e-15
-1.22622e-15
-1.52973e-15
-1.20377e-15
-1.11376e-16
-1.92721e-16
-1.16556e-15
-1.96241e-16
-3.22974e-17
-2.21472e-16
-4.04903e-17
-5.75525e-16
-5.66407e-17
-9.51191e-15
-8.97513e-17
-1.44806e-14
-2.55729e-15
-5.24261e-15
-6.59672e-15
-5.93657e-15
-3.43234e-15
-1.89942e-14
-5.05204e-16
-1.75849e-14
2.64551e-15
-6.2953e-15
-1.35999e-15
-5.58909e-15
-1.3342e-16
-2.33165e-15
-4.03695e-15
-4.16881e-16
-6.10552e-16
-3.44866e-16
-4.57294e-16
-1.98809e-16
4.65785e-16
-1.83706e-16
5.16307e-16
-8.33893e-17
4.50673e-17
-8.46375e-19
-4.7767e-16
-1.72713e-19
-1.56805e-18
-1.36668e-19
-4.764e-20
-1.09061e-19
2.90839e-19
1.24434e-19
7.89593e-19
7.11816e-19
1.08965e-18
-3.92655e-19
-1.70702e-17
-4.65731e-20
-1.32311e-17
-3.62723e-19
-4.69383e-14
1.98299e-15
-2.36508e-13
8.85896e-15
-2.55073e-13
-1.99232e-14
-4.82693e-16
-9.95352e-15
-1.58256e-16
-3.77243e-16
-1.96354e-16
-2.5243e-17
-2.99681e-16
-2.8385e-17
-4.32956e-16
-2.92734e-17
-9.18949e-15
-8.47418e-17
-1.39784e-14
-1.9042e-16
-2.89136e-14
2.65782e-15
-5.94612e-15
2.91128e-15
-3.64134e-15
2.71459e-15
-3.35063e-15
7.90603e-16
-1.82541e-15
-1.34456e-16
-3.14933e-16
-3.43577e-16
-8.03907e-16
-5.17511e-16
-6.50508e-16
-4.38297e-16
-1.48387e-16
9.04593e-16
-1.15876e-16
4.6031e-16
-1.19264e-16
-6.46325e-17
-4.44156e-19
-7.93094e-16
-2.66948e-20
-9.16676e-19
-3.69677e-20
-7.85163e-21
-6.35783e-20
6.15396e-20
5.94472e-20
3.26192e-19
4.49221e-19
6.24661e-19
-2.23066e-19
-8.11815e-18
-2.62197e-20
-5.65559e-18
-1.20735e-19
-1.99178e-12
3.07977e-12
-3.41302e-12
7.34292e-13
-2.83151e-12
3.91256e-14
-1.17838e-13
4.87934e-14
-1.05112e-16
-1.18117e-13
-1.20953e-16
-1.49695e-17
-1.55462e-16
-1.02989e-17
-2.33741e-16
-2.3633e-18
-2.07941e-16
1.73177e-17
-1.16107e-14
-1.72922e-17
-2.18126e-14
2.98307e-15
-1.79368e-14
7.89819e-15
-6.57743e-15
7.9451e-15
-3.78116e-16
1.37314e-15
-1.55682e-16
-1.66685e-15
-2.32464e-16
-2.74511e-16
-9.43596e-16
-1.81957e-16
-1.38442e-15
-1.48114e-16
-1.21386e-16
2.8032e-15
-1.17015e-15
1.45927e-15
-7.76976e-17
-7.80247e-16
-2.80893e-19
-9.93166e-16
-3.63754e-21
-4.41436e-19
-1.00076e-20
-1.87879e-21
-3.24206e-20
1.21572e-20
2.47252e-20
1.08508e-19
2.23995e-19
2.62028e-19
-8.04377e-20
-3.01445e-18
-8.76537e-21
-1.78469e-18
-3.33215e-20
4.79209e-12
1.00843e-11
4.53302e-13
3.93383e-12
1.46117e-12
-2.02745e-13
9.11449e-14
1.12668e-12
4.32061e-17
5.17153e-14
-2.95198e-17
2.67667e-17
-7.48611e-17
3.73609e-17
-1.0104e-16
3.55161e-17
-1.57402e-16
4.19464e-17
-5.11083e-17
7.26398e-17
-3.00942e-15
-9.60203e-17
-1.06474e-14
7.66545e-16
-7.17488e-15
6.895e-15
-5.39942e-15
2.00749e-15
-7.14535e-16
-1.1808e-15
-7.49917e-17
-5.39744e-16
-4.03573e-16
-7.88216e-17
-1.83307e-15
-3.87661e-17
-1.11895e-15
2.31831e-15
-6.67531e-17
6.2651e-15
4.69574e-16
-1.22741e-15
-1.01116e-19
-4.75745e-16
-6.85155e-22
-4.77106e-20
-2.91567e-21
-4.20648e-22
-1.31992e-20
2.28237e-21
8.18962e-21
2.37571e-20
8.72238e-20
7.57562e-20
-1.95203e-20
-9.8875e-19
-2.42278e-21
-5.69504e-19
-5.76786e-21
4.45841e-11
6.69401e-12
4.40614e-11
4.03875e-12
4.41941e-11
-8.95428e-13
7.09478e-12
3.75724e-12
1.09425e-15
2.59251e-13
-3.22576e-15
5.15834e-15
1.92474e-16
7.11677e-16
-2.85669e-17
2.10372e-16
-6.66205e-17
9.34158e-17
-6.36305e-17
9.30236e-17
-9.42247e-17
7.20491e-17
-5.53622e-16
1.02948e-16
-6.36737e-16
5.84747e-16
-2.13726e-16
3.59599e-16
-9.96991e-17
-5.16094e-17
-3.48137e-17
-4.47457e-17
-1.38259e-16
-7.49184e-18
-2.90779e-16
-3.22757e-18
-1.22692e-15
3.93722e-16
9.49063e-16
6.42914e-15
5.50648e-16
-1.23616e-16
-7.34992e-21
-6.73222e-17
-1.18836e-22
-7.21966e-21
-7.4181e-22
-6.80413e-23
-4.07729e-21
2.65505e-22
2.03649e-21
1.59204e-21
2.76533e-20
1.32621e-20
-4.99699e-21
-2.69626e-19
-4.20569e-22
-9.24547e-20
-6.8295e-22
1.14283e-10
3.55461e-12
1.112e-10
6.65557e-12
-1.95471e-12
1.48733e-12
-7.37561e-13
-8.98436e-14
-1.35872e-13
1.25673e-13
-2.81507e-15
5.96273e-14
3.55119e-16
1.55105e-15
-1.74812e-16
1.24387e-15
-2.63231e-16
2.8899e-15
-1.51281e-17
5.82317e-16
-1.54284e-17
2.32932e-17
-4.02982e-17
2.11059e-17
-4.93315e-17
5.00834e-17
-1.80676e-17
2.9621e-17
-1.14428e-17
-2.50995e-18
-4.2134e-18
-2.88049e-18
-1.54038e-17
-1.03987e-18
-1.33235e-16
-1.99618e-19
-3.78124e-16
1.20476e-16
5.50895e-16
6.34854e-16
1.12818e-16
-1.17619e-17
-7.34191e-22
-4.13093e-18
-1.49788e-23
-3.11263e-22
-1.46951e-22
-8.04262e-24
-9.50972e-22
-2.00653e-24
3.72927e-22
-1.85669e-22
7.3266e-21
-3.4456e-23
-8.6832e-22
-5.71771e-20
-5.00086e-23
-8.44556e-21
-5.32204e-23
3.362e-12
-7.08554e-14
8.54188e-13
-3.65852e-14
2.97334e-14
-6.43887e-15
2.48097e-14
-6.39138e-15
2.85061e-14
1.04948e-13
2.51039e-15
1.57285e-13
-1.70048e-17
2.41093e-15
-6.09266e-16
1.47252e-15
-9.8016e-16
3.76942e-15
-8.72838e-18
8.18038e-16
-9.68004e-18
1.32007e-17
-9.54832e-18
1.10452e-17
-6.71585e-18
8.85979e-18
-2.5994e-18
2.19145e-18
-1.61087e-18
-1.2595e-18
-8.68668e-19
-1.93862e-18
-1.13627e-18
-7.49302e-19
-1.20759e-17
-3.96323e-20
-3.89028e-17
6.97032e-18
6.84367e-17
1.46873e-16
9.44184e-18
-5.59783e-19
-2.20604e-23
-1.11619e-19
-1.40716e-24
-3.3433e-24
-2.18378e-23
-7.59931e-25
-1.7283e-22
-1.39155e-24
5.06494e-23
-5.6064e-23
1.39203e-21
-1.44835e-22
-1.15739e-22
-8.54945e-21
-3.90467e-24
-3.94896e-22
-2.66148e-24
6.34232e-14
2.30327e-15
2.25378e-14
3.91954e-15
1.1627e-14
4.26518e-15
2.69375e-14
6.25962e-14
1.56204e-14
2.1055e-13
7.98642e-15
2.05449e-13
-3.19767e-16
2.41118e-15
-1.1755e-15
2.38321e-15
-1.48708e-15
3.132e-15
-6.36518e-17
7.33597e-16
-7.83111e-17
5.75422e-16
-1.85608e-16
3.16157e-16
-5.09409e-18
8.27355e-17
-3.72426e-18
6.21729e-19
-2.43035e-18
-1.12866e-18
-9.70589e-19
-1.73903e-18
-1.88719e-19
-6.60346e-19
-5.72775e-19
-4.15036e-20
-4.14367e-18
9.39006e-20
5.81262e-18
7.91148e-18
3.53261e-19
-8.89428e-21
-1.95312e-25
-8.84699e-22
-1.08169e-25
-2.49436e-25
-2.14347e-24
-5.07285e-26
-2.08841e-23
-1.52222e-25
4.17008e-24
-6.28848e-24
1.6994e-22
-2.36946e-23
-8.5699e-24
-7.64959e-22
-1.94055e-25
-8.78543e-24
-8.41896e-26
4.075e-15
2.94469e-15
4.82585e-15
3.1165e-15
6.74662e-15
2.28165e-15
2.07851e-12
1.19947e-12
8.75053e-13
8.24282e-12
-1.97147e-15
6.75029e-13
-3.81984e-16
6.84781e-16
-1.29172e-15
1.37338e-15
-3.52628e-15
3.76871e-15
-4.59027e-15
4.33743e-15
-4.62721e-15
3.43586e-15
-8.82639e-17
1.47825e-15
-8.18165e-18
2.24287e-18
-6.54857e-18
2.80336e-19
-3.96144e-18
-1.41849e-18
-1.19401e-18
-1.91985e-18
-1.32032e-19
-6.20953e-19
-1.72518e-20
-5.08061e-20
-1.54783e-19
-1.37317e-21
1.16081e-19
2.60371e-20
3.67025e-21
-2.04899e-23
-1.47805e-26
-1.3414e-24
-5.98215e-27
-1.85787e-26
-1.16456e-25
-2.29233e-27
-1.39108e-24
-6.34702e-27
1.57256e-25
-2.95299e-25
1.13491e-23
-1.43502e-24
-2.8906e-25
-3.5166e-23
-6.00103e-27
-8.10537e-26
-1.67194e-27
2.37031e-15
3.43738e-15
1.67649e-15
3.75519e-15
4.82732e-16
3.41119e-15
-2.27761e-12
6.44917e-12
-1.50271e-13
1.42051e-11
-4.4478e-16
2.21576e-13
-6.69299e-16
7.72518e-16
-6.16499e-16
8.40392e-16
-2.39412e-15
2.25761e-15
-8.47499e-15
5.14436e-15
-5.46148e-15
3.47946e-15
-1.50431e-17
1.12736e-15
-1.20034e-17
7.41801e-19
-9.34566e-18
-6.56999e-19
-5.67256e-18
-2.13608e-18
-1.26889e-18
-2.35968e-18
-1.08939e-19
-5.6439e-19
-4.51195e-21
-4.95342e-20
-3.6845e-22
-1.5582e-21
7.49604e-23
-3.50554e-23
4.15673e-24
-1.75476e-24
-1.25881e-27
-6.69526e-26
-2.25753e-28
-1.11285e-27
-2.98409e-27
-8.22825e-29
-4.36689e-26
-9.55716e-29
1.65744e-27
-5.19157e-27
3.54619e-25
-3.20424e-26
-3.72985e-27
-7.14445e-25
-1.13143e-28
-1.99869e-28
-2.0715e-29
2.55001e-12
3.05955e-12
1.65048e-12
1.30982e-11
-7.2398e-13
3.08896e-11
-6.1323e-13
1.69024e-11
-3.19058e-13
9.35229e-12
-3.66465e-14
1.37349e-13
-3.21999e-16
2.09205e-13
-6.34655e-16
1.05141e-15
-1.01245e-15
2.52335e-15
-1.81265e-15
5.79943e-15
-1.97767e-15
1.59797e-15
-4.45125e-15
1.27644e-15
-1.00696e-17
-2.02471e-15
-9.9146e-18
-3.97405e-20
-6.37787e-18
-3.25864e-18
-1.04494e-18
-2.99319e-18
-7.49417e-20
-5.36622e-19
-2.07582e-21
-3.14022e-20
-3.37687e-23
-7.9365e-22
-1.07939e-25
-1.18849e-23
9.77091e-26
-1.80919e-25
-8.38123e-29
-3.00934e-27
-6.67466e-30
-3.13367e-29
-2.95592e-29
-1.41158e-30
-5.31864e-28
-4.16522e-31
-4.70292e-28
-2.7791e-29
4.34693e-27
-2.32134e-28
-1.15923e-29
-5.52483e-27
-1.26377e-30
-6.00804e-32
-1.60268e-31
-2.94295e-11
2.55358e-11
-3.5267e-11
2.96682e-11
-2.62468e-11
3.425e-11
-4.36797e-12
4.96995e-12
-4.32481e-13
1.48811e-12
-3.00157e-13
2.38132e-13
-2.70605e-13
4.48142e-13
-1.36967e-11
1.15376e-11
-1.68467e-11
2.01115e-11
-2.45636e-14
2.31967e-12
-7.92195e-14
5.40284e-14
-5.86571e-14
-2.27436e-17
-9.77214e-18
2.43481e-15
-9.93214e-18
-6.20762e-20
-6.22028e-18
-5.07811e-18
-7.83764e-19
-4.57255e-18
-3.39663e-20
-3.68615e-19
-6.44781e-22
-1.00756e-20
-5.91761e-24
-1.37921e-22
-2.35392e-26
-1.11169e-24
-3.46435e-29
-6.36851e-27
-2.34184e-30
-4.23973e-29
-8.91e-32
-2.09407e-31
-8.43677e-32
-4.92772e-33
-1.93777e-30
-3.15132e-34
-7.06879e-30
-2.82767e-32
1.72129e-29
-3.75108e-31
-3.77433e-33
-1.18664e-29
-8.00652e-33
-8.23246e-35
-8.03913e-34
6.54989e-12
4.04813e-12
-5.14609e-13
2.14639e-11
-4.3381e-12
4.1855e-11
-1.23648e-11
3.90604e-11
-3.67937e-12
1.59396e-11
-5.11422e-13
7.16151e-12
-5.43121e-12
5.66295e-12
-2.74562e-11
1.36913e-11
-2.3109e-11
2.3739e-11
-4.23775e-11
3.02465e-11
-1.12472e-11
9.07563e-12
-2.68503e-13
9.04032e-14
-1.03689e-17
-9.14271e-13
-1.09754e-17
-1.53446e-20
-6.75353e-18
-4.94639e-18
-3.71106e-19
-5.559e-18
-7.0647e-21
-1.91619e-19
-6.6618e-23
-2.29941e-21
-3.22514e-25
-8.31285e-24
-7.70534e-28
-9.74696e-27
-1.07172e-30
-8.54842e-30
-1.21659e-32
-1.10474e-32
-2.05673e-34
-1.37733e-35
-3.75619e-35
-9.22918e-38
-1.20208e-33
-9.50634e-39
-1.05486e-32
-2.61042e-36
1.44189e-32
-9.85282e-35
-4.2551e-36
-7.7906e-33
-2.66778e-35
-2.4306e-37
-2.88799e-36
3.23137e-12
1.62976e-11
4.83486e-11
5.13428e-11
2.53807e-11
3.15062e-12
1.95487e-11
1.23008e-11
1.70973e-11
1.0332e-11
-1.24834e-12
-5.42706e-12
-1.68508e-18
-1.70053e-18
-1.50993e-18
-4.12487e-20
-3.97758e-22
-1.1154e-24
-8.7289e-28
-4.05119e-31
-1.36755e-34
-3.1885e-37
-1.32122e-39
-3.85222e-40
-3.8827e-38
-1.32104e-36
1.24786e-36
-5.05343e-39
-3.10278e-38
)
;

boundaryField
{
    leftWall
    {
        type            calculated;
        value           uniform 0;
    }
    rightWall
    {
        type            calculated;
        value           uniform 0;
    }
    lowerWall
    {
        type            calculated;
        value           uniform 0;
    }
    atmosphere
    {
        type            calculated;
        value           nonuniform List<scalar> 
120
(
1.13402e-07
2.4447e-12
2.47525e-12
1.77871e-12
2.85039e-13
0
0
0
0
0
0
0
0
0
0
0
0
0
0
0
0
0
0
0
0
0
0
0
0
0
0
0
0
0
0
0
0
0
1.05999e-23
6.73834e-22
1.62932e-19
2.42511e-18
2.01066e-17
1.67842e-17
3.88828e-18
5.01522e-18
1.75259e-17
2.96742e-17
4.2144e-16
2.40956e-15
1.82457e-15
6.42545e-16
1.84595e-16
3.21999e-16
9.16271e-16
9.66589e-15
5.35437e-14
1.07077e-13
8.81092e-14
9.3002e-14
3.06673e-13
1.88205e-12
7.87574e-12
2.14797e-11
2.58659e-11
2.54317e-11
1.90553e-11
1.41228e-11
1.3866e-11
2.57465e-11
2.48388e-11
7.24232e-12
0
0
0
0
0
0
0
0
0
0
0
0
0
0
0
0
0
0
1.15694e-07
2.45619e-12
2.86349e-12
1.99345e-12
3.96181e-13
0
0
0
0
0
0
0
0
0
0
0
0
0
0
0
0
0
0
0
0
0
0
0
0
0
)
;
    }
    defaultFaces
    {
        type            empty;
        value           nonuniform 0();
    }
}


// ************************************************************************* //
