/*--------------------------------*- C++ -*----------------------------------*\
| =========                 |                                                 |
| \\      /  F ield         | OpenFOAM: The Open Source CFD Toolbox           |
|  \\    /   O peration     | Version:  2.4.0                                 |
|   \\  /    A nd           | Web:      www.OpenFOAM.org                      |
|    \\/     M anipulation  |                                                 |
\*---------------------------------------------------------------------------*/
FoamFile
{
    version     2.0;
    format      ascii;
    class       surfaceScalarField;
    location    "0.199";
    object      phiAlpha;
}
// * * * * * * * * * * * * * * * * * * * * * * * * * * * * * * * * * * * * * //

dimensions      [0 3 -1 0 0 0 0];

internalField   nonuniform List<scalar> 
7080
(
4.67916e-08
-4.67916e-08
7.66001e-08
-2.98085e-08
8.00796e-08
-3.47955e-09
6.30212e-08
1.70584e-08
4.10321e-08
2.1989e-08
2.12001e-08
1.98321e-08
8.64444e-09
1.25556e-08
-1.67286e-09
1.03173e-08
-9.30955e-09
7.63665e-09
-8.84496e-09
-4.64611e-10
-4.76589e-09
-4.07912e-09
-1.42597e-08
9.4938e-09
-1.71813e-08
2.92158e-09
-2.26701e-08
5.48884e-09
-2.72809e-08
4.61079e-09
-4.86997e-09
-2.24109e-08
3.43462e-08
-3.91866e-08
4.43602e-08
-1.00804e-08
3.88493e-08
5.44709e-09
-7.42079e-09
4.65253e-08
-1.27499e-07
1.21409e-07
-2.09734e-07
8.22338e-08
-2.19161e-07
9.42461e-09
-2.10854e-07
-8.78846e-09
-1.45891e-07
-6.65408e-08
-1.05169e-07
-4.08783e-08
-7.35856e-08
-3.14846e-08
-4.53503e-08
-2.83891e-08
-2.37866e-08
-2.17026e-08
-1.88545e-08
-5.05732e-09
5.34254e-08
-1.00217e-07
9.97392e-08
-7.61222e-08
1.20203e-07
-2.39431e-08
1.13585e-07
2.36758e-08
9.79463e-08
3.7628e-08
8.05378e-08
3.72407e-08
6.793e-08
2.51633e-08
5.30924e-08
2.51549e-08
3.78378e-08
2.28912e-08
3.45537e-08
2.81945e-09
3.59978e-08
-5.52325e-09
1.59039e-08
2.95877e-08
9.35518e-09
9.47028e-09
-1.52732e-08
3.01172e-08
-2.43447e-08
1.36823e-08
-1.36552e-08
-3.30972e-08
5.30562e-09
-5.81939e-08
1.70258e-08
-2.18139e-08
-4.13513e-08
6.40098e-08
-1.66074e-07
1.72167e-07
-2.80739e-07
2.37117e-07
-2.85666e-07
8.66341e-08
-2.58953e-07
-1.74141e-08
-2.1748e-07
-5.03203e-08
-1.59461e-07
-1.24572e-07
-1.15056e-07
-8.52872e-08
-7.71334e-08
-6.94144e-08
-5.34074e-08
-5.21216e-08
-2.91003e-08
-4.60145e-08
-4.37233e-08
-4.22862e-09
4.95661e-08
-1.49783e-07
9.76508e-08
-1.24207e-07
1.22422e-07
-4.87143e-08
1.19874e-07
2.62237e-08
1.08472e-07
4.90304e-08
9.6168e-08
4.95443e-08
8.70922e-08
3.4239e-08
7.71072e-08
3.51399e-08
6.14975e-08
3.85009e-08
6.15584e-08
2.75844e-09
6.57026e-08
-9.66746e-09
4.52543e-08
5.00359e-08
4.78488e-08
6.87581e-09
2.00241e-08
5.79418e-08
7.47604e-09
2.62304e-08
4.47464e-09
-3.00966e-08
-1.72842e-08
-3.6515e-08
-4.42324e-08
5.02836e-09
-1.36375e-07
1.56164e-07
-2.48186e-07
2.84474e-07
-2.92207e-07
2.81751e-07
-2.68151e-07
6.24949e-08
-2.27722e-07
-5.80193e-08
-1.72284e-07
-1.0574e-07
-1.30488e-07
-1.66385e-07
-9.78772e-08
-1.17945e-07
-6.52672e-08
-1.02028e-07
-4.08945e-08
-7.64647e-08
-2.64077e-08
-6.04962e-08
-5.88741e-08
-1.12494e-08
4.79017e-08
-1.97685e-07
9.60915e-08
-1.72397e-07
1.21402e-07
-7.40244e-08
1.19335e-07
2.82904e-08
1.08602e-07
5.97628e-08
9.79256e-08
6.02212e-08
9.01523e-08
4.20122e-08
8.30696e-08
4.22226e-08
6.65242e-08
5.50462e-08
7.10754e-08
-1.79281e-09
7.43048e-08
-1.28969e-08
5.91093e-08
6.52313e-08
7.69479e-08
-1.09628e-08
5.21936e-08
8.26962e-08
3.5548e-08
4.2876e-08
2.24598e-08
-1.70084e-08
-2.80683e-08
1.3994e-08
-8.03795e-08
5.73202e-08
-1.81427e-07
2.57219e-07
-2.72576e-07
3.75478e-07
-2.74264e-07
2.82997e-07
-2.44838e-07
3.28949e-08
-1.8194e-07
-1.21074e-07
-1.16362e-07
-1.71461e-07
-9.44164e-08
-1.88602e-07
-6.58147e-08
-1.46665e-07
-4.8692e-08
-1.19195e-07
-3.05914e-08
-9.46047e-08
-2.12726e-08
-6.98023e-08
-6.49042e-08
-1.52308e-08
4.76209e-08
-2.45306e-07
9.60775e-08
-2.20853e-07
1.21492e-07
-9.94391e-08
1.19263e-07
3.05192e-08
1.08164e-07
7.0862e-08
9.77578e-08
7.06276e-08
9.03033e-08
4.94667e-08
8.40968e-08
4.84291e-08
6.57468e-08
7.33961e-08
7.39713e-08
-1.00173e-08
6.98391e-08
-8.76476e-09
6.36943e-08
7.13762e-08
9.73659e-08
-4.46344e-08
7.46298e-08
1.05432e-07
5.98102e-08
5.76956e-08
3.90402e-08
3.76158e-09
-3.60843e-08
8.91209e-08
-1.03678e-07
1.24924e-07
-1.69614e-07
3.23165e-07
-2.01832e-07
4.07571e-07
-1.83861e-07
2.6499e-07
-1.42143e-07
-9.38245e-09
-8.85864e-08
-1.74608e-07
-3.20246e-08
-2.28068e-07
-6.11826e-10
-2.19937e-07
1.66554e-08
-1.63853e-07
5.22952e-09
-1.07792e-07
-9.98424e-09
-7.9427e-08
-1.28031e-08
-6.69935e-08
-5.76073e-08
-2.01142e-08
4.77257e-08
-2.93032e-07
9.65401e-08
-2.69668e-07
1.22106e-07
-1.25005e-07
1.19677e-07
3.29487e-08
1.07987e-07
8.25514e-08
9.76022e-08
8.10127e-08
9.04301e-08
5.66388e-08
8.41788e-08
5.46804e-08
6.43866e-08
9.31883e-08
7.47811e-08
-2.04119e-08
6.14172e-08
4.59908e-09
6.38627e-08
6.89307e-08
1.04379e-07
-8.51509e-08
8.61964e-08
1.23615e-07
8.19265e-08
6.19655e-08
6.40207e-08
2.16674e-08
-1.79997e-08
1.71141e-07
-8.86677e-08
1.95592e-07
-1.29282e-07
3.63534e-07
-1.36434e-07
4.14188e-07
-1.13954e-07
2.42543e-07
-7.09194e-08
-5.25434e-08
-3.09605e-08
-2.14544e-07
3.97192e-09
-2.62983e-07
1.84485e-08
-2.34467e-07
3.36733e-08
-1.79117e-07
3.73444e-08
-1.11456e-07
2.08304e-08
-6.29491e-08
1.6104e-09
-4.77836e-08
-4.15033e-08
-1.45116e-08
4.79224e-08
-3.40954e-07
9.71531e-08
-3.18898e-07
1.22929e-07
-1.50781e-07
1.20284e-07
3.55933e-08
1.07883e-07
9.49521e-08
9.74961e-08
9.14e-08
9.08091e-08
6.33257e-08
8.40475e-08
6.1442e-08
6.37615e-08
1.13474e-07
7.54277e-08
-3.20782e-08
5.80209e-08
2.20059e-08
6.26779e-08
6.42736e-08
8.55636e-08
-1.08037e-07
7.91377e-08
1.30041e-07
9.72976e-08
4.38057e-08
8.82156e-08
3.07494e-08
1.94166e-08
2.3994e-07
-3.8665e-08
2.53699e-07
-4.04177e-08
3.64822e-07
-3.63137e-08
4.10121e-07
-1.34968e-08
2.19761e-07
2.25576e-08
-8.85084e-08
4.42348e-08
-2.36286e-07
4.63714e-08
-2.65101e-07
4.3123e-08
-2.31191e-07
4.10049e-08
-1.77092e-07
4.54491e-08
-1.1592e-07
4.00596e-08
-5.75601e-08
1.93479e-08
-2.70724e-08
-2.03022e-08
-1.85303e-09
4.81513e-08
-3.89105e-07
9.78651e-08
-3.68612e-07
1.23903e-07
-1.76819e-07
1.21015e-07
3.84818e-08
1.0777e-07
1.08197e-07
9.73821e-08
1.01788e-07
9.14064e-08
6.93014e-08
8.37381e-08
6.91103e-08
6.40517e-08
1.33161e-07
7.6718e-08
-4.47445e-08
6.28039e-08
3.592e-08
6.21055e-08
6.4972e-08
4.86073e-08
-9.45384e-08
5.49482e-08
1.237e-07
9.39373e-08
4.81658e-09
8.94117e-08
3.5275e-08
4.94084e-08
2.79944e-07
-5.42032e-09
3.08545e-07
2.38468e-09
3.57669e-07
3.53086e-08
3.77235e-07
7.11032e-08
1.84002e-07
9.9387e-08
-1.16509e-07
1.04749e-07
-2.41396e-07
9.4169e-08
-2.5451e-07
7.97957e-08
-2.16981e-07
6.25978e-08
-1.59895e-07
4.99638e-08
-1.03287e-07
3.94685e-08
-4.70655e-08
2.47898e-08
-1.23942e-08
-4.22162e-09
8.70957e-09
4.8401e-08
-4.37506e-07
9.86703e-08
-4.18881e-07
1.25027e-07
-2.03176e-07
1.21862e-07
4.16468e-08
1.07624e-07
1.22435e-07
9.7258e-08
1.12154e-07
9.21706e-08
7.43887e-08
8.31621e-08
7.81188e-08
6.51731e-08
1.5115e-07
7.75012e-08
-5.70727e-08
7.22227e-08
4.11985e-08
6.76717e-08
6.95229e-08
2.86232e-08
-5.54899e-08
3.21763e-08
1.20147e-07
6.24286e-08
-2.54357e-08
6.2907e-08
3.47965e-08
6.25796e-08
2.80271e-07
2.93729e-08
3.41751e-07
3.53537e-08
3.52092e-07
7.95585e-08
3.33067e-07
1.29828e-07
1.34486e-07
1.48748e-07
-1.35355e-07
1.31829e-07
-2.24816e-07
1.04959e-07
-2.27912e-07
8.45686e-08
-1.96591e-07
6.73115e-08
-1.42638e-07
5.18275e-08
-8.78028e-08
3.80174e-08
-3.32561e-08
2.46978e-08
9.2462e-10
7.72056e-09
1.27535e-08
4.86684e-08
-4.86175e-07
9.95678e-08
-4.69781e-07
1.26304e-07
-2.29912e-07
1.22829e-07
4.51216e-08
1.07437e-07
1.37827e-07
9.71471e-08
1.22444e-07
9.29989e-08
7.85369e-08
8.24096e-08
8.87081e-08
6.61856e-08
1.67373e-07
7.58058e-08
-6.66929e-08
8.14471e-08
3.55572e-08
7.68108e-08
7.41592e-08
3.04523e-08
-9.13136e-09
2.55594e-08
1.2504e-07
3.70467e-08
-3.6923e-08
4.96631e-08
2.21802e-08
7.19084e-08
2.58026e-07
6.34455e-08
3.50214e-07
8.95001e-08
3.26037e-07
1.41988e-07
2.81642e-07
1.8927e-07
8.73092e-08
1.74396e-07
-1.20605e-07
1.38782e-07
-1.89273e-07
1.10311e-07
-1.99441e-07
8.82806e-08
-1.74561e-07
6.79389e-08
-1.22297e-07
4.74003e-08
-6.72647e-08
3.17236e-08
-1.75798e-08
1.99871e-08
1.26605e-08
1.78036e-08
9.90201e-09
4.89516e-08
-5.35126e-07
1.00557e-07
-5.21386e-07
1.27738e-07
-2.57093e-07
1.23916e-07
4.89436e-08
1.07205e-07
1.54538e-07
9.70589e-08
1.3259e-07
9.38288e-08
8.1767e-08
8.17268e-08
1.0081e-07
6.59516e-08
1.83149e-07
7.20849e-08
-7.28262e-08
8.85148e-08
1.91273e-08
8.13339e-08
8.13401e-08
4.05629e-08
3.16396e-08
3.72557e-08
1.28347e-07
4.01649e-08
-3.98321e-08
6.01155e-08
2.22959e-09
8.26558e-08
2.35486e-07
8.2935e-08
3.49935e-07
1.22972e-07
2.86e-07
1.86836e-07
2.17778e-07
2.15396e-07
5.87135e-08
1.72213e-07
-7.74708e-08
1.38682e-07
-1.55736e-07
1.20709e-07
-1.81468e-07
1.02611e-07
-1.56463e-07
7.7085e-08
-9.67719e-08
4.94868e-08
-3.96683e-08
2.88043e-08
3.10252e-09
1.71935e-08
2.42722e-08
2.35925e-08
1.14024e-08
4.92482e-08
-5.84375e-07
1.01636e-07
-5.73774e-07
1.29334e-07
-2.84791e-07
1.25121e-07
5.31561e-08
1.06929e-07
1.72731e-07
9.69871e-08
1.42532e-07
9.46879e-08
8.40661e-08
8.12954e-08
1.14203e-07
6.4087e-08
2.00357e-07
6.96263e-08
-7.83655e-08
9.36886e-08
-4.93507e-09
7.78634e-08
9.71652e-08
5.03394e-08
5.91636e-08
5.6629e-08
1.22057e-07
6.27881e-08
-4.59912e-08
7.71567e-08
-1.2139e-08
9.21557e-08
2.20487e-07
1.02113e-07
3.39978e-07
1.31897e-07
2.56216e-07
1.82488e-07
1.67187e-07
1.94795e-07
4.63996e-08
1.66683e-07
-4.93573e-08
1.47974e-07
-1.37027e-07
1.28414e-07
-1.61908e-07
1.08208e-07
-1.36258e-07
7.91379e-08
-6.77017e-08
4.36025e-08
-4.13496e-09
2.34921e-08
2.32122e-08
1.58138e-08
3.19504e-08
2.73682e-08
1.2043e-08
4.95559e-08
-6.3393e-07
1.02803e-07
-6.27021e-07
1.31098e-07
-3.13086e-07
1.26443e-07
5.78103e-08
1.06606e-07
1.92568e-07
9.69234e-08
1.52215e-07
9.56792e-08
8.53103e-08
8.09305e-08
1.28951e-07
6.12421e-08
2.20045e-07
6.89516e-08
-8.6075e-08
9.80822e-08
-3.40657e-08
7.19041e-08
1.23343e-07
5.98088e-08
7.12588e-08
7.74813e-08
1.04385e-07
8.16429e-08
-5.01528e-08
8.3226e-08
-1.37221e-08
8.40453e-08
2.19667e-07
1.03991e-07
3.20033e-07
1.31248e-07
2.28959e-07
1.60258e-07
1.38176e-07
1.68448e-07
3.82094e-08
1.64041e-07
-4.49501e-08
1.42472e-07
-1.15458e-07
1.11917e-07
-1.31353e-07
8.61611e-08
-1.10502e-07
6.50096e-08
-4.65503e-08
4.46456e-08
1.62289e-08
3.05518e-08
3.73058e-08
1.97098e-08
4.27922e-08
3.06556e-08
1.64227e-08
4.98712e-08
-6.83802e-07
1.04054e-07
-6.81204e-07
1.33037e-07
-3.42069e-07
1.27882e-07
6.29653e-08
1.06232e-07
2.14218e-07
9.68832e-08
1.61564e-07
9.6825e-08
8.53684e-08
8.05132e-08
1.45263e-07
5.78794e-08
2.42679e-07
6.86265e-08
-9.6822e-08
1.01375e-07
-6.68145e-08
6.76639e-08
1.57055e-07
6.16889e-08
7.72338e-08
9.08891e-08
7.51848e-08
8.37385e-08
-4.30022e-08
7.80289e-08
-8.01251e-09
7.49178e-08
2.22778e-07
9.86065e-08
2.96344e-07
1.25467e-07
2.02098e-07
1.42146e-07
1.21498e-07
1.5238e-07
2.7975e-08
1.50214e-07
-4.27839e-08
1.28387e-07
-9.36318e-08
9.95568e-08
-1.02523e-07
7.42376e-08
-8.51844e-08
6.15415e-08
-3.38498e-08
4.87054e-08
2.90662e-08
2.7703e-08
5.8308e-08
1.88727e-08
5.16224e-08
2.31752e-08
2.63532e-08
5.01903e-08
-7.33992e-07
1.05388e-07
-7.36401e-07
1.35161e-07
-3.71842e-07
1.29439e-07
6.86869e-08
1.05807e-07
2.3785e-07
9.68688e-08
1.70503e-07
9.81433e-08
8.40938e-08
7.99861e-08
1.6342e-07
5.49351e-08
2.6773e-07
6.68725e-08
-1.08759e-07
1.03594e-07
-1.03536e-07
6.99249e-08
1.90724e-07
7.04903e-08
7.66684e-08
1.01902e-07
4.37733e-08
8.5844e-08
-2.69445e-08
8.31423e-08
-5.31074e-09
7.73266e-08
2.28594e-07
8.69979e-08
2.86673e-07
1.07851e-07
1.81245e-07
1.26237e-07
1.03112e-07
1.348e-07
1.94121e-08
1.3198e-07
-3.99638e-08
1.15068e-07
-7.67197e-08
7.72575e-08
-6.47127e-08
3.26595e-08
-4.05884e-08
1.04412e-08
-1.16352e-08
-3.48389e-09
4.29924e-08
-1.02348e-08
6.50588e-08
7.08815e-09
3.42995e-08
6.04406e-09
2.42192e-08
5.05094e-08
-7.84501e-07
1.06798e-07
-7.9269e-07
1.37475e-07
-4.02519e-07
1.31115e-07
7.50467e-08
1.05328e-07
2.63637e-07
9.68877e-08
1.78943e-07
9.95877e-08
8.13938e-08
7.9675e-08
1.83333e-07
5.12695e-08
2.96135e-07
6.52007e-08
-1.22691e-07
1.08457e-07
-1.46792e-07
7.31147e-08
2.26066e-07
4.65956e-08
1.03187e-07
7.89317e-08
1.14372e-08
8.63268e-08
-3.43396e-08
9.90887e-08
-1.80726e-08
8.09704e-08
2.46712e-07
7.23705e-08
2.95273e-07
1.06656e-07
1.46959e-07
1.13652e-07
9.61158e-08
1.18184e-07
1.48809e-08
1.30629e-07
-5.24096e-08
1.19149e-07
-6.52394e-08
8.79009e-08
-3.34647e-08
3.62393e-08
1.10731e-08
-6.43522e-09
3.10356e-08
-2.37167e-08
6.02713e-08
-2.34905e-08
6.48325e-08
-1.01017e-08
2.09107e-08
-9.03695e-10
-3.15373e-09
5.0828e-08
-8.35329e-07
1.0827e-07
-8.50132e-07
1.39974e-07
-4.34223e-07
1.32916e-07
8.21045e-08
1.04788e-07
2.91765e-07
9.68831e-08
1.86848e-07
1.01355e-07
7.6922e-08
7.89296e-08
2.05758e-07
4.51563e-08
3.29909e-07
6.54585e-08
-1.42993e-07
1.15892e-07
-1.97226e-07
7.99678e-08
2.6199e-07
6.37539e-08
1.19401e-07
9.38463e-08
-1.86551e-08
9.73488e-08
-3.78421e-08
1.13587e-07
-3.43109e-08
1.12655e-07
2.47645e-07
1.12897e-07
2.9503e-07
1.13674e-07
1.46183e-07
9.38272e-08
1.15963e-07
1.06078e-07
2.62995e-09
1.08058e-07
-5.43891e-08
7.69742e-08
-3.41559e-08
6.1409e-08
-1.78995e-08
3.9023e-08
3.34592e-08
1.49598e-09
6.85619e-08
-1.71014e-08
7.8861e-08
-1.93366e-08
6.70611e-08
-2.44762e-08
2.60461e-08
5.65458e-09
-3.10312e-08
5.11625e-08
-8.86492e-07
1.09751e-07
-9.0872e-07
1.42602e-07
-4.67074e-07
1.34849e-07
8.98575e-08
1.04103e-07
3.2251e-07
9.69612e-08
1.9399e-07
1.03076e-07
7.08072e-08
8.20984e-08
2.26736e-07
4.18737e-08
3.70133e-07
6.27821e-08
-1.63901e-07
1.22073e-07
-2.56517e-07
7.6596e-08
3.07467e-07
4.17016e-08
1.54296e-07
8.09425e-08
-5.7896e-08
9.25811e-08
-4.94807e-08
1.05554e-07
-4.72842e-08
1.22146e-07
2.31053e-07
1.28566e-07
2.8861e-07
9.95384e-08
1.7521e-07
7.86387e-08
1.36862e-07
8.18193e-08
-5.5067e-10
4.01673e-08
-1.27373e-08
-1.74373e-10
6.18576e-09
8.62238e-09
-2.66951e-08
2.69447e-08
1.51368e-08
2.26307e-08
7.2877e-08
1.84792e-08
8.30122e-08
1.86e-08
6.694e-08
7.0035e-09
3.76423e-08
2.50764e-08
-1.24178e-08
5.15886e-08
-9.3808e-07
1.11053e-07
-9.68185e-07
1.45131e-07
-5.01151e-07
1.3685e-07
9.81376e-08
1.03152e-07
3.56208e-07
9.67888e-08
2.00354e-07
1.06994e-07
6.06023e-08
7.45514e-08
2.59178e-07
3.5507e-08
4.09178e-07
6.10352e-08
-1.89429e-07
1.19143e-07
-3.14624e-07
7.06047e-08
3.56005e-07
2.21024e-08
2.02798e-07
8.72926e-08
-1.23086e-07
1.01691e-07
-6.38794e-08
9.33728e-08
-3.91442e-08
1.15895e-07
2.08477e-07
1.14344e-07
2.90161e-07
9.87561e-08
1.90798e-07
7.19683e-08
1.6365e-07
2.0003e-08
5.14146e-08
-3.46297e-08
4.18951e-08
-5.4588e-08
2.61439e-08
-3.9567e-08
-4.17163e-08
-7.66748e-09
-1.67641e-08
1.58299e-08
4.93802e-08
3.13562e-08
6.74909e-08
4.31408e-08
5.51551e-08
3.71092e-08
4.36737e-08
4.18136e-08
2.03762e-08
5.23345e-08
-9.90415e-07
1.11607e-07
-1.02746e-06
1.46805e-07
-5.3635e-07
1.38607e-07
1.06336e-07
1.01338e-07
3.93477e-07
9.7426e-08
2.04266e-07
1.07742e-07
5.02859e-08
9.03984e-08
2.76522e-07
3.24062e-08
4.6717e-07
3.6338e-08
-1.93361e-07
1.1673e-07
-3.94753e-07
6.12772e-08
4.11459e-07
2.21494e-08
2.41926e-07
1.24339e-07
-2.25276e-07
1.1739e-07
-5.69303e-08
8.44894e-08
-6.6648e-09
8.22982e-08
2.10791e-07
7.18759e-08
3.00584e-07
7.97523e-08
1.82922e-07
6.99349e-08
1.73468e-07
5.41465e-09
1.15935e-07
-6.89262e-08
1.16241e-07
-8.84048e-08
4.56222e-08
-8.27418e-08
-4.73814e-08
-5.34981e-08
-4.60106e-08
-1.9166e-08
1.50442e-08
6.5679e-09
4.17573e-08
2.8958e-08
3.27703e-08
3.31672e-08
3.9468e-08
5.10343e-08
2.39475e-08
5.38761e-08
-1.04429e-06
1.09962e-07
-1.08354e-06
1.45598e-07
-5.71986e-07
1.38937e-07
1.12997e-07
9.79147e-08
4.34499e-07
9.54486e-08
2.06732e-07
1.15197e-07
3.05376e-08
6.45976e-08
3.27121e-07
2.8395e-08
5.03372e-07
5.03733e-08
-2.1534e-07
8.91953e-08
-4.24833e-07
1.02531e-08
4.90798e-07
-5.18386e-08
3.04018e-07
1.3855e-07
-4.15665e-07
1.90526e-07
-1.09168e-07
9.87615e-08
8.45043e-08
5.94458e-08
2.5014e-07
4.81284e-08
3.11903e-07
2.7648e-08
2.03397e-07
3.38665e-08
1.67249e-07
2.51732e-08
1.24628e-07
-3.8635e-08
1.8002e-07
-5.85693e-08
6.55593e-08
-6.83806e-08
-3.75702e-08
-6.69537e-08
-4.74375e-08
-4.53791e-08
-6.53059e-09
-2.07783e-08
1.71568e-08
-3.19061e-09
1.51832e-08
6.65971e-09
2.96186e-08
4.87444e-08
8.94756e-09
5.67251e-08
-1.10102e-06
1.03219e-07
-1.13004e-06
1.37258e-07
-6.06026e-07
1.34818e-07
1.15437e-07
8.95484e-08
4.79769e-07
9.02501e-08
2.0603e-07
1.07977e-07
1.28109e-08
8.59467e-08
3.49152e-07
4.55279e-08
5.43791e-07
1.76321e-08
-1.87343e-07
1.39957e-07
-5.48737e-07
1.1196e-07
5.19774e-07
-8.75922e-08
5.0357e-07
7.88783e-08
-5.82135e-07
2.43866e-07
-2.75401e-07
1.19858e-07
2.08244e-07
4.43184e-08
3.25149e-07
4.17396e-08
3.1438e-07
4.45484e-09
2.4068e-07
-9.92057e-09
1.81639e-07
3.41821e-08
7.92637e-08
3.16051e-08
1.82601e-07
6.32462e-09
9.08397e-08
-1.25891e-08
-1.86565e-08
-2.72819e-08
-3.27448e-08
-2.69357e-08
-6.87678e-09
-1.9913e-08
1.0134e-08
-1.72236e-08
1.24941e-08
-1.15041e-08
2.38997e-08
3.88605e-08
-1.62089e-09
6.03977e-08
-1.16141e-06
8.73873e-08
-1.15703e-06
1.15745e-07
-6.34383e-07
1.19998e-07
1.11183e-07
6.94719e-08
5.30296e-07
6.06346e-08
2.14867e-07
5.94343e-08
1.40112e-08
5.79619e-08
3.50624e-07
2.78665e-08
5.73887e-07
-3.2602e-08
-1.26067e-07
3.6061e-08
-6.18961e-07
6.78575e-08
4.8321e-07
-1.09139e-07
6.80554e-07
-3.21689e-08
-6.59105e-07
1.51876e-07
-4.60431e-07
9.59428e-08
2.63916e-07
3.7664e-08
3.83382e-07
7.94496e-08
2.72308e-07
5.8997e-08
2.6114e-07
8.02717e-09
2.32634e-07
3.58611e-08
5.13632e-08
7.26225e-08
1.44941e-07
4.34913e-08
1.19971e-07
1.94829e-08
5.35196e-09
3.19835e-09
-1.64603e-08
1.18391e-09
-4.86174e-09
-1.71242e-10
1.1488e-08
-5.96959e-09
1.82908e-08
-9.42783e-09
2.73585e-08
3.53921e-08
-5.95617e-09
6.11417e-08
-1.22256e-06
6.02917e-08
-1.15618e-06
7.81736e-08
-6.52265e-07
8.70946e-08
1.02264e-07
2.45422e-08
5.92848e-07
9.35902e-09
2.30051e-07
5.58869e-08
-3.25167e-08
2.50972e-08
3.81414e-07
-3.81999e-08
6.37184e-07
-9.34142e-08
-6.95971e-08
-9.61164e-08
-6.21457e-07
-7.2072e-08
4.56754e-07
-1.0136e-07
7.09897e-07
-9.28917e-08
-6.67399e-07
4.96991e-09
-5.56736e-07
4.50126e-08
2.23822e-07
3.4547e-08
3.93802e-07
5.1304e-08
2.56285e-07
3.55256e-08
2.76925e-07
1.91015e-08
2.49044e-07
9.76233e-09
6.06485e-08
3.96273e-08
1.15042e-07
5.94528e-08
9.99793e-08
3.37628e-08
3.10523e-08
1.19969e-08
5.30242e-09
9.81661e-09
-2.68192e-09
7.63619e-09
1.3668e-08
8.25138e-10
2.51006e-08
-9.36792e-09
3.75516e-08
4.19734e-08
-1.59492e-08
4.87723e-08
-1.27133e-06
2.52571e-08
-1.13266e-06
3.21006e-08
-6.59089e-07
4.65903e-08
6.91872e-08
-1.26326e-08
6.52071e-07
-7.21029e-08
2.89523e-07
-9.31039e-08
-9.94726e-09
-7.03938e-08
3.47806e-07
-7.12215e-08
6.3712e-07
-1.02553e-07
-3.88461e-08
-9.62483e-08
-6.2735e-07
-1.19019e-07
4.77109e-07
-6.4428e-08
6.54678e-07
-1.03129e-07
-6.2855e-07
-1.06929e-07
-5.51053e-07
-8.7476e-08
2.04318e-07
-1.14152e-07
4.2254e-07
-3.40863e-08
1.76371e-07
6.231e-08
1.80535e-07
1.03362e-07
2.04796e-07
7.94786e-08
8.44958e-08
6.16841e-08
1.32804e-07
5.45887e-08
1.07947e-07
1.8886e-08
6.67652e-08
-2.82098e-09
2.7003e-08
-7.80278e-09
2.299e-09
-8.58254e-09
1.44511e-08
-7.96097e-09
2.44824e-08
-1.30469e-08
4.26372e-08
4.90508e-08
-2.01243e-08
1.84153e-08
-1.28974e-06
-1.43123e-08
-1.09993e-06
-1.53991e-08
-2.93357e-07
-3.09215e-08
6.01725e-09
-9.40912e-08
4.01894e-07
-2.71929e-07
4.67364e-07
-3.46891e-07
6.45164e-08
-1.27917e-07
1.28369e-07
-5.32446e-08
5.61673e-07
-1.94412e-07
1.01536e-07
-1.87271e-07
-6.3409e-07
-1.36196e-07
4.31216e-07
-5.72365e-08
5.75257e-07
-1.29803e-07
-5.56166e-07
-1.7502e-07
-5.07486e-07
-1.82723e-07
2.12466e-07
-1.97546e-07
4.37489e-07
-7.06693e-08
4.96212e-08
7.81116e-08
3.10372e-08
9.60096e-08
1.87251e-07
3.71791e-08
1.43299e-07
4.03996e-08
1.31351e-07
3.22531e-08
1.16477e-07
-5.8417e-09
1.04858e-07
-2.1794e-08
4.29494e-08
-2.2194e-08
2.69985e-09
-1.5226e-08
7.48359e-09
-9.95933e-09
1.92159e-08
-7.48004e-09
4.01578e-08
4.86257e-08
-7.05532e-09
-3.36063e-08
-1.25613e-06
3.49138e-08
-9.37702e-07
-5.68832e-08
-2.5662e-08
-2.00279e-07
1.06968e-08
-3.81287e-07
9.39476e-08
-2.91001e-07
2.88234e-07
-3.60436e-07
1.3585e-07
-1.68966e-07
-6.13433e-08
-7.23036e-08
4.66479e-07
-2.28418e-07
2.57612e-07
-2.87123e-07
-5.76457e-07
-2.25056e-07
3.71047e-07
-1.15964e-07
4.66424e-07
-1.92979e-07
-4.79219e-07
-2.88621e-07
-4.11878e-07
-2.35826e-07
1.59244e-07
-1.68775e-07
3.70434e-07
-1.10079e-07
-9.14102e-09
-5.12125e-08
-2.76193e-08
-2.19504e-08
1.5932e-07
-3.59349e-08
1.58682e-07
3.14916e-08
6.39245e-08
5.32618e-08
9.47056e-08
9.8682e-09
1.48254e-07
-1.22025e-08
6.50301e-08
-2.20473e-08
1.2544e-08
-1.90403e-08
4.47646e-09
-1.29071e-08
1.30827e-08
-3.94244e-09
3.11936e-08
4.04009e-08
4.28293e-09
-2.92655e-08
-1.22675e-06
-1.20544e-09
-1.87385e-07
-4.58457e-08
-1.2979e-09
-3.55072e-07
6.09422e-08
-4.18449e-07
-1.07983e-07
-3.27013e-07
7.33137e-08
-4.83023e-07
2.87198e-07
-3.83233e-07
-1.69605e-07
-1.39189e-07
2.21603e-07
-1.87669e-07
3.0615e-07
-3.48489e-07
-4.16315e-07
-1.7742e-07
1.99321e-07
-1.76088e-08
3.06545e-07
-1.76541e-07
-3.20319e-07
-3.3516e-07
-2.53263e-07
-2.51873e-07
7.59545e-08
-1.13406e-07
2.31965e-07
-1.16106e-07
-6.47325e-09
-1.11739e-07
-3.19874e-08
-6.02574e-08
1.07837e-07
-3.76467e-08
1.36071e-07
-7.70582e-09
3.39832e-08
2.29168e-08
6.40823e-08
3.6446e-08
1.34726e-07
3.3983e-08
6.74958e-08
1.88541e-08
2.7673e-08
6.74606e-10
2.2656e-08
-7.06176e-09
2.0819e-08
-2.53482e-09
2.66665e-08
3.11011e-08
6.76472e-09
1.45684e-07
-8.7715e-07
2.59016e-09
-2.81207e-08
-1.50201e-08
1.00458e-08
-7.30053e-08
-9.82374e-09
-4.6956e-07
-1.05583e-07
-6.37045e-07
1.32585e-08
-6.1801e-07
2.63407e-07
-5.49184e-07
-2.56296e-07
-2.39588e-07
-8.8695e-08
-1.58618e-07
2.24552e-07
-3.39992e-07
-2.34986e-07
-9.67679e-08
-4.39827e-08
9.17492e-08
1.17959e-07
-1.32749e-07
-7.3319e-08
-3.34171e-07
-3.09077e-08
-2.69865e-07
8.6562e-10
-7.6397e-08
1.85804e-08
-6.45009e-08
-1.6883e-08
-1.07335e-07
1.08463e-08
-3.81668e-08
3.8668e-08
1.30392e-08
8.48643e-08
-9.27821e-09
5.63001e-08
-7.66905e-09
6.24727e-08
4.53994e-08
8.16574e-08
6.15458e-08
5.13492e-08
4.78468e-08
4.1372e-08
3.41519e-08
3.63509e-08
1.93094e-08
3.56616e-08
1.1747e-08
3.42291e-08
3.29713e-08
9.87691e-09
1.20803e-08
-5.10831e-12
1.60276e-09
-8.5434e-12
-1.67652e-10
1.94482e-11
-1.03542e-08
9.21012e-11
-2.51062e-07
-1.23515e-08
-5.28864e-07
-4.99062e-09
-4.449e-07
7.119e-08
-5.28189e-07
-8.60303e-08
-3.7126e-07
-2.59798e-07
-2.06874e-07
5.96621e-08
-2.51854e-07
-1.53314e-07
-1.95843e-07
-6.50608e-08
-3.39059e-08
-1.54596e-08
-4.23776e-08
4.69296e-11
-5.73654e-08
-8.04879e-09
-4.1896e-08
-1.96434e-11
-3.59873e-08
-6.77879e-12
-1.65049e-08
-1.63159e-11
-2.5833e-08
2.7626e-11
7.42036e-09
-2.97398e-09
3.36058e-08
6.76838e-09
4.22783e-08
1.16746e-08
4.11156e-08
1.41013e-08
6.37947e-08
1.57799e-08
5.69618e-08
1.47092e-08
4.5924e-08
1.55801e-08
3.38527e-08
1.35714e-08
2.53451e-08
1.30246e-08
1.93149e-08
1.13336e-08
1.5409e-08
1.04911e-08
1.47716e-08
-1.99577e-08
3.81379e-08
-2.35092e-08
6.91722e-08
-3.1193e-08
9.71687e-08
-2.79153e-08
1.46842e-07
-5.03344e-08
2.02136e-07
-5.65512e-08
2.04081e-07
-1.94758e-09
2.17773e-07
-1.36953e-08
1.74647e-07
4.31213e-08
5.30627e-08
1.23056e-07
-1.43817e-08
6.76677e-08
-3.07501e-08
1.63684e-08
-2.61756e-08
-4.57456e-09
1.0914e-08
-3.69949e-08
3.59014e-08
-2.49739e-08
3.38206e-08
2.08078e-09
2.78136e-08
6.00705e-09
2.30254e-08
4.78827e-09
1.23406e-08
1.06847e-08
8.28059e-09
4.06009e-09
-4.94618e-09
1.32268e-08
-1.83835e-08
1.34374e-08
-2.82432e-08
9.85969e-09
-3.23419e-08
4.09869e-09
-4.34528e-08
1.11109e-08
-5.90452e-08
1.55924e-08
-7.62386e-08
1.71934e-08
-7.56821e-08
-5.56404e-10
-4.55804e-08
-3.01017e-08
-4.55804e-08
1.67422e-08
-4.09242e-08
3.73688e-08
-4.41283e-08
6.24314e-08
-5.6227e-08
1.04171e-07
-6.96298e-08
1.43528e-07
-8.96713e-08
2.03375e-07
-1.16376e-07
2.50467e-07
-4.91393e-08
2.92721e-07
-5.61151e-08
3.12545e-07
2.29187e-08
2.21922e-07
2.14393e-07
8.70716e-08
2.03281e-07
6.79011e-09
9.68858e-08
9.20828e-09
-7.01173e-09
2.90477e-08
-5.68973e-08
4.08594e-08
-3.67557e-08
3.21791e-08
1.07612e-08
5.1501e-09
3.30361e-08
-6.39352e-09
1.63319e-08
-2.97221e-08
3.40133e-08
-4.00785e-08
1.44166e-08
-6.08025e-08
3.39507e-08
-7.95349e-08
3.21698e-08
-8.99313e-08
2.0256e-08
-9.24794e-08
6.64689e-09
-9.95355e-08
1.8167e-08
-1.08203e-07
2.42601e-08
-1.1574e-07
2.47298e-08
-9.87379e-08
-1.75581e-08
-5.21053e-08
-7.67344e-08
-9.76857e-08
6.20028e-10
-5.27785e-08
1.7612e-08
-6.10931e-08
4.19474e-08
-8.0564e-08
6.96793e-08
-9.73998e-08
9.86366e-08
-1.18692e-07
1.44406e-07
-1.62188e-07
2.15711e-07
-1.20474e-07
2.64189e-07
-1.04649e-07
2.97636e-07
-1.06627e-08
2.77219e-07
2.35031e-07
1.68363e-07
3.12177e-07
7.10972e-08
1.94179e-07
3.78654e-08
2.61825e-08
1.70285e-08
-3.6142e-08
1.15886e-08
-3.13125e-08
-6.03096e-10
2.29529e-08
-3.32845e-08
6.57175e-08
-3.79426e-08
2.09901e-08
-6.19709e-08
5.80416e-08
-6.91273e-08
2.1573e-08
-8.60579e-08
5.08813e-08
-1.03641e-07
4.97526e-08
-1.08354e-07
2.49698e-08
-1.07558e-07
5.85055e-09
-1.09646e-07
2.02547e-08
-1.14282e-07
2.88963e-08
-1.17947e-07
2.83952e-08
-9.6681e-08
-3.88243e-08
-4.82631e-08
-1.25152e-07
-1.45949e-07
-5.67548e-09
-6.23011e-08
5.37358e-09
-7.21796e-08
1.51114e-08
-9.03433e-08
2.95429e-08
-1.11828e-07
5.12146e-08
-1.40442e-07
7.96049e-08
-1.90828e-07
1.49061e-07
-1.90213e-07
2.20652e-07
-1.76363e-07
2.57393e-07
-4.75372e-08
2.63822e-07
2.28163e-07
1.9804e-07
3.77883e-07
1.10834e-07
2.81318e-07
5.65934e-08
8.03903e-08
3.74418e-09
1.66927e-08
-1.56981e-08
-1.18702e-08
-3.37754e-08
4.10302e-08
-6.34184e-08
9.53605e-08
-5.42828e-08
1.18545e-08
-7.27685e-08
7.65273e-08
-7.94861e-08
2.82907e-08
-9.183e-08
6.32252e-08
-1.09644e-07
6.75665e-08
-1.11122e-07
2.64481e-08
-1.09088e-07
3.81607e-09
-1.09546e-07
2.07135e-08
-1.13565e-07
3.29148e-08
-1.16861e-07
3.16908e-08
-9.51399e-08
-6.0545e-08
-4.66098e-08
-1.73683e-07
-1.92559e-07
-2.52563e-08
-5.7205e-08
-3.75477e-08
-5.99135e-08
-5.88179e-08
-6.91063e-08
-6.14069e-08
-1.09258e-07
-3.51718e-08
-1.66644e-07
-8.57605e-10
-2.25107e-07
5.17615e-08
-2.42795e-07
1.07931e-07
-2.32493e-07
1.60312e-07
-1.00285e-07
1.8974e-07
1.98775e-07
1.76993e-07
3.90259e-07
1.27363e-07
3.30947e-07
6.57968e-08
1.41955e-07
-1.04018e-08
9.28931e-08
-3.94295e-08
1.71576e-08
-5.75482e-08
5.91488e-08
-8.55761e-08
1.23388e-07
-6.07328e-08
-1.29887e-08
-6.98007e-08
8.55952e-08
-8.26594e-08
4.11494e-08
-9.17846e-08
7.23503e-08
-1.11226e-07
8.70082e-08
-1.11436e-07
2.66575e-08
-1.08915e-07
1.29516e-09
-1.08899e-07
2.06982e-08
-1.13253e-07
3.72685e-08
-1.16846e-07
3.52833e-08
-9.51522e-08
-8.22383e-08
-4.63379e-08
-2.22497e-07
-2.38896e-07
-3.35516e-08
-3.81649e-08
-5.37498e-08
-3.97153e-08
-6.19171e-08
-6.09389e-08
-5.6098e-08
-1.15094e-07
-4.27702e-08
-1.79979e-07
-2.94061e-08
-2.38454e-07
-2.75812e-09
-2.69532e-07
2.9424e-08
-2.64783e-07
7.21788e-08
-1.43152e-07
1.06808e-07
1.64184e-07
1.10879e-07
3.86232e-07
9.7141e-08
3.44131e-07
4.4128e-08
1.94947e-07
-3.5451e-08
1.72472e-07
-6.29251e-08
4.46317e-08
-7.29155e-08
6.91393e-08
-9.72521e-08
1.47725e-07
-6.21984e-08
-4.80424e-08
-6.11905e-08
8.45874e-08
-8.34715e-08
6.34304e-08
-9.11982e-08
8.0077e-08
-1.12154e-07
1.07964e-07
-1.11902e-07
2.64057e-08
-1.08797e-07
-1.8095e-09
-1.08468e-07
2.03685e-08
-1.1336e-07
4.21608e-08
-1.17333e-07
3.92567e-08
-9.56529e-08
-1.03919e-07
-4.64535e-08
-2.71696e-07
-2.8535e-07
-2.2041e-08
-1.79768e-08
-3.66858e-08
-2.50704e-08
-4.07398e-08
-5.68848e-08
-4.44949e-08
-1.11362e-07
-5.76398e-08
-1.66972e-07
-6.90683e-08
-2.27197e-07
-6.79029e-08
-2.70533e-07
-5.80401e-08
-2.7445e-07
-2.56374e-08
-1.75413e-07
2.03452e-08
1.18239e-07
4.13159e-08
3.65304e-07
4.96998e-08
3.35796e-07
2.47538e-09
2.42329e-07
-6.54331e-08
2.40381e-07
-8.26416e-08
6.18402e-08
-7.34149e-08
5.99126e-08
-8.74043e-08
1.61715e-07
-6.1158e-08
-7.42887e-08
-5.49442e-08
7.83735e-08
-8.37619e-08
9.22482e-08
-9.14146e-08
8.77297e-08
-1.13027e-07
1.29577e-07
-1.1271e-07
2.60885e-08
-1.08722e-07
-5.79736e-09
-1.08059e-07
1.97052e-08
-1.13594e-07
4.76959e-08
-1.18009e-07
4.36721e-08
-9.63144e-08
-1.25614e-07
-4.66639e-08
-3.21347e-07
-3.32014e-07
-7.20956e-09
-2.05688e-09
-2.34736e-08
-8.80631e-09
-3.93278e-08
-4.10305e-08
-5.57762e-08
-9.49139e-08
-7.11993e-08
-1.51549e-07
-8.83192e-08
-2.10077e-07
-9.90675e-08
-2.60014e-07
-1.04846e-07
-2.68656e-07
-8.33018e-08
-1.9672e-07
-3.18532e-08
6.71296e-08
8.61669e-09
3.24879e-07
1.77781e-08
3.27506e-07
-3.22176e-08
2.9244e-07
-7.7439e-08
2.85602e-07
-8.77921e-08
7.21933e-08
-5.3534e-08
2.56545e-08
-5.4329e-08
1.6251e-07
-5.91844e-08
-6.94332e-08
-5.53566e-08
7.45457e-08
-8.45952e-08
1.21487e-07
-9.26114e-08
9.57459e-08
-1.13849e-07
1.50814e-07
-1.13817e-07
2.60561e-08
-1.08628e-07
-1.09863e-08
-1.076e-07
1.86769e-08
-1.13883e-07
5.3979e-08
-1.18815e-07
4.86046e-08
-9.7085e-08
-1.47344e-07
-4.69097e-08
-3.71522e-07
-3.78923e-07
2.99031e-10
1.03983e-08
-1.47307e-08
6.22386e-09
-3.02113e-08
-2.55495e-08
-4.48405e-08
-8.02848e-08
-6.05739e-08
-1.35815e-07
-7.99428e-08
-1.90709e-07
-1.05458e-07
-2.34498e-07
-1.35854e-07
-2.38514e-07
-1.44972e-07
-1.87842e-07
-9.13084e-08
1.36191e-08
-3.66556e-08
2.71155e-07
-2.20671e-08
3.13104e-07
-4.80632e-08
3.1844e-07
-5.74522e-08
2.94991e-07
-6.17773e-08
7.65185e-08
-2.63826e-08
-9.74014e-09
-2.5795e-08
1.61922e-07
-6.10527e-08
-3.41754e-08
-6.1712e-08
7.5205e-08
-8.55882e-08
1.45363e-07
-9.4939e-08
1.05097e-07
-1.14538e-07
1.70413e-07
-1.15153e-07
2.66719e-08
-1.08518e-07
-1.76221e-08
-1.07073e-07
1.72324e-08
-1.14217e-07
6.11232e-08
-1.19748e-07
5.41349e-08
-9.79595e-08
-1.69132e-07
-4.71801e-08
-4.22302e-07
-4.26103e-07
2.52273e-09
1.77796e-08
-7.74644e-09
1.64932e-08
-2.28274e-08
-1.04686e-08
-4.33282e-08
-5.97841e-08
-6.22792e-08
-1.16865e-07
-8.33451e-08
-1.69643e-07
-1.09498e-07
-2.08345e-07
-1.45478e-07
-2.02535e-07
-1.86077e-07
-1.47385e-07
-1.55792e-07
-1.67021e-08
-9.16065e-08
2.07038e-07
-5.80486e-08
2.79546e-07
-5.67259e-08
3.17117e-07
-3.7284e-08
2.75549e-07
-2.8117e-08
6.73515e-08
-8.10522e-09
-2.97519e-08
-1.59612e-08
1.69778e-07
-6.71598e-08
1.70233e-08
-6.99165e-08
7.79617e-08
-8.48049e-08
1.60251e-07
-9.79792e-08
1.18271e-07
-1.15249e-07
1.87683e-07
-1.16585e-07
2.80072e-08
-1.08415e-07
-2.57917e-08
-1.06475e-07
1.52922e-08
-1.14597e-07
6.92458e-08
-1.20811e-07
6.03488e-08
-9.89379e-08
-1.91005e-07
-4.74727e-08
-4.73767e-07
-4.73576e-07
7.16024e-09
2.2024e-08
-1.80474e-09
2.54586e-08
-2.26147e-08
1.03414e-08
-4.87274e-08
-3.36725e-08
-6.87087e-08
-9.68849e-08
-8.77574e-08
-1.50594e-07
-1.06835e-07
-1.89268e-07
-1.31532e-07
-1.77837e-07
-1.72245e-07
-1.0667e-07
-1.75524e-07
-1.34518e-08
-1.21811e-07
1.53325e-07
-7.66183e-08
2.34353e-07
-6.92029e-08
3.09702e-07
-3.73852e-08
2.43732e-07
-1.42517e-08
4.4218e-08
-8.00338e-09
-3.60001e-08
-1.80012e-08
1.79776e-07
-7.19148e-08
7.0937e-08
-7.5907e-08
8.19539e-08
-8.12361e-08
1.65581e-07
-1.00817e-07
1.37852e-07
-1.1632e-07
2.03186e-07
-1.18036e-07
2.97232e-08
-1.08323e-07
-3.5505e-08
-1.05807e-07
1.27762e-08
-1.15021e-07
7.84603e-08
-1.22012e-07
6.73391e-08
-1.0002e-07
-2.12997e-07
-4.7786e-08
-5.26001e-07
-5.21362e-07
6.30268e-09
2.77653e-08
-4.32084e-09
3.60813e-08
-2.11064e-08
2.71269e-08
-4.27843e-08
-1.19952e-08
-6.46644e-08
-7.50049e-08
-8.32055e-08
-1.32053e-07
-1.0698e-07
-1.65493e-07
-1.31318e-07
-1.53499e-07
-1.45266e-07
-9.27219e-08
-1.53437e-07
-5.2821e-09
-1.26714e-07
1.26599e-07
-9.31212e-08
2.00761e-07
-7.76235e-08
2.94204e-07
-4.39822e-08
2.1009e-07
-2.60229e-08
2.62587e-08
-2.17596e-08
-4.02633e-08
-2.56125e-08
1.83629e-07
-7.1153e-08
1.16477e-07
-7.84385e-08
8.92394e-08
-7.7418e-08
1.6456e-07
-1.02528e-07
1.62963e-07
-1.17995e-07
2.18653e-07
-1.19546e-07
3.12739e-08
-1.08222e-07
-4.68283e-08
-1.0507e-07
9.62376e-09
-1.15485e-07
8.88749e-08
-1.23356e-07
7.52105e-08
-1.01207e-07
-2.35145e-07
-4.81183e-08
-5.7909e-07
-5.6948e-07
9.47765e-09
3.47103e-08
-9.74603e-09
5.53039e-08
-2.73176e-08
4.46983e-08
-4.07e-08
1.3871e-09
-5.3883e-08
-6.18219e-08
-6.61106e-08
-1.19826e-07
-8.90381e-08
-1.42566e-07
-1.21816e-07
-1.20721e-07
-1.31451e-07
-8.30863e-08
-1.31639e-07
-5.09369e-09
-1.2208e-07
1.1704e-07
-9.3234e-08
1.71915e-07
-6.63342e-08
2.67304e-07
-4.96855e-08
1.93442e-07
-4.45163e-08
2.10896e-08
-4.21713e-08
-4.26083e-08
-3.8881e-08
1.80338e-07
-6.77861e-08
1.45383e-07
-7.91631e-08
1.00616e-07
-7.51042e-08
1.60501e-07
-1.03521e-07
1.91379e-07
-1.2008e-07
2.35212e-07
-1.21221e-07
3.24149e-08
-1.08095e-07
-5.9954e-08
-1.04258e-07
5.78613e-09
-1.15982e-07
1.00599e-07
-1.24852e-07
8.40803e-08
-1.02498e-07
-2.57499e-07
-4.84678e-08
-6.33121e-07
-6.17948e-07
3.21314e-08
2.8932e-08
2.37808e-08
6.36539e-08
2.72399e-09
6.57551e-08
-1.79437e-08
2.20528e-08
-4.10412e-08
-3.87216e-08
-5.82088e-08
-1.02658e-07
-8.04559e-08
-1.20318e-07
-1.06317e-07
-9.48601e-08
-1.21812e-07
-6.75914e-08
-1.24659e-07
-2.2465e-09
-1.15215e-07
1.07596e-07
-8.9405e-08
1.46105e-07
-5.52938e-08
2.33193e-07
-4.99386e-08
1.88087e-07
-5.44695e-08
2.56205e-08
-5.29788e-08
-4.4099e-08
-4.48241e-08
1.72184e-07
-6.61208e-08
1.66679e-07
-7.90737e-08
1.13569e-07
-7.4493e-08
1.55921e-07
-1.04117e-07
2.21003e-07
-1.22492e-07
2.53588e-07
-1.23057e-07
3.29791e-08
-1.07943e-07
-7.50673e-08
-1.03359e-07
1.20152e-09
-1.16504e-07
1.13744e-07
-1.26505e-07
9.40811e-08
-1.03892e-07
-2.80111e-07
-4.88318e-08
-6.88181e-07
-6.6678e-07
3.32059e-08
1.99453e-08
3.51118e-08
6.17479e-08
2.6155e-08
7.47119e-08
6.30832e-09
4.18975e-08
-2.40004e-08
-8.41517e-09
-4.7483e-08
-7.9175e-08
-7.78944e-08
-8.9907e-08
-9.48489e-08
-7.79056e-08
-1.00761e-07
-6.16796e-08
-1.10348e-07
7.34115e-09
-9.92659e-08
9.65136e-08
-8.06589e-08
1.27498e-07
-6.59096e-08
2.18444e-07
-5.18489e-08
1.74026e-07
-4.97423e-08
2.35139e-08
-7.93103e-08
-1.4531e-08
-6.37285e-08
1.56602e-07
-6.45361e-08
1.67487e-07
-7.88455e-08
1.27879e-07
-7.29432e-08
1.50018e-07
-1.05372e-07
2.53432e-07
-1.25185e-07
2.734e-07
-1.25062e-07
3.28558e-08
-1.07748e-07
-9.23808e-08
-1.02365e-07
-4.18142e-09
-1.17042e-07
1.28421e-07
-1.28324e-07
1.05364e-07
-1.05388e-07
-3.03048e-07
-4.92074e-08
-7.44361e-07
-7.15987e-07
2.37057e-09
1.44182e-08
5.50106e-09
5.86116e-08
-4.34682e-09
8.45516e-08
-2.80429e-08
6.55915e-08
-3.92633e-08
2.80706e-09
-4.8343e-08
-7.00958e-08
-7.64066e-08
-6.18436e-08
-9.48978e-08
-5.94144e-08
-9.25848e-08
-6.39926e-08
-1.05253e-07
2.00088e-08
-1.04944e-07
9.6205e-08
-7.87166e-08
1.01271e-07
-7.513e-08
2.14857e-07
-6.96484e-08
1.68544e-07
-4.32606e-08
-2.87383e-09
-5.57205e-08
-2.07097e-09
-5.71294e-08
1.58011e-07
-7.73996e-08
1.87757e-07
-7.72436e-08
1.27723e-07
-7.06855e-08
1.4346e-07
-1.06481e-07
2.89228e-07
-1.285e-07
2.95419e-07
-1.27217e-07
3.15734e-08
-1.07477e-07
-1.12121e-07
-1.01267e-07
-1.03914e-08
-1.17582e-07
1.44737e-07
-1.3032e-07
1.18101e-07
-1.06981e-07
-3.26387e-07
-4.95918e-08
-8.01751e-07
-7.65579e-07
-3.00562e-08
1.34429e-08
-2.42977e-08
5.2853e-08
-2.43727e-08
8.46228e-08
-3.05469e-08
7.17654e-08
-1.77302e-08
-1.00104e-08
-1.21957e-08
-7.56278e-08
-3.59602e-08
-3.80806e-08
-6.61289e-08
-2.92457e-08
-6.3472e-08
-6.66495e-08
-7.93207e-08
3.58574e-08
-1.13854e-07
1.30738e-07
-1.25545e-07
1.12962e-07
-1.04945e-07
1.94258e-07
-7.99064e-08
1.43506e-07
-7.02257e-08
-1.25545e-08
-6.47005e-08
-7.59621e-09
-2.94345e-08
1.22745e-07
-6.64366e-08
2.24759e-07
-8.02239e-08
1.4151e-07
-6.5685e-08
1.28922e-07
-1.09022e-07
3.32565e-07
-1.32741e-07
3.19138e-07
-1.29639e-07
2.84713e-08
-1.07068e-07
-1.34692e-07
-1.0005e-07
-1.74097e-08
-1.18116e-07
1.62803e-07
-1.32491e-07
1.32476e-07
-1.08663e-07
-3.50215e-07
-4.9985e-08
-8.60429e-07
-8.15564e-07
-2.62055e-08
2.72356e-08
-2.67916e-08
5.34388e-08
-2.05157e-08
7.83524e-08
-6.751e-09
5.80017e-08
1.92026e-08
-3.59649e-08
1.7894e-08
-7.43166e-08
-4.15674e-09
-1.60268e-08
-4.70763e-08
1.37122e-08
-4.7369e-08
-6.6165e-08
-4.31852e-08
3.15877e-08
-8.81762e-08
1.75729e-07
-1.3068e-07
1.55466e-07
-1.1098e-07
1.74558e-07
-8.04344e-08
1.1296e-07
-6.02668e-08
-3.27221e-08
-5.83881e-08
-9.4749e-09
-6.68595e-08
1.31216e-07
-1.01197e-07
2.59097e-07
-8.38893e-08
1.24202e-07
-5.76221e-08
1.02654e-07
-1.05446e-07
3.80389e-07
-1.37981e-07
3.51673e-07
-1.32403e-07
2.28939e-08
-1.06515e-07
-1.60581e-07
-9.8652e-08
-2.52728e-08
-1.18628e-07
1.82779e-07
-1.34791e-07
1.48639e-07
-1.10389e-07
-3.74616e-07
-5.04051e-08
-9.20413e-07
-8.65969e-07
1.3796e-09
4.62324e-08
-3.02605e-09
5.78524e-08
8.52325e-09
6.68093e-08
3.24341e-08
3.40915e-08
5.36899e-08
-5.72226e-08
4.04109e-08
-6.10425e-08
1.04925e-08
1.38881e-08
-4.38608e-08
6.82095e-08
-7.01178e-08
-3.967e-08
-5.29279e-08
1.38107e-08
-8.37531e-08
2.06554e-07
-9.93786e-08
1.71091e-07
-9.01188e-08
1.65298e-07
-7.94931e-08
1.02334e-07
-6.45479e-08
-4.76673e-08
-2.84783e-08
-4.55444e-08
2.23258e-08
8.04124e-08
-2.58039e-08
3.07227e-07
-7.63702e-08
1.74768e-07
-8.42905e-08
1.10575e-07
-1.17448e-07
4.13546e-07
-1.42601e-07
3.76826e-07
-1.35648e-07
1.59407e-08
-1.05562e-07
-1.90667e-07
-9.69422e-08
-3.38925e-08
-1.19051e-07
2.04888e-07
-1.37019e-07
1.66607e-07
-1.12002e-07
-3.99633e-07
-5.09301e-08
-9.81485e-07
-9.16899e-07
1.17768e-08
5.84032e-08
1.2281e-08
5.73484e-08
3.36532e-08
4.54349e-08
6.15105e-08
6.23193e-09
5.49731e-08
-5.06878e-08
1.15089e-08
-1.75793e-08
-4.50196e-08
7.04153e-08
-6.4907e-08
8.79998e-08
-7.96149e-08
-2.49976e-08
-1.06962e-07
4.01228e-08
-1.218e-07
2.21393e-07
-8.91052e-08
1.38397e-07
-8.2211e-08
1.58404e-07
-8.22958e-08
1.02419e-07
-7.59465e-08
-5.40166e-08
-4.56413e-08
-7.58497e-08
-1.53714e-08
5.01425e-08
-7.15215e-08
3.63377e-07
-7.64261e-08
1.79673e-07
-2.11272e-08
5.52758e-08
-8.11954e-08
4.73614e-07
-1.52393e-07
4.48025e-07
-1.36657e-07
2.03985e-10
-1.0419e-07
-2.23133e-07
-9.43415e-08
-4.3741e-08
-1.19089e-07
2.29635e-07
-1.38503e-07
1.86021e-07
-1.13003e-07
-4.25133e-07
-5.17914e-08
-1.0427e-06
-9.68691e-07
1.12477e-08
5.61012e-08
2.23823e-08
4.62098e-08
4.36069e-08
2.42087e-08
5.14692e-08
-1.6286e-09
1.84037e-08
-1.76216e-08
-1.58088e-08
1.6634e-08
-2.56814e-08
8.03159e-08
3.95994e-09
5.8323e-08
-3.05473e-08
9.47754e-09
-8.96112e-08
9.78235e-08
-8.07958e-08
2.12577e-07
-6.13253e-08
1.18926e-07
-6.72618e-08
1.6434e-07
-1.00419e-07
1.35576e-07
-9.13648e-08
-6.30298e-08
-4.63907e-08
-1.20824e-07
-6.30952e-08
6.6847e-08
-9.41087e-08
3.94391e-07
-9.89226e-08
1.84487e-07
-1.00774e-07
5.7127e-08
-1.28494e-07
5.01334e-07
-1.46305e-07
4.65836e-07
-1.35623e-07
-1.04782e-08
-9.96549e-08
-2.59102e-07
-8.94665e-08
-5.39294e-08
-1.17676e-07
2.57845e-07
-1.37411e-07
2.05756e-07
-1.12068e-07
-4.50476e-07
-5.34701e-08
-1.10129e-06
-1.02216e-06
9.94e-09
4.45396e-08
1.80942e-08
3.80577e-08
1.45933e-08
2.77109e-08
-8.81578e-09
2.17803e-08
-3.85906e-08
1.21532e-08
-5.32403e-08
3.12837e-08
-3.20212e-08
5.92663e-08
2.23807e-08
4.47236e-09
1.76305e-08
1.41957e-08
-6.25103e-09
1.20728e-07
-2.43225e-08
2.30661e-07
-3.25499e-08
1.26919e-07
-2.84899e-08
1.60262e-07
-9.72469e-08
2.04501e-07
-9.14857e-08
-6.87399e-08
-3.95816e-08
-1.72728e-07
-4.52359e-08
7.25013e-08
-6.44645e-08
4.13619e-07
-5.75111e-08
1.77533e-07
-4.54217e-08
4.50376e-08
-9.55518e-08
5.51464e-07
-1.21978e-07
4.92262e-07
-1.13197e-07
-1.92592e-08
-8.67977e-08
-2.85501e-07
-7.80309e-08
-6.26962e-08
-1.11772e-07
2.91587e-07
-1.29808e-07
2.23791e-07
-1.06395e-07
-4.73889e-07
-5.6473e-08
-1.15122e-06
-1.07863e-06
-1.45801e-09
4.00438e-08
-5.75816e-09
4.23593e-08
-2.26511e-08
4.46038e-08
-4.53328e-08
4.4462e-08
-6.22128e-08
2.90332e-08
-7.9189e-08
4.82598e-08
-8.98691e-08
7.01813e-08
-1.02708e-07
1.88352e-08
-1.13752e-07
2.52078e-08
-1.00105e-07
1.06354e-07
-5.5142e-08
1.85711e-07
-2.05286e-08
9.2387e-08
-6.31311e-09
1.46039e-07
-8.22513e-08
2.80398e-07
-1.28039e-07
-2.36017e-08
-7.23918e-08
-2.28148e-07
3.68457e-09
-3.57508e-09
-5.92757e-08
4.7658e-07
-9.05348e-08
2.08792e-07
-2.15827e-08
-2.39145e-08
-7.89755e-08
6.08857e-07
-1.06589e-07
5.19877e-07
-4.86404e-08
-7.72083e-08
-5.05108e-08
-2.83631e-07
-5.24784e-08
-6.07286e-08
-9.53015e-08
3.3441e-07
-1.09485e-07
2.37975e-07
-9.16596e-08
-4.91714e-07
-6.02439e-08
-1.18263e-06
-1.13888e-06
-2.02364e-08
4.43309e-08
-2.72759e-08
4.93989e-08
-3.66025e-08
5.39303e-08
-4.62447e-08
5.4101e-08
-5.00603e-08
3.2844e-08
-6.40261e-08
6.22276e-08
-8.68092e-08
9.29793e-08
-9.16467e-08
2.43093e-08
-1.07352e-07
4.21059e-08
-1.43185e-07
1.41498e-07
-5.01509e-08
9.06714e-08
3.82702e-09
3.84466e-08
-2.2964e-08
1.72853e-07
-9.37792e-08
3.50888e-07
-2.0574e-07
8.7709e-08
-1.16529e-07
-3.18081e-07
5.31792e-08
-1.73284e-07
-2.87213e-09
5.32614e-07
-2.95231e-08
2.34103e-07
1.01302e-08
-6.35956e-08
-2.15214e-08
6.40507e-07
6.25869e-09
4.92097e-07
5.27724e-08
-1.22912e-07
1.95193e-08
-2.50168e-07
-2.85382e-09
-3.83555e-08
-6.09013e-08
3.92457e-07
-7.17858e-08
2.4886e-07
-6.39154e-08
-4.99585e-07
-6.06936e-08
-1.18585e-06
-1.19957e-06
-2.60567e-08
5.02633e-08
-3.13998e-08
5.47412e-08
-3.41882e-08
5.67161e-08
-3.36219e-08
5.35336e-08
-2.78375e-08
2.70587e-08
-4.27228e-08
7.71085e-08
-6.95889e-08
1.19845e-07
-3.76309e-08
-7.64903e-09
-3.50928e-08
4.01459e-08
-9.35218e-08
1.99263e-07
-5.11117e-08
4.87869e-08
1.13417e-08
-2.43992e-08
1.34002e-08
1.70804e-07
-7.2918e-08
4.36619e-07
-1.35059e-07
1.49198e-07
-3.10941e-08
-4.22383e-07
3.87326e-08
-2.4311e-07
1.66032e-08
5.54739e-07
4.71232e-08
2.03102e-07
-3.53729e-08
1.91926e-08
3.51669e-08
5.69965e-07
2.88624e-07
2.36553e-07
2.71689e-07
-1.0684e-07
8.86886e-08
-6.53471e-08
4.34383e-08
6.93451e-09
-1.81497e-08
4.54045e-07
-1.86209e-08
2.49331e-07
-2.07735e-08
-4.97432e-07
-4.67046e-08
-1.15992e-06
-1.24628e-06
-8.03482e-09
5.12425e-08
-6.72899e-09
5.34365e-08
-8.98374e-09
5.89698e-08
-1.08518e-08
5.54005e-08
6.95814e-09
9.25056e-09
8.73259e-09
7.5336e-08
-9.17655e-09
1.37754e-07
-7.10586e-09
-9.72003e-09
1.39895e-08
1.90504e-08
3.55145e-08
1.80211e-07
6.73535e-09
7.79083e-08
-7.17032e-09
-1.0481e-08
2.14713e-08
1.42171e-07
1.7856e-08
4.42882e-07
3.05705e-08
1.37058e-07
1.34095e-07
-5.25821e-07
1.25953e-07
-2.34969e-07
7.6484e-08
6.04209e-07
1.17501e-07
1.6197e-07
-2.87445e-09
1.39442e-07
1.58849e-07
4.06098e-07
3.84685e-07
1.04419e-08
4.52274e-07
-1.75543e-07
3.67348e-07
1.89801e-08
1.38035e-07
2.35126e-07
4.20609e-08
4.15578e-07
4.72905e-08
4.71e-08
3.81446e-08
-1.88156e-07
-1.32853e-08
-1.10849e-06
-1.25956e-06
9.6588e-09
4.5867e-08
1.6945e-08
4.61515e-08
2.64745e-08
4.94469e-08
3.27191e-08
4.91636e-08
4.76981e-08
-5.72664e-09
6.96746e-08
5.33578e-08
6.56757e-08
1.41755e-07
3.64843e-08
1.94715e-08
3.35096e-08
2.20251e-08
8.47744e-08
1.28946e-07
8.37727e-08
7.88878e-08
7.5546e-08
-2.35494e-09
6.68399e-08
1.50935e-07
1.10936e-07
3.98636e-07
1.71892e-07
7.61593e-08
1.71448e-07
-5.25375e-07
9.96254e-08
-1.63139e-07
1.23367e-07
5.78793e-07
2.06041e-07
7.95316e-08
9.44586e-08
2.52159e-07
3.94816e-07
1.07512e-07
5.46596e-07
-1.41331e-07
4.14226e-07
-4.31585e-08
4.42741e-07
-9.52222e-09
5.12275e-07
1.3097e-07
3.67879e-07
1.79149e-07
7.34093e-08
2.64517e-08
9.58334e-09
-5.19097e-09
3.48457e-08
-9.02157e-07
-1.22471e-06
1.67186e-08
3.5913e-08
2.69458e-08
3.59241e-08
4.21884e-08
3.42043e-08
5.55974e-08
3.57547e-08
4.23044e-08
7.56654e-09
4.32432e-08
5.24194e-08
7.56735e-08
1.09326e-07
7.48764e-08
2.02694e-08
4.66388e-08
5.02626e-08
6.99821e-08
1.05603e-07
8.41721e-08
6.46978e-08
6.78005e-08
1.40155e-08
6.28329e-08
1.55927e-07
1.73599e-07
2.87876e-07
2.15117e-07
3.46471e-08
3.75376e-08
-3.47793e-07
-6.90293e-08
-5.6498e-08
1.34217e-07
3.75381e-07
2.77046e-07
-6.34487e-08
2.37402e-07
2.9221e-07
5.06379e-07
-1.61028e-07
6.4845e-07
-2.83378e-07
5.51816e-07
5.35027e-08
4.02068e-07
1.40239e-07
4.39099e-07
4.05994e-08
4.82473e-07
-1.37317e-07
7.08599e-08
6.75035e-08
1.36223e-08
1.97616e-09
2.36737e-08
-1.73652e-07
-1.20093e-06
1.27706e-08
3.30193e-08
1.25446e-08
3.61501e-08
1.12487e-08
3.55002e-08
1.05259e-08
3.64775e-08
-1.46166e-08
3.2709e-08
-3.20508e-11
3.78348e-08
4.95145e-08
5.97792e-08
1.3688e-08
5.60959e-08
-5.28466e-10
6.4479e-08
3.59605e-08
6.91138e-08
4.46687e-08
5.59895e-08
6.21e-09
3.90332e-08
6.76544e-08
9.45077e-08
2.60734e-07
6.49338e-08
2.10199e-07
5.99797e-08
-4.6852e-08
-6.45428e-08
-3.00221e-08
-7.3251e-08
2.57097e-07
8.83668e-08
3.17651e-07
-1.23889e-07
3.77408e-07
2.32588e-07
5.85293e-07
-3.68725e-07
5.2224e-07
-1.61065e-07
6.4209e-07
2.44171e-08
6.55867e-07
1.26475e-07
6.04742e-07
2.43501e-08
2.74627e-07
-2.1131e-07
3.28707e-08
5.52209e-09
-2.62562e-09
2.53692e-08
-1.27177e-07
-2.47047e-08
-9.10358e-07
1.27915e-08
9.80006e-09
8.02169e-09
1.13621e-08
1.904e-09
1.13609e-08
-6.53147e-09
1.19981e-08
-1.65124e-08
1.13273e-08
-2.84444e-08
1.1565e-08
-1.9835e-08
9.66538e-09
-2.97313e-08
9.97066e-09
-1.76778e-08
4.74102e-09
-5.2493e-09
2.5075e-11
5.22645e-09
2.08287e-11
-2.36858e-09
3.53936e-11
1.89058e-08
-3.97316e-11
3.43326e-08
-1.44771e-11
5.37069e-08
4.4946e-10
-2.00441e-09
-3.87123e-10
1.2844e-07
-5.63431e-11
3.05368e-07
-3.09452e-08
2.80254e-07
-2.92219e-08
4.27722e-07
1.01297e-07
1.87174e-07
-1.14927e-07
6.47802e-08
-4.87279e-09
2.41765e-07
-1.06467e-10
4.69804e-07
1.48904e-08
4.46666e-07
6.5142e-09
4.97568e-08
-2.14994e-08
3.82612e-09
-1.4205e-10
-2.27474e-09
-1.01916e-10
-1.74265e-08
-8.38455e-12
-8.72334e-12
-4.89946e-14
-6.26332e-12
2.41556e-13
-9.58289e-12
4.11193e-12
3.29898e-12
-5.61712e-11
9.1173e-12
-1.23878e-08
-1.89952e-11
-5.43895e-08
-3.62965e-10
-1.20975e-08
1.10872e-10
-6.07956e-08
-6.72352e-09
-1.92017e-07
-1.16992e-07
-9.52173e-08
-1.39625e-08
-2.56629e-08
-6.77986e-08
-2.93875e-08
-3.62749e-09
-3.56351e-10
-5.61544e-10
1.7176e-11
-1.86206e-10
-9.75659e-13
-1.12762e-10
-1.02701e-12
-2.53869e-11
-2.61207e-13
-1.26079e-11
-1.20004e-11
-9.27331e-12
-1.54134e-10
-6.31199e-13
1.88926e-10
-6.41751e-12
7.06795e-10
5.09808e-12
2.74321e-09
1.54184e-11
2.41933e-09
1.58638e-11
4.11458e-09
9.54438e-15
3.39922e-09
2.57833e-11
3.77912e-09
-6.17106e-12
2.81779e-09
-7.27911e-12
2.35946e-09
-1.18558e-11
1.60449e-09
-7.39349e-12
-6.53598e-12
1.20551e-09
-1.26278e-13
-6.25423e-12
1.47533e-13
-6.90496e-12
1.31342e-12
3.4353e-13
-5.53457e-15
-9.42098e-14
-1.89189e-11
-6.26796e-14
-3.83574e-10
6.51925e-13
-2.84614e-10
2.68728e-12
-7.00814e-09
-1.39794e-14
-1.03699e-07
-1.27244e-13
-2.61156e-08
-6.889e-12
-2.82993e-10
-5.85821e-10
-9.01084e-11
-7.02037e-11
-8.60214e-11
-1.67031e-10
8.51609e-11
-1.42026e-12
8.16425e-11
-2.30333e-11
2.78152e-11
-9.41763e-12
4.19516e-12
-1.87807e-12
4.51954e-12
-1.28494e-12
5.72774e-12
1.33829e-13
2.2172e-13
-5.85742e-13
6.03122e-12
-6.11474e-13
2.16243e-11
-1.6123e-13
3.66349e-11
-1.17479e-13
3.65048e-11
-1.48552e-13
6.04563e-11
1.14253e-13
5.27563e-11
-1.37579e-13
4.39313e-11
-1.47456e-13
3.04191e-11
-9.01339e-14
2.01312e-11
-2.01856e-14
5.2829e-14
1.14899e-11
-2.52868e-13
-2.53993e-12
-1.56815e-14
-3.46e-12
1.10952e-13
7.81617e-14
4.34658e-14
-9.52959e-15
-1.3289e-14
5.90055e-15
-1.30355e-12
3.03271e-14
-1.01088e-14
1.29084e-14
-9.8975e-15
-2.91069e-14
-1.01888e-13
-4.86857e-14
-6.98392e-12
-1.92381e-14
-5.92767e-10
-5.57536e-14
-1.98849e-10
-1.84333e-15
-5.8011e-13
-9.08888e-13
-3.33317e-12
-5.98851e-12
1.12903e-10
-4.8524e-11
4.43127e-11
7.29395e-11
1.30093e-12
1.73529e-12
1.85382e-14
-1.56397e-14
1.17262e-13
1.92131e-15
4.55239e-13
-4.05434e-15
1.9429e-13
-4.16769e-17
7.00322e-14
-2.18969e-14
2.34123e-13
-1.50753e-13
1.03872e-13
-1.88103e-14
1.93526e-13
-1.90863e-15
3.58082e-14
-4.51225e-15
-1.4997e-13
3.92453e-15
-2.92133e-13
1.42578e-14
-3.86662e-13
2.01488e-14
4.68294e-14
-4.22594e-13
-1.0753e-13
-1.57051e-17
-1.4199e-14
-1.65383e-14
1.9634e-14
1.39475e-14
1.9274e-14
-9.07354e-15
-6.11121e-16
2.67316e-14
-1.28478e-14
2.17244e-14
-1.15521e-14
3.34313e-15
-2.37782e-14
-7.52458e-14
-1.38576e-14
-2.05503e-13
-1.12881e-14
-3.10838e-14
-1.11596e-14
-6.96717e-14
-1.81496e-14
-7.2953e-15
-9.38071e-13
-2.13865e-16
8.14375e-12
-2.43043e-11
1.31017e-10
-1.06701e-10
2.47721e-12
1.11093e-10
2.16029e-14
-7.57583e-14
6.07502e-15
2.72745e-15
1.03942e-14
-2.29345e-16
9.1996e-15
-9.47847e-16
2.75103e-14
-2.02922e-15
1.75958e-14
1.93137e-15
2.33175e-14
1.65716e-14
-4.11059e-16
5.14252e-15
-5.39414e-15
2.43183e-15
-1.29925e-14
2.71292e-15
-1.91281e-14
3.33905e-15
-2.36004e-14
5.9631e-15
-2.70182e-14
6.49318e-15
3.16312e-14
-3.12198e-14
-2.06251e-17
-1.59717e-17
-1.52303e-14
-1.34712e-15
3.47361e-14
2.80758e-14
4.59843e-14
3.34728e-14
1.16248e-14
9.82964e-14
-5.1826e-15
3.04951e-14
-1.72049e-14
8.52367e-15
-3.20582e-13
-1.4911e-13
-4.21207e-13
-7.03336e-13
-1.11487e-13
-8.18584e-14
-1.88442e-14
-4.94056e-14
-3.13415e-14
-8.28722e-15
-4.13872e-14
-2.90902e-15
3.27068e-12
-3.82388e-11
1.01679e-10
-1.36184e-10
1.38537e-11
2.0586e-10
-2.25487e-13
5.09151e-12
7.91861e-16
-7.70866e-14
6.18442e-15
-1.53077e-14
1.86761e-15
-9.75709e-16
2.80985e-14
2.80024e-14
1.17003e-15
9.61131e-14
-4.20175e-15
8.18382e-14
-1.07595e-15
1.98128e-15
-1.64316e-15
2.74815e-15
-2.30228e-15
2.79932e-15
-2.97281e-15
3.18004e-15
-2.73738e-15
4.58183e-15
-5.48e-15
7.28187e-15
3.02892e-14
-6.95097e-15
-3.37749e-17
-6.83513e-18
-1.52424e-15
-8.64375e-16
1.58413e-14
9.93725e-17
4.70912e-14
2.37474e-14
1.86853e-14
2.52316e-14
-1.69273e-16
4.08877e-14
-1.03475e-14
1.10378e-14
-2.56528e-13
-1.35553e-14
-6.22706e-13
-1.94785e-13
-4.23314e-13
-7.75708e-14
-5.36957e-14
7.50267e-15
-3.40601e-14
-4.30369e-14
-4.47903e-14
-4.84243e-15
-2.75539e-11
-7.57812e-12
-7.98856e-12
-1.08582e-10
-4.55268e-12
2.09002e-10
-1.57169e-12
8.69697e-13
-3.32439e-13
-5.0825e-13
-5.73556e-15
-1.5641e-13
-9.72972e-15
-1.66831e-15
-3.5638e-14
2.3113e-14
-4.50218e-14
5.71877e-14
-1.48087e-15
3.05935e-15
-1.88033e-15
2.35013e-15
-2.08316e-15
2.91109e-15
-2.45047e-15
3.10882e-15
-3.37717e-15
4.0642e-15
-2.39908e-14
2.51274e-14
-1.98793e-13
1.67991e-13
3.04783e-13
-7.22463e-13
-1.29006e-17
-5.75318e-19
-2.75679e-17
-5.64593e-16
7.71248e-17
-9.0856e-19
4.55087e-15
3.19757e-16
2.97749e-15
6.46921e-15
2.58759e-14
9.18734e-13
1.75673e-14
4.11622e-14
-5.8285e-15
-2.59256e-14
-4.96803e-13
4.93183e-14
-2.91935e-13
1.54733e-13
-9.59159e-14
-2.64492e-15
-5.29335e-14
-1.38792e-14
-1.02905e-13
5.88725e-15
-4.71148e-12
-3.0045e-12
-9.41886e-11
-7.8974e-12
-9.06789e-13
7.78922e-11
-1.85688e-12
2.21826e-13
-8.30607e-13
-6.89617e-13
-1.02324e-14
-3.96207e-13
-9.51561e-15
-6.94914e-15
-1.28914e-14
3.21404e-15
-2.71091e-15
2.73017e-15
-2.2243e-15
2.54005e-15
-2.75548e-15
2.8532e-15
-3.95629e-15
4.0846e-15
-3.05782e-14
2.96876e-14
-3.2582e-13
2.41059e-13
-1.01516e-12
5.25029e-13
-1.35812e-12
6.83848e-13
4.73851e-13
-1.37676e-12
-2.26703e-18
-1.8136e-19
-8.12076e-19
-2.63047e-16
2.25742e-18
-4.53262e-18
1.1327e-16
2.06646e-16
7.91735e-16
5.56272e-15
1.84455e-13
1.12805e-12
1.57018e-13
1.94534e-13
9.2963e-15
-2.45026e-15
-1.98292e-13
3.18971e-13
-8.96512e-13
1.18142e-12
-1.7491e-13
6.07418e-14
-1.49686e-13
4.24745e-14
-2.5709e-13
1.38597e-14
-4.37366e-13
-5.97125e-12
-1.73128e-11
6.01395e-12
-1.53968e-11
4.1341e-11
-7.85993e-13
-3.23146e-12
-2.3234e-13
9.72725e-15
-4.08641e-14
-4.56687e-14
-4.50811e-15
-2.58944e-14
-3.05159e-15
1.61194e-15
-3.09438e-15
2.68903e-15
-3.7476e-15
3.13528e-15
-5.38053e-15
4.41947e-15
-1.54239e-13
1.52813e-13
-1.24975e-12
5.38394e-13
-1.63426e-12
9.00254e-13
-1.66967e-12
7.89015e-13
-1.31548e-12
5.17736e-13
8.39766e-14
-3.33393e-13
1.51737e-21
-2.40036e-19
-6.33315e-19
-1.20999e-16
1.38778e-18
-7.61648e-18
1.96309e-16
9.26875e-18
1.53407e-13
9.81751e-13
2.57192e-13
1.09369e-12
8.26126e-14
-6.18177e-15
7.88039e-14
-1.05779e-16
-8.49819e-13
3.6415e-12
-2.31035e-12
7.86181e-12
-4.08331e-13
2.76347e-12
-2.17846e-13
2.98205e-13
9.3139e-13
1.85291e-14
-1.22375e-11
-6.23938e-12
-3.12475e-11
-5.8139e-11
-9.53201e-11
4.00909e-11
-3.59623e-12
-3.01218e-11
-7.08186e-14
-3.51141e-12
-1.00552e-13
-1.3649e-14
-3.91286e-15
6.37464e-16
-4.29689e-15
1.81147e-15
-4.90081e-15
3.16517e-15
-7.66651e-15
5.80481e-15
-2.46806e-14
2.06429e-14
-1.66064e-12
1.09645e-12
-1.94302e-12
1.15131e-12
-1.65466e-12
9.09537e-13
-7.00979e-13
3.33534e-13
-1.17962e-13
2.83702e-14
7.41991e-15
-4.70138e-15
4.91875e-21
-3.06327e-19
-5.36538e-19
-3.54395e-17
3.08141e-19
-9.72418e-18
5.71653e-18
3.84178e-18
4.15773e-13
6.52081e-13
2.76899e-13
1.31138e-12
4.66199e-14
-4.45909e-15
4.61529e-14
-3.20421e-17
-3.43872e-13
2.7564e-12
-6.38603e-12
1.53673e-11
-6.15035e-12
5.93369e-12
-7.17441e-13
-2.00552e-12
-2.26066e-14
-1.6218e-14
-1.09883e-11
-2.51003e-12
-1.33284e-10
-1.31699e-10
-1.15164e-10
-1.48735e-11
-7.71929e-11
-5.95484e-11
-1.6276e-13
-8.38678e-12
-1.57849e-13
-1.83976e-14
-1.12394e-13
-3.11952e-14
-6.1333e-15
7.16756e-14
-8.37966e-15
5.23783e-15
-2.72588e-14
2.39641e-14
-4.68106e-13
7.47465e-14
-2.01529e-12
5.86628e-13
-1.43532e-12
9.09863e-13
-4.23203e-13
2.68571e-14
-8.1089e-14
1.28559e-14
-7.11824e-14
2.2678e-14
1.28817e-14
-7.09823e-14
9.81294e-21
-3.73543e-19
-4.51863e-19
-1.59905e-17
-3.06877e-19
-1.07493e-17
2.06052e-18
1.45594e-18
1.65817e-13
1.98966e-15
1.04673e-13
1.57345e-15
5.67561e-15
-6.66586e-16
5.6622e-15
-5.82293e-17
1.98928e-13
5.31127e-13
-5.17431e-12
2.23811e-11
-7.95504e-12
1.0192e-11
-1.55752e-12
-4.71464e-12
-7.89282e-13
-8.21542e-14
-1.06709e-12
-1.65771e-12
-8.58648e-11
-2.98175e-11
-1.01231e-10
-1.3485e-10
-1.31621e-10
-3.5024e-11
-1.79457e-13
-6.67386e-12
-1.78956e-13
-1.96519e-14
-2.11501e-13
-2.60175e-14
-2.44846e-13
1.12417e-13
-1.58698e-13
1.28924e-13
-5.14236e-14
1.33532e-13
-3.59827e-13
1.86091e-13
-5.9785e-13
1.39579e-13
-2.50983e-13
1.47818e-13
-1.62529e-13
-4.23796e-15
-1.47675e-13
5.03747e-14
-2.6903e-13
5.24669e-14
3.93691e-14
-2.96589e-13
1.60629e-20
-4.29662e-19
-3.24333e-19
-1.6562e-17
-7.36576e-19
-1.12358e-17
2.26534e-18
-1.47846e-19
1.93346e-15
5.30945e-17
1.54193e-15
1.06721e-15
2.03563e-16
3.3364e-17
2.27719e-16
-1.25896e-16
2.93879e-13
1.749e-13
-2.93117e-12
2.73212e-11
-2.83753e-12
1.17009e-11
-2.20029e-12
-1.23942e-12
-6.06055e-13
-5.11872e-13
-1.52417e-12
-6.74149e-13
-2.813e-11
-4.36328e-12
-1.66874e-10
-1.48815e-10
-9.81674e-11
-1.13393e-10
-2.98497e-13
-2.73972e-12
-8.88376e-14
-2.32784e-13
-2.89028e-13
-7.6488e-18
-3.19013e-13
1.50923e-13
-3.66167e-13
1.83051e-13
-3.75212e-13
1.49849e-13
-2.67571e-13
2.08068e-13
-2.28458e-13
1.24615e-14
-1.5338e-13
-8.65633e-15
-3.118e-13
7.8932e-14
-3.50894e-13
8.45907e-14
-3.56198e-13
5.56542e-14
3.09275e-14
-3.48855e-13
2.276e-20
-4.57334e-19
-1.68686e-19
-1.74353e-17
-6.5823e-19
-1.09557e-17
2.07115e-19
-8.51024e-19
1.86674e-17
3.4622e-17
1.09697e-16
9.75625e-16
6.99979e-17
8.41891e-18
2.55046e-16
-3.62032e-16
1.66467e-13
8.64532e-15
-1.1963e-13
2.93538e-11
-5.7536e-13
2.35723e-12
-3.47403e-12
-3.12337e-14
-8.11297e-13
-7.48764e-13
-1.0303e-12
-1.49471e-12
-6.70867e-12
-7.67545e-13
-1.51455e-10
-1.15383e-10
-1.28322e-10
-1.6183e-10
-5.48743e-12
-6.65341e-11
-6.40191e-14
-5.65911e-12
-6.4312e-14
3.60923e-16
-1.74584e-13
1.4573e-15
-2.28495e-13
1.92975e-14
-2.60089e-13
1.67138e-14
-1.77316e-13
1.36284e-13
-2.18406e-13
1.27181e-13
-3.72668e-13
1.41357e-13
-3.91489e-13
9.68327e-14
-3.85388e-13
7.5319e-14
-3.78116e-13
4.91212e-14
2.31646e-14
-3.69217e-13
2.80778e-20
-4.37674e-19
-9.54721e-21
-1.70611e-17
-5.29411e-19
-9.80715e-18
-2.47883e-18
-7.55693e-19
9.23469e-18
1.76501e-17
5.37526e-17
3.95416e-16
3.52346e-17
2.00364e-17
2.2827e-16
-4.77601e-16
7.94371e-15
1.13201e-15
9.22649e-13
8.85286e-14
3.01497e-14
-8.35302e-14
2.8131e-17
-1.0348e-17
-3.10997e-13
4.6289e-13
4.02323e-13
-2.61632e-12
-5.23094e-15
-2.93068e-13
-9.59393e-11
-1.405e-11
-1.59248e-10
-1.25807e-10
-5.39268e-11
-1.9735e-10
-2.11943e-15
-5.59214e-11
-2.01893e-15
6.9829e-17
-2.90921e-15
2.17014e-15
2.16665e-15
7.43296e-16
-1.02803e-13
-5.89419e-16
-3.54284e-13
1.21375e-13
-4.00208e-13
1.68194e-13
-3.99618e-13
1.3955e-13
-3.96769e-13
9.35697e-14
-3.92906e-13
7.04776e-14
-3.78717e-13
3.9683e-14
7.56184e-15
-2.79105e-13
3.31119e-20
-3.64709e-19
6.43771e-20
-1.50565e-17
-4.03463e-19
-7.90091e-18
-1.55225e-18
-4.39626e-19
1.44197e-18
3.94079e-18
3.55053e-17
2.16277e-16
2.09832e-17
2.81047e-17
1.94126e-16
-3.27214e-16
9.05241e-16
8.14236e-16
8.56938e-14
4.18145e-15
5.58577e-15
-3.58953e-15
5.49426e-15
-2.15769e-18
1.97307e-12
7.65942e-14
9.96455e-14
-1.18302e-12
5.15257e-14
-1.65034e-13
-1.32848e-11
-6.85567e-13
-9.94341e-11
-1.05689e-10
-1.74754e-10
-1.07336e-10
-6.57558e-12
-2.03323e-10
-2.12592e-15
-6.57354e-12
-8.09696e-16
6.7518e-16
-1.26123e-15
8.0392e-16
-2.35962e-14
4.53261e-15
-3.68474e-13
4.38465e-14
-3.83625e-13
1.75123e-13
-3.39282e-13
9.09662e-14
-1.28909e-13
3.34709e-15
-6.98848e-14
1.53115e-15
-1.06161e-14
8.55154e-16
5.92167e-16
1.24216e-14
2.62049e-20
-2.48914e-19
8.51879e-20
-1.13094e-17
-2.89228e-19
-5.62399e-18
-5.78823e-19
-1.80447e-19
1.33493e-19
7.11551e-19
2.35718e-17
1.19381e-16
1.92801e-17
2.43494e-17
1.17141e-16
-3.13626e-16
5.02763e-16
6.12082e-16
4.31712e-15
5.31848e-16
4.79569e-16
2.9067e-16
4.08886e-16
-7.66812e-18
1.20602e-13
-4.08425e-17
9.38786e-14
-5.19285e-17
1.19272e-13
-1.15655e-14
-5.6538e-13
-4.82603e-16
-1.26051e-10
-1.4126e-11
-1.6429e-10
-5.31885e-11
-8.68951e-11
-2.6637e-10
-4.4279e-16
-3.48953e-11
-5.28142e-16
6.6657e-16
-9.42956e-16
6.62725e-16
-5.99171e-15
9.02682e-15
-6.94552e-14
4.7447e-14
-9.14492e-14
4.69253e-14
-1.78115e-14
2.86982e-14
-1.79268e-15
1.03392e-15
-7.94572e-16
2.29458e-16
-5.18432e-16
9.84146e-17
4.66612e-17
-5.21482e-16
1.83289e-20
-1.26683e-19
6.11956e-20
-6.98236e-18
-1.93336e-19
-3.43387e-18
-1.98072e-19
-4.49976e-20
-2.73911e-19
9.66429e-20
1.38299e-17
5.59814e-17
1.50693e-17
1.20062e-17
1.04256e-16
-2.72697e-16
4.89361e-16
4.17374e-16
7.2464e-16
4.64634e-16
3.4324e-16
8.71379e-16
2.62745e-16
2.93701e-17
3.20312e-16
-9.72559e-17
3.07981e-16
-4.01294e-17
1.34609e-14
2.13031e-16
1.31025e-14
1.00638e-16
-2.81298e-11
-4.27226e-14
-1.15386e-10
-4.18184e-11
-2.238e-10
-1.39466e-10
-1.82181e-15
-8.14643e-11
-1.72869e-15
4.77653e-16
-1.52379e-14
3.85731e-15
-8.24395e-14
7.4452e-14
-2.64955e-15
1.81497e-13
-1.40814e-15
4.58796e-14
-6.94097e-16
2.79542e-14
-6.9911e-16
9.01159e-16
-9.1957e-16
2.68078e-16
-7.9504e-15
6.22527e-15
8.208e-16
-3.42469e-16
9.3076e-21
-4.43337e-20
1.96707e-20
-3.30873e-18
-1.26177e-19
-1.74193e-18
-6.0602e-20
8.82769e-21
-2.95103e-19
-2.69134e-21
6.18134e-18
1.94443e-17
8.89654e-18
3.5752e-18
7.39689e-17
-2.31695e-16
3.49026e-16
2.44876e-16
4.28701e-16
1.20303e-15
3.83116e-16
8.92052e-16
2.56248e-16
1.26846e-16
3.288e-16
-2.00924e-16
3.93292e-16
-1.05227e-16
4.30385e-16
1.70993e-16
4.3279e-16
2.43625e-16
-1.75124e-13
3.78395e-14
-1.19038e-10
1.16158e-11
-2.12392e-10
2.806e-12
-1.29463e-15
-3.07777e-11
-9.04311e-16
3.55483e-17
-1.60033e-14
1.90026e-14
3.91312e-14
4.59976e-14
-1.89011e-14
4.73702e-13
-3.95222e-13
1.86744e-12
-1.70274e-12
1.88274e-12
-3.2261e-12
1.49923e-12
-1.24785e-12
8.19994e-13
-2.96938e-14
1.3583e-13
1.44984e-15
-2.12497e-14
3.18959e-21
-1.27594e-20
-8.94913e-21
-1.21104e-18
-6.59623e-20
-7.27406e-19
-1.534e-20
1.81352e-20
-6.1391e-20
-4.58201e-21
1.82711e-18
4.44222e-18
3.58639e-18
3.01885e-19
3.29487e-17
-1.65838e-16
5.02279e-16
1.81401e-16
5.93288e-16
1.32905e-15
4.97767e-16
1.0273e-15
3.6353e-16
2.60201e-16
3.86148e-16
-2.90596e-16
4.25218e-16
-1.84543e-16
4.47961e-16
1.21477e-16
1.45282e-15
3.87882e-16
3.8942e-14
1.17162e-15
3.54053e-12
1.50681e-13
-2.01364e-12
1.59382e-13
-4.38211e-11
-6.8553e-15
-1.89387e-11
-1.03791e-12
-2.80086e-14
-6.50267e-12
2.84717e-15
4.57406e-14
1.10234e-13
3.95053e-13
4.10558e-13
1.04477e-12
1.21579e-13
2.28696e-12
-8.8705e-14
1.81342e-12
-3.41856e-13
1.06531e-12
-5.54847e-15
4.81208e-13
2.27561e-14
-1.66817e-14
8.89878e-22
-2.35987e-21
-1.52752e-20
-3.85554e-19
-2.68279e-20
-2.51197e-19
-3.50141e-21
6.93791e-21
2.02172e-22
-2.42185e-21
3.30388e-19
6.13844e-19
9.65825e-19
-4.23467e-20
6.25273e-18
-8.50499e-17
7.20556e-16
-2.38707e-16
8.02385e-16
1.32252e-15
6.42261e-16
1.25333e-15
5.95925e-16
3.24168e-16
6.05587e-16
-4.15693e-16
4.71376e-16
-8.83113e-17
4.58953e-16
8.0358e-17
8.74032e-16
6.30572e-16
1.8626e-15
7.77648e-16
1.50298e-13
2.42891e-15
3.0096e-13
4.93331e-15
2.97095e-13
-3.80684e-16
1.35618e-12
1.25338e-14
1.26722e-11
-6.98493e-15
3.39164e-11
-5.15813e-12
-9.99234e-13
7.74489e-12
-2.52018e-13
2.22819e-13
1.05415e-12
3.85743e-14
3.50469e-13
6.01932e-13
3.92832e-13
7.68652e-13
3.42911e-13
3.06366e-13
1.08467e-11
8.78475e-12
1.59167e-22
-3.01184e-22
-8.16487e-21
-5.91669e-20
-8.42215e-21
-7.40087e-20
-6.814e-22
2.10228e-23
3.09703e-22
-8.56895e-22
3.57772e-20
4.65289e-20
1.59262e-19
-8.32666e-21
-1.68009e-17
-1.85554e-17
1.79161e-16
-1.35401e-16
7.49942e-16
1.1984e-15
7.05522e-16
1.41042e-15
8.27334e-16
1.76424e-16
1.55869e-15
-1.29079e-15
2.88071e-15
-2.05076e-15
5.71181e-16
2.08307e-15
7.66387e-16
1.23146e-15
1.8827e-15
1.18357e-15
3.44213e-15
7.81932e-16
7.20419e-15
9.56312e-16
1.29637e-14
3.17436e-15
1.9447e-14
5.72849e-15
1.22321e-14
5.61143e-17
8.2306e-12
4.70322e-14
-4.00585e-14
7.05682e-12
-7.27356e-15
2.63375e-13
1.38156e-13
6.18453e-14
8.37094e-13
8.97835e-14
1.02868e-11
1.05207e-11
1.32104e-11
2.84783e-11
2.77294e-11
8.05224e-12
1.96742e-23
-2.53677e-23
-2.83618e-21
-4.87226e-21
-2.26501e-21
-1.70472e-20
-9.64716e-23
-2.75564e-22
1.25266e-22
-2.05302e-22
2.23653e-21
1.53996e-21
1.15041e-20
-7.69431e-22
-5.57894e-18
-2.69079e-18
2.15555e-17
-7.64965e-17
4.68229e-16
8.2456e-16
6.87597e-16
1.05234e-15
1.43544e-15
-6.13689e-16
5.56986e-14
-5.5651e-14
2.69905e-13
-3.88148e-13
1.84458e-14
1.45888e-13
1.14145e-17
7.63637e-15
8.97623e-16
1.58901e-15
6.93966e-16
6.40048e-16
8.81641e-16
5.87135e-16
2.28317e-15
1.54519e-15
1.45442e-15
6.34293e-15
9.40282e-16
3.78669e-16
1.08588e-11
-1.20719e-13
4.59946e-12
4.95875e-12
-8.78975e-14
1.4592e-12
7.6511e-14
1.21707e-13
2.71589e-13
8.99815e-14
6.88609e-12
3.78773e-11
1.8691e-12
3.36646e-11
1.7036e-11
1.26355e-11
1.60467e-24
-1.37117e-24
-6.57621e-22
-2.09407e-22
-4.30646e-22
-2.76418e-21
-6.71454e-24
-9.26596e-23
2.90605e-23
-3.1702e-23
8.09216e-23
-4.04799e-26
5.84359e-22
-2.35522e-22
-4.11465e-18
-1.83697e-19
-1.58379e-16
-8.59756e-18
1.75634e-16
2.54119e-16
1.13765e-15
4.03781e-17
3.23051e-13
-3.2257e-13
6.01088e-12
-3.82817e-12
3.27624e-12
-2.13764e-13
6.31446e-14
5.51078e-13
1.93141e-14
5.04048e-14
1.06855e-15
1.94857e-14
5.57488e-16
8.65278e-16
4.95945e-16
4.50177e-16
1.46528e-15
3.96735e-16
3.57207e-12
1.52308e-12
4.37864e-12
2.62375e-12
2.87566e-12
-4.81212e-13
2.60927e-12
1.97834e-14
-3.09565e-14
1.04723e-12
2.07877e-13
1.17306e-13
4.23019e-13
8.30528e-14
3.10173e-11
1.01846e-12
9.91046e-11
1.41626e-12
5.7025e-12
1.11579e-10
8.34487e-26
-4.6681e-26
-9.52951e-23
-4.42383e-24
-5.14584e-23
-2.65167e-22
3.51593e-24
-1.25161e-23
4.09283e-24
-2.813e-24
4.9891e-24
-1.10568e-24
1.16187e-22
-1.62342e-22
-5.45901e-19
-8.17377e-20
-4.05017e-17
-1.988e-18
3.32897e-17
-2.78664e-18
3.17837e-17
3.47798e-18
3.77307e-12
-2.11429e-12
6.22329e-12
-5.44375e-12
2.66629e-13
-1.48458e-13
-1.58842e-13
5.29547e-13
3.78275e-14
7.77096e-13
8.09842e-14
8.08161e-13
1.51189e-15
8.02093e-14
1.03819e-15
7.11412e-16
1.86443e-12
4.15801e-13
1.70375e-12
1.39731e-12
1.51652e-12
1.30899e-12
5.85503e-14
-1.20737e-14
7.78412e-14
1.44109e-16
3.56832e-13
1.12501e-14
1.95757e-15
1.74332e-13
2.54724e-13
5.61565e-14
1.19674e-12
5.5049e-14
6.46376e-12
8.99661e-15
4.86105e-15
6.6434e-12
2.6879e-27
-9.90465e-28
-7.3072e-24
-3.67627e-26
-3.32183e-24
-1.29062e-23
1.57249e-24
-7.24849e-25
3.17326e-25
-1.1916e-25
1.04698e-24
-2.89519e-25
5.50656e-23
-8.51158e-23
-1.42956e-19
-1.47041e-19
-6.88464e-18
-3.04125e-18
3.90649e-18
-6.09675e-18
8.76161e-16
-9.10498e-16
7.8636e-13
-2.1162e-12
-1.70245e-12
-2.05149e-12
-1.5713e-12
7.1465e-13
-5.471e-13
5.60157e-14
-1.79777e-13
9.07722e-13
3.22217e-15
1.09037e-12
3.69474e-14
5.32937e-13
2.53037e-13
1.84859e-13
5.37936e-13
4.5641e-13
4.07207e-13
-9.83853e-15
1.29661e-14
-8.30742e-16
5.90563e-16
-6.48094e-17
1.49501e-15
-3.16607e-16
9.80815e-15
2.77705e-15
4.52148e-14
6.72815e-15
1.82561e-14
5.81681e-14
3.2246e-14
1.98061e-14
4.13978e-14
-1.04653e-15
4.54298e-15
4.12813e-14
5.22017e-29
-1.2991e-29
-2.50566e-25
-1.28054e-28
-1.00667e-25
-2.72838e-25
9.1106e-26
-1.59118e-26
1.11933e-26
-2.20103e-27
1.16294e-25
-3.87854e-26
1.827e-23
-1.82495e-23
-3.60359e-19
-6.70088e-20
-2.69628e-18
-2.41303e-18
2.68161e-17
-3.5858e-17
-2.20897e-15
-7.13539e-16
-3.19776e-12
-6.85952e-13
-4.93027e-12
6.59123e-13
-9.95563e-13
2.27679e-13
-9.93043e-13
9.00427e-15
-5.42689e-13
7.50898e-13
-3.6541e-13
3.47299e-13
-5.62662e-14
1.02393e-13
2.56435e-15
3.78682e-14
1.28788e-14
1.86516e-15
1.93318e-15
6.4695e-16
6.06596e-16
2.97013e-16
1.89871e-16
2.52115e-16
1.71677e-16
1.90101e-16
2.67028e-15
1.98063e-16
6.04979e-14
2.7129e-14
6.23084e-14
1.77998e-13
7.10749e-15
5.68209e-14
2.02181e-15
2.7336e-15
3.21392e-15
3.22114e-15
5.89117e-31
-1.05824e-31
-3.14925e-27
-2.02372e-31
-1.22609e-27
-2.0146e-27
1.63943e-27
-1.06034e-28
1.60995e-28
-1.95175e-29
8.06146e-27
-2.31461e-27
2.00271e-24
-1.75377e-24
-4.99496e-19
-3.37312e-21
-1.6169e-17
-1.03555e-19
6.26515e-16
-3.30209e-18
-3.41219e-14
-4.86339e-18
-1.64403e-12
-3.8884e-15
-2.43404e-13
4.18172e-15
-1.71967e-14
7.96959e-16
-1.38455e-13
1.12675e-15
-7.49933e-14
5.82049e-16
-1.61886e-14
6.99032e-16
-2.56712e-15
-1.93894e-16
-2.05434e-16
8.61831e-16
4.51934e-17
8.22804e-16
8.59376e-17
2.95717e-16
9.33803e-17
1.93284e-16
9.91628e-17
1.50584e-16
1.10741e-16
1.3508e-16
1.15516e-16
1.18635e-16
2.71251e-13
2.10599e-13
1.67764e-13
2.81907e-13
2.26944e-14
1.3803e-13
7.46881e-15
7.50261e-15
7.74081e-15
2.91894e-15
3.66044e-33
-5.51364e-34
-1.0735e-29
-1.3423e-34
-4.81428e-30
-4.04632e-30
7.93915e-30
-1.555e-31
1.01896e-30
-1.03156e-31
2.45177e-28
-5.06918e-29
4.56443e-26
-8.29504e-26
-3.45638e-20
-1.19279e-22
-1.88034e-18
-3.93853e-21
-3.39037e-17
-1.76242e-19
-2.03198e-16
1.08589e-17
-4.26776e-15
1.06624e-16
-1.03592e-16
2.40704e-17
-1.25776e-16
5.62667e-17
-8.88797e-16
7.61006e-17
-4.33275e-16
-2.69633e-16
-1.64653e-16
3.71392e-16
-1.014e-16
2.19174e-16
-5.14401e-17
1.90672e-16
-2.49222e-16
1.6592e-16
2.95974e-16
2.90835e-15
6.37279e-16
4.84453e-15
1.72465e-16
6.16854e-16
1.2018e-16
1.40125e-16
6.13004e-14
1.83977e-13
-1.78582e-14
3.19655e-13
-4.29311e-14
3.08099e-13
1.08032e-14
7.63227e-14
-4.04543e-14
4.71481e-14
6.9675e-12
-5.60895e-12
1.10501e-35
-2.04153e-36
-8.50014e-33
-1.14122e-37
-4.43359e-33
-2.31862e-33
7.31624e-33
-3.51101e-35
3.40873e-33
-6.01655e-35
2.35085e-30
-1.75257e-31
-1.23978e-24
-7.67003e-28
-1.7709e-21
-1.43984e-24
-1.32411e-19
-5.93531e-23
-3.598e-18
-4.10416e-21
-2.61157e-17
2.82687e-18
-3.01118e-17
2.40708e-17
-6.19423e-17
3.89278e-17
-2.10704e-17
6.33566e-17
-5.76741e-17
2.23089e-17
-7.78334e-17
6.36816e-17
-1.12213e-16
9.25858e-17
1.84493e-16
1.41449e-16
-3.17448e-15
1.87028e-15
-4.85583e-15
9.26349e-15
-2.28152e-15
8.7954e-15
-1.16121e-16
5.11006e-15
-1.1057e-16
3.51467e-16
-3.80179e-15
8.13758e-16
-1.33492e-13
1.86626e-13
-1.85451e-13
3.75012e-13
-1.79955e-13
3.0566e-13
1.12782e-13
1.92717e-13
-3.05739e-12
5.48311e-13
1.52516e-11
-3.08291e-11
8.38698e-39
-2.72219e-36
-4.9401e-37
5.57767e-37
7.08585e-37
1.28e-33
-2.68203e-26
-2.80066e-23
-3.81651e-21
-2.22375e-19
-2.5841e-18
-9.07484e-18
-1.00908e-17
-2.72468e-18
-5.35734e-18
-1.21785e-17
-3.58508e-17
-2.55617e-16
-1.02674e-15
-3.39558e-16
4.59717e-16
6.89104e-16
2.59869e-16
1.23332e-16
8.07063e-14
2.0922e-13
2.90565e-13
4.25536e-13
3.74424e-13
9.04495e-12
7.92712e-10
-8.25202e-12
4.47968e-10
-3.83322e-12
1.066e-10
-7.75553e-12
-5.53794e-10
-3.00106e-12
-1.01462e-09
-3.58617e-12
-1.33853e-09
1.65239e-11
-6.4134e-10
3.39551e-12
-3.61346e-10
1.19243e-11
-1.89116e-11
-2.88792e-13
4.90334e-12
-8.94744e-13
2.43977e-11
-2.96585e-13
5.05469e-11
1.29219e-12
1.46157e-11
-3.40074e-12
2.40523e-13
-7.6216e-14
4.39401e-10
5.96137e-12
5.6057e-11
-4.41947e-12
5.34121e-13
-1.1834e-12
6.13164e-09
-1.60229e-13
3.68081e-09
-7.32278e-14
1.0971e-07
7.73545e-09
4.93504e-09
-8.39856e-09
1.12225e-10
-5.33047e-11
5.99708e-12
-2.74755e-13
2.49318e-08
4.03525e-11
2.17314e-08
-8.6736e-12
2.65181e-10
-3.21838e-11
9.69776e-11
1.41775e-12
-3.00189e-13
-4.16271e-12
5.91483e-14
-6.98736e-12
-6.71855e-12
2.41521e-12
-3.40673e-14
-3.17496e-12
9.1157e-14
-1.21754e-11
2.67334e-13
-1.67573e-11
4.08786e-13
-2.32404e-11
4.64941e-13
-1.0261e-11
5.19209e-13
-8.34797e-12
1.06113e-13
1.56972e-12
1.92614e-13
1.24299e-12
-1.55029e-13
3.48095e-13
-6.08916e-15
5.30122e-14
-1.58549e-15
1.22554e-12
2.10271e-14
5.06737e-14
-1.56021e-14
1.24315e-14
-3.64414e-15
5.89178e-12
1.24244e-13
1.23743e-12
8.83374e-14
1.01988e-13
-2.57996e-13
6.34443e-14
-1.55063e-13
6.57982e-14
-1.14467e-13
8.5515e-09
2.17662e-12
5.35651e-11
-2.49106e-12
3.00673e-13
-2.26337e-14
2.647e-14
-3.5819e-16
4.03088e-11
-1.96882e-17
3.22863e-11
4.31529e-14
1.8245e-13
-7.20283e-14
2.66113e-12
1.62362e-13
-2.46075e-13
-2.80542e-13
9.14969e-14
-7.3369e-12
-7.05309e-12
-5.19923e-13
4.70136e-14
-5.35524e-13
1.4797e-14
-6.67025e-13
9.89971e-14
-5.18023e-13
-1.03137e-14
-4.31536e-13
1.791e-14
-6.24292e-14
-5.28359e-15
-2.8484e-14
9.81603e-16
1.62834e-13
1.29457e-15
8.25873e-15
-1.11788e-15
2.35383e-15
-2.53952e-16
1.33635e-15
-5.60988e-16
2.16809e-14
4.98612e-16
2.3482e-15
-8.91753e-16
4.03154e-15
-1.72143e-15
1.3769e-13
-2.55495e-15
9.4177e-14
5.64526e-14
7.88455e-14
-4.01228e-13
9.40168e-14
-2.24252e-13
1.57417e-13
-1.84859e-13
2.47529e-12
-1.43296e-13
2.2752e-14
-3.83635e-14
3.20571e-16
-3.10366e-16
1.81423e-16
-1.78545e-16
2.20204e-16
-6.13062e-17
4.45096e-14
-1.1435e-15
4.99389e-15
-3.074e-14
4.92608e-14
1.09438e-13
-2.59029e-13
-4.2892e-13
3.19228e-13
-3.22204e-14
-3.50821e-13
-3.65391e-14
2.95236e-14
-5.49708e-14
1.02032e-14
-5.26872e-14
1.21138e-15
-4.1518e-14
-8.91937e-15
-1.2084e-14
-5.78943e-15
-8.21477e-16
-1.64867e-15
3.97984e-17
-7.1337e-17
1.53822e-15
-2.44662e-16
8.9816e-16
-5.76234e-16
1.31331e-15
-7.82983e-16
1.77302e-15
-1.13833e-15
2.31762e-15
-1.00529e-16
2.29824e-15
-9.96704e-16
1.75145e-15
-1.3588e-15
2.13779e-14
-2.24248e-14
1.69031e-13
3.57193e-14
1.99765e-13
-4.16933e-13
2.14434e-13
-2.21945e-13
2.60712e-13
-2.12804e-13
2.20633e-15
-5.93265e-14
6.80477e-16
-7.1083e-14
7.91159e-17
-4.17358e-16
1.08096e-16
-2.21272e-16
1.43749e-16
-1.05881e-16
3.66021e-16
-1.37759e-15
-3.41483e-15
-2.08827e-14
-1.18622e-14
1.0294e-13
-1.20751e-17
-5.14236e-14
1.12133e-16
-5.03054e-15
-1.60334e-16
-9.71601e-15
2.80594e-14
-4.67351e-14
4.21855e-14
-1.18002e-13
3.24319e-14
-1.01409e-13
4.59992e-14
-4.01673e-14
1.25752e-14
-3.39774e-16
-3.82096e-18
2.93101e-17
-4.46344e-16
5.40945e-16
-7.70873e-16
1.07039e-15
-1.16416e-15
1.91685e-15
-1.76464e-15
5.33259e-15
-4.82016e-15
1.05024e-14
-8.46547e-15
5.28973e-15
4.11809e-15
4.61222e-15
-9.9186e-16
5.08653e-14
3.92259e-14
5.91836e-14
5.28076e-15
1.92118e-13
-5.33337e-13
2.0818e-13
-2.20088e-13
1.52663e-13
-6.03075e-14
1.93797e-13
-2.14219e-17
2.75289e-16
-1.79078e-16
-8.12881e-18
-1.55951e-16
2.29433e-17
-3.16956e-16
1.08762e-16
-4.45266e-16
-2.67176e-15
1.63276e-14
-8.5795e-15
1.2579e-16
-2.02084e-15
6.68766e-14
7.82832e-16
-5.80739e-14
1.06123e-16
-1.06919e-14
-1.88261e-16
-1.09245e-12
4.7511e-13
-4.89256e-14
1.48841e-13
-1.68938e-14
8.44191e-16
-1.00983e-14
8.42483e-16
-2.15125e-15
-1.10352e-16
-4.71179e-16
-3.79236e-16
-3.8705e-17
-8.86136e-16
6.75266e-16
-1.29755e-15
2.70156e-15
-3.24895e-15
3.43054e-14
-3.35846e-14
6.51991e-13
-7.68001e-13
1.2282e-12
-7.69645e-13
5.72407e-13
-1.06225e-13
-1.61358e-15
9.797e-14
8.44288e-15
2.1408e-14
2.03943e-14
1.06648e-15
1.52628e-13
-5.0512e-13
6.00098e-14
-4.7284e-14
4.64438e-16
-8.12288e-16
1.15194e-16
2.04841e-17
-3.21895e-17
-3.74875e-17
-1.34902e-16
-8.14474e-17
-2.4202e-16
-2.33342e-16
-6.94206e-16
-2.16249e-16
-6.4676e-15
7.31599e-15
-1.15369e-14
2.01978e-14
-4.80119e-14
8.14575e-14
2.95045e-14
3.44297e-13
2.6469e-16
-4.58838e-14
-8.73133e-17
-1.04483e-12
2.7158e-13
-2.84567e-15
3.96854e-14
-2.25103e-15
2.328e-16
-1.36254e-15
-2.74309e-18
-1.06414e-15
-3.42215e-16
-6.71421e-16
-7.82488e-16
-2.1249e-16
-1.35627e-15
5.20055e-16
-2.04184e-15
1.19523e-13
-1.5031e-13
1.16738e-12
-1.59718e-12
1.9239e-12
-1.99302e-12
1.95152e-12
-1.00158e-12
9.75493e-13
-8.60191e-14
-1.62701e-14
1.98093e-13
-5.07084e-16
6.51224e-15
6.03556e-15
2.86673e-15
3.26565e-14
-3.75508e-14
4.44144e-16
-1.51036e-14
9.66779e-17
-4.97872e-16
2.20521e-17
6.26165e-17
-9.62905e-17
7.45863e-17
-1.77914e-16
-2.36955e-17
-2.15613e-16
-1.54553e-16
-4.52981e-17
-1.24026e-16
5.64934e-16
6.22897e-17
-1.66852e-13
2.18271e-14
-9.59697e-14
1.91638e-13
6.17045e-14
3.71144e-13
9.72188e-17
-2.18447e-14
-1.09575e-17
-6.38089e-14
3.72909e-15
-2.03075e-15
3.57722e-15
-1.88535e-15
7.98022e-17
-1.66068e-15
-2.34241e-16
-1.35677e-15
-6.49168e-16
-9.73137e-16
-1.1754e-15
-5.72209e-16
-1.75419e-15
3.71899e-16
-2.75816e-15
2.72653e-13
-3.93001e-13
1.09328e-12
-2.61015e-12
1.2233e-12
-2.33499e-12
1.3044e-12
-1.31482e-12
5.35989e-13
6.5166e-14
-3.44589e-15
8.00313e-14
-1.35704e-15
6.01591e-15
6.32957e-15
1.22376e-14
4.17269e-15
-5.91186e-14
5.6732e-15
-3.94527e-14
2.88861e-17
-4.94591e-15
-3.08274e-17
1.25707e-16
-1.26286e-16
1.61176e-16
-1.46572e-16
4.70436e-19
-1.50003e-16
-1.06686e-16
-6.62936e-18
-7.54072e-17
-7.08559e-15
6.77022e-16
-9.60592e-14
-3.94061e-16
-5.07759e-14
8.827e-16
2.18393e-14
8.47477e-16
8.31296e-18
-2.26196e-17
-1.21601e-19
-3.38743e-15
2.53273e-15
-2.52559e-15
2.68443e-15
-2.29795e-15
-1.25044e-16
-2.0283e-15
-5.09265e-16
-1.73578e-15
-9.22285e-16
-1.36125e-15
-1.56674e-15
-1.16052e-15
-1.97396e-15
1.64642e-16
-4.19795e-15
-9.38585e-14
-3.86904e-13
2.86455e-13
-3.20023e-12
4.29958e-13
-2.71148e-12
3.43971e-13
-1.48325e-12
-1.72448e-16
7.64857e-14
-1.72965e-15
1.05326e-15
-1.46463e-15
7.50641e-15
-1.5487e-15
2.63436e-15
8.65934e-15
-2.74831e-13
1.99551e-14
-7.05887e-14
-8.29567e-17
-3.23443e-17
-7.24322e-17
1.40083e-16
-1.31267e-16
2.22189e-16
-9.78243e-17
-1.02833e-18
-9.13413e-17
-6.83633e-17
-1.77939e-16
-3.96023e-17
-4.05186e-16
6.30593e-16
-7.60897e-16
1.24678e-16
-4.25501e-16
2.63684e-16
1.04922e-16
1.97158e-16
5.47917e-20
-3.33993e-18
-1.82544e-19
-1.59443e-13
1.70062e-14
-1.96561e-13
9.5191e-15
-4.50201e-14
-1.78903e-14
-4.98909e-15
-2.95544e-14
-2.44433e-15
-3.21262e-15
-2.02488e-15
-2.03628e-15
4.54414e-16
-4.60288e-15
-1.59756e-14
8.48297e-15
-9.22367e-13
-1.3207e-12
-6.19473e-13
-3.73085e-12
-7.23265e-13
-2.85952e-12
-7.9948e-14
-3.97002e-13
-2.1867e-15
1.64447e-15
-8.37768e-16
3.7907e-15
-1.28469e-14
2.23302e-14
-5.30892e-14
-3.59136e-14
-6.28844e-15
-2.71719e-13
-9.71457e-18
-1.59132e-16
-4.58492e-17
3.60716e-18
-1.00575e-16
2.08894e-16
-1.09769e-16
2.42619e-16
-4.99328e-17
-1.33019e-17
-4.3968e-17
-4.34294e-17
-1.00563e-16
-1.36496e-17
-4.13716e-17
3.83656e-16
-2.61042e-17
9.0855e-17
-5.84919e-18
2.04619e-17
1.99064e-18
-1.22295e-19
-2.12832e-21
-7.84388e-18
-2.53267e-19
-3.05084e-13
2.15924e-14
-3.002e-13
-1.35775e-15
-2.93541e-13
-3.0645e-14
-2.03365e-13
-6.01587e-14
-1.45156e-14
-5.3574e-14
-1.09102e-14
-5.76265e-15
2.67489e-14
-1.38174e-13
-8.54512e-13
-1.25395e-12
-1.73098e-12
-3.26975e-12
-2.09471e-12
-3.6138e-12
-5.46552e-13
-1.43531e-12
-3.2524e-15
-4.93229e-16
-2.76865e-15
1.19545e-15
-1.49897e-14
1.96531e-14
-1.79811e-13
1.62059e-13
-7.73681e-14
-9.80996e-14
-2.14682e-17
-2.61983e-16
-2.84372e-17
-1.52338e-16
-7.76163e-17
5.25952e-17
-1.11542e-16
2.45224e-16
-7.5982e-17
2.21606e-16
-2.2261e-17
-3.23105e-17
-1.4936e-17
-3.8888e-17
-5.94689e-17
-5.14764e-18
-6.87736e-17
2.58291e-16
-1.57755e-17
1.42524e-16
-1.20676e-18
6.50352e-18
4.77415e-19
-2.3476e-18
-6.18581e-21
-1.36292e-17
-3.21875e-19
-3.41936e-13
1.10918e-14
-3.40464e-13
-9.02216e-15
-3.37474e-13
-4.00863e-14
-3.26954e-13
-7.86603e-14
-7.25861e-14
-9.61085e-14
-6.07614e-14
-1.00232e-14
-8.07388e-13
-1.50378e-13
-2.96317e-12
-2.35472e-12
-3.01212e-12
-3.09904e-12
-2.32161e-12
-3.37586e-12
-3.38371e-15
-2.94589e-13
-6.98305e-15
-2.72526e-16
-2.65236e-14
1.73017e-14
-1.67586e-13
7.35671e-14
-2.24862e-13
2.55343e-13
-9.05156e-17
-1.72927e-16
-7.85281e-17
-3.89798e-16
-7.10449e-17
-1.9777e-16
-1.01379e-16
1.25464e-16
-1.13835e-16
2.6061e-16
-6.27535e-17
1.80903e-16
-1.29783e-17
-7.78863e-17
-7.51216e-18
-3.29629e-17
-3.37227e-17
-2.16778e-18
-3.87047e-17
1.63329e-16
-2.18513e-18
7.83212e-17
-2.97561e-19
-9.84133e-19
2.95537e-19
-3.48523e-18
-1.17485e-20
-1.73787e-17
-3.79598e-19
-3.2849e-13
1.22798e-15
-3.5875e-13
-1.34092e-14
-3.42159e-13
-4.52992e-14
-3.48058e-13
-7.73933e-14
-1.61787e-13
-1.12381e-13
3.38144e-14
-1.93662e-15
-8.52535e-13
-2.55841e-14
-3.9211e-12
-1.52855e-12
-4.32443e-12
-2.56034e-12
-3.43059e-12
-2.46346e-12
-1.29422e-13
-3.58018e-13
-1.32286e-13
4.55527e-16
-3.0901e-13
4.29524e-14
-3.10978e-13
1.3627e-13
-2.37045e-16
2.37773e-14
-1.60982e-16
-2.9817e-16
-2.77398e-16
-9.28238e-16
-1.53472e-16
-1.02508e-16
-1.18558e-16
1.88731e-16
-1.17749e-16
2.63683e-16
-6.92499e-17
1.34054e-16
-6.64182e-18
-1.72102e-16
-5.27744e-18
-2.31889e-17
-1.85206e-17
-1.19171e-18
-1.63237e-17
9.18577e-17
-1.8854e-18
3.62892e-17
6.4823e-20
-6.82224e-18
4.80233e-20
-3.56848e-18
-1.81058e-20
-1.83502e-17
-4.14805e-19
-3.72553e-13
9.15862e-16
-3.7317e-13
-1.15919e-14
-3.80822e-13
-3.65391e-14
-3.89252e-13
-6.83141e-14
-2.48381e-14
-3.31307e-16
-2.33639e-14
-8.15189e-16
-4.23263e-14
-5.12283e-15
-2.76357e-12
-1.57767e-13
-4.73121e-12
-2.35096e-12
-3.35292e-12
-2.00106e-12
-1.01516e-13
-1.72686e-13
-1.02184e-13
6.06165e-16
-1.8691e-13
2.51547e-15
-1.43642e-13
2.62126e-15
-1.97935e-15
-1.66991e-16
-5.36247e-16
-1.12529e-15
-5.24225e-16
-8.9897e-16
-1.46064e-16
1.74536e-17
-1.32641e-16
2.32716e-16
-1.29631e-16
2.64805e-16
-7.99128e-17
7.95913e-17
-2.65313e-18
-2.93149e-16
-3.42273e-18
-1.33275e-17
-9.36673e-18
-7.9997e-19
-5.27341e-18
4.3283e-17
-1.25141e-18
1.44655e-17
1.09669e-19
-3.72979e-18
-9.67057e-20
-3.06594e-18
-2.38344e-20
-1.75537e-17
-4.09003e-19
-1.56297e-13
7.7211e-16
-3.1103e-13
-4.90062e-18
-3.45459e-13
-7.88786e-17
-2.2143e-15
-3.07487e-16
-2.53922e-15
-9.25452e-17
3.42194e-16
-7.48182e-16
6.47335e-16
-2.09529e-15
-1.99804e-13
-8.28522e-15
-4.81135e-12
-3.51942e-13
-4.35054e-12
-6.50065e-13
-4.1505e-15
-6.28151e-14
-4.31114e-15
2.18489e-16
-2.74163e-15
6.04949e-16
-1.21733e-15
3.97698e-16
-9.45908e-16
-4.87645e-16
-5.3583e-16
-1.27576e-15
-3.19635e-16
-4.1671e-16
-1.68872e-16
8.12504e-17
-1.47205e-16
2.65877e-16
-1.50218e-16
2.7383e-16
-8.8012e-17
1.01889e-17
-1.45673e-18
-4.15773e-16
-1.76159e-18
-6.09063e-18
-4.10874e-18
-4.37872e-19
-1.35316e-18
1.65437e-17
3.04187e-19
4.35873e-18
-3.66855e-20
-1.27955e-18
-1.80198e-19
-2.60868e-18
-2.97747e-20
-1.49016e-17
-3.53347e-19
-2.94935e-16
1.92562e-17
-3.04347e-16
1.5925e-18
-3.27479e-16
-5.90087e-17
-4.97863e-16
-1.42839e-16
-6.33727e-16
-3.90798e-17
-1.64233e-15
-1.53703e-16
1.26926e-15
-6.3822e-16
-2.59136e-15
-1.50901e-15
-7.19302e-13
-2.77603e-15
-1.91228e-12
-2.35882e-14
-2.97909e-13
1.15254e-13
-1.91636e-15
4.34798e-14
-1.66103e-15
2.42277e-16
-1.34803e-15
-2.09551e-17
-1.10502e-15
-6.20676e-16
-3.70631e-16
-7.17645e-16
-2.72119e-16
-3.5369e-16
-1.88722e-16
1.08715e-16
-1.64158e-16
3.02049e-16
-1.90699e-16
2.97942e-16
-1.08862e-16
-1.65387e-16
-1.4996e-18
-5.52657e-16
-6.93406e-19
-2.13785e-18
-1.54299e-18
-1.64101e-19
-3.60762e-19
5.21174e-18
2.03069e-19
9.59632e-19
-1.42321e-19
-6.79393e-19
-1.94915e-19
-2.01888e-18
-2.50052e-20
-1.05978e-17
-2.47963e-19
-4.80407e-16
2.11784e-17
-1.68357e-15
7.1696e-16
-1.80766e-15
4.55099e-16
-5.16893e-16
-5.26311e-17
-4.50512e-16
-1.15282e-17
-1.87225e-16
-2.33302e-17
-4.21833e-15
-6.60855e-17
-7.99377e-15
-4.25767e-16
-1.37227e-14
7.91367e-17
-6.90116e-14
-3.20931e-16
-1.24422e-13
1.63846e-15
-5.81939e-14
-8.10028e-16
-1.16001e-15
1.7472e-15
-9.76734e-16
-3.08096e-16
-5.15987e-16
-1.05793e-15
-3.80832e-16
-5.81531e-16
-2.84938e-16
-3.80652e-16
-2.05399e-16
1.50497e-16
-1.98322e-16
3.46404e-16
-3.56512e-16
3.66492e-16
-1.36468e-16
-9.82696e-16
-9.66303e-19
-6.81225e-16
-1.88819e-19
-7.71351e-19
-5.01702e-19
-4.32478e-20
-1.29758e-19
1.3853e-18
6.54475e-20
1.535e-19
-1.90379e-19
-2.84706e-19
-1.41927e-19
-1.35514e-18
-1.83705e-20
-6.07486e-18
-1.28297e-19
-1.55454e-14
9.34743e-15
-9.43991e-14
1.57107e-13
-1.64814e-14
3.75512e-14
-2.83404e-16
9.42582e-18
-3.16364e-16
1.15648e-19
-5.59802e-16
4.63615e-18
-1.53335e-15
2.40069e-17
-1.81714e-14
6.55272e-16
-1.8006e-14
2.56705e-15
-1.01194e-14
3.69907e-15
-6.27384e-15
-1.23256e-15
-5.67433e-15
-6.84127e-16
-2.77705e-15
5.69394e-16
-1.08161e-15
-6.14089e-16
-3.80088e-16
-1.1819e-15
-4.66965e-16
-4.19142e-16
-4.33809e-16
-3.59641e-16
-2.42663e-16
2.82659e-16
-2.95339e-16
4.57762e-16
-8.75079e-16
5.99959e-16
-1.28673e-16
-3.83331e-15
-3.84919e-19
-7.42993e-16
-3.60844e-20
-4.8012e-19
-1.39788e-19
-1.06715e-20
-6.38459e-20
3.05452e-19
1.73189e-20
-5.61722e-21
-1.63483e-19
-7.73369e-20
-6.7191e-20
-7.53853e-19
-9.70395e-21
-2.60789e-18
-4.41032e-20
-1.33566e-12
1.33918e-12
-1.09578e-12
3.2793e-12
-1.21043e-16
5.05731e-13
-1.25225e-16
5.03655e-18
-1.49235e-16
1.46091e-17
-2.08581e-16
1.5432e-17
-4.49446e-16
3.15889e-17
-1.52568e-15
1.0439e-16
-1.19561e-14
5.07911e-16
-1.16177e-14
4.85343e-15
-1.5955e-14
4.8437e-15
-1.15241e-15
3.2716e-15
-1.22724e-15
1.51511e-16
-7.60849e-16
-3.21791e-15
-2.34124e-16
-1.25081e-15
-4.78383e-16
-2.99283e-16
-7.13429e-16
-2.10351e-16
-3.43752e-16
6.45858e-16
-4.33736e-16
7.87577e-16
-1.49794e-15
1.15971e-15
-1.16761e-16
-4.60205e-15
-1.94577e-19
-7.59387e-16
-6.55238e-21
-2.14557e-19
-3.41668e-20
-2.90067e-21
-3.20442e-20
5.62433e-20
1.57429e-21
-1.51389e-20
-1.00427e-19
-1.0887e-20
-1.83622e-20
-3.45629e-19
-3.35626e-21
-8.52141e-19
-1.23918e-20
3.06185e-12
4.29448e-11
4.27914e-13
1.38281e-11
5.41401e-13
7.61337e-13
6.5922e-14
1.93373e-12
-1.75063e-17
1.25288e-12
-4.30136e-17
3.57095e-17
-7.8293e-17
4.65703e-17
-1.34733e-16
7.20584e-17
-1.28812e-16
1.21348e-16
-2.35999e-15
1.49703e-16
-6.23842e-15
1.72617e-15
-5.75903e-15
4.99229e-15
-4.56147e-15
1.39631e-15
-2.66539e-15
-2.15098e-15
-1.39266e-16
-6.59616e-16
-2.95225e-16
-2.2123e-16
-7.08397e-16
-7.16192e-17
-6.14217e-16
5.16885e-16
-2.1448e-16
1.68972e-15
-6.53693e-17
1.12006e-15
6.69333e-17
-3.79291e-15
-6.36674e-20
-4.63549e-16
-1.3256e-21
-2.86057e-20
-8.05703e-21
-6.91927e-22
-1.30086e-20
9.21617e-21
-9.18223e-21
-8.22893e-21
-4.70355e-20
1.7598e-21
-1.33168e-21
-1.4177e-19
-9.44136e-22
-2.69223e-19
-2.24822e-21
2.55632e-11
2.55024e-11
2.48508e-11
1.46116e-11
2.35155e-11
2.1987e-12
1.73591e-11
8.23684e-12
5.40682e-14
4.80229e-12
7.62715e-16
5.3334e-14
2.07003e-16
5.83499e-16
1.85956e-17
2.33525e-16
-1.70438e-17
1.1714e-16
-5.38309e-17
1.3502e-16
-1.77792e-16
2.49549e-16
-2.58198e-16
-1.21574e-16
-1.47408e-16
4.88044e-16
-1.32904e-16
-7.96774e-17
-9.2784e-17
-6.88782e-17
-1.07409e-16
-2.34846e-17
-4.12755e-16
-9.78997e-18
-6.31073e-16
2.73061e-16
-4.79464e-17
1.993e-15
5.91406e-16
2.23324e-15
2.21726e-16
-8.66141e-16
-6.08399e-21
-1.23179e-16
-2.40199e-22
-4.81713e-21
-1.78215e-21
-1.22233e-22
-4.07042e-21
1.20483e-21
-7.19817e-21
-2.80552e-21
-1.8935e-20
2.17966e-21
1.16364e-21
-4.84307e-20
-1.71796e-22
-4.37234e-20
-2.81392e-22
3.512e-11
3.08744e-12
4.65788e-11
3.21924e-12
5.06675e-11
-1.80389e-12
4.69454e-11
1.20796e-11
-1.80205e-15
1.52596e-12
-1.75067e-16
4.94885e-14
-1.68238e-16
1.30322e-15
2.99375e-16
8.26857e-16
8.67345e-17
1.37683e-15
4.23556e-17
4.51414e-16
4.83922e-18
5.31981e-17
8.91821e-18
6.58288e-17
3.5015e-18
4.1101e-17
-1.2112e-17
-3.2935e-18
-1.09846e-17
-3.6469e-18
-1.67678e-17
-2.06268e-18
-1.05833e-16
-8.17465e-19
-3.01846e-16
5.62755e-17
1.18645e-16
8.37031e-16
1.15198e-15
2.07051e-15
1.41126e-16
-1.63088e-16
-7.27153e-22
-1.35868e-17
-3.30673e-23
-2.38328e-22
-3.15923e-22
-1.5793e-23
-9.91101e-22
7.17158e-23
-3.22265e-21
-6.9528e-22
-6.20639e-21
3.68137e-22
4.97676e-22
-1.27498e-20
-2.16331e-23
-3.93612e-21
-2.33107e-23
1.1658e-10
-1.84557e-12
1.19926e-10
-6.68805e-14
-3.42977e-12
9.02933e-13
-7.587e-13
-4.19561e-14
-3.69756e-14
6.01122e-15
1.50272e-15
1.09933e-14
8.04502e-16
2.22717e-15
5.1347e-16
1.38055e-15
2.56012e-16
4.18381e-15
3.37677e-17
6.77589e-16
-4.25503e-19
2.12957e-17
-1.42689e-18
2.006e-17
-1.78439e-18
9.86061e-18
-1.55582e-18
-1.63545e-19
-1.46715e-18
-1.6048e-18
-1.79598e-18
-1.29265e-18
-1.28409e-17
-2.5248e-19
-6.58953e-17
4.52682e-18
3.61911e-17
1.25888e-16
5.00362e-16
5.41291e-16
3.17257e-17
-1.47073e-17
-2.56569e-23
-7.21783e-19
-3.41908e-24
-2.99986e-24
-4.17338e-23
-1.46853e-24
-1.91234e-22
-1.02703e-24
-9.02741e-22
-1.09929e-22
-1.54145e-21
-1.6777e-23
7.75895e-23
-2.33046e-21
-1.80106e-24
-1.76426e-22
-1.24336e-24
3.3589e-12
-2.051e-14
1.53969e-12
-1.50861e-18
7.79552e-14
-6.74174e-15
9.89971e-15
2.41061e-14
4.94171e-15
8.97856e-15
1.05305e-14
6.35068e-14
-9.18895e-17
1.32528e-14
-3.32648e-16
2.22086e-15
-3.26283e-16
3.88096e-15
-8.43934e-18
7.64855e-16
-3.21923e-17
2.16409e-17
-6.00712e-17
5.32423e-17
-2.60743e-18
5.51391e-17
-2.33805e-18
3.9324e-19
-1.75843e-18
-9.61402e-19
-7.30192e-19
-1.02681e-18
-7.83626e-19
-2.46092e-19
-5.81633e-18
6.34436e-20
2.58103e-18
5.39411e-18
7.72682e-17
4.50266e-17
2.95896e-18
-4.24164e-19
-2.40416e-25
-1.12448e-20
-2.60774e-25
-2.39969e-25
-3.98144e-24
-8.35316e-26
-2.45179e-23
-1.78727e-25
-1.51749e-22
-9.4296e-24
-2.61091e-22
-4.9042e-24
-1.38406e-25
-2.50655e-22
-9.56692e-26
-3.60501e-24
-4.20233e-26
1.84354e-14
2.34734e-15
1.49273e-14
3.53779e-15
4.00816e-15
4.05712e-15
2.38081e-15
2.45228e-14
1.7609e-15
7.21967e-15
8.39039e-14
4.10257e-13
-1.33764e-16
3.35849e-14
-8.45058e-16
2.45976e-15
-1.40002e-15
4.56496e-15
-2.51859e-15
3.62758e-15
-1.36271e-15
3.11288e-15
-1.91459e-17
3.99781e-16
-5.09104e-18
8.61056e-18
-4.20634e-18
5.79223e-19
-2.58802e-18
-7.96439e-19
-7.72621e-19
-1.02474e-18
-9.31939e-20
-2.87659e-19
-1.73221e-19
-1.80678e-20
2.92247e-20
-2.80505e-22
3.56056e-18
-2.24806e-22
7.66123e-20
-5.09353e-22
-1.53893e-26
-8.30055e-24
-1.23539e-26
-1.84984e-26
-2.1676e-25
-2.84682e-27
-1.73298e-24
-8.23257e-27
-1.34057e-23
-3.82672e-25
-2.5396e-23
-3.82866e-25
-4.8156e-26
-1.35898e-23
-3.15624e-27
-2.85864e-26
-8.92177e-28
2.44949e-15
3.0881e-15
2.40935e-15
3.54934e-15
3.58761e-15
2.84212e-15
-3.28885e-13
1.919e-12
-3.95559e-13
5.89797e-12
-1.15065e-14
9.082e-15
-2.87101e-15
6.01621e-15
-3.11742e-15
1.53478e-15
-5.67923e-15
2.77897e-15
-5.6401e-15
4.14737e-15
-3.511e-15
3.07481e-15
-1.05207e-17
2.70693e-16
-8.24902e-18
1.63445e-18
-6.12042e-18
-1.99105e-19
-3.5174e-18
-1.16242e-18
-7.79968e-19
-1.25727e-18
-6.59347e-20
-3.07676e-19
-2.41178e-21
-2.72146e-20
-6.29493e-22
-1.03781e-21
4.6421e-21
-3.23754e-23
6.75935e-23
-3.40948e-24
-1.04422e-27
-1.00548e-25
-3.51107e-28
-1.11513e-27
-5.52688e-27
-7.65673e-29
-5.77532e-26
-1.26108e-28
-5.6279e-25
-6.14306e-27
-1.20331e-24
-1.00896e-26
-9.05746e-28
-3.18876e-25
-6.3108e-29
-5.4182e-29
-1.18063e-29
2.43242e-15
3.54641e-15
1.98525e-15
3.96277e-15
1.14517e-15
3.64481e-15
2.62576e-13
7.83025e-12
-1.55052e-14
1.06614e-11
-7.18802e-16
1.75849e-13
-5.63372e-16
5.26798e-15
-9.5394e-16
1.26936e-15
-2.24044e-15
2.12664e-15
-3.09302e-15
1.6656e-15
-1.44818e-15
1.68693e-15
-1.65624e-15
3.35769e-15
-7.66583e-18
-1.74858e-17
-6.96949e-18
-8.28343e-20
-3.94341e-18
-2.03949e-18
-6.38774e-19
-1.76423e-18
-4.41482e-20
-3.05884e-19
-1.09946e-21
-1.87732e-20
-1.06893e-23
-5.48514e-22
1.24535e-23
-9.75044e-24
2.53602e-25
-2.07462e-25
-5.89368e-29
-3.0841e-27
-7.70923e-30
-3.11077e-29
-5.37969e-29
-1.21586e-30
-7.41835e-28
-5.3993e-31
-9.2191e-27
-3.10737e-29
-2.33904e-26
-8.20748e-29
-3.49232e-30
-2.77977e-27
-7.39902e-31
-1.02947e-32
-9.72397e-32
-2.56474e-11
1.52799e-11
-6.88678e-12
1.90645e-11
-7.36304e-12
4.79837e-13
-3.55342e-12
4.44101e-12
-7.57788e-13
4.02901e-12
-6.46654e-13
2.61548e-13
-2.39944e-12
2.98663e-12
-2.57167e-15
2.61767e-12
-5.16959e-15
2.38111e-15
-1.57731e-16
3.33644e-15
-4.16071e-14
9.39741e-15
-2.46405e-14
1.5667e-14
-6.33623e-18
-2.82689e-15
-6.77274e-18
-1.93933e-19
-3.81596e-18
-2.84336e-18
-4.51581e-19
-2.52757e-18
-1.93841e-20
-2.0881e-19
-3.48405e-22
-6.19175e-21
-2.51505e-24
-9.47906e-23
4.58892e-25
-8.6782e-25
4.99809e-27
-6.18156e-27
-1.51946e-30
-3.61004e-29
-9.40093e-32
-2.04908e-31
-1.4918e-31
-4.27717e-33
-2.82177e-30
-3.89681e-34
-4.76009e-29
-3.06435e-32
-1.54045e-28
-1.4349e-31
-1.28278e-33
-6.55307e-30
-4.83924e-33
-5.95482e-36
-5.15551e-34
-3.39773e-11
2.37431e-11
-3.3247e-11
2.42145e-11
-2.88981e-12
1.02829e-11
-1.49495e-12
1.64501e-12
-5.25134e-13
1.53149e-12
-7.91056e-12
4.36976e-12
-2.19475e-11
1.19206e-11
-1.81554e-11
1.44579e-11
-2.49347e-14
9.16556e-12
-2.4803e-14
1.01871e-14
-6.04416e-13
5.97901e-13
-5.87281e-14
-1.11547e-12
-6.4654e-18
-1.82202e-21
-6.87089e-18
-3.66692e-19
-4.03224e-18
-2.36935e-18
-2.18232e-19
-2.75776e-18
-4.22874e-21
-1.09683e-19
-3.83031e-23
-1.47067e-21
-1.56983e-25
-5.89789e-24
-1.08988e-28
-7.65532e-27
-6.94269e-32
-7.85457e-30
-7.90126e-33
-9.50644e-33
-2.15882e-34
-1.33733e-35
-6.31903e-35
-8.16861e-38
-1.80003e-33
-1.2045e-38
-4.79801e-32
-2.79317e-36
-2.26907e-31
-3.97363e-35
-1.59488e-36
-4.58315e-33
-1.61582e-35
8.37287e-37
-1.93211e-36
2.29222e-11
1.51668e-11
1.49366e-11
2.97766e-12
-2.54657e-13
1.13987e-12
1.2163e-12
-5.78359e-13
-3.01059e-12
-1.20382e-11
-1.49037e-11
-2.59584e-19
-2.61407e-19
-1.23543e-18
-1.02103e-18
-2.83904e-20
-2.62633e-22
-6.6962e-25
-4.32662e-28
-9.1755e-32
-2.64415e-35
-2.08604e-37
-1.39219e-39
-6.7093e-40
-5.84121e-38
-4.48653e-36
-5.12217e-35
-2.37388e-39
-1.8206e-38
)
;

boundaryField
{
    leftWall
    {
        type            calculated;
        value           uniform 0;
    }
    rightWall
    {
        type            calculated;
        value           uniform 0;
    }
    lowerWall
    {
        type            calculated;
        value           uniform 0;
    }
    atmosphere
    {
        type            calculated;
        value           nonuniform List<scalar> 
120
(
3.73562e-13
4.42941e-13
6.21417e-13
1.81569e-13
6.42271e-19
1.92778e-19
0
0
0
0
0
0
0
0
0
0
0
0
0
0
0
0
0
0
0
0
0
0
0
0
0
0
0
0
0
0
0
0
0
0
4.01554e-19
4.7766e-18
2.23228e-17
2.31917e-17
6.83599e-18
1.36582e-17
3.31167e-17
1.04601e-16
8.56437e-16
4.76762e-15
4.38938e-15
2.16482e-15
4.92055e-16
1.75124e-16
2.62038e-14
9.46827e-14
1.38601e-13
1.98267e-13
1.41429e-13
1.77884e-12
6.56817e-12
1.51569e-11
2.03757e-11
2.45076e-11
1.48046e-11
9.27966e-12
8.70578e-12
1.12477e-11
1.74419e-11
1.52888e-11
1.00333e-11
0
0
0
0
0
0
0
0
0
0
0
0
0
0
0
0
0
1.16372e-38
0
4.53568e-13
4.66879e-13
7.49258e-13
2.74155e-14
6.37025e-18
3.65728e-18
0
0
0
0
0
0
0
0
0
0
0
0
0
0
0
0
0
0
0
0
0
0
0
0
)
;
    }
    defaultFaces
    {
        type            empty;
        value           nonuniform 0();
    }
}


// ************************************************************************* //
