/*--------------------------------*- C++ -*----------------------------------*\
| =========                 |                                                 |
| \\      /  F ield         | OpenFOAM: The Open Source CFD Toolbox           |
|  \\    /   O peration     | Version:  2.4.0                                 |
|   \\  /    A nd           | Web:      www.OpenFOAM.org                      |
|    \\/     M anipulation  |                                                 |
\*---------------------------------------------------------------------------*/
FoamFile
{
    version     2.0;
    format      ascii;
    class       volVectorField;
    location    "0.193";
    object      U;
}
// * * * * * * * * * * * * * * * * * * * * * * * * * * * * * * * * * * * * * //

dimensions      [0 1 -1 0 0 0 0];

internalField   nonuniform List<vector> 
3600
(
(0.00612125 -0.000381721 0)
(0.0177097 -0.000222696 0)
(0.0254355 1.25294e-05 0)
(0.0250026 0.000232561 0)
(0.0208743 0.000348707 0)
(0.0134991 0.000405522 0)
(0.00805343 0.000248746 0)
(0.00158596 0.000206473 0)
(0.000367625 7.95971e-05 0)
(-0.00534144 -5.26832e-05 0)
(-0.000845295 -0.000187206 0)
(-0.00453494 0.000105668 0)
(-0.0060965 -4.58108e-05 0)
(-0.00659622 -0.000235086 0)
(-0.0109812 3.68936e-05 0)
(-0.00738728 -0.00117217 0)
(0.00153052 -0.00222844 0)
(0.0129676 -0.000184213 0)
(0.0108138 -0.000739074 0)
(0.00787911 -0.000439827 0)
(-0.0169733 0.00684672 0)
(-0.0576789 0.0100515 0)
(-0.0609372 0.00251882 0)
(-0.0652796 0.00281464 0)
(-0.0596466 -0.00255509 0)
(-0.0414114 -0.0055433 0)
(-0.0295032 -0.00320716 0)
(-0.0203513 -0.00356561 0)
(-0.0120293 -0.00312302 0)
(-0.00478967 -0.00259322 0)
(0.00581782 -0.00131014 0)
(0.0200227 -0.00120272 0)
(0.0340461 -0.000560617 0)
(0.0379292 0.000274036 0)
(0.0369189 0.000781641 0)
(0.0314617 0.00115815 0)
(0.0276135 0.000960785 0)
(0.0186355 0.000986193 0)
(0.0195187 0.000905673 0)
(0.00614762 0.000328216 0)
(0.0160919 -6.03848e-05 0)
(0.00449198 0.00117578 0)
(0.004609 0.000574002 0)
(0.000484183 0.00116228 0)
(-0.0118111 0.000551263 0)
(-0.00435548 -0.00291357 0)
(-0.00656679 -0.00570398 0)
(0.00326551 -0.00237926 0)
(0.000774755 0.00253676 0)
(-0.0286163 0.0145215 0)
(-0.0761775 0.0272769 0)
(-0.0955597 0.0153616 0)
(-0.0794587 0.000415804 0)
(-0.0814926 -0.000241241 0)
(-0.058175 -0.0185529 0)
(-0.0463566 -0.0213457 0)
(-0.0307503 -0.016595 0)
(-0.0216366 -0.0144732 0)
(-0.0134508 -0.0148368 0)
(-0.00477776 -0.0147113 0)
(0.00479967 -0.00213969 0)
(0.0184694 -0.00224962 0)
(0.0336834 -0.0013304 0)
(0.0386925 0.000111521 0)
(0.0388226 0.000976526 0)
(0.0347692 0.0016432 0)
(0.0327098 0.00140833 0)
(0.0240471 0.00153835 0)
(0.0280179 0.00169295 0)
(0.0115337 0.000612751 0)
(0.026929 -6.34642e-05 0)
(0.0112724 0.00249116 0)
(0.0157373 0.000894387 0)
(0.0134857 0.00352294 0)
(-0.00264139 0.00156275 0)
(0.00625694 -0.00266654 0)
(-0.00452358 -0.00485517 0)
(-0.00906543 -0.00192621 0)
(-0.0199426 0.0131736 0)
(-0.0603454 0.0322999 0)
(-0.0974025 0.0385648 0)
(-0.0892816 0.0110111 0)
(-0.0757978 -0.0062456 0)
(-0.0713709 -0.00970114 0)
(-0.0446954 -0.0321477 0)
(-0.0392603 -0.0316736 0)
(-0.0271408 -0.0277131 0)
(-0.0178937 -0.0220767 0)
(-0.0108932 -0.0228065 0)
(-0.0054655 -0.0244997 0)
(0.00439233 -0.00292776 0)
(0.0178347 -0.00330387 0)
(0.0332744 -0.00211958 0)
(0.0383703 -6.39165e-05 0)
(0.0386589 0.00115058 0)
(0.0348616 0.00207268 0)
(0.0333134 0.00181365 0)
(0.0248454 0.00194382 0)
(0.0303093 0.00250377 0)
(0.0119939 0.000659838 0)
(0.0317263 -0.000209614 0)
(0.0111815 0.00360019 0)
(0.0236391 0.000224399 0)
(0.0230546 0.00561596 0)
(0.0064933 0.00271142 0)
(0.0149434 -0.0019367 0)
(-0.00100651 -0.000730032 0)
(-0.0174263 0.00291215 0)
(-0.0316679 0.025607 0)
(-0.0672897 0.0456464 0)
(-0.0935915 0.0420674 0)
(-0.0760476 0.00554816 0)
(-0.0712704 -0.0153296 0)
(-0.0523563 -0.0231914 0)
(-0.0345304 -0.0411251 0)
(-0.0292963 -0.0406898 0)
(-0.0230006 -0.0388573 0)
(-0.0144468 -0.0327954 0)
(-0.00836983 -0.0279944 0)
(-0.00569434 -0.0303475 0)
(0.00427447 -0.00369351 0)
(0.01771 -0.00436111 0)
(0.0333014 -0.00291241 0)
(0.0383868 -0.000243514 0)
(0.0386514 0.00132373 0)
(0.034788 0.00249086 0)
(0.0332772 0.00220085 0)
(0.0248844 0.00228949 0)
(0.0307445 0.00338017 0)
(0.0111296 0.000490767 0)
(0.0340225 -4.15384e-05 0)
(0.00616194 0.00423864 0)
(0.0308216 -0.00152363 0)
(0.0279689 0.00737934 0)
(0.0142862 0.00407994 0)
(0.0224868 -0.000135901 0)
(0.0029472 0.00640305 0)
(-0.0232284 0.0102943 0)
(-0.0392082 0.0360164 0)
(-0.0578112 0.0554087 0)
(-0.0682827 0.0448913 0)
(-0.0453594 0.00448506 0)
(-0.039111 -0.0238643 0)
(-0.0181188 -0.0357375 0)
(-0.00448682 -0.044075 0)
(0.00303849 -0.0422822 0)
(0.00165175 -0.0388885 0)
(-0.00420525 -0.0370472 0)
(-0.00436124 -0.031031 0)
(-0.00505975 -0.0304881 0)
(0.00423989 -0.00446016 0)
(0.0177044 -0.0054259 0)
(0.0334621 -0.00371069 0)
(0.0385667 -0.000422801 0)
(0.0387842 0.00150759 0)
(0.0348063 0.00291673 0)
(0.0332296 0.0025791 0)
(0.0249836 0.00262533 0)
(0.0306907 0.00433054 0)
(0.010484 0.000173016 0)
(0.035001 0.00069434 0)
(0.000458567 0.00424358 0)
(0.0360671 -0.00452786 0)
(0.0262663 0.00886897 0)
(0.0219829 0.00477972 0)
(0.0290285 0.00159455 0)
(0.011681 0.0146963 0)
(-0.0178786 0.0181654 0)
(-0.0304937 0.0410381 0)
(-0.0374259 0.0566084 0)
(-0.0429659 0.0402871 0)
(-0.0247264 -0.00500132 0)
(-0.0158736 -0.0359663 0)
(0.000155279 -0.0495499 0)
(0.0111444 -0.0528709 0)
(0.014489 -0.0455744 0)
(0.0161249 -0.0316183 0)
(0.00892294 -0.0258354 0)
(0.00120504 -0.0263422 0)
(-0.00252414 -0.0256369 0)
(0.00422246 -0.00522693 0)
(0.0177144 -0.00649897 0)
(0.0336689 -0.00451648 0)
(0.0388107 -0.000602843 0)
(0.0389708 0.00170582 0)
(0.0348623 0.00335298 0)
(0.0331872 0.00294335 0)
(0.0252184 0.00297671 0)
(0.0304116 0.00532015 0)
(0.0104712 -0.000203766 0)
(0.0353164 0.00180463 0)
(-0.00168058 0.00377522 0)
(0.0372014 -0.0067407 0)
(0.0127217 0.00991667 0)
(0.0299077 0.00424345 0)
(0.0312264 0.00247341 0)
(0.0225457 0.0223111 0)
(-0.00516277 0.0254256 0)
(-0.0173217 0.0419046 0)
(-0.00908141 0.0566395 0)
(-0.0119372 0.0389185 0)
(0.00372419 -0.00878398 0)
(0.012588 -0.0407331 0)
(0.0175329 -0.0558321 0)
(0.0178928 -0.0551436 0)
(0.0170782 -0.0480931 0)
(0.0179431 -0.0343048 0)
(0.0175878 -0.0216559 0)
(0.00968877 -0.0176537 0)
(0.00136617 -0.0179213 0)
(0.00420512 -0.00599414 0)
(0.0177218 -0.00758157 0)
(0.0339104 -0.00533173 0)
(0.0391012 -0.000784243 0)
(0.039193 0.00192002 0)
(0.0349312 0.00380277 0)
(0.0331351 0.00328573 0)
(0.0255762 0.00335827 0)
(0.0299187 0.00631247 0)
(0.0111713 -0.000626472 0)
(0.0353253 0.00291309 0)
(0.000899532 0.00349268 0)
(0.0346654 -0.00636913 0)
(-0.00676005 0.00999694 0)
(0.0335441 0.000526867 0)
(0.0249084 0.00287821 0)
(0.0258979 0.0272576 0)
(0.00847867 0.0328698 0)
(-0.0110481 0.042015 0)
(0.00338133 0.0514597 0)
(0.0101166 0.0345543 0)
(0.032574 -0.0146463 0)
(0.0369977 -0.0430303 0)
(0.0354653 -0.0536495 0)
(0.0295774 -0.0519915 0)
(0.02488 -0.0442196 0)
(0.0191469 -0.0318702 0)
(0.016782 -0.0178858 0)
(0.0111339 -0.00920741 0)
(0.00443557 -0.00802971 0)
(0.00418399 -0.00676097 0)
(0.0177231 -0.00867507 0)
(0.0341859 -0.00615833 0)
(0.039437 -0.000967406 0)
(0.03945 0.00215273 0)
(0.0350046 0.0042681 0)
(0.0330795 0.00359747 0)
(0.0260217 0.00379193 0)
(0.0291947 0.00725641 0)
(0.0125613 -0.00106954 0)
(0.0343555 0.00366619 0)
(0.00696977 0.00366107 0)
(0.0329573 -0.00409037 0)
(-0.0157199 0.00881297 0)
(0.028658 -0.00305252 0)
(0.00933529 0.0040324 0)
(0.0242847 0.0303858 0)
(0.0157348 0.0388747 0)
(0.0064334 0.0444343 0)
(0.0178607 0.045583 0)
(0.0280152 0.0242854 0)
(0.0536331 -0.0202525 0)
(0.0507914 -0.0426846 0)
(0.0423911 -0.0498449 0)
(0.0326326 -0.0476181 0)
(0.0275425 -0.0390413 0)
(0.0203809 -0.0273912 0)
(0.0158214 -0.0126515 0)
(0.0104162 -0.00298599 0)
(0.00501724 -0.00186526 0)
(0.00415819 -0.00752725 0)
(0.0177168 -0.009781 0)
(0.0344957 -0.00699826 0)
(0.0398196 -0.00115282 0)
(0.0397427 0.00240828 0)
(0.0350769 0.00474859 0)
(0.0330362 0.00387388 0)
(0.0264829 0.00428998 0)
(0.028375 0.00811474 0)
(0.0139902 -0.00141797 0)
(0.0318841 0.00388813 0)
(0.0142703 0.00379276 0)
(0.0320307 -0.000833989 0)
(-0.0132382 0.0091089 0)
(0.0231197 -0.00462238 0)
(-3.51322e-05 0.00296361 0)
(0.0276668 0.0282478 0)
(0.018314 0.039774 0)
(0.023323 0.0426455 0)
(0.0390462 0.0412062 0)
(0.0515217 0.0173276 0)
(0.0661789 -0.0203931 0)
(0.0515312 -0.0374524 0)
(0.0423283 -0.0433961 0)
(0.0319166 -0.0416821 0)
(0.0267318 -0.0323688 0)
(0.018121 -0.0209855 0)
(0.012793 -0.00681743 0)
(0.00806853 0.00293431 0)
(0.00373614 0.00422102 0)
(0.00412758 -0.00829298 0)
(0.0177014 -0.010901 0)
(0.0348401 -0.00785342 0)
(0.0402511 -0.00134106 0)
(0.0400722 0.0026903 0)
(0.0351461 0.00524553 0)
(0.0330084 0.00411569 0)
(0.0269274 0.00485581 0)
(0.0276355 0.00889816 0)
(0.0146993 -0.00152959 0)
(0.0289551 0.00339091 0)
(0.0205604 0.0040241 0)
(0.0286848 0.00221817 0)
(-0.00466301 0.00937846 0)
(0.0221733 -0.00512074 0)
(0.00351706 0.0007543 0)
(0.0308575 0.0258739 0)
(0.0223894 0.0388491 0)
(0.0303217 0.0357227 0)
(0.0491279 0.0318809 0)
(0.0645329 0.0105943 0)
(0.0616991 -0.015404 0)
(0.0449586 -0.0321049 0)
(0.0425153 -0.0390495 0)
(0.0347779 -0.0371077 0)
(0.0294127 -0.0268797 0)
(0.018352 -0.013706 0)
(0.0108764 -0.00106382 0)
(0.00622647 0.007188 0)
(0.0035166 0.00753945 0)
(0.00409212 -0.0090575 0)
(0.0176751 -0.0120366 0)
(0.0352193 -0.0087258 0)
(0.0407338 -0.00153292 0)
(0.0404393 0.00300374 0)
(0.0352102 0.00575718 0)
(0.0329907 0.00432486 0)
(0.027382 0.00547263 0)
(0.0270371 0.00970714 0)
(0.0144675 -0.00153305 0)
(0.0276997 0.00234885 0)
(0.023992 0.0046128 0)
(0.0230386 0.00485781 0)
(0.00565975 0.0102122 0)
(0.0234663 -0.0053571 0)
(0.0155912 -0.00139217 0)
(0.0280495 0.0221817 0)
(0.0286889 0.0381758 0)
(0.0341991 0.0307308 0)
(0.0466036 0.0231343 0)
(0.0579414 0.00865134 0)
(0.0534897 -0.00818236 0)
(0.0472529 -0.0279555 0)
(0.0452104 -0.0352132 0)
(0.0372956 -0.0313967 0)
(0.0310982 -0.0195032 0)
(0.0173603 -0.005893 0)
(0.00830058 0.00610467 0)
(0.00535327 0.0107219 0)
(0.00372517 0.00895045 0)
(0.00405183 -0.00981991 0)
(0.0176359 -0.0131894 0)
(0.035633 -0.00961768 0)
(0.0412697 -0.00172913 0)
(0.0408448 0.00335285 0)
(0.0352649 0.00628545 0)
(0.0329795 0.00449326 0)
(0.0279075 0.00614753 0)
(0.0263941 0.0105964 0)
(0.0139735 -0.00156975 0)
(0.0276366 0.000992924 0)
(0.0258753 0.00612021 0)
(0.0179396 0.0057284 0)
(0.0154798 0.00809209 0)
(0.0253731 -0.00646086 0)
(0.024359 -0.0017843 0)
(0.0225772 0.0223104 0)
(0.0263384 0.0362825 0)
(0.0348284 0.0282499 0)
(0.0440162 0.0186939 0)
(0.0471918 0.00776322 0)
(0.0528632 -0.00713158 0)
(0.0473366 -0.0257226 0)
(0.039235 -0.0311712 0)
(0.0303789 -0.0259048 0)
(0.0246259 -0.00790532 0)
(0.0165809 0.00828161 0)
(0.0117462 0.011018 0)
(0.00679148 0.0126622 0)
(0.0044615 0.0111747 0)
(0.00400666 -0.0105799 0)
(0.0175812 -0.0143608 0)
(0.0360811 -0.0105317 0)
(0.0418612 -0.00193041 0)
(0.0412898 0.00374421 0)
(0.0353046 0.00682956 0)
(0.0329855 0.00461942 0)
(0.0285001 0.006874 0)
(0.0256475 0.0116327 0)
(0.0134552 -0.00169445 0)
(0.0276957 -0.000525005 0)
(0.0271535 0.00771244 0)
(0.0148708 0.00700042 0)
(0.0187125 0.0078884 0)
(0.0283165 -0.00689644 0)
(0.0217065 -0.00180315 0)
(0.023224 0.0230365 0)
(0.023127 0.0328901 0)
(0.0342384 0.0241112 0)
(0.0405271 0.0174786 0)
(0.0426441 0.00644533 0)
(0.0498396 -0.00716252 0)
(0.041739 -0.0197299 0)
(0.0338938 -0.0247082 0)
(0.0248928 -0.0221506 0)
(0.0199996 -0.00973749 0)
(0.0189662 0.00495416 0)
(0.0120469 0.0153318 0)
(0.00279313 0.019692 0)
(0.00630925 0.0102694 0)
(0.00395662 -0.0113369 0)
(0.0175081 -0.0155526 0)
(0.0365637 -0.0114708 0)
(0.0425112 -0.00213737 0)
(0.0417749 0.00418394 0)
(0.0353271 0.00738772 0)
(0.0330061 0.00468589 0)
(0.0291714 0.00770964 0)
(0.024762 0.0127269 0)
(0.01303 -0.00208376 0)
(0.0266664 -0.00209402 0)
(0.029005 0.0100415 0)
(0.0157761 0.00645433 0)
(0.0234599 0.00437446 0)
(0.0293262 -0.00470737 0)
(0.0215884 -0.00138688 0)
(0.0283086 0.0231902 0)
(0.021853 0.0295136 0)
(0.0280733 0.0213001 0)
(0.0372011 0.0139122 0)
(0.0394982 0.00278433 0)
(0.0407576 -0.00700075 0)
(0.037034 -0.0163319 0)
(0.029582 -0.0170869 0)
(0.0123805 -0.0130364 0)
(0.00151047 -0.000704868 0)
(0.000424046 0.0170544 0)
(-0.00593408 0.0257164 0)
(-0.00274128 0.01673 0)
(0.00487565 0.00285753 0)
(0.00390168 -0.01209 0)
(0.0174134 -0.0167671 0)
(0.0370802 -0.0124382 0)
(0.0432226 -0.00235058 0)
(0.0423036 0.00467571 0)
(0.0353252 0.00795271 0)
(0.0330446 0.00472443 0)
(0.0298959 0.00850202 0)
(0.023947 0.0140632 0)
(0.0121058 -0.00200882 0)
(0.0259638 -0.00433103 0)
(0.0319545 0.011569 0)
(0.0152116 0.00766005 0)
(0.00716306 0.00322517 0)
(0.0284156 -0.0058811 0)
(0.0232234 -0.00348584 0)
(0.0374583 0.0256311 0)
(0.0198324 0.0322146 0)
(0.0283542 0.0176069 0)
(0.0400385 0.0127705 0)
(0.030022 0.00422035 0)
(0.0400164 -0.00561171 0)
(0.0386508 -0.0126494 0)
(0.0319898 -0.00825793 0)
(0.0184642 -0.00205033 0)
(-0.000906238 0.00130823 0)
(-0.00645307 0.0163992 0)
(-0.0107508 0.0214329 0)
(-0.00464584 0.00577407 0)
(-0.00433154 -0.00210205 0)
(0.00384173 -0.0128394 0)
(0.0172944 -0.0180034 0)
(0.0376264 -0.0134373 0)
(0.0439978 -0.0025711 0)
(0.0428817 0.00523042 0)
(0.035287 0.008539 0)
(0.033069 0.00462779 0)
(0.0308174 0.0096896 0)
(0.0228294 0.0153715 0)
(0.010195 -0.00288645 0)
(0.0274863 -0.00632275 0)
(0.0343802 0.0137344 0)
(0.0181954 0.0104825 0)
(0.016406 0.000464415 0)
(0.0287558 -0.00658099 0)
(0.0294686 -0.0059488 0)
(0.040961 0.0240965 0)
(0.0400278 0.0309074 0)
(0.037051 0.0150011 0)
(0.0314102 0.0138553 0)
(0.0255502 0.00196537 0)
(0.0376274 -0.0115842 0)
(0.0272403 -0.0104268 0)
(0.0177728 -0.00281093 0)
(0.0181586 0.00978536 0)
(0.00628025 0.0176672 0)
(-0.00302557 0.0222733 0)
(-0.0051915 0.0218033 0)
(-0.00353788 0.00801829 0)
(-0.00939061 -0.000253328 0)
(0.0037767 -0.0135811 0)
(0.017152 -0.0192611 0)
(0.0381792 -0.0144714 0)
(0.04484 -0.00280109 0)
(0.0435144 0.00586021 0)
(0.0351556 0.00911095 0)
(0.0331828 0.00462504 0)
(0.0316833 0.0100991 0)
(0.0236451 0.0170016 0)
(0.00708896 -0.00276409 0)
(0.0280333 -0.0100285 0)
(0.0374351 0.0150888 0)
(0.013195 0.0113134 0)
(0.00613037 -1.90965e-05 0)
(0.027256 -0.00764666 0)
(0.0258639 -0.00843575 0)
(0.0405139 0.0243713 0)
(0.041266 0.0320215 0)
(0.0363541 0.0210118 0)
(0.0212408 0.0195643 0)
(0.0277348 -0.00173502 0)
(0.020363 -0.00463476 0)
(-3.83408e-05 0.000564958 0)
(-0.00324487 -0.00126869 0)
(0.00609017 0.00813552 0)
(0.010745 0.0212979 0)
(0.00732069 0.026687 0)
(0.00831655 0.0243789 0)
(0.00871001 0.0137783 0)
(0.00238653 0.00780282 0)
(0.00370637 -0.0143161 0)
(0.0170042 -0.0205496 0)
(0.0386463 -0.0155452 0)
(0.0457516 -0.0030451 0)
(0.0441634 0.0065681 0)
(0.0348776 0.00973012 0)
(0.0332356 0.00421181 0)
(0.0337465 0.0123168 0)
(0.0177569 0.0195394 0)
(0.0107875 -0.00453929 0)
(0.0243469 -0.0121747 0)
(0.0396188 0.0201342 0)
(0.00824089 0.0161636 0)
(-0.00230998 -0.00438557 0)
(0.0346382 -0.0117295 0)
(0.02242 -0.0110841 0)
(0.0396936 0.0203349 0)
(0.03313 0.032275 0)
(0.0296297 0.0233184 0)
(0.0287087 0.0197079 0)
(0.0172962 0.00146522 0)
(-0.00866652 0.00443318 0)
(-0.0190743 0.00497644 0)
(-0.0170915 -0.00684352 0)
(-0.0111433 -0.000587433 0)
(0.00316182 0.0169893 0)
(0.0069579 0.0235985 0)
(0.0126677 0.0213692 0)
(0.0150966 0.0169286 0)
(0.011123 0.0163455 0)
(0.00362997 -0.015049 0)
(0.0169223 -0.0218638 0)
(0.0387221 -0.0166646 0)
(0.0467101 -0.00331478 0)
(0.0446505 0.00737422 0)
(0.0342472 0.0102879 0)
(0.0340036 0.0040247 0)
(0.0335386 0.0118861 0)
(0.0265553 0.0197428 0)
(-0.00246104 -0.00365707 0)
(0.018197 -0.0174035 0)
(0.0430936 0.0183743 0)
(-0.00199883 0.0183754 0)
(0.00958277 -0.00682365 0)
(0.0437679 -0.0110038 0)
(0.0181679 -0.0112446 0)
(0.0368576 0.0234692 0)
(0.0122065 0.0326815 0)
(0.0243383 0.0219951 0)
(0.0194556 0.0252728 0)
(0.0224127 0.017122 0)
(-0.0177192 0.0153757 0)
(-0.029867 0.00603322 0)
(-0.0261302 -0.0101227 0)
(-0.0270237 -0.00757167 0)
(-0.0114245 0.00859136 0)
(-0.00356601 0.0165147 0)
(0.00367975 0.0142905 0)
(0.0100326 0.0166323 0)
(0.00876144 0.0218709 0)
(0.00354524 -0.0157925 0)
(0.0170978 -0.0231673 0)
(0.0375833 -0.0178298 0)
(0.0475518 -0.00363141 0)
(0.0443965 0.00830546 0)
(0.0332156 0.0108121 0)
(0.0335801 0.00378441 0)
(0.0379438 0.0152438 0)
(0.00641264 0.0250458 0)
(0.0149102 -0.0047813 0)
(0.0131361 -0.0186452 0)
(0.0415911 0.0304021 0)
(-0.0203818 0.0233049 0)
(0.000146929 -0.0190338 0)
(0.0719268 -0.0118605 0)
(0.0272865 -0.00955892 0)
(0.0335791 0.0248899 0)
(0.00690236 0.0362909 0)
(0.0224778 0.0214628 0)
(-0.00861905 0.022296 0)
(0.0221987 0.0205751 0)
(-0.00489663 0.0293285 0)
(-0.0161531 0.011094 0)
(-0.0151858 -0.00920009 0)
(-0.0232806 -0.0132437 0)
(-0.0191493 -0.0011772 0)
(-0.0113637 0.00780999 0)
(-0.00559992 0.0066151 0)
(-0.00131732 0.0141311 0)
(0.00174134 0.0244421 0)
(0.0034314 -0.0164624 0)
(0.0178632 -0.0243889 0)
(0.0335253 -0.0190272 0)
(0.0476342 -0.0040247 0)
(0.0421115 0.00926652 0)
(0.0306049 0.0112299 0)
(0.0323068 0.00198603 0)
(0.0331616 0.0151399 0)
(0.0266156 0.0238413 0)
(0.0126999 -0.00415572 0)
(0.00631313 -0.0285121 0)
(0.0826436 0.0246248 0)
(0.00601866 0.0283204 0)
(-0.0355669 -0.0286166 0)
(0.0841072 -0.0156139 0)
(0.0498269 0.00157266 0)
(0.0249765 0.0296978 0)
(0.0134945 0.0357354 0)
(0.0218235 0.0288729 0)
(-0.00845536 0.026048 0)
(-6.55865e-05 0.0136052 0)
(0.020686 0.0363869 0)
(0.00608276 0.0175418 0)
(0.00343039 -0.00420475 0)
(-0.0059834 -0.00730195 0)
(-0.0080576 -0.00134659 0)
(-0.00754203 0.00328484 0)
(-0.0051087 0.0040331 0)
(-0.00634678 0.00918338 0)
(-0.00228417 0.0178209 0)
(0.00326556 -0.0174159 0)
(0.0193935 -0.0253167 0)
(0.0242038 -0.0202047 0)
(0.0453252 -0.00453328 0)
(0.0355111 0.010695 0)
(0.0238349 0.011768 0)
(0.0193768 0.00385521 0)
(0.016828 0.0171867 0)
(0.0152544 0.0273899 0)
(-0.00373197 -0.00246885 0)
(-0.0212267 -0.0314902 0)
(0.0276373 0.0327745 0)
(-0.00419788 0.0428563 0)
(-0.070847 -0.0421605 0)
(0.0522579 -0.0338208 0)
(0.0526978 0.0107015 0)
(0.0205373 0.0331924 0)
(0.0253513 0.0318285 0)
(0.028783 0.0325029 0)
(0.0169031 0.0299281 0)
(-0.00559052 0.00483016 0)
(0.0274675 0.0312932 0)
(0.0154712 0.0235447 0)
(0.0145942 -0.00104825 0)
(0.00189123 -0.00541058 0)
(0.0018318 -0.000556661 0)
(0.00109946 0.00423681 0)
(0.000930616 0.00570398 0)
(-0.00259086 0.00924834 0)
(-0.0026233 0.014009 0)
(0.00335707 -0.0179175 0)
(0.0207696 -0.0258912 0)
(0.00878592 -0.0211748 0)
(0.0382826 -0.00489181 0)
(0.0231979 0.0118238 0)
(0.00695632 0.0127489 0)
(0.00646398 0.000877377 0)
(0.0261112 0.0163525 0)
(-0.0148936 0.028538 0)
(-0.00693708 0.000398063 0)
(-0.0562857 -0.0302435 0)
(-0.0273719 0.0300578 0)
(-0.0356735 0.0490325 0)
(-0.0669202 -0.0509041 0)
(-0.00823298 -0.0532025 0)
(0.026349 0.0121391 0)
(0.00397418 0.0371165 0)
(0.0141325 0.0347609 0)
(0.0015583 0.0384761 0)
(0.023829 0.0398502 0)
(0.00189107 0.00997293 0)
(0.0119412 0.0211114 0)
(0.0211453 0.0249579 0)
(0.0197992 0.00666134 0)
(0.00304049 0.00158515 0)
(0.00423484 0.000186465 0)
(0.00304244 0.00402047 0)
(0.00261014 0.00813905 0)
(-0.000709698 0.0129279 0)
(-0.00404174 0.0161915 0)
(0.000669973 -0.0192874 0)
(0.0186864 -0.0258827 0)
(-0.00779172 -0.0217654 0)
(0.0258071 -0.00511919 0)
(0.0120573 0.013979 0)
(-0.00458266 0.0135436 0)
(-0.029805 0.00225527 0)
(-0.0420609 0.0214031 0)
(-0.00432409 0.030313 0)
(-0.0232448 0.0029436 0)
(-0.0478589 -0.033091 0)
(-0.0291812 0.0277007 0)
(-0.0333258 0.0506631 0)
(-0.0277538 -0.0505814 0)
(-0.0587413 -0.0574049 0)
(-0.0135924 0.0148367 0)
(-0.0414679 0.0392651 0)
(-0.0416151 0.0283605 0)
(0.0011963 0.027583 0)
(0.040249 0.034883 0)
(0.0347059 0.00965009 0)
(0.0192667 0.0186579 0)
(0.0207914 0.0199102 0)
(0.0121944 0.0114289 0)
(-0.00258039 0.00531392 0)
(-8.76506e-05 -0.000350295 0)
(-0.00414901 0.00562346 0)
(-0.00132116 0.00978744 0)
(-0.00225009 0.0167926 0)
(-0.00407824 0.0205596 0)
(0.00799554 -0.0190833 0)
(0.0062592 -0.0243275 0)
(-0.0138338 -0.0232192 0)
(0.00236391 -0.00940672 0)
(-0.00860756 0.0139567 0)
(-0.0318757 0.0179336 0)
(-0.125867 0.00451109 0)
(-0.118638 0.0130453 0)
(0.0335446 0.0277184 0)
(-0.047759 0.00862233 0)
(-0.070269 -0.0308717 0)
(-0.0606282 0.0271898 0)
(-0.0346307 0.0513992 0)
(-0.00797574 -0.0461561 0)
(-0.0759231 -0.054964 0)
(-0.0382123 0.0107618 0)
(-0.0569222 0.0442234 0)
(-0.0474965 0.0148653 0)
(-0.0014345 0.00158306 0)
(0.0353594 0.0247862 0)
(0.0064017 0.0216666 0)
(-0.00449376 0.0291547 0)
(0.0186773 0.0293551 0)
(0.000815701 0.0244577 0)
(-0.00710003 0.0105187 0)
(-0.00654248 0.00273813 0)
(-0.00666394 0.00510086 0)
(-0.00257865 0.00792254 0)
(-0.00224233 0.0169127 0)
(-0.000709332 0.0223055 0)
(-0.0127363 -0.0203144 0)
(-0.0132029 -0.0248274 0)
(0.0201783 -0.0217049 0)
(-0.257975 0.000756688 0)
(-0.227555 0.0181263 0)
(-0.100902 0.0231282 0)
(-0.102109 0.0096804 0)
(-0.117703 0.000529599 0)
(-0.0174034 0.0227215 0)
(-0.0302964 0.0167911 0)
(-0.0979198 -0.0276309 0)
(-0.0983337 0.0283085 0)
(-0.0512894 0.0418572 0)
(-0.0210981 -0.0448655 0)
(-0.0963218 -0.0458537 0)
(-0.0896376 0.010688 0)
(-0.0542859 0.0419045 0)
(-0.0251918 0.00362826 0)
(-0.0434467 -0.00287457 0)
(-0.00137559 0.0300414 0)
(-0.0245808 0.0242554 0)
(-0.00842809 0.0114268 0)
(0.0208133 0.0183802 0)
(0.00897149 0.0253782 0)
(-0.00213877 0.00960304 0)
(-0.0029951 -0.00177184 0)
(-0.00695352 0.000235974 0)
(-0.00334479 0.00495039 0)
(-0.00269232 0.0131537 0)
(0.00146933 0.0184326 0)
(-0.00350464 -0.0172819 0)
(-0.0208165 -0.0248917 0)
(0.076737 -0.000869838 0)
(-0.524936 0.00979515 0)
(-0.283663 -0.000177379 0)
(-0.144444 0.0062633 0)
(-0.132211 0.00956004 0)
(-0.174791 -0.000187336 0)
(-0.108557 0.0147935 0)
(0.000845697 0.0198773 0)
(-0.107212 -0.0181586 0)
(-0.129009 0.0198785 0)
(0.0158972 0.0323178 0)
(-0.0193342 -0.0312715 0)
(-0.0914648 -0.0358716 0)
(-0.122563 0.00034087 0)
(-0.0403618 0.0310737 0)
(-0.0155272 0.00493047 0)
(-0.0494938 -0.00431157 0)
(-0.0166613 0.0242545 0)
(-0.0262293 0.0231041 0)
(-0.00148817 0.00428438 0)
(-0.0110615 0.0173659 0)
(0.0158038 0.040143 0)
(0.0111766 0.0224043 0)
(0.0143833 0.00863376 0)
(0.00344109 0.0046208 0)
(-4.37005e-05 0.00577369 0)
(-0.00180611 0.0112017 0)
(0.00153405 0.015343 0)
(-0.0667443 -0.0211876 0)
(0.0727382 -0.0394407 0)
(0.117039 0.015326 0)
(-0.256425 0.0331318 0)
(-0.208165 -0.0233756 0)
(-0.214334 0.00176496 0)
(-0.200511 0.0135278 0)
(-0.207221 -0.00376551 0)
(-0.15771 -0.0010365 0)
(-0.0236767 0.0175642 0)
(-0.0851902 -0.00830263 0)
(-0.132263 0.00147524 0)
(0.0545508 0.0175308 0)
(-0.0140979 -0.0161751 0)
(-0.0777673 -0.0214589 0)
(-0.137247 -0.00414797 0)
(-0.0541123 0.00326014 0)
(0.00462849 0.00406039 0)
(-0.0324511 0.00168256 0)
(-0.0217883 0.0141314 0)
(-0.00323124 0.0156482 0)
(0.014632 0.00801886 0)
(-0.0167748 0.00612621 0)
(0.0103783 0.0182522 0)
(0.020229 0.00817762 0)
(0.0201221 0.00726065 0)
(0.0134064 0.0107611 0)
(0.0109038 0.0106113 0)
(0.00511977 0.0102283 0)
(0.00431528 0.0106555 0)
(-0.116109 -0.0123379 0)
(0.159235 -0.0184254 0)
(0.114079 0.0256166 0)
(0.0408083 0.0485691 0)
(-0.230412 0.00269291 0)
(-0.2318 0.00436152 0)
(-0.229512 0.00983951 0)
(-0.214605 -0.00716924 0)
(-0.173341 -0.01164 0)
(-0.0876796 0.0102751 0)
(-0.0681579 -0.00214424 0)
(-0.11599 -0.00627246 0)
(-0.031839 0.00585815 0)
(-0.0247724 -0.00706808 0)
(-0.0754079 -0.00494459 0)
(-0.13708 -0.00694114 0)
(-0.0534147 -0.0189899 0)
(-0.00744801 -0.00491879 0)
(-0.0082016 0.00836558 0)
(-0.00164793 0.00623536 0)
(0.0132824 0.0056016 0)
(0.028314 0.0122989 0)
(0.0133047 0.0145766 0)
(0.0337015 0.0125466 0)
(0.0327348 0.0116028 0)
(0.0232089 0.0143476 0)
(0.017643 0.0125716 0)
(0.0142772 0.0149066 0)
(0.0105546 0.0164376 0)
(0.0108553 0.0166397 0)
(0.0022251 -0.0035856 0)
(0.0099677 -0.00308921 0)
(0.0179826 -0.00390909 0)
(0.0279343 -0.00359027 0)
(0.0411363 -0.00514548 0)
(0.0557692 -0.00153006 0)
(0.0602941 0.0022777 0)
(0.057682 -0.00180018 0)
(0.0700013 0.0080379 0)
(0.0345682 0.00886979 0)
(8.87063e-05 0.000967093 0)
(-0.00620671 -0.000447035 0)
(-0.0107277 8.39227e-05 0)
(0.000105396 -0.00206336 0)
(0.00914346 -0.00124868 0)
(0.0138138 -5.99608e-05 0)
(0.00931891 -0.000222485 0)
(0.00814375 -3.16001e-05 0)
(0.00637269 0.000110705 0)
(0.00164223 -1.46062e-05 0)
(0.00225428 0.000203595 0)
(-0.00651954 0.0001796 0)
(-0.00672772 0.00018567 0)
(-0.0113212 0.000119247 0)
(-0.0139744 0.000294707 0)
(-0.0199605 0.000291258 0)
(-0.0237884 0.000250516 0)
(-0.0250722 4.05334e-05 0)
(-0.0175488 -0.00022625 0)
(-0.00599341 -0.000374753 0)
(0.00252293 -0.015434 0)
(0.00949811 -0.0138475 0)
(0.0179481 -0.0160787 0)
(0.0269839 -0.0174382 0)
(0.0435947 -0.0201519 0)
(0.0542031 -0.014949 0)
(0.0781623 3.39391e-05 0)
(0.0786708 -0.00747491 0)
(0.0994554 0.00678871 0)
(0.0914544 0.0261268 0)
(0.0423261 0.0187417 0)
(0.00653368 0.00520022 0)
(0.000463166 -0.00157273 0)
(0.0108567 -0.00566949 0)
(0.00876294 -0.00320504 0)
(0.01632 0.000402706 0)
(0.00366826 0.00133059 0)
(-0.00201305 0.000807113 0)
(-0.00309315 0.00140585 0)
(-0.0164183 0.000663877 0)
(-0.0113168 0.00126444 0)
(-0.027684 0.00106357 0)
(-0.0243814 0.000728984 0)
(-0.0311286 0.000474837 0)
(-0.0316931 0.000783735 0)
(-0.0357978 0.000607434 0)
(-0.0365321 0.000348102 0)
(-0.0336536 -0.000465788 0)
(-0.0198357 -0.00121132 0)
(-0.0056953 -0.0012876 0)
(-0.000376502 -0.0222498 0)
(0.00397467 -0.0208626 0)
(0.011503 -0.0236785 0)
(0.0195628 -0.0276634 0)
(0.0310568 -0.0314697 0)
(0.0384333 -0.030263 0)
(0.0664236 -0.0135517 0)
(0.0734985 -0.0160966 0)
(0.0862707 0.00167462 0)
(0.100815 0.0359762 0)
(0.0654316 0.0359543 0)
(0.0275965 0.0169186 0)
(0.0151933 -0.000706461 0)
(0.010857 -0.0051206 0)
(-0.000733583 -0.00281841 0)
(0.00734375 0.00154911 0)
(-0.00912447 0.00399779 0)
(-0.0134469 0.00154657 0)
(-0.010796 0.00300034 0)
(-0.0278217 0.00118854 0)
(-0.0172079 0.00224379 0)
(-0.0362933 0.00181221 0)
(-0.0295366 0.00100178 0)
(-0.0360511 0.000573847 0)
(-0.0349005 0.00100718 0)
(-0.037657 0.000686982 0)
(-0.0372947 0.000247504 0)
(-0.0333046 -0.00116801 0)
(-0.018288 -0.00226468 0)
(-0.00467816 -0.00210209 0)
(-0.00299822 -0.0273353 0)
(0.00140306 -0.0282964 0)
(0.00762099 -0.0341255 0)
(0.0133357 -0.0376161 0)
(0.0180209 -0.0386306 0)
(0.0229359 -0.039258 0)
(0.0427236 -0.0276048 0)
(0.062 -0.024386 0)
(0.0692777 -0.00445046 0)
(0.0895042 0.0374139 0)
(0.070411 0.0476279 0)
(0.040391 0.0288438 0)
(0.0257912 0.00506243 0)
(0.00937576 -0.000684156 0)
(-0.00876962 -0.00166656 0)
(-0.00173853 0.00282569 0)
(-0.0190748 0.00648024 0)
(-0.0216457 0.00134701 0)
(-0.0117293 0.00438708 0)
(-0.0328306 0.00155438 0)
(-0.0178916 0.00297796 0)
(-0.0386572 0.00256672 0)
(-0.0302425 0.00111721 0)
(-0.0365836 0.000633839 0)
(-0.0349399 0.00117478 0)
(-0.0374482 0.000749922 0)
(-0.0369494 0.00013466 0)
(-0.0329029 -0.00188797 0)
(-0.0176597 -0.00332557 0)
(-0.00426889 -0.00287488 0)
(-0.00667071 -0.0301106 0)
(-0.00592808 -0.0323777 0)
(-0.0104975 -0.0339 0)
(-0.0176582 -0.0353435 0)
(-0.0152313 -0.039664 0)
(-0.00711262 -0.0445156 0)
(0.0086468 -0.041263 0)
(0.0267905 -0.0351669 0)
(0.0374942 -0.00743786 0)
(0.0602469 0.0378299 0)
(0.0575412 0.0537922 0)
(0.0437154 0.0369724 0)
(0.0300916 0.0120763 0)
(0.00612539 0.00664304 0)
(-0.0161808 0.000859722 0)
(-0.00938555 0.00445515 0)
(-0.0249487 0.00865154 0)
(-0.0289621 0.000195451 0)
(-0.00749497 0.00528336 0)
(-0.0351883 0.0021453 0)
(-0.0171757 0.00350601 0)
(-0.0393403 0.00337671 0)
(-0.0303163 0.00115792 0)
(-0.0365498 0.00067468 0)
(-0.0348149 0.00132733 0)
(-0.0373822 0.000813517 0)
(-0.0369293 2.07738e-05 0)
(-0.0329384 -0.00260968 0)
(-0.0175431 -0.00439013 0)
(-0.00414804 -0.00362593 0)
(-0.00716118 -0.0248415 0)
(-0.013522 -0.0230105 0)
(-0.0223549 -0.0228669 0)
(-0.0257822 -0.0337643 0)
(-0.0220557 -0.0476463 0)
(-0.0177441 -0.0554136 0)
(-0.00714317 -0.0539659 0)
(0.00406599 -0.0461843 0)
(0.012593 -0.0171281 0)
(0.03234 0.0314455 0)
(0.0332054 0.0526976 0)
(0.0304507 0.0398306 0)
(0.0232301 0.0183174 0)
(-0.00271581 0.0147042 0)
(-0.0235157 0.00348062 0)
(-0.0168469 0.00554524 0)
(-0.0257455 0.0106455 0)
(-0.0345313 -0.00223766 0)
(-0.00178334 0.00553691 0)
(-0.0361462 0.00325266 0)
(-0.0166615 0.00390624 0)
(-0.0396364 0.00425514 0)
(-0.0304975 0.00116717 0)
(-0.0365182 0.000701842 0)
(-0.0347687 0.00147965 0)
(-0.0374389 0.000892168 0)
(-0.0370655 -8.90254e-05 0)
(-0.033111 -0.0033342 0)
(-0.0175482 -0.00546323 0)
(-0.00410974 -0.00437788 0)
(-0.00564724 -0.0164718 0)
(-0.0134549 -0.0157238 0)
(-0.0185851 -0.021616 0)
(-0.0182633 -0.0345069 0)
(-0.0203465 -0.0466489 0)
(-0.0236317 -0.0556817 0)
(-0.0245317 -0.057495 0)
(-0.0227284 -0.0476757 0)
(-0.018526 -0.0206475 0)
(0.0051239 0.0271714 0)
(0.0116786 0.0507305 0)
(0.0208789 0.0391219 0)
(0.0106125 0.024492 0)
(-0.0147076 0.0223688 0)
(-0.0277244 0.00505836 0)
(-0.024947 0.00574149 0)
(-0.0163655 0.0121348 0)
(-0.0365395 -0.00457215 0)
(0.00156 0.00522152 0)
(-0.0362717 0.00479014 0)
(-0.0168018 0.00427607 0)
(-0.0397583 0.00516855 0)
(-0.0308408 0.00116401 0)
(-0.0364884 0.000706494 0)
(-0.034745 0.0016336 0)
(-0.0375319 0.000986949 0)
(-0.0372583 -0.00019591 0)
(-0.0333327 -0.00406309 0)
(-0.0175713 -0.00654587 0)
(-0.00408774 -0.00512943 0)
(-0.0011799 -0.00717875 0)
(-0.0078654 -0.0086285 0)
(-0.0138467 -0.01727 0)
(-0.0183486 -0.0303292 0)
(-0.0238633 -0.0419237 0)
(-0.0294552 -0.0516485 0)
(-0.0359329 -0.0552743 0)
(-0.0385988 -0.049314 0)
(-0.0392328 -0.0286538 0)
(-0.0122195 0.0171552 0)
(-0.000962295 0.0436244 0)
(0.012111 0.0391058 0)
(-0.0042724 0.0311647 0)
(-0.0201895 0.0273448 0)
(-0.0250655 0.00600004 0)
(-0.0298269 0.00287694 0)
(0.0021793 0.0130726 0)
(-0.0346685 -0.0047987 0)
(0.000925244 0.00481195 0)
(-0.0360441 0.00650168 0)
(-0.0176817 0.00464788 0)
(-0.0397044 0.00608215 0)
(-0.0313288 0.00116193 0)
(-0.0364452 0.000678511 0)
(-0.0347192 0.00178959 0)
(-0.0376427 0.00110274 0)
(-0.037489 -0.000299476 0)
(-0.0335923 -0.00479779 0)
(-0.0175943 -0.00763958 0)
(-0.00406497 -0.00588175 0)
(0.000888859 -0.000694341 0)
(-0.00446691 -0.00159226 0)
(-0.0107265 -0.0110478 0)
(-0.0154055 -0.0257111 0)
(-0.0209354 -0.0374701 0)
(-0.0263951 -0.0464707 0)
(-0.0349266 -0.0514192 0)
(-0.0427981 -0.0465677 0)
(-0.0540148 -0.0306641 0)
(-0.0365837 0.00666666 0)
(-0.0194116 0.0382152 0)
(-0.00744435 0.0406628 0)
(-0.0116913 0.0365008 0)
(-0.0195287 0.0310325 0)
(-0.0109496 0.00752011 0)
(-0.0261827 -0.000687659 0)
(0.0153176 0.0122319 0)
(-0.0320757 -0.00284262 0)
(-0.00362598 0.00473561 0)
(-0.0350669 0.00810006 0)
(-0.0193795 0.00507611 0)
(-0.0394794 0.00693625 0)
(-0.0319129 0.00117832 0)
(-0.0363976 0.000607849 0)
(-0.0346815 0.00194661 0)
(-0.0377694 0.00124582 0)
(-0.0377567 -0.000399419 0)
(-0.0338891 -0.00553959 0)
(-0.017614 -0.00874597 0)
(-0.0040375 -0.00663425 0)
(0.00107109 0.00481657 0)
(-0.00214977 0.00427347 0)
(-0.00650937 -0.00488383 0)
(-0.0119252 -0.0196002 0)
(-0.0190365 -0.0314844 0)
(-0.0243478 -0.0410766 0)
(-0.032943 -0.0459062 0)
(-0.0407461 -0.0406189 0)
(-0.0573387 -0.0259016 0)
(-0.0582745 0.00028936 0)
(-0.039884 0.0320725 0)
(-0.0235895 0.0366158 0)
(-0.0151415 0.0361518 0)
(-0.0219991 0.0298134 0)
(0.00208177 0.00750552 0)
(-0.0190914 -0.00299849 0)
(0.0178637 0.0128325 0)
(-0.0300314 0.00042566 0)
(-0.0104788 0.00485425 0)
(-0.032617 0.00932906 0)
(-0.0214211 0.00567018 0)
(-0.0392832 0.00767799 0)
(-0.0325009 0.00122 0)
(-0.0363624 0.000489504 0)
(-0.0346256 0.00210493 0)
(-0.0379121 0.00141858 0)
(-0.0380629 -0.00049533 0)
(-0.0342238 -0.00628993 0)
(-0.017629 -0.00986685 0)
(-0.00400444 -0.00738684 0)
(0.00226698 0.00693785 0)
(0.000568874 0.00740594 0)
(-0.00403423 -0.000737425 0)
(-0.0126138 -0.0136198 0)
(-0.020157 -0.026899 0)
(-0.0258656 -0.0362138 0)
(-0.0327076 -0.0415162 0)
(-0.0377628 -0.036707 0)
(-0.0464202 -0.0194476 0)
(-0.0560132 -0.00163681 0)
(-0.0475706 0.0216392 0)
(-0.0293714 0.0291421 0)
(-0.0189529 0.0347123 0)
(-0.0264209 0.0267835 0)
(0.00564188 0.00506958 0)
(-0.0157274 -0.00367445 0)
(0.0129901 0.0129575 0)
(-0.0266737 0.00426879 0)
(-0.0170724 0.00504283 0)
(-0.0289957 0.00995186 0)
(-0.0230588 0.00658371 0)
(-0.0393412 0.0082949 0)
(-0.0330575 0.00127604 0)
(-0.0363394 0.0003257 0)
(-0.0345491 0.00226236 0)
(-0.0380707 0.00162499 0)
(-0.0384097 -0.000586665 0)
(-0.034597 -0.0070504 0)
(-0.017638 -0.0110041 0)
(-0.00396558 -0.00813826 0)
(0.00309249 0.00822378 0)
(-0.000500019 0.0108903 0)
(-0.00466582 0.00908697 0)
(-0.0110703 -0.00343923 0)
(-0.0185721 -0.0207312 0)
(-0.025761 -0.031109 0)
(-0.0298564 -0.0367138 0)
(-0.0397627 -0.032202 0)
(-0.0442026 -0.0147346 0)
(-0.0426833 0.00141006 0)
(-0.0437908 0.016543 0)
(-0.031229 0.024041 0)
(-0.0253961 0.0329218 0)
(-0.0221053 0.0219181 0)
(-0.00175074 0.00273075 0)
(-0.0159802 -0.00426526 0)
(0.00414899 0.0151124 0)
(-0.0221848 0.00764821 0)
(-0.0207196 0.00543567 0)
(-0.0263701 0.0100441 0)
(-0.0237721 0.00778596 0)
(-0.0397241 0.00886851 0)
(-0.0336174 0.00131667 0)
(-0.0363179 0.000117154 0)
(-0.0344497 0.00241656 0)
(-0.0382448 0.00187288 0)
(-0.0387995 -0.000672797 0)
(-0.0350094 -0.00782267 0)
(-0.0176395 -0.0121595 0)
(-0.00392075 -0.00888852 0)
(0.00579957 0.0132136 0)
(0.000226635 0.0167812 0)
(-0.00782201 0.00929289 0)
(-0.0120901 -0.00158289 0)
(-0.0158745 -0.0161767 0)
(-0.0217011 -0.0278242 0)
(-0.0212699 -0.0324429 0)
(-0.0347597 -0.0275013 0)
(-0.0437166 -0.0154254 0)
(-0.0365655 -0.000820753 0)
(-0.03927 0.015586 0)
(-0.0321865 0.0217492 0)
(-0.02193 0.0309684 0)
(-0.0159535 0.0197548 0)
(-0.0112295 0.0024456 0)
(-0.0171079 -0.00370439 0)
(-0.00694437 0.0130521 0)
(-0.0185026 0.00996246 0)
(-0.0221069 0.00648726 0)
(-0.0251209 0.00979394 0)
(-0.0240681 0.00918644 0)
(-0.0402355 0.00946135 0)
(-0.0342402 0.00133094 0)
(-0.0362913 -0.000140231 0)
(-0.0343224 0.00256865 0)
(-0.0384338 0.00216695 0)
(-0.0392352 -0.000752911 0)
(-0.0354617 -0.00860847 0)
(-0.0176315 -0.013335 0)
(-0.00386994 -0.00963757 0)
(0.00922304 0.0120407 0)
(0.01127 0.0242574 0)
(0.00360858 0.0212962 0)
(-0.00275627 0.0052334 0)
(-0.00905415 -0.013821 0)
(-0.017343 -0.0256176 0)
(-0.0178886 -0.028488 0)
(-0.0300816 -0.0205688 0)
(-0.0370103 -0.0117543 0)
(-0.0372651 -0.000963123 0)
(-0.0376066 0.015803 0)
(-0.0315246 0.0175245 0)
(-0.0205362 0.0259946 0)
(-0.0137349 0.0189476 0)
(-0.0152311 0.00178252 0)
(-0.0184551 -0.00523049 0)
(-0.0110067 0.0150139 0)
(-0.017657 0.0118118 0)
(-0.0219734 0.0067243 0)
(-0.0249747 0.00984841 0)
(-0.0241753 0.0107142 0)
(-0.0408569 0.010103 0)
(-0.0349068 0.00131121 0)
(-0.0362641 -0.000455467 0)
(-0.0341618 0.00271411 0)
(-0.0386368 0.00251044 0)
(-0.03972 -0.000826032 0)
(-0.0359546 -0.00940963 0)
(-0.0176117 -0.0145324 0)
(-0.00381304 -0.0103845 0)
(0.00697805 0.0071019 0)
(0.0116079 0.0228997 0)
(0.00928457 0.0267912 0)
(0.00679588 0.0126888 0)
(-0.00337253 -0.00132646 0)
(-0.0108209 -0.0177868 0)
(-0.0167365 -0.0224176 0)
(-0.0294431 -0.0168886 0)
(-0.0295401 -0.0104483 0)
(-0.0311095 -0.00118382 0)
(-0.0354776 0.0130393 0)
(-0.0253698 0.0153663 0)
(-0.020984 0.0222165 0)
(-0.0224399 0.0185133 0)
(-0.00900582 0.00355235 0)
(-0.0209535 -0.00299467 0)
(-0.0237816 0.0119604 0)
(-0.0165263 0.0123361 0)
(-0.0228345 0.00911162 0)
(-0.0237719 0.00934632 0)
(-0.0246722 0.0120989 0)
(-0.0415723 0.0108026 0)
(-0.0356275 0.00125815 0)
(-0.0362256 -0.000841453 0)
(-0.0339648 0.00285895 0)
(-0.0388524 0.00290852 0)
(-0.0402566 -0.000890892 0)
(-0.0364881 -0.0102284 0)
(-0.0175776 -0.0157541 0)
(-0.00374999 -0.0111297 0)
(-0.00358822 0.00537185 0)
(-0.000665363 0.020994 0)
(7.09595e-05 0.0255729 0)
(-0.0066567 0.0160774 0)
(-0.0146916 0.00107667 0)
(-0.0103867 -0.0179226 0)
(-0.0186279 -0.016101 0)
(-0.03047 -0.0129845 0)
(-0.0308222 -0.00990813 0)
(-0.0268101 0.00129355 0)
(-0.0363858 0.0120175 0)
(-0.0311956 0.0117436 0)
(-0.0185882 0.0236739 0)
(-0.0326943 0.0174543 0)
(-0.0092333 -0.000554223 0)
(-0.0160332 -0.000112777 0)
(-0.00958286 0.013573 0)
(-0.0236839 0.0120484 0)
(-0.0232538 0.00735248 0)
(-0.0223513 0.00969824 0)
(-0.0249112 0.0144924 0)
(-0.0425792 0.0115472 0)
(-0.0364067 0.00111353 0)
(-0.0361591 -0.00128193 0)
(-0.0337274 0.00299942 0)
(-0.0390809 0.00336647 0)
(-0.0408482 -0.000946018 0)
(-0.0370624 -0.0110675 0)
(-0.0175262 -0.0170024 0)
(-0.0036807 -0.0118704 0)
(-0.0122888 0.00421592 0)
(-0.0107519 0.0209971 0)
(-0.00788575 0.0297522 0)
(-0.0127585 0.0226891 0)
(-0.00993609 0.0025574 0)
(-0.00107568 -0.0155101 0)
(-0.00637761 -0.0104113 0)
(-0.0181471 -0.0074326 0)
(-0.0248357 -0.00976563 0)
(-0.0156308 0.00168012 0)
(-0.0277321 0.0162757 0)
(-0.0395438 0.0110656 0)
(-0.0402921 0.0214782 0)
(-0.0319987 0.0159 0)
(-0.0152502 -0.00239019 0)
(-0.0285798 -0.00282765 0)
(-0.00521643 0.010909 0)
(-0.0121237 0.0165766 0)
(-0.0282501 0.0107979 0)
(-0.0189974 0.00896978 0)
(-0.0254764 0.0150635 0)
(-0.0438836 0.0119781 0)
(-0.0373497 0.0010725 0)
(-0.0360322 -0.00182721 0)
(-0.0334435 0.00314147 0)
(-0.0393217 0.00388602 0)
(-0.0414981 -0.000989628 0)
(-0.0376739 -0.0119302 0)
(-0.017455 -0.0182768 0)
(-0.00360481 -0.0126062 0)
(-0.00622615 0.00819412 0)
(-0.0104383 0.0184499 0)
(-0.00762397 0.0270412 0)
(-0.00836595 0.0197598 0)
(0.00427966 -0.00619633 0)
(0.00864901 -0.0188607 0)
(0.00315078 -0.00428546 0)
(-0.00675514 -0.00220103 0)
(-0.0234548 -0.0135713 0)
(-0.00759454 0.00172857 0)
(-0.0151638 0.0199948 0)
(-0.0334652 0.0177503 0)
(-0.0399139 0.0186818 0)
(-0.0300596 0.0102629 0)
(-0.0185046 -0.00332167 0)
(-0.0154454 -0.00031309 0)
(-0.0117715 0.0111513 0)
(-0.0284584 0.0163247 0)
(-0.0318891 0.00730931 0)
(-0.0176029 0.00740747 0)
(-0.0230574 0.0200443 0)
(-0.0453886 0.0140355 0)
(-0.0384415 0.000370908 0)
(-0.0358689 -0.0024054 0)
(-0.0330844 0.00328559 0)
(-0.0395727 0.00447982 0)
(-0.0422098 -0.00102062 0)
(-0.038302 -0.0128194 0)
(-0.0173655 -0.0195776 0)
(-0.0035222 -0.0133379 0)
(0.00364637 0.0176225 0)
(-0.00280595 0.0217658 0)
(0.00127854 0.0244815 0)
(0.00413555 0.0142089 0)
(0.0178376 -0.0129412 0)
(0.0181533 -0.0167435 0)
(0.007384 -0.0023453 0)
(6.62354e-05 0.0112551 0)
(-0.0300123 -0.0056434 0)
(-0.0116769 -0.0015729 0)
(-0.0253099 0.026387 0)
(-0.0294261 0.0237297 0)
(-0.024608 0.0192065 0)
(-0.0305027 0.0107961 0)
(-0.0161319 -0.00726054 0)
(-0.0202281 -0.00508485 0)
(0.0139031 0.00978946 0)
(0.00592518 0.022732 0)
(-0.0171179 0.0113049 0)
(-0.0268254 0.00799005 0)
(-0.028938 0.0189156 0)
(-0.0460003 0.0127807 0)
(-0.0398783 0.00055972 0)
(-0.0355599 -0.00321151 0)
(-0.0326028 0.00343649 0)
(-0.0397985 0.00515428 0)
(-0.0429871 -0.00103978 0)
(-0.0388598 -0.0137393 0)
(-0.017276 -0.0209148 0)
(-0.00343273 -0.0140646 0)
(0.00476216 0.0250634 0)
(0.00143013 0.023666 0)
(0.0071551 0.0192053 0)
(0.0163823 0.00656988 0)
(0.0221746 -0.0156012 0)
(0.0122758 -0.0107531 0)
(-0.00679836 0.00965375 0)
(-0.0243097 0.0171245 0)
(-0.0225095 -0.0100787 0)
(-0.0250821 0.000156174 0)
(-0.0493643 0.0296366 0)
(-0.0282142 0.017753 0)
(-0.0247767 0.0170943 0)
(-0.0277116 0.0092911 0)
(-0.019139 -0.00803595 0)
(-0.021637 -0.00700282 0)
(0.000652574 0.00538884 0)
(-0.0176918 0.0233827 0)
(-0.0340819 0.0128961 0)
(-0.0104954 0.00656056 0)
(-0.00619086 0.0247128 0)
(-0.0505477 0.0176644 0)
(-0.0400838 -0.000759351 0)
(-0.0352981 -0.00397976 0)
(-0.0318087 0.00361723 0)
(-0.0398391 0.00589668 0)
(-0.0438156 -0.00105426 0)
(-0.0390557 -0.0146954 0)
(-0.0172595 -0.0222843 0)
(-0.00333539 -0.0147879 0)
(0.00221228 0.0274929 0)
(0.00582945 0.0205133 0)
(0.01002 0.0101383 0)
(0.019095 -0.00244618 0)
(0.00975019 -0.00899633 0)
(-0.00388752 0.00330594 0)
(-0.0111848 0.021002 0)
(-0.00833618 0.0236559 0)
(0.0131381 -5.76989e-05 0)
(-0.0233234 0.00974986 0)
(-0.0267632 0.0301519 0)
(-0.0122616 0.0135764 0)
(-0.0193982 0.0173455 0)
(-0.0192467 0.0103481 0)
(-0.0399454 -0.00916893 0)
(-0.0093393 -0.00932617 0)
(-0.0116744 0.00763481 0)
(-0.0291157 0.0295049 0)
(-0.0264414 0.0109016 0)
(-0.0308175 0.00387542 0)
(-0.0445155 0.0243618 0)
(-0.0454056 0.016188 0)
(-0.0401368 -0.000933219 0)
(-0.0341203 -0.00499069 0)
(-0.0302874 0.00363526 0)
(-0.0391503 0.00680673 0)
(-0.0445688 -0.00108628 0)
(-0.0380957 -0.0156885 0)
(-0.0175103 -0.0236514 0)
(-0.0032276 -0.0155227 0)
(0.00123786 0.0197396 0)
(0.00581578 0.0134184 0)
(0.00547898 0.00678337 0)
(0.00110873 0.0045964 0)
(-0.0121325 0.00292421 0)
(-0.0176213 0.00790524 0)
(-0.0226575 0.0172031 0)
(-0.00811616 0.00257048 0)
(0.0107038 -0.00349192 0)
(-0.0111762 0.0131986 0)
(0.000219987 0.030555 0)
(-0.0157378 0.0158493 0)
(-0.000102803 0.0185307 0)
(-0.0144968 0.016421 0)
(-0.0455876 -0.00909198 0)
(0.00176202 -0.0146415 0)
(-0.0107212 0.00858708 0)
(-0.00872001 0.0309447 0)
(-0.0236261 0.013169 0)
(-0.00664258 0.00772039 0)
(-0.0176655 0.0289002 0)
(-0.0413105 0.0184644 0)
(-0.0310514 -0.00214032 0)
(-0.0303567 -0.00589947 0)
(-0.026686 0.00423938 0)
(-0.0363523 0.00764082 0)
(-0.0446922 -0.00113704 0)
(-0.0343156 -0.0167123 0)
(-0.0183647 -0.0249484 0)
(-0.00308838 -0.0161858 0)
(-0.00108465 0.0159247 0)
(-0.00090603 0.0145842 0)
(-0.00505356 0.0134646 0)
(-0.011929 0.0119577 0)
(-0.0180411 0.0074091 0)
(-0.0212509 0.0120513 0)
(-0.0314421 0.0148612 0)
(-0.029198 -0.00137083 0)
(-0.0373502 0.00287209 0)
(-0.0534243 0.0175636 0)
(-0.0275362 0.0284645 0)
(-0.0211279 0.0117259 0)
(0.00774896 0.0145125 0)
(-0.0181585 0.0264833 0)
(-0.0345884 -0.0128073 0)
(-0.0192179 -0.0216506 0)
(0.00531975 0.0086561 0)
(0.00582399 0.0312946 0)
(-0.0374056 0.0128142 0)
(-0.0153058 0.00189722 0)
(-0.000819265 0.0297466 0)
(-0.0514236 0.0180655 0)
(-0.00854965 -0.00149187 0)
(-0.0179761 -0.00597475 0)
(-0.0181323 0.0035883 0)
(-0.0291444 0.00924747 0)
(-0.0425632 -0.00125293 0)
(-0.0253631 -0.0177246 0)
(-0.0199926 -0.0259681 0)
(-0.00289477 -0.017134 0)
(-0.00602966 0.0174606 0)
(-0.00784653 0.0179226 0)
(-0.0101935 0.0186224 0)
(-0.0141426 0.0181071 0)
(-0.01351 0.0106862 0)
(-0.0142131 0.0167791 0)
(-0.0256516 0.0240338 0)
(-0.0255482 0.00864793 0)
(-0.0207653 0.00468772 0)
(-0.0479168 0.0180311 0)
(-0.0374368 0.0162234 0)
(0.000222156 0.00495633 0)
(0.00185613 0.0176944 0)
(-0.0240389 0.0304148 0)
(-0.034846 -0.00849047 0)
(-0.0646441 -0.0251388 0)
(0.0130265 -0.000443146 0)
(0.00416465 0.0378514 0)
(-0.00719347 0.0176129 0)
(0.000274967 -0.00074705 0)
(-0.00865212 0.0327952 0)
(-0.00582432 0.0202661 0)
(0.0222372 -0.00850071 0)
(0.00679895 -0.0057102 0)
(0.000615194 0.00587934 0)
(-0.0161055 0.0100375 0)
(-0.0355507 -0.00156858 0)
(-0.0100952 -0.0185255 0)
(-0.0214109 -0.0266459 0)
(-0.00295152 -0.0176319 0)
(-0.00628619 0.0205714 0)
(-0.00828868 0.0199899 0)
(-0.00877025 0.0186127 0)
(-0.0115404 0.0167121 0)
(-0.00664435 0.00788067 0)
(-0.00562087 0.0176258 0)
(-0.0195834 0.023029 0)
(-0.0227412 -0.00095549 0)
(0.00805878 0.00874963 0)
(-0.0217685 0.0251016 0)
(-0.0181704 0.00302454 0)
(-0.0105283 -0.00723961 0)
(0.0209518 0.0190011 0)
(-0.0167167 0.0378113 0)
(-0.0296335 0.00175823 0)
(-0.0537782 -0.0315972 0)
(0.0259796 -0.0076206 0)
(-0.0306051 0.0411458 0)
(0.0405683 0.0143774 0)
(-0.000119952 0.00302823 0)
(-0.0341946 0.032804 0)
(0.0724202 0.0152282 0)
(0.136313 -0.000547814 0)
(0.0210277 -0.00277649 0)
(0.0132141 0.00494113 0)
(-0.0050257 0.0138269 0)
(-0.0217957 -0.000302846 0)
(0.00797139 -0.0189148 0)
(-0.0189882 -0.0267199 0)
(-0.000249974 -0.0189881 0)
(-0.000512244 0.0229257 0)
(-0.000886521 0.0218742 0)
(0.00128169 0.0209971 0)
(-0.00288628 0.017511 0)
(0.000138172 0.00688325 0)
(0.00948212 0.0254886 0)
(-0.00178122 0.0345798 0)
(-0.000792607 -0.00422291 0)
(-0.00296102 2.67553e-05 0)
(0.0114671 0.0335841 0)
(0.0157415 0.0116887 0)
(-0.0114241 -0.00786151 0)
(0.00705243 0.0208962 0)
(-0.000793748 0.045081 0)
(0.0174191 0.0063466 0)
(0.00144511 -0.0452671 0)
(0.0870261 -0.0105514 0)
(-0.0325986 0.0355961 0)
(0.0786765 0.0105823 0)
(0.000991325 0.0103455 0)
(0.00850376 0.0234724 0)
(0.112478 -0.00518054 0)
(0.147688 -0.00429858 0)
(0.147975 0.00768427 0)
(0.0598266 0.010517 0)
(-0.00134059 0.011955 0)
(0.0093524 -0.00493293 0)
(0.0221505 -0.0203786 0)
(-0.00456823 -0.0251892 0)
(-0.0075015 -0.0187333 0)
(0.00336312 0.0205511 0)
(0.0055466 0.0191212 0)
(0.00745209 0.0193395 0)
(0.0135215 0.0184692 0)
(0.00915773 -0.00191421 0)
(0.0241857 0.0119372 0)
(0.0137869 0.0317692 0)
(0.0272725 0.00177164 0)
(-0.0056429 -0.000296145 0)
(0.0182317 0.0208698 0)
(0.0245656 0.014063 0)
(0.0254963 -0.00405487 0)
(0.0228191 0.0135492 0)
(0.0128923 0.0394713 0)
(0.0669949 0.00217002 0)
(0.0453253 -0.0483909 0)
(0.0903738 -0.00760332 0)
(-0.0332278 0.0417323 0)
(0.118416 0.00617381 0)
(0.0132272 0.0153997 0)
(0.0686387 0.013199 0)
(0.211893 -0.00410275 0)
(0.115761 -0.00430584 0)
(0.128162 0.00524264 0)
(0.168912 0.0173075 0)
(0.18822 0.0202557 0)
(0.255698 0.00182849 0)
(0.0166045 -0.0183461 0)
(0.0151438 -0.025265 0)
(0.013239 -0.0199014 0)
(0.00388883 0.0179677 0)
(0.00890205 0.0164595 0)
(0.00854246 0.0152812 0)
(0.0205045 0.0138751 0)
(0.0103405 0.00309198 0)
(0.00773666 0.0197959 0)
(0.00832195 0.0392066 0)
(0.0353212 0.00824858 0)
(0.00546604 0.00596176 0)
(0.0087482 0.0163286 0)
(0.0196412 0.00955932 0)
(0.0236006 -0.00412702 0)
(0.0122941 0.0182867 0)
(0.0304001 0.0336637 0)
(0.0968304 -0.00264028 0)
(0.0417085 -0.0399094 0)
(0.00431134 0.00405661 0)
(-0.0160498 0.0411505 0)
(0.137707 -0.000530305 0)
(0.0432608 0.0175257 0)
(0.11562 -0.0071343 0)
(0.222713 -0.0118406 0)
(0.183895 0.00713593 0)
(0.130082 0.0037546 0)
(0.140595 0.00547422 0)
(0.223647 0.00439222 0)
(0.492559 0.0113374 0)
(0.0163558 0.00149446 0)
(0.0162472 -0.0221734 0)
(0.0029324 -0.0169822 0)
(0.00329006 0.0113168 0)
(0.00672901 0.0108652 0)
(0.000865561 0.0100697 0)
(0.00547531 0.0124411 0)
(-0.00295287 0.0111224 0)
(-0.0163901 0.010968 0)
(0.00765401 0.0131546 0)
(0.0101908 0.00411396 0)
(-0.0196767 0.0131899 0)
(0.00199826 0.0105983 0)
(0.00392212 0.00511557 0)
(0.0129169 0.000869553 0)
(-0.0132391 0.0114002 0)
(0.0751229 0.00989245 0)
(0.107017 -0.00175696 0)
(0.0275561 -0.0217913 0)
(-0.0407537 0.00482825 0)
(0.0591239 0.016126 0)
(0.137384 -0.00449716 0)
(0.0840617 0.018804 0)
(0.161476 -0.0177447 0)
(0.211028 -0.016705 0)
(0.212195 0.00370973 0)
(0.20848 0.0110836 0)
(0.205536 0.00351678 0)
(0.216932 -0.0198443 0)
(0.363465 0.0180455 0)
(-0.108381 0.017026 0)
(-0.045966 -0.0327099 0)
(0.0660537 -0.0204831 0)
(0.00732123 0.0159938 0)
(0.00674167 0.0168477 0)
(0.00367659 0.01727 0)
(-0.00273151 0.0155489 0)
(-0.0055431 0.0190683 0)
(-0.014454 0.0154079 0)
(-0.0230038 0.0142105 0)
(-0.0211512 0.0208569 0)
(-0.0249532 0.0121012 0)
(-0.0141111 0.00583 0)
(-0.0187799 0.00371737 0)
(0.00703708 0.00229783 0)
(-0.0184563 -0.00618611 0)
(0.0976428 -0.0102535 0)
(0.0971071 0.0120574 0)
(0.00993046 -0.00669011 0)
(0.00678274 -0.00281852 0)
(0.104724 -0.00273167 0)
(0.129014 -0.00620505 0)
(0.121921 0.0122184 0)
(0.174109 -0.0232455 0)
(0.203095 -0.0179199 0)
(0.218756 0.0071942 0)
(0.238212 0.00878923 0)
(0.234735 0.00560502 0)
(0.241901 -0.00759356 0)
(0.37063 0.0420743 0)
(-0.127155 0.0312141 0)
(-0.150991 -0.0178928 0)
(0.114996 -0.0112836 0)
(-0.120707 -0.0218443 0)
(0.121998 -0.0450786 0)
(0.0207973 0.0226707 0)
(0.264239 0.0589195 0)
(-0.128347 -0.000954887 0)
(-0.222479 0.0008916 0)
(-0.232801 0.0103741 0)
(-0.203804 -0.00993935 0)
(-0.163403 -0.0159928 0)
(-0.127598 0.00179319 0)
(-0.0666832 -0.00402176 0)
(-0.0767248 -0.0034022 0)
(-0.124819 -0.000646477 0)
(0.0324092 -0.00025897 0)
(0.0375448 0.00742962 0)
(-0.0849728 -0.0119845 0)
(-0.051574 -0.0299984 0)
(-0.00485366 -0.00872102 0)
(0.00114186 0.00559411 0)
(0.0073423 0.00345796 0)
(0.0144026 0.00492602 0)
(0.0277585 0.0106378 0)
(0.0178537 0.00729608 0)
(0.0341298 0.0118742 0)
(0.030503 0.0127125 0)
(0.0220592 0.0166441 0)
(0.0177696 0.0161666 0)
(0.0139612 0.0157954 0)
(0.0101188 0.0154308 0)
(0.00959034 0.0157111 0)
(-0.157328 -0.0343544 0)
(0.089298 -0.0433283 0)
(-0.036216 0.0166458 0)
(0.36572 0.0617216 0)
(-0.0465442 0.017325 0)
(-0.174485 0.00563269 0)
(-0.225776 0.00881387 0)
(-0.186631 -0.0107431 0)
(-0.151164 -0.0152908 0)
(-0.147363 -0.000920428 0)
(-0.0974379 -0.00743182 0)
(-0.0159922 0.00210515 0)
(-0.136094 -0.00184198 0)
(0.400982 -0.0612601 0)
(0.627273 0.0471996 0)
(0.109687 0.0137368 0)
(-0.0458292 -0.0425819 0)
(0.0179453 -0.0250522 0)
(0.0408181 0.00485147 0)
(0.026539 -0.000531713 0)
(0.0277483 0.00119492 0)
(0.0275831 0.00823197 0)
(0.0197898 0.00506978 0)
(0.0269903 0.00824698 0)
(0.020381 0.0184253 0)
(0.0140732 0.0225694 0)
(0.0103229 0.0223959 0)
(0.0057387 0.0199598 0)
(0.000485972 0.0184011 0)
(-0.00322077 0.0185953 0)
(-0.148002 -0.0337426 0)
(0.0469362 -0.0437043 0)
(-0.0776191 0.00802066 0)
(0.424266 0.0614905 0)
(0.0282909 0.0330785 0)
(-0.0935714 0.0122401 0)
(-0.192211 0.00918519 0)
(-0.142017 -0.0110928 0)
(-0.151604 -0.0223613 0)
(-0.147996 -0.00179755 0)
(-0.100646 -0.0137515 0)
(-0.0894536 0.000782111 0)
(0.0429629 -0.0370154 0)
(0.244945 -0.170867 0)
(0.890262 0.0797212 0)
(0.279702 0.0742729 0)
(-0.0143065 -0.0175654 0)
(0.00263366 -0.0276806 0)
(0.0260052 0.00514125 0)
(0.0346006 0.00209936 0)
(0.0312894 0.00355964 0)
(0.025184 0.0110236 0)
(0.0167825 0.00657105 0)
(0.0164076 0.0108383 0)
(0.00815656 0.0203323 0)
(0.00162632 0.0236898 0)
(-0.00328878 0.0236902 0)
(-0.00907172 0.022923 0)
(-0.0153321 0.0221839 0)
(-0.0207158 0.0224259 0)
(-0.100711 -0.0364149 0)
(0.00854325 -0.0437111 0)
(-0.0925588 -0.003438 0)
(0.439128 0.0583868 0)
(0.0927231 0.0480982 0)
(-0.0137111 0.0196117 0)
(-0.149263 0.0117371 0)
(-0.092083 -0.0122764 0)
(-0.144906 -0.0223136 0)
(-0.145312 -0.00773709 0)
(-0.126871 -0.0251144 0)
(-0.105024 -0.0162237 0)
(0.154002 -0.0329177 0)
(-0.100254 -0.235207 0)
(0.632783 0.126642 0)
(0.177444 0.136588 0)
(-0.0300054 0.0105847 0)
(-0.0183603 -0.0291322 0)
(0.00275855 -0.00165935 0)
(0.0243052 0.000915721 0)
(0.0216089 0.00531821 0)
(0.0169577 0.0142022 0)
(0.007312 0.00867866 0)
(0.00113867 0.0143345 0)
(-0.00669117 0.0233158 0)
(-0.0138407 0.0262626 0)
(-0.0200744 0.0266265 0)
(-0.02637 0.0267038 0)
(-0.032532 0.0263601 0)
(-0.0378044 0.0263553 0)
(-0.0477465 -0.0379277 0)
(-0.0149318 -0.0430076 0)
(-0.0814913 -0.0165873 0)
(0.407788 0.0530165 0)
(0.142894 0.0615345 0)
(0.0608835 0.028083 0)
(-0.0982474 0.0152086 0)
(-0.0365729 -0.0112384 0)
(-0.128624 -0.0167112 0)
(-0.141606 -0.0060994 0)
(-0.141388 -0.0192021 0)
(-0.119602 -0.0343951 0)
(0.0588963 -0.0434034 0)
(-0.14181 -0.243277 0)
(0.233523 0.112056 0)
(-0.0782713 0.175118 0)
(-0.0800057 0.019177 0)
(-0.0412367 -0.0320533 0)
(-0.022853 -0.00930031 0)
(0.00311423 -0.00215202 0)
(0.00350881 0.00618162 0)
(0.00246991 0.016373 0)
(-0.0070477 0.0123104 0)
(-0.015935 0.0184256 0)
(-0.0240221 0.027208 0)
(-0.031614 0.0301643 0)
(-0.0384452 0.030794 0)
(-0.044381 0.0309654 0)
(-0.0493718 0.0304163 0)
(-0.0533474 0.029937 0)
(-0.0102235 -0.0381754 0)
(-0.0224342 -0.0416625 0)
(-0.0565716 -0.0292244 0)
(0.330323 0.0462496 0)
(0.176711 0.0721085 0)
(0.125836 0.0368606 0)
(-0.0427439 0.0194097 0)
(0.0239539 -0.00824221 0)
(-0.102493 -0.0100276 0)
(-0.136958 -0.00476898 0)
(-0.151789 -0.0190936 0)
(-0.148344 -0.0409502 0)
(-0.0390138 -0.045106 0)
(-0.23869 -0.241285 0)
(-0.0458544 0.119916 0)
(-0.21285 0.18871 0)
(-0.106872 0.00596572 0)
(-0.0628978 -0.0370633 0)
(-0.0473391 -0.0174831 0)
(-0.0205476 -0.00629266 0)
(-0.018207 0.00594026 0)
(-0.0168963 0.0179214 0)
(-0.0260516 0.0163822 0)
(-0.0351143 0.0231905 0)
(-0.0428845 0.0315719 0)
(-0.0502027 0.0346084 0)
(-0.0565623 0.0351298 0)
(-0.0613364 0.0347813 0)
(-0.064801 0.0335434 0)
(-0.0676201 0.0327427 0)
(0.0118871 -0.0374239 0)
(-0.0203073 -0.0401382 0)
(-0.0340422 -0.0391646 0)
(0.218609 0.0386957 0)
(0.195836 0.0781006 0)
(0.176141 0.0451145 0)
(0.0104173 0.0238433 0)
(0.0876491 -0.00364047 0)
(-0.0676368 0.000238305 0)
(-0.130607 -0.00081366 0)
(-0.160613 -0.0161335 0)
(-0.174456 -0.0417691 0)
(-0.120553 -0.0457342 0)
(-0.31107 -0.220874 0)
(-0.257935 0.11158 0)
(-0.262444 0.170706 0)
(-0.113807 -0.0161068 0)
(-0.0803558 -0.0419475 0)
(-0.0685154 -0.0252772 0)
(-0.0427017 -0.0109501 0)
(-0.0405331 0.00535522 0)
(-0.038161 0.0191953 0)
(-0.0467771 0.0204851 0)
(-0.0547783 0.0280514 0)
(-0.0614809 0.0358326 0)
(-0.0675611 0.0388474 0)
(-0.0723149 0.0386844 0)
(-0.0750852 0.0374476 0)
(-0.0767544 0.0355093 0)
(-0.0776722 0.0342042 0)
(0.0242355 -0.0363601 0)
(-0.0141991 -0.0385654 0)
(-0.0216263 -0.045261 0)
(0.100866 0.0302321 0)
(0.203315 0.0780781 0)
(0.206666 0.0523482 0)
(0.0513645 0.0274911 0)
(0.150807 0.00227454 0)
(-0.0238509 0.0149555 0)
(-0.119048 0.00665316 0)
(-0.163916 -0.010331 0)
(-0.184603 -0.0387389 0)
(-0.167108 -0.0449196 0)
(-0.332301 -0.189109 0)
(-0.375215 0.098532 0)
(-0.25567 0.130531 0)
(-0.0978951 -0.0403251 0)
(-0.0920087 -0.0446549 0)
(-0.0819054 -0.0322269 0)
(-0.0592206 -0.0152621 0)
(-0.0609758 0.00517964 0)
(-0.0586617 0.0204882 0)
(-0.0665963 0.0243582 0)
(-0.0728516 0.0323737 0)
(-0.0777397 0.0393159 0)
(-0.0814007 0.0419574 0)
(-0.083587 0.040552 0)
(-0.0843941 0.0384163 0)
(-0.0838719 0.0352167 0)
(-0.0825726 0.0336696 0)
(0.0307382 -0.0351822 0)
(-0.0072689 -0.0368651 0)
(-0.0166069 -0.0476484 0)
(0.0103174 0.0206306 0)
(0.19593 0.0719613 0)
(0.213226 0.0585976 0)
(0.067514 0.0290046 0)
(0.20696 0.00814036 0)
(0.0276349 0.0338553 0)
(-0.0987891 0.0182059 0)
(-0.157943 -0.00219127 0)
(-0.178611 -0.0339664 0)
(-0.184561 -0.0424889 0)
(-0.317956 -0.150171 0)
(-0.392692 0.077188 0)
(-0.203837 0.0772475 0)
(-0.0592541 -0.0608025 0)
(-0.0968362 -0.0431145 0)
(-0.0888721 -0.0377615 0)
(-0.0709697 -0.0176619 0)
(-0.0783503 0.00587005 0)
(-0.0760605 0.0219283 0)
(-0.083345 0.027761 0)
(-0.0877053 0.035633 0)
(-0.0905897 0.0413114 0)
(-0.0911875 0.042715 0)
(-0.0906447 0.0405429 0)
(-0.0903891 0.0384732 0)
(-0.0909314 0.0348479 0)
(-0.090628 0.0322131 0)
(0.0342401 -0.0339936 0)
(-0.000833561 -0.0349893 0)
(-0.013717 -0.0473604 0)
(-0.0375057 0.0108623 0)
(0.163976 0.061887 0)
(0.1953 0.0643385 0)
(0.0486231 0.0269008 0)
(0.247021 0.0110152 0)
(0.0813707 0.0560018 0)
(-0.0697226 0.0338739 0)
(-0.140978 0.00766721 0)
(-0.158866 -0.0288904 0)
(-0.179678 -0.0394485 0)
(-0.273094 -0.114181 0)
(-0.319806 0.0473141 0)
(-0.0832005 0.0247972 0)
(-0.00332036 -0.0584763 0)
(-0.0914545 -0.0350585 0)
(-0.095757 -0.0412823 0)
(-0.0783928 -0.0178022 0)
(-0.0907615 0.00741843 0)
(-0.0887931 0.0236282 0)
(-0.0957608 0.0306993 0)
(-0.0988331 0.0378922 0)
(-0.100643 0.0420399 0)
(-0.100828 0.0422786 0)
(-0.101243 0.0404918 0)
(-0.101555 0.03844 0)
(-0.100738 0.0346349 0)
(-0.0986683 0.0297007 0)
(0.0359708 -0.0328461 0)
(0.00462356 -0.0329852 0)
(-0.0107879 -0.0455307 0)
(-0.0525607 0.00283907 0)
(0.108056 0.0510091 0)
(0.159004 0.0699859 0)
(0.00470299 0.0199436 0)
(0.260804 0.00752997 0)
(0.132523 0.079417 0)
(-0.0334525 0.0533426 0)
(-0.113612 0.019001 0)
(-0.127497 -0.0238595 0)
(-0.159959 -0.0365953 0)
(-0.219984 -0.0864571 0)
(-0.234524 0.00585235 0)
(-0.00879297 -0.0287076 0)
(0.00242983 -0.0405974 0)
(-0.0915601 -0.0180388 0)
(-0.104994 -0.0448173 0)
(-0.0808087 -0.0167311 0)
(-0.0970754 0.0100749 0)
(-0.0960916 0.0258283 0)
(-0.103115 0.0335913 0)
(-0.105836 0.0398405 0)
(-0.107861 0.0427644 0)
(-0.108544 0.0425141 0)
(-0.108648 0.0406596 0)
(-0.107755 0.0373739 0)
(-0.106011 0.0323136 0)
(-0.103754 0.0260854 0)
(0.036456 -0.0317675 0)
(0.00888385 -0.0309288 0)
(-0.00792617 -0.0428973 0)
(-0.0534753 -0.00185454 0)
(0.047498 0.0411483 0)
(0.116189 0.0751139 0)
(-0.0184254 0.00901085 0)
(0.232133 -0.00413357 0)
(0.172736 0.101448 0)
(0.00607039 0.0754323 0)
(-0.0740638 0.0308634 0)
(-0.0802999 -0.0181059 0)
(-0.127343 -0.0326139 0)
(-0.170139 -0.065384 0)
(-0.184134 -0.0251429 0)
(-0.121713 -0.0588757 0)
(-0.106677 -0.0316565 0)
(-0.0807542 -0.00586688 0)
(-0.0987275 -0.0478235 0)
(-0.0770136 -0.0149128 0)
(-0.0961904 0.0143454 0)
(-0.0978074 0.0289431 0)
(-0.105052 0.0368064 0)
(-0.108006 0.0420323 0)
(-0.11028 0.0439195 0)
(-0.110809 0.0427649 0)
(-0.110393 0.039886 0)
(-0.109086 0.0353269 0)
(-0.107098 0.0293764 0)
(-0.104815 0.0224184 0)
(0.0359763 -0.0307666 0)
(0.0118127 -0.0288313 0)
(-0.00543389 -0.0398941 0)
(-0.0504377 -0.00355351 0)
(0.00405877 0.0327985 0)
(0.0794443 0.0781036 0)
(0.0145044 -0.000926716 0)
(0.15222 -0.0201916 0)
(0.198689 0.118406 0)
(0.0488324 0.0982611 0)
(-0.0269602 0.0419534 0)
(-0.022753 -0.0107304 0)
(-0.0819166 -0.0250314 0)
(-0.120817 -0.0457858 0)
(-0.146354 -0.025729 0)
(-0.173907 -0.0548827 0)
(-0.159853 -0.0506339 0)
(-0.0926047 -0.0200851 0)
(-0.0902453 -0.0508983 0)
(-0.0674765 -0.0124702 0)
(-0.0879387 0.0208436 0)
(-0.0932809 0.0334427 0)
(-0.101086 0.0407194 0)
(-0.104703 0.0445649 0)
(-0.106866 0.0450761 0)
(-0.107181 0.0426514 0)
(-0.106498 0.0385971 0)
(-0.105065 0.0330076 0)
(-0.103238 0.0262975 0)
(-0.101332 0.0189818 0)
(0.0347637 -0.0298352 0)
(0.0133546 -0.0266721 0)
(-0.0034685 -0.0367598 0)
(-0.0460188 -0.00366996 0)
(-0.0160375 0.0259671 0)
(0.0514073 0.0758894 0)
(0.066395 -0.004801 0)
(0.0532721 -0.0343282 0)
(0.210248 0.126804 0)
(0.0904309 0.119906 0)
(0.0220446 0.0516154 0)
(0.0418053 -0.00331958 0)
(-0.0172014 -0.0130251 0)
(-0.0602621 -0.0280985 0)
(-0.0861596 -0.0183635 0)
(-0.0938068 -0.0492117 0)
(-0.0884145 -0.0668035 0)
(-0.102315 -0.0398538 0)
(-0.0944287 -0.0624368 0)
(-0.0561681 -0.0135891 0)
(-0.0723448 0.0299658 0)
(-0.0828783 0.0398347 0)
(-0.0913794 0.0456041 0)
(-0.0958118 0.0474415 0)
(-0.098193 0.0461772 0)
(-0.0986301 0.0423555 0)
(-0.0980073 0.037134 0)
(-0.0968494 0.0309022 0)
(-0.0954967 0.0237446 0)
(-0.0941557 0.0163743 0)
(0.0330501 -0.0289475 0)
(0.0135428 -0.0244884 0)
(-0.0020778 -0.0336077 0)
(-0.0410147 -0.00299491 0)
(-0.0202424 0.0203702 0)
(0.0319165 0.0675343 0)
(0.0915618 -0.00256709 0)
(-0.00907223 -0.0468779 0)
(0.210421 0.122688 0)
(0.12754 0.137988 0)
(0.0663386 0.0599064 0)
(0.0932288 0.000168773 0)
(0.0588555 0.00104009 0)
(0.0166646 -0.0117859 0)
(-0.0169398 -0.0141962 0)
(-0.025911 -0.0518068 0)
(-0.0119159 -0.0622966 0)
(-0.0495125 -0.0139967 0)
(-0.100555 -0.0704242 0)
(-0.0568659 -0.028636 0)
(-0.0501951 0.0399204 0)
(-0.0670753 0.0488324 0)
(-0.076607 0.0518323 0)
(-0.0824673 0.0514092 0)
(-0.0856663 0.0480966 0)
(-0.0867862 0.0427158 0)
(-0.0868856 0.0363355 0)
(-0.0863337 0.0293872 0)
(-0.0854648 0.0219401 0)
(-0.0846523 0.01472 0)
(0.0310538 -0.0280614 0)
(0.0125335 -0.0223049 0)
(-0.00123268 -0.0305311 0)
(-0.035995 -0.00213998 0)
(-0.0175991 0.0158291 0)
(0.0196584 0.056671 0)
(0.0970931 0.0018196 0)
(-0.0138636 -0.0607169 0)
(0.199526 0.10548 0)
(0.157126 0.151283 0)
(0.106061 0.0681292 0)
(0.111814 -0.00385671 0)
(0.124959 0.00806009 0)
(0.100034 0.00817671 0)
(0.0538813 0.00107188 0)
(0.010157 -0.0377825 0)
(-0.0656805 -0.0437606 0)
(-0.0884706 0.0145212 0)
(-0.0806228 -0.0814787 0)
(-0.0742771 -0.0584484 0)
(-0.0306782 0.0442776 0)
(-0.0466699 0.0603205 0)
(-0.0569835 0.0598776 0)
(-0.0645741 0.056978 0)
(-0.0696285 0.0507768 0)
(-0.0722244 0.0434366 0)
(-0.0736211 0.0359957 0)
(-0.0742906 0.0284357 0)
(-0.0742411 0.0207229 0)
(-0.0737511 0.0136897 0)
(0.0289403 -0.0271252 0)
(0.0106146 -0.0201338 0)
(-0.000829393 -0.0276136 0)
(-0.0312895 -0.00141872 0)
(-0.0132275 0.0121166 0)
(0.0119567 0.0458957 0)
(0.0959756 0.00381974 0)
(0.0082801 -0.0731964 0)
(0.179371 0.0792438 0)
(0.175835 0.157714 0)
(0.14579 0.0801574 0)
(0.0957824 -0.00868131 0)
(0.141937 0.000139913 0)
(0.16231 0.0231268 0)
(0.127362 0.0285383 0)
(0.0730619 0.000993978 0)
(-0.0125039 -0.0247587 0)
(-0.0184788 0.00616771 0)
(-0.0303615 -0.0515066 0)
(-0.0940206 -0.0752999 0)
(-0.0331286 0.0322745 0)
(-0.0214979 0.0695058 0)
(-0.0321668 0.0695836 0)
(-0.0397628 0.0664747 0)
(-0.0467588 0.059064 0)
(-0.051532 0.0494812 0)
(-0.0548553 0.0407279 0)
(-0.0575295 0.0316937 0)
(-0.0589953 0.0206489 0)
(-0.0594055 0.0118024 0)
(0.0267921 -0.0260905 0)
(0.00818672 -0.0179834 0)
(-0.000705472 -0.0249216 0)
(-0.0270118 -0.00093865 0)
(-0.0090444 0.00903415 0)
(0.00749616 0.0354581 0)
(0.0880424 0.00184495 0)
(0.0254967 -0.0791219 0)
(0.128412 0.0546047 0)
(0.181658 0.157006 0)
(0.168571 0.0960146 0)
(0.0812907 -0.00491305 0)
(0.117333 -0.0231724 0)
(0.178175 0.0195437 0)
(0.176626 0.0502192 0)
(0.129164 0.0411635 0)
(0.0376361 0.0183877 0)
(-0.024476 0.0165043 0)
(-0.068177 -0.0253803 0)
(-0.0997308 -0.0850575 0)
(-0.0765649 -0.0271822 0)
(-0.0119307 0.0587835 0)
(-0.00952141 0.0765409 0)
(-0.014021 0.0750604 0)
(-0.021138 0.0665787 0)
(-0.025544 0.0537879 0)
(-0.0277977 0.0432878 0)
(-0.0290474 0.0341527 0)
(-0.0316535 0.0245656 0)
(-0.0356155 0.0159684 0)
(0.0246139 -0.0249287 0)
(0.00569049 -0.0158657 0)
(-0.000684396 -0.0224975 0)
(-0.0231532 -0.000713225 0)
(-0.00554722 0.00636463 0)
(0.00535016 0.0257744 0)
(0.0738288 -0.00189181 0)
(0.0267301 -0.0764079 0)
(0.0426548 0.0314208 0)
(0.18927 0.145241 0)
(0.163519 0.111437 0)
(0.100153 0.00744378 0)
(0.107888 -0.0485187 0)
(0.163287 -0.00247954 0)
(0.193329 0.0572655 0)
(0.169926 0.0768144 0)
(0.110097 0.0658738 0)
(0.0558156 0.063444 0)
(0.0322766 0.0306417 0)
(-0.0296799 -0.0443091 0)
(-0.0892507 -0.0659041 0)
(-0.0350153 0.00892106 0)
(0.00539043 0.0707785 0)
(0.014927 0.0863012 0)
(0.0127266 0.0799623 0)
(0.00763477 0.0647853 0)
(0.00222996 0.0513862 0)
(-0.00214482 0.0424295 0)
(-0.00563415 0.0367683 0)
(-0.0114881 0.0295325 0)
(0.0223773 -0.0236416 0)
(0.00349983 -0.0138022 0)
(-0.000625209 -0.0203546 0)
(-0.0196749 -0.000720628 0)
(-0.00276924 0.00396885 0)
(0.00422164 0.0175673 0)
(0.0574067 -0.00501472 0)
(0.0192741 -0.0671707 0)
(-0.0178005 0.000725968 0)
(0.179133 0.123527 0)
(0.127891 0.12696 0)
(0.135891 0.0165542 0)
(0.143287 -0.0561523 0)
(0.155828 -0.023766 0)
(0.190512 0.0527384 0)
(0.189302 0.0963666 0)
(0.151487 0.0978593 0)
(0.112214 0.0840088 0)
(0.0911878 0.0588085 0)
(0.0619442 0.0298402 0)
(0.0106645 -0.0316627 0)
(-0.0107221 -0.0633007 0)
(0.0270351 0.0064892 0)
(0.0441752 0.0702046 0)
(0.0426601 0.0824956 0)
(0.036137 0.0756007 0)
(0.0283624 0.06303 0)
(0.0244088 0.0464292 0)
(0.024509 0.0420659 0)
(0.0197748 0.0597896 0)
(0.0200739 -0.0222588 0)
(0.00182403 -0.0118229 0)
(-0.000458087 -0.0184823 0)
(-0.0165353 -0.000920003 0)
(-0.000661133 0.0018449 0)
(0.00322074 0.0110037 0)
(0.043055 -0.00679031 0)
(0.0123695 -0.0553303 0)
(-0.0321066 -0.0233644 0)
(0.108484 0.10264 0)
(0.0951608 0.130528 0)
(0.158188 0.00219889 0)
(0.181742 -0.0566007 0)
(0.167197 -0.0311046 0)
(0.182604 0.0444329 0)
(0.184552 0.104726 0)
(0.159111 0.12206 0)
(0.139142 0.104715 0)
(0.122049 0.0791076 0)
(0.104572 0.0507434 0)
(0.0877498 0.0182181 0)
(0.0571485 -0.0176753 0)
(0.030919 -0.00644203 0)
(0.0357052 0.062797 0)
(0.0367806 0.0872898 0)
(0.0294939 0.0897482 0)
(0.0203024 0.0786857 0)
(0.0110863 0.0598374 0)
(0.00532538 0.0505778 0)
(0.00933586 0.0630799 0)
(0.0177332 -0.0208256 0)
(0.00068303 -0.00996261 0)
(-0.000188032 -0.0168588 0)
(-0.0137147 -0.00125998 0)
(0.000844055 3.20231e-05 0)
(0.00217709 0.00585999 0)
(0.0320181 -0.00758678 0)
(0.00661235 -0.0443026 0)
(-0.0280529 -0.0304175 0)
(0.0155345 0.0744954 0)
(0.103909 0.100209 0)
(0.162282 -0.0238035 0)
(0.185091 -0.0592146 0)
(0.164459 -0.0233919 0)
(0.160564 0.051823 0)
(0.157947 0.115301 0)
(0.149499 0.132399 0)
(0.144633 0.113526 0)
(0.130214 0.094879 0)
(0.113766 0.0700577 0)
(0.098781 0.0376913 0)
(0.0771302 0.0175009 0)
(0.051225 0.0270118 0)
(0.0402846 0.0683695 0)
(0.0375017 0.102151 0)
(0.0303424 0.1123 0)
(0.0222215 0.100153 0)
(0.0154271 0.0745867 0)
(0.0170293 0.0361923 0)
(0.0260702 0.0229115 0)
(0.0153999 -0.0193898 0)
(-2.24554e-05 -0.00824908 0)
(0.000133646 -0.0154647 0)
(-0.0112048 -0.00168827 0)
(0.00182085 -0.00151488 0)
(0.00117804 0.00183261 0)
(0.0237463 -0.00775258 0)
(0.00166905 -0.0350917 0)
(-0.0202396 -0.02502 0)
(-0.0321353 0.0382639 0)
(0.114685 0.0481143 0)
(0.139274 -0.0442193 0)
(0.151971 -0.0584294 0)
(0.129286 -0.0147642 0)
(0.121414 0.053231 0)
(0.120144 0.109564 0)
(0.120705 0.126863 0)
(0.115471 0.12053 0)
(0.104333 0.110265 0)
(0.0956693 0.0870919 0)
(0.0860815 0.0614807 0)
(0.070815 0.0497042 0)
(0.0550028 0.0582986 0)
(0.0463911 0.0797835 0)
(0.0466361 0.106755 0)
(0.0510357 0.11726 0)
(0.055365 0.109355 0)
(0.0578646 0.084269 0)
(0.0600674 0.0271504 0)
(0.0612005 -0.0159554 0)
(0.0131083 -0.0179961 0)
(-0.000414253 -0.00670406 0)
(0.000443946 -0.0142812 0)
(-0.00901852 -0.0021549 0)
(0.0023412 -0.0028061 0)
(0.000351554 -0.00125238 0)
(0.0174698 -0.00748673 0)
(-0.000971612 -0.0282621 0)
(-0.0119157 -0.0168261 0)
(-0.025389 0.00652695 0)
(0.0856079 0.00351402 0)
(0.0866575 -0.0525913 0)
(0.0817642 -0.0484818 0)
(0.0449242 0.00432611 0)
(0.0346691 0.0702352 0)
(0.0384744 0.114284 0)
(0.0478077 0.129711 0)
(0.0524401 0.126766 0)
(0.0563052 0.11437 0)
(0.0588307 0.0932423 0)
(0.0557766 0.0757802 0)
(0.0486927 0.0696099 0)
(0.0425163 0.0737418 0)
(0.0404916 0.0840295 0)
(0.0432878 0.0945036 0)
(0.0490049 0.0968874 0)
(0.0547368 0.089185 0)
(0.0583278 0.0706846 0)
(0.0555535 0.0417154 0)
(0.0451088 0.0128298 0)
(0.0108739 -0.0166857 0)
(-0.000587954 -0.00534907 0)
(0.000691414 -0.0132852 0)
(-0.00713252 -0.0026186 0)
(0.00249405 -0.00379653 0)
(-0.000280122 -0.00352563 0)
(0.0125353 -0.00704403 0)
(-0.00223171 -0.0234534 0)
(-0.00707459 -0.0124107 0)
(-0.0120098 -0.0117836 0)
(0.0347825 -0.0153058 0)
(0.0172647 -0.0410577 0)
(-0.0134212 -0.017957 0)
(-0.0564027 0.0292451 0)
(-0.0415195 0.0710226 0)
(-0.0323942 0.102638 0)
(-0.0116551 0.115101 0)
(0.00426414 0.112077 0)
(0.0187142 0.10209 0)
(0.0273733 0.0890351 0)
(0.0303553 0.0795235 0)
(0.0303588 0.0754159 0)
(0.0302238 0.0762733 0)
(0.0316612 0.0799409 0)
(0.0349367 0.0831199 0)
(0.0390307 0.0830576 0)
(0.0423271 0.0790723 0)
(0.0435183 0.0724366 0)
(0.0415624 0.0656704 0)
(0.0367925 0.0618963 0)
(0.00869597 -0.0154977 0)
(-0.00061268 -0.00419961 0)
(0.000839006 -0.0124588 0)
(-0.00551639 -0.00304758 0)
(0.00235108 -0.00454442 0)
(-0.000715324 -0.00514055 0)
(0.00853804 -0.00648344 0)
(-0.00311351 -0.0197147 0)
(-0.00627478 -0.00991341 0)
(-0.01162 -0.0161402 0)
(-0.00326527 -0.011852 0)
(-0.0275635 -0.019475 0)
(-0.0600083 0.00721692 0)
(-0.0865233 0.0275418 0)
(-0.0619575 0.0477738 0)
(-0.0548883 0.0780212 0)
(-0.0308798 0.0865927 0)
(-0.0143898 0.0872287 0)
(0.00056881 0.0828711 0)
(0.0102028 0.0768715 0)
(0.0162599 0.0722314 0)
(0.0201839 0.0699515 0)
(0.0232437 0.0701007 0)
(0.026158 0.0717611 0)
(0.0289883 0.0735979 0)
(0.0312739 0.0746866 0)
(0.0324199 0.0746607 0)
(0.0320821 0.0739397 0)
(0.0301469 0.0731561 0)
(0.0268724 0.0727347 0)
(0.00656063 -0.0144722 0)
(-0.000537443 -0.00327033 0)
(0.000858167 -0.0117877 0)
(-0.00412498 -0.00341525 0)
(0.00199772 -0.00507975 0)
(-0.000940783 -0.00616964 0)
(0.00534726 -0.00581792 0)
(-0.00344939 -0.0163484 0)
(-0.00668135 -0.00694066 0)
(-0.0129274 -0.0127561 0)
(-0.0181668 -0.00422 0)
(-0.0349362 -0.00185177 0)
(-0.0580508 0.028007 0)
(-0.0624571 0.0262764 0)
(-0.0528048 0.0330209 0)
(-0.0458603 0.0575201 0)
(-0.0285113 0.0633882 0)
(-0.0168908 0.0662881 0)
(-0.00585813 0.0651839 0)
(0.00217951 0.0630192 0)
(0.00832051 0.0613937 0)
(0.0129716 0.061139 0)
(0.0165659 0.0624275 0)
(0.0193438 0.0648629 0)
(0.0213708 0.0678815 0)
(0.0226601 0.0712878 0)
(0.0232538 0.0750451 0)
(0.0232874 0.0796794 0)
(0.0228492 0.0862913 0)
(0.0218842 0.0951643 0)
(0.0044471 -0.0136556 0)
(-0.000392232 -0.00258083 0)
(0.000726198 -0.0112546 0)
(-0.00289605 -0.00371121 0)
(0.00152055 -0.00544163 0)
(-0.000933303 -0.00673048 0)
(0.00295726 -0.00512692 0)
(-0.00318094 -0.0132973 0)
(-0.00629225 -0.0040364 0)
(-0.0114839 -0.00759332 0)
(-0.0185764 0.00265762 0)
(-0.02786 0.00878364 0)
(-0.0397856 0.0329396 0)
(-0.0311902 0.0261037 0)
(-0.0346777 0.0298345 0)
(-0.0301534 0.0446169 0)
(-0.02137 0.0489505 0)
(-0.0145775 0.0513196 0)
(-0.00780681 0.0509026 0)
(-0.00222209 0.0499235 0)
(0.00228199 0.0497162 0)
(0.00545184 0.0511959 0)
(0.0071162 0.0546385 0)
(0.00707466 0.0596703 0)
(0.00519475 0.065408 0)
(0.00151467 0.0709046 0)
(-0.00363788 0.0753211 0)
(-0.0098511 0.0789821 0)
(-0.0166244 0.0837211 0)
(-0.0233377 0.0904593 0)
(0.00236934 -0.0130999 0)
(-0.000205103 -0.00213776 0)
(0.000444425 -0.0108348 0)
(-0.00175035 -0.00389674 0)
(0.000984491 -0.00563187 0)
(-0.000680816 -0.00694306 0)
(0.00133251 -0.00454907 0)
(-0.00229795 -0.0109164 0)
(-0.00472458 -0.00196147 0)
(-0.00821206 -0.00334912 0)
(-0.0135944 0.00762335 0)
(-0.0187394 0.0139707 0)
(-0.0228915 0.0313055 0)
(-0.0156048 0.0265355 0)
(-0.0213788 0.0319518 0)
(-0.0201081 0.0404052 0)
(-0.0178447 0.0437671 0)
(-0.0154148 0.0449944 0)
(-0.0125611 0.0445206 0)
(-0.00968677 0.0444376 0)
(-0.00688398 0.0464795 0)
(-0.00435509 0.051891 0)
(-0.00231181 0.0611709 0)
(-0.000993308 0.0741044 0)
(-0.000618811 0.0898502 0)
(-0.00136566 0.107187 0)
(-0.00325843 0.124538 0)
(-0.00626611 0.14078 0)
(-0.0101402 0.154882 0)
(-0.0143599 0.165449 0)
(0.00052863 -0.0128808 0)
(-3.78153e-05 -0.00203188 0)
(0.000114937 -0.0106499 0)
(-0.000602635 -0.00412164 0)
(0.000356614 -0.00578093 0)
(-0.000266688 -0.00697138 0)
(0.00022904 -0.00409459 0)
(-0.00107271 -0.00900421 0)
(-0.00270033 1.75223e-05 0)
(-0.00428021 7.99357e-05 0)
(-0.0067266 0.0111195 0)
(-0.00892523 0.0165654 0)
(-0.00953325 0.0289972 0)
(-0.00602722 0.0273601 0)
(-0.0081551 0.0336215 0)
(-0.00720681 0.0386372 0)
(-0.00618687 0.0405756 0)
(-0.00470306 0.0399244 0)
(-0.00284627 0.0374882 0)
(-0.000623052 0.0348547 0)
(0.00203676 0.0335698 0)
(0.00518913 0.034926 0)
(0.00883687 0.0396873 0)
(0.0129148 0.0479995 0)
(0.0172883 0.0594687 0)
(0.0217761 0.0732756 0)
(0.0261908 0.0882843 0)
(0.0303357 0.103857 0)
(0.0341213 0.118322 0)
(0.0374621 0.131415 0)
(0.00595816 0.0161826 0)
(0.00436926 0.016615 0)
(0.00110068 0.0171161 0)
(-0.00481493 0.0187782 0)
(-0.00719293 0.0193192 0)
(-0.0138985 0.0190474 0)
(-0.0227529 0.0181157 0)
(-0.0171862 0.0135522 0)
(-0.0166031 0.0103717 0)
(-0.00437622 0.00811829 0)
(-0.00601175 -0.00264551 0)
(0.0276909 0.00213114 0)
(0.0103967 -0.0151278 0)
(0.0930178 -0.0226941 0)
(0.0980461 0.0217825 0)
(0.0293036 -0.000573165 0)
(0.0743003 -0.0144739 0)
(0.112793 -0.00827118 0)
(0.104585 -0.00556593 0)
(0.159107 0.00921413 0)
(0.154557 -0.021015 0)
(0.176278 -0.0169361 0)
(0.207372 0.000278933 0)
(0.239631 0.00813312 0)
(0.23922 0.0060918 0)
(0.184996 -0.0274036 0)
(0.238948 0.0567671 0)
(-0.103809 0.0494096 0)
(-0.115151 -0.0408557 0)
(0.119924 -0.0200908 0)
(-0.00781798 0.0194518 0)
(-0.0117086 0.020537 0)
(-0.0158636 0.0218678 0)
(-0.0202709 0.0251525 0)
(-0.0198371 0.022986 0)
(-0.0198627 0.0264441 0)
(-0.0183598 0.0218474 0)
(-0.00405996 0.00928174 0)
(0.00723962 0.00598888 0)
(0.0252443 0.00537233 0)
(0.0370446 -0.00952491 0)
(0.0699948 -0.00219736 0)
(0.0755748 -0.0264644 0)
(0.0985328 -0.0327893 0)
(0.0880455 0.0323678 0)
(0.0501449 0.00315177 0)
(0.0745212 -0.0171755 0)
(0.111463 -0.00869956 0)
(0.101386 -0.00701675 0)
(0.166894 0.00536471 0)
(0.155711 -0.0345482 0)
(0.142028 -0.0175938 0)
(0.165441 -0.00295748 0)
(0.216196 0.0058416 0)
(0.209284 0.00657114 0)
(0.0830429 -0.0308063 0)
(0.0992092 0.0606257 0)
(-0.0745807 0.0558782 0)
(-0.0797956 -0.042407 0)
(0.160266 -0.0320933 0)
(-0.0257031 0.0229042 0)
(-0.0298675 0.0233688 0)
(-0.0329689 0.0238926 0)
(-0.0338808 0.0236219 0)
(-0.0309747 0.0211024 0)
(-0.0250755 0.0215845 0)
(-0.0140822 0.0149442 0)
(0.00569079 0.0046867 0)
(0.0239663 0.00120301 0)
(0.048679 -0.00102815 0)
(0.069912 -0.0133223 0)
(0.101861 -0.00810636 0)
(0.117816 -0.0238448 0)
(0.106101 -0.0273676 0)
(0.0797687 0.0314889 0)
(0.0609895 0.0013229 0)
(0.0722077 -0.0252767 0)
(0.10381 -0.0134169 0)
(0.0981375 -0.010786 0)
(0.161888 0.00126336 0)
(0.132865 -0.0355392 0)
(0.106785 -0.0178755 0)
(0.112907 -0.0046322 0)
(0.152512 0.00435743 0)
(0.139459 0.0115422 0)
(-0.000824644 -0.0202377 0)
(-0.0757738 0.0626771 0)
(-0.0237602 0.0566659 0)
(-0.035467 -0.0453663 0)
(0.153492 -0.0317644 0)
(-0.0420697 0.026007 0)
(-0.0452387 0.0254533 0)
(-0.0466322 0.0242271 0)
(-0.0449615 0.0215082 0)
(-0.0397074 0.0178379 0)
(-0.0291839 0.0152233 0)
(-0.0120082 0.00671672 0)
(0.0102272 -0.0035632 0)
(0.0329678 -0.00696641 0)
(0.0629462 -0.0097397 0)
(0.0896605 -0.0205255 0)
(0.119393 -0.0151311 0)
(0.136973 -0.0228734 0)
(0.109154 -0.020022 0)
(0.0718761 0.0336565 0)
(0.0642907 0.00233122 0)
(0.0662622 -0.024213 0)
(0.0922017 -0.0148086 0)
(0.0892416 -0.0132366 0)
(0.147633 -0.000344758 0)
(0.105088 -0.0245992 0)
(0.0655386 -0.0164419 0)
(0.0532233 -0.00573808 0)
(0.0880649 0.0044608 0)
(0.0644302 0.0163854 0)
(-0.0725687 -0.0111121 0)
(-0.252086 0.0622259 0)
(0.0453613 0.0520144 0)
(0.00391935 -0.0470675 0)
(0.106443 -0.0344031 0)
(-0.0560297 0.0283671 0)
(-0.0571476 0.0265789 0)
(-0.0564287 0.0235118 0)
(-0.0529171 0.0185388 0)
(-0.0459465 0.0130311 0)
(-0.0330548 0.00691287 0)
(-0.0133319 -0.00308016 0)
(0.00948978 -0.0136012 0)
(0.0345402 -0.0174937 0)
(0.0671683 -0.0205959 0)
(0.0956573 -0.0289203 0)
(0.121732 -0.0221477 0)
(0.136352 -0.0213198 0)
(0.103328 -0.0107263 0)
(0.0630389 0.0372382 0)
(0.0608159 0.00275342 0)
(0.0553985 -0.0246983 0)
(0.0771866 -0.0169681 0)
(0.076457 -0.0158976 0)
(0.127516 -0.00120605 0)
(0.0702885 -0.0186416 0)
(0.0165004 -0.0132689 0)
(-0.0120375 -0.00615568 0)
(0.0247322 0.00456403 0)
(-0.00855167 0.0216088 0)
(-0.128815 0.00048289 0)
(-0.388534 0.0581535 0)
(0.107253 0.0412179 0)
(0.0276657 -0.046387 0)
(0.0534604 -0.035837 0)
(-0.0693038 0.0294085 0)
(-0.0688274 0.0259828 0)
(-0.0657079 0.0209143 0)
(-0.0597944 0.0140956 0)
(-0.0507752 0.00661825 0)
(-0.0368555 -0.00251035 0)
(-0.0176386 -0.0138651 0)
(0.00439002 -0.0246569 0)
(0.0298641 -0.0294238 0)
(0.0620542 -0.0326966 0)
(0.0891953 -0.0374516 0)
(0.110272 -0.0282497 0)
(0.120024 -0.0190084 0)
(0.0875408 -0.000701275 0)
(0.0518813 0.0410577 0)
(0.0503771 0.00334247 0)
(0.0394131 -0.0248002 0)
(0.0601388 -0.0194099 0)
(0.0614799 -0.018419 0)
(0.100828 -0.000887921 0)
(0.0280285 -0.0111445 0)
(-0.0404332 -0.00820454 0)
(-0.0789192 -0.00613029 0)
(-0.0322901 0.00468068 0)
(-0.0710241 0.026581 0)
(-0.163329 0.0141353 0)
(-0.448886 0.0507957 0)
(0.127383 0.0253994 0)
(0.034448 -0.0435685 0)
(0.0154963 -0.0360021 0)
(-0.077545 0.0290461 0)
(-0.075715 0.0237173 0)
(-0.0717934 0.0166636 0)
(-0.0654693 0.00821754 0)
(-0.0559536 -0.00109882 0)
(-0.0423715 -0.0123142 0)
(-0.0247511 -0.0249114 0)
(-0.00417737 -0.0361806 0)
(0.0201736 -0.0418186 0)
(0.0491577 -0.0448564 0)
(0.0724677 -0.045295 0)
(0.0873232 -0.0326282 0)
(0.0915638 -0.0159572 0)
(0.0623763 0.00892167 0)
(0.0363058 0.0443996 0)
(0.0321237 0.00449436 0)
(0.0189076 -0.0247667 0)
(0.0435226 -0.0222604 0)
(0.0451958 -0.0202652 0)
(0.0667514 0.00162293 0)
(-0.0219122 -0.000948195 0)
(-0.10281 -0.00163139 0)
(-0.139918 -0.00645415 0)
(-0.074323 0.0044032 0)
(-0.115313 0.0306514 0)
(-0.175306 0.0275076 0)
(-0.418275 0.042209 0)
(0.100298 0.00803576 0)
(0.0305176 -0.0399855 0)
(-0.00713903 -0.035208 0)
(-0.0815598 0.0278894 0)
(-0.0798431 0.0209622 0)
(-0.0763547 0.0123415 0)
(-0.0706972 0.00214746 0)
(-0.0620716 -0.0090753 0)
(-0.0498274 -0.0220258 0)
(-0.0343096 -0.0357783 0)
(-0.0158458 -0.0477567 0)
(0.0062514 -0.0540617 0)
(0.0302026 -0.0557649 0)
(0.0476455 -0.0517048 0)
(0.0561138 -0.0346298 0)
(0.0547863 -0.0123904 0)
(0.0294587 0.0171182 0)
(0.0145147 0.0471234 0)
(0.00593075 0.00632263 0)
(-0.00413917 -0.0255739 0)
(0.0296944 -0.025764 0)
(0.0272605 -0.0205423 0)
(0.0257527 0.00728527 0)
(-0.0779097 0.0122345 0)
(-0.164665 0.00550506 0)
(-0.183787 -0.0085279 0)
(-0.0925924 0.00298393 0)
(-0.13796 0.0336977 0)
(-0.17361 0.0380864 0)
(-0.312959 0.0343754 0)
(0.0562131 -0.00730788 0)
(0.0226202 -0.0368115 0)
(-0.0200129 -0.0340569 0)
(-0.0889221 0.0259747 0)
(-0.0863328 0.0179534 0)
(-0.0824715 0.00793336 0)
(-0.0770689 -0.00362952 0)
(-0.0694498 -0.0167346 0)
(-0.0589936 -0.0312056 0)
(-0.0460822 -0.0459652 0)
(-0.0309196 -0.0585704 0)
(-0.0130113 -0.0653767 0)
(0.00485245 -0.0643986 0)
(0.0161299 -0.0562273 0)
(0.0206432 -0.034967 0)
(0.0152016 -0.00803006 0)
(-0.00854378 0.0237521 0)
(-0.0144913 0.0493597 0)
(-0.0273826 0.00812043 0)
(-0.0262348 -0.0284897 0)
(0.0189622 -0.0299818 0)
(0.00599453 -0.0180707 0)
(-0.0208933 0.0167855 0)
(-0.136329 0.027802 0)
(-0.216586 0.0113391 0)
(-0.198249 -0.0141403 0)
(-0.0845199 9.97806e-05 0)
(-0.140668 0.0365158 0)
(-0.169995 0.0436564 0)
(-0.175988 0.0273228 0)
(0.0252683 -0.017927 0)
(0.0144387 -0.0343947 0)
(-0.0270088 -0.0328127 0)
(-0.0960144 0.022666 0)
(-0.092991 0.0140589 0)
(-0.0891737 0.00319739 0)
(-0.0841515 -0.00942298 0)
(-0.077542 -0.0238399 0)
(-0.0693121 -0.0392706 0)
(-0.0598032 -0.0545456 0)
(-0.0495034 -0.0671623 0)
(-0.0389051 -0.0738731 0)
(-0.0281702 -0.0705797 0)
(-0.0216263 -0.0587472 0)
(-0.0216121 -0.0338921 0)
(-0.0303636 -0.00264426 0)
(-0.0511291 0.0295422 0)
(-0.0507225 0.0510727 0)
(-0.0641631 0.00804086 0)
(-0.0424013 -0.0349092 0)
(0.00734368 -0.0341668 0)
(-0.0202716 -0.0115238 0)
(-0.0710123 0.0301271 0)
(-0.191375 0.0443808 0)
(-0.247204 0.0130861 0)
(-0.177431 -0.0248234 0)
(-0.0606375 -0.00336152 0)
(-0.127831 0.0402469 0)
(-0.164082 0.0434722 0)
(-0.0593988 0.0196967 0)
(0.0123543 -0.0231466 0)
(0.00713934 -0.0324007 0)
(-0.0309435 -0.0315993 0)
(-0.101168 0.0186506 0)
(-0.0981234 0.00963134 0)
(-0.0944448 -0.00164007 0)
(-0.0901403 -0.014902 0)
(-0.0852212 -0.0297426 0)
(-0.0798627 -0.0453095 0)
(-0.0744855 -0.0603363 0)
(-0.0699536 -0.0720637 0)
(-0.0670639 -0.0777967 0)
(-0.063713 -0.0743733 0)
(-0.0624711 -0.0587568 0)
(-0.067641 -0.0306472 0)
(-0.0794186 0.00320439 0)
(-0.0962947 0.0349673 0)
(-0.092127 0.0514945 0)
(-0.097987 0.0037835 0)
(-0.050415 -0.0456285 0)
(-0.012075 -0.0365941 0)
(-0.0516156 -0.000338209 0)
(-0.120824 0.0463764 0)
(-0.235624 0.059626 0)
(-0.246089 0.0079104 0)
(-0.132119 -0.0401179 0)
(-0.0423169 -0.00614736 0)
(-0.105141 0.0450316 0)
(-0.142002 0.0392519 0)
(0.00555648 0.0113821 0)
(0.00777952 -0.0245604 0)
(0.000976379 -0.0304775 0)
(-0.0330649 -0.0304598 0)
(-0.102431 0.01459 0)
(-0.0998307 0.00529092 0)
(-0.096995 -0.00600318 0)
(-0.0941028 -0.0190904 0)
(-0.0913889 -0.0335492 0)
(-0.0891972 -0.0484903 0)
(-0.0880216 -0.0625835 0)
(-0.0882784 -0.0731072 0)
(-0.0902417 -0.0776141 0)
(-0.0950824 -0.0739466 0)
(-0.102452 -0.0553941 0)
(-0.112517 -0.0250915 0)
(-0.126983 0.00979009 0)
(-0.140618 0.0398921 0)
(-0.132581 0.0490507 0)
(-0.120267 -0.00710386 0)
(-0.0555902 -0.0587676 0)
(-0.0432286 -0.0350901 0)
(-0.0858374 0.0147096 0)
(-0.165134 0.063882 0)
(-0.26172 0.070368 0)
(-0.206386 -0.00564414 0)
(-0.0910312 -0.0556743 0)
(-0.0435125 -0.00747593 0)
(-0.0810313 0.0492711 0)
(-0.0982474 0.0339224 0)
(0.0256598 0.00435734 0)
(0.00485141 -0.023972 0)
(-0.00395446 -0.0285249 0)
(-0.0339043 -0.0294122 0)
(-0.0995306 0.0111385 0)
(-0.0978229 0.00205749 0)
(-0.0963028 -0.0087685 0)
(-0.0952321 -0.0211005 0)
(-0.095041 -0.0344811 0)
(-0.0962398 -0.0481599 0)
(-0.099304 -0.0608304 0)
(-0.104438 -0.0701849 0)
(-0.111864 -0.0734897 0)
(-0.123796 -0.0673372 0)
(-0.138662 -0.048249 0)
(-0.153462 -0.0172508 0)
(-0.168786 0.0174838 0)
(-0.177968 0.0430472 0)
(-0.162457 0.0410262 0)
(-0.126567 -0.0249142 0)
(-0.0683128 -0.069431 0)
(-0.0809753 -0.0287921 0)
(-0.118177 0.0317667 0)
(-0.198453 0.0804106 0)
(-0.265171 0.0730594 0)
(-0.129071 -0.0255422 0)
(-0.0771391 -0.0648861 0)
(-0.0562627 -0.00772654 0)
(-0.0633717 0.0503678 0)
(-0.0474496 0.0289335 0)
(0.0260012 0.000132682 0)
(0.00239675 -0.0226697 0)
(-0.00754741 -0.0265361 0)
(-0.0337354 -0.0284635 0)
(-0.0930642 0.00898489 0)
(-0.0923383 0.000631029 0)
(-0.0921218 -0.00934124 0)
(-0.0927731 -0.0203627 0)
(-0.0949225 -0.0319587 0)
(-0.0992142 -0.0436893 0)
(-0.106198 -0.0543861 0)
(-0.116374 -0.0620627 0)
(-0.130286 -0.063965 0)
(-0.14771 -0.0559138 0)
(-0.167504 -0.0371884 0)
(-0.185898 -0.00794144 0)
(-0.198642 0.0244205 0)
(-0.199925 0.0419332 0)
(-0.173762 0.0255631 0)
(-0.121831 -0.0453375 0)
(-0.0901146 -0.0736068 0)
(-0.11435 -0.0194488 0)
(-0.143239 0.0487117 0)
(-0.217211 0.0938134 0)
(-0.248457 0.0648661 0)
(-0.0352538 -0.0466942 0)
(-0.0814696 -0.064386 0)
(-0.0641221 -0.008641 0)
(-0.0540655 0.0469053 0)
(-0.00911536 0.0240627 0)
(0.0223803 -0.00131902 0)
(0.000601482 -0.0212027 0)
(-0.00973666 -0.0244867 0)
(-0.0327778 -0.027607 0)
(-0.0840315 0.00790347 0)
(-0.0837523 0.000580487 0)
(-0.0842921 -0.00784468 0)
(-0.0861821 -0.016946 0)
(-0.0899596 -0.0261763 0)
(-0.0962907 -0.0353326 0)
(-0.105773 -0.0435534 0)
(-0.118926 -0.0490649 0)
(-0.136192 -0.0494212 0)
(-0.156951 -0.0411455 0)
(-0.179248 -0.0232907 0)
(-0.198732 0.00158792 0)
(-0.208262 0.0275417 0)
(-0.200786 0.034664 0)
(-0.165911 0.00502912 0)
(-0.114864 -0.0618972 0)
(-0.110025 -0.0717422 0)
(-0.135164 -0.00997598 0)
(-0.157066 0.0637546 0)
(-0.221187 0.102704 0)
(-0.222065 0.0438482 0)
(0.0282434 -0.0667833 0)
(-0.0834502 -0.0563164 0)
(-0.0622157 -0.0108772 0)
(-0.0496577 0.0402322 0)
(0.00934678 0.0191166 0)
(0.0186127 -0.000928832 0)
(-0.00050961 -0.0197559 0)
(-0.0105602 -0.022383 0)
(-0.0312607 -0.026819 0)
(-0.0732356 0.00745492 0)
(-0.0730507 0.00133464 0)
(-0.0737905 -0.00506997 0)
(-0.0759992 -0.011889 0)
(-0.0800938 -0.0185199 0)
(-0.0866734 -0.0247491 0)
(-0.0964905 -0.0300837 0)
(-0.11015 -0.0332671 0)
(-0.127708 -0.0323096 0)
(-0.148145 -0.0245845 0)
(-0.169048 -0.0090107 0)
(-0.186685 0.0104427 0)
(-0.193837 0.0265138 0)
(-0.181415 0.0227314 0)
(-0.144836 -0.0156386 0)
(-0.107788 -0.0713775 0)
(-0.11871 -0.0665169 0)
(-0.141708 -0.00190324 0)
(-0.15756 0.0758659 0)
(-0.211205 0.10725 0)
(-0.192098 0.0129514 0)
(0.0247597 -0.0870591 0)
(-0.0830538 -0.0462393 0)
(-0.0555365 -0.0138226 0)
(-0.0462153 0.0328497 0)
(0.0129341 0.0142552 0)
(0.0149842 0.000120674 0)
(-0.0010208 -0.0183955 0)
(-0.0101855 -0.0202505 0)
(-0.0294125 -0.0260604 0)
(-0.0595064 0.00559434 0)
(-0.0599544 0.000703972 0)
(-0.0612584 -0.00362705 0)
(-0.0633487 -0.00793281 0)
(-0.0664819 -0.0116429 0)
(-0.0716408 -0.0145833 0)
(-0.0796587 -0.0165626 0)
(-0.091255 -0.0170689 0)
(-0.10655 -0.0148613 0)
(-0.124227 -0.00805425 0)
(-0.141444 0.0040423 0)
(-0.154785 0.0174555 0)
(-0.158891 0.0235319 0)
(-0.146284 0.0100356 0)
(-0.115969 -0.0317658 0)
(-0.0962441 -0.0741025 0)
(-0.115083 -0.0595253 0)
(-0.135502 0.00549483 0)
(-0.144756 0.0842372 0)
(-0.187231 0.10912 0)
(-0.151429 -0.0151717 0)
(-0.0201306 -0.103296 0)
(-0.0838072 -0.0393489 0)
(-0.0484383 -0.0172358 0)
(-0.0423205 0.0260348 0)
(0.00978927 0.00963662 0)
(0.0116415 0.00115645 0)
(-0.00107366 -0.0171809 0)
(-0.00891096 -0.0181062 0)
(-0.0274221 -0.0252829 0)
(-0.0393474 0.0102409 0)
(-0.0423789 0.00617475 0)
(-0.0446858 0.00339128 0)
(-0.0464287 -0.00136784 0)
(-0.0486889 -0.00417446 0)
(-0.0525722 -0.00551651 0)
(-0.0582876 -0.00520753 0)
(-0.0662219 -0.00325552 0)
(-0.0767101 0.000334192 0)
(-0.0891299 0.00617578 0)
(-0.10104 0.0144616 0)
(-0.10925 0.0219865 0)
(-0.110405 0.0205043 0)
(-0.100818 0.000283771 0)
(-0.0819846 -0.0401902 0)
(-0.0782039 -0.0710619 0)
(-0.101693 -0.0513832 0)
(-0.118444 0.0116584 0)
(-0.117021 0.0878894 0)
(-0.1463 0.109322 0)
(-0.0917976 -0.0319551 0)
(-0.045608 -0.109536 0)
(-0.0785447 -0.037781 0)
(-0.0422648 -0.0210483 0)
(-0.0381031 0.0199552 0)
(0.00519939 0.00533658 0)
(0.0087239 0.00189487 0)
(-0.000861072 -0.0161608 0)
(-0.00713581 -0.0159629 0)
(-0.0253994 -0.0244409 0)
(-0.0205002 0.0264053 0)
(-0.0271875 0.0138677 0)
(-0.0291708 0.0032907 0)
(-0.030393 -0.00447261 0)
(-0.0321571 -0.00401394 0)
(-0.0344029 -0.00221789 0)
(-0.037369 0.000643619 0)
(-0.0415918 0.00495028 0)
(-0.0471537 0.0101226 0)
(-0.0537095 0.0155692 0)
(-0.0597184 0.0207967 0)
(-0.0626357 0.023573 0)
(-0.0605581 0.0176873 0)
(-0.0539907 -0.00449005 0)
(-0.0473093 -0.0403166 0)
(-0.0567842 -0.0627463 0)
(-0.0830526 -0.0424865 0)
(-0.0959319 0.0142586 0)
(-0.0787537 0.0849607 0)
(-0.0880609 0.107902 0)
(-0.0207955 -0.0391448 0)
(-0.0372568 -0.106315 0)
(-0.066628 -0.0390375 0)
(-0.0368364 -0.0245786 0)
(-0.0338043 0.0145035 0)
(0.00121573 0.00142108 0)
(0.00624935 0.00226115 0)
(-0.000586694 -0.0153606 0)
(-0.00528215 -0.0138347 0)
(-0.0233656 -0.023507 0)
(0.0100072 0.0607537 0)
(0.00828772 0.0141962 0)
(0.0112851 0.0104779 0)
(0.0078708 0.00686709 0)
(0.00146667 0.00600362 0)
(-0.00467593 0.00379332 0)
(-0.0104244 0.00634062 0)
(-0.016542 0.0104706 0)
(-0.0217793 0.0153111 0)
(-0.0256565 0.0199372 0)
(-0.0279149 0.0229667 0)
(-0.0276985 0.0223121 0)
(-0.0243942 0.0140853 0)
(-0.0203226 -0.00651996 0)
(-0.0218502 -0.0352929 0)
(-0.0386695 -0.0507857 0)
(-0.0643392 -0.0331123 0)
(-0.0744982 0.013185 0)
(-0.0471696 0.0736224 0)
(-0.0307357 0.0982223 0)
(0.0345732 -0.0427258 0)
(-0.0206053 -0.0954548 0)
(-0.0508985 -0.0385681 0)
(-0.0318232 -0.0271608 0)
(-0.029462 0.00964219 0)
(-0.00174059 -0.00215894 0)
(0.00416535 0.00229534 0)
(-0.000412549 -0.0147779 0)
(-0.0036908 -0.0117432 0)
(-0.0212884 -0.0224824 0)
(0.0178838 0.05597 0)
(0.0226801 0.00963238 0)
(0.0228596 0.0100007 0)
(0.0240034 0.0145991 0)
(0.0234537 0.0179182 0)
(0.0190859 0.0171178 0)
(0.0110696 0.0192624 0)
(0.00280425 0.020947 0)
(-0.00371005 0.0219645 0)
(-0.00763442 0.0230716 0)
(-0.00899237 0.0232656 0)
(-0.00806153 0.0203243 0)
(-0.00546083 0.0114698 0)
(-0.00392967 -0.00564017 0)
(-0.00950251 -0.0269306 0)
(-0.0270742 -0.0373014 0)
(-0.0484314 -0.0240555 0)
(-0.056068 0.0101639 0)
(-0.0303309 0.0567202 0)
(0.00463241 0.0783477 0)
(0.0580522 -0.0422594 0)
(-0.00914078 -0.0808342 0)
(-0.0357892 -0.0359268 0)
(-0.0270009 -0.0284141 0)
(-0.0251512 0.00536708 0)
(-0.00375332 -0.00540743 0)
(0.00244585 0.00205367 0)
(-0.000417474 -0.0143865 0)
(-0.00253488 -0.00971927 0)
(-0.0191419 -0.021395 0)
(0.0342242 0.029494 0)
(0.0377156 0.00289237 0)
(0.0367439 0.00267259 0)
(0.0338879 0.00388324 0)
(0.0302413 0.0168897 0)
(0.0238765 0.0277435 0)
(0.0156204 0.0333406 0)
(0.00765333 0.0331154 0)
(0.0015909 0.0298054 0)
(-0.0019779 0.0264364 0)
(-0.00311357 0.0232419 0)
(-0.00236642 0.0184694 0)
(-0.000850721 0.0100111 0)
(-0.00102101 -0.00321575 0)
(-0.0070962 -0.0181081 0)
(-0.0210007 -0.0250652 0)
(-0.0364218 -0.0162446 0)
(-0.0411092 0.00707465 0)
(-0.0224785 0.0389119 0)
(0.0192066 0.0545121 0)
(0.0579961 -0.0373192 0)
(-0.00323232 -0.0658622 0)
(-0.0237933 -0.0323268 0)
(-0.0224177 -0.0284527 0)
(-0.0210038 0.00170841 0)
(-0.00498373 -0.00816799 0)
(0.00108001 0.00156531 0)
(-0.00058752 -0.014146 0)
(-0.00180795 -0.00779898 0)
(-0.0169425 -0.0202859 0)
(0.0632529 0.0100953 0)
(0.0611316 0.00886466 0)
(0.0514647 0.0261033 0)
(0.0394623 0.0335359 0)
(0.0274436 0.0462405 0)
(0.0178193 0.0526139 0)
(0.0103249 0.0522701 0)
(0.00462962 0.0463365 0)
(0.00029556 0.0380414 0)
(-0.0028196 0.030493 0)
(-0.00450875 0.0242464 0)
(-0.00485236 0.0179021 0)
(-0.00462541 0.00990242 0)
(-0.00556701 -0.000225988 0)
(-0.0101579 -0.0105228 0)
(-0.0191081 -0.0155404 0)
(-0.0284961 -0.0107494 0)
(-0.0300355 0.00394675 0)
(-0.0176822 0.0230839 0)
(0.0203866 0.0337137 0)
(0.0468187 -0.0310141 0)
(-0.000775515 -0.0522458 0)
(-0.0153726 -0.0286064 0)
(-0.0182368 -0.0276498 0)
(-0.017151 -0.00130967 0)
(-0.00559796 -0.010393 0)
(5.94181e-05 0.000915217 0)
(-0.000844182 -0.0140481 0)
(-0.00139926 -0.00601744 0)
(-0.014735 -0.0191963 0)
(0.0349955 0.0322445 0)
(0.0281571 0.0485294 0)
(0.0225241 0.0568758 0)
(0.0175865 0.0593924 0)
(0.0125449 0.0604745 0)
(0.00736289 0.0598149 0)
(0.00207167 0.0554912 0)
(-0.00272355 0.0481193 0)
(-0.00687633 0.0396929 0)
(-0.010087 0.0319291 0)
(-0.0120115 0.024878 0)
(-0.0126782 0.0178361 0)
(-0.012631 0.0102114 0)
(-0.0131229 0.00200076 0)
(-0.0154197 -0.00567971 0)
(-0.0195984 -0.00983211 0)
(-0.0237755 -0.00804825 0)
(-0.0227243 0.000418963 0)
(-0.0139933 0.0104846 0)
(0.0144335 0.0173847 0)
(0.0329012 -0.0249827 0)
(-0.00019397 -0.0414187 0)
(-0.00994231 -0.0252454 0)
(-0.0145647 -0.0263886 0)
(-0.0136904 -0.00376158 0)
(-0.00572035 -0.0121341 0)
(-0.000635843 0.000209153 0)
(-0.0011081 -0.0140863 0)
(-0.00118146 -0.00440639 0)
(-0.0125594 -0.0181606 0)
(0.0316806 0.0624266 0)
(0.0277284 0.0649065 0)
(0.0243996 0.0687645 0)
(0.0206531 0.0744803 0)
(0.0150225 0.0825472 0)
(0.0073895 0.0861632 0)
(0.000155429 0.0813026 0)
(-0.00623101 0.0697436 0)
(-0.011734 0.0555488 0)
(-0.0163783 0.041843 0)
(-0.0199151 0.030002 0)
(-0.0216551 0.0198912 0)
(-0.0216547 0.0109463 0)
(-0.0211141 0.00296726 0)
(-0.0209563 -0.00384397 0)
(-0.0212132 -0.00772102 0)
(-0.0214698 -0.00785339 0)
(-0.0185377 -0.00356633 0)
(-0.0114693 0.00118239 0)
(0.00721288 0.00505018 0)
(0.0207835 -0.0208799 0)
(-0.000403737 -0.0337043 0)
(-0.0065726 -0.022447 0)
(-0.0114124 -0.0249636 0)
(-0.0106657 -0.0057132 0)
(-0.0054496 -0.0134537 0)
(-0.00103515 -0.000511867 0)
(-0.00131184 -0.0142092 0)
(-0.00105842 -0.00299379 0)
(-0.0104366 -0.017206 0)
(0.0225455 0.0726666 0)
(0.0168193 0.0731316 0)
(0.00899801 0.077494 0)
(-0.00132874 0.0862307 0)
(-0.0128876 0.0947773 0)
(-0.0224499 0.0896389 0)
(-0.0284416 0.0789642 0)
(-0.0323472 0.0658326 0)
(-0.0351755 0.0532183 0)
(-0.0373611 0.0421545 0)
(-0.0381743 0.0312153 0)
(-0.0369879 0.0197786 0)
(-0.0342208 0.00967199 0)
(-0.0306788 0.00137339 0)
(-0.0271312 -0.00547341 0)
(-0.0237723 -0.00902184 0)
(-0.0208481 -0.00995362 0)
(-0.0164508 -0.00801722 0)
(-0.00997389 -0.00575922 0)
(0.00177068 -0.0040733 0)
(0.0117743 -0.0187647 0)
(-0.000884412 -0.028584 0)
(-0.00448557 -0.0202816 0)
(-0.00872973 -0.0235809 0)
(-0.00806933 -0.00723096 0)
(-0.00486989 -0.0144118 0)
(-0.00117971 -0.001211 0)
(-0.00140328 -0.0143557 0)
(-0.000963294 -0.00180463 0)
(-0.00836827 -0.0163553 0)
(0.0200413 0.108252 0)
(0.0163281 0.125978 0)
(0.0105472 0.140237 0)
(0.00562702 0.14961 0)
(0.00225753 0.151164 0)
(-0.00165338 0.134603 0)
(-0.00841745 0.113065 0)
(-0.0191426 0.0907618 0)
(-0.0328821 0.0701263 0)
(-0.0447922 0.050301 0)
(-0.0508714 0.0297779 0)
(-0.0515888 0.0127713 0)
(-0.0482124 0.000804756 0)
(-0.0412222 -0.00690414 0)
(-0.0333737 -0.0121352 0)
(-0.0265582 -0.0139048 0)
(-0.0208169 -0.0143163 0)
(-0.0152947 -0.0130752 0)
(-0.00913731 -0.0115038 0)
(-0.00154548 -0.0108314 0)
(0.00580626 -0.0181763 0)
(-0.00127451 -0.0254057 0)
(-0.0031236 -0.0187507 0)
(-0.00643381 -0.0223723 0)
(-0.00585971 -0.00838119 0)
(-0.00405463 -0.0150745 0)
(-0.00111708 -0.00186069 0)
(-0.00133987 -0.014477 0)
(-0.000853591 -0.000862004 0)
(-0.00634131 -0.015631 0)
(-0.0294093 0.100899 0)
(-0.034262 0.111741 0)
(-0.0376887 0.10977 0)
(-0.0397569 0.113442 0)
(-0.0418584 0.119812 0)
(-0.0459782 0.125788 0)
(-0.0528804 0.133463 0)
(-0.0625866 0.134595 0)
(-0.0724269 0.119222 0)
(-0.0771354 0.0854645 0)
(-0.0763764 0.0522841 0)
(-0.072406 0.0237981 0)
(-0.0627908 -0.00228784 0)
(-0.0487224 -0.0168809 0)
(-0.0370438 -0.0213668 0)
(-0.027617 -0.0216536 0)
(-0.0200902 -0.0207443 0)
(-0.0139384 -0.0186972 0)
(-0.00817302 -0.0166163 0)
(-0.00302445 -0.015707 0)
(0.00221301 -0.01852 0)
(-0.0013741 -0.0235713 0)
(-0.00213064 -0.0177994 0)
(-0.00442831 -0.0214086 0)
(-0.00397747 -0.00921284 0)
(-0.00306706 -0.0155007 0)
(-0.000903195 -0.00243363 0)
(-0.00108696 -0.0145434 0)
(-0.000706908 -0.000195415 0)
(-0.00433463 -0.0150618 0)
(-0.0185087 0.172864 0)
(-0.02174 0.174967 0)
(-0.0273361 0.181351 0)
(-0.037909 0.186413 0)
(-0.0514934 0.180096 0)
(-0.0650857 0.164739 0)
(-0.0774954 0.147633 0)
(-0.086219 0.121563 0)
(-0.0907035 0.083065 0)
(-0.0948225 0.0373847 0)
(-0.102153 0.00574814 0)
(-0.102595 -0.0190889 0)
(-0.0838466 -0.0468967 0)
(-0.0613059 -0.0535841 0)
(-0.0428238 -0.0449362 0)
(-0.0273186 -0.0372354 0)
(-0.0177127 -0.0305518 0)
(-0.0110666 -0.0251349 0)
(-0.00618096 -0.0211925 0)
(-0.00280293 -0.0192611 0)
(0.000466286 -0.0192328 0)
(-0.00104241 -0.0226333 0)
(-0.00128544 -0.0173075 0)
(-0.00259197 -0.0207128 0)
(-0.00233999 -0.0097457 0)
(-0.0019424 -0.0157346 0)
(-0.000601031 -0.00283767 0)
(-0.000653068 -0.0145365 0)
(-0.000502225 0.000231753 0)
(-0.00235331 -0.014684 0)
(0.0400723 0.14465 0)
(0.0420006 0.154668 0)
(0.0424821 0.179788 0)
(0.0420879 0.202498 0)
(0.0393398 0.215734 0)
(0.034858 0.212843 0)
(0.0289406 0.197504 0)
(0.022891 0.177646 0)
(0.0154717 0.150237 0)
(0.00216559 0.125043 0)
(-0.01903 0.0868965 0)
(-0.0371378 0.0096337 0)
(-0.027253 -0.0766148 0)
(-0.0194235 -0.0816978 0)
(-0.0135055 -0.0650087 0)
(-0.00813183 -0.0491248 0)
(-0.00529888 -0.0371343 0)
(-0.00339132 -0.0290977 0)
(-0.00200778 -0.0237717 0)
(-0.00104359 -0.0211217 0)
(-1.16377e-06 -0.019637 0)
(-0.000363203 -0.0221044 0)
(-0.00043173 -0.0170415 0)
(-0.000799605 -0.0202469 0)
(-0.000803166 -0.0100816 0)
(-0.000647161 -0.0158753 0)
(-0.00023009 -0.00320397 0)
(-0.00016444 -0.0146046 0)
(-0.000209398 0.000349367 0)
(-0.000569811 -0.0145577 0)
)
;

boundaryField
{
    leftWall
    {
        type            fixedValue;
        value           uniform (0 0 0);
    }
    rightWall
    {
        type            fixedValue;
        value           uniform (0 0 0);
    }
    lowerWall
    {
        type            fixedValue;
        value           uniform (0 0 0);
    }
    atmosphere
    {
        type            pressureInletOutletVelocity;
        value           nonuniform List<vector> 
120
(
(-0.120707 -0.0218443 0)
(-0.157328 -0.0343544 0)
(-0.148002 -0.0337426 0)
(-0.100711 -0.0364149 0)
(-0.0477465 -0.0379277 0)
(-0.0102235 -0.0381754 0)
(0.0118871 0 0)
(0.0242355 0 0)
(0.0307382 0 0)
(0.0342401 0 0)
(0.0359708 0 0)
(0.036456 0 0)
(0.0359763 0 0)
(0.0347637 0 0)
(0.0330501 0 0)
(0.0310538 0 0)
(0.0289403 0 0)
(0.0267921 0 0)
(0.0246139 0 0)
(0.0223773 0 0)
(0.0200739 0 0)
(0.0177332 0 0)
(0.0153999 0 0)
(0.0131083 0 0)
(0.0108739 0 0)
(0.00869597 0 0)
(0.00656063 0 0)
(0.0044471 0 0)
(0.00236934 0 0)
(0.00052863 0 0)
(0 -0.0128808 0)
(0 -0.00203188 0)
(0 -0.0106499 0)
(0 -0.00412164 0)
(0 -0.00578093 0)
(0 -0.00697138 0)
(0 -0.00409459 0)
(0 -0.00900421 0)
(-0.00270033 1.75223e-05 0)
(-0.00428021 7.99357e-05 0)
(-0.0067266 0.0111195 0)
(-0.00892523 0.0165654 0)
(-0.00953325 0.0289972 0)
(-0.00602722 0.0273601 0)
(-0.0081551 0.0336215 0)
(-0.00720681 0.0386372 0)
(-0.00618687 0.0405756 0)
(-0.00470306 0.0399244 0)
(-0.00284627 0.0374882 0)
(-0.000623052 0.0348547 0)
(0.00203676 0.0335698 0)
(0.00518913 0.034926 0)
(0.00883687 0.0396873 0)
(0.0129148 0.0479995 0)
(0.0172883 0.0594687 0)
(0.0217761 0.0732756 0)
(0.0261908 0.0882843 0)
(0.0303357 0.103857 0)
(0.0341213 0.118322 0)
(0.0374621 0.131415 0)
(0.0400723 0.14465 0)
(0.0420006 0.154668 0)
(0.0424821 0.179788 0)
(0.0420879 0.202498 0)
(0.0393398 0.215734 0)
(0.034858 0.212843 0)
(0.0289406 0.197504 0)
(0.022891 0.177646 0)
(0.0154717 0.150237 0)
(0.00216559 0.125043 0)
(-0.01903 0.0868965 0)
(-0.0371378 0.0096337 0)
(0 -0.0766148 0)
(0 -0.0816978 0)
(0 -0.0650087 0)
(0 -0.0491248 0)
(0 -0.0371343 0)
(0 -0.0290977 0)
(0 -0.0237717 0)
(0 -0.0211217 0)
(0 -0.019637 0)
(0 -0.0221044 0)
(0 -0.0170415 0)
(0 -0.0202469 0)
(0 -0.0100816 0)
(0 -0.0158753 0)
(0 -0.00320397 0)
(0 -0.0146046 0)
(-0.000209398 0.000349367 0)
(0 -0.0145577 0)
(0.119924 -0.0200908 0)
(0.160266 -0.0320933 0)
(0.153492 -0.0317644 0)
(0.106443 -0.0344031 0)
(0.0534604 -0.035837 0)
(0.0154963 -0.0360021 0)
(-0.00713903 0 0)
(-0.0200129 0 0)
(-0.0270088 0 0)
(-0.0309435 0 0)
(-0.0330649 0 0)
(-0.0339043 0 0)
(-0.0337354 0 0)
(-0.0327778 0 0)
(-0.0312607 0 0)
(-0.0294125 0 0)
(-0.0274221 0 0)
(-0.0253994 0 0)
(-0.0233656 0 0)
(-0.0212884 0 0)
(-0.0191419 0 0)
(-0.0169425 0 0)
(-0.014735 0 0)
(-0.0125594 0 0)
(-0.0104366 0 0)
(-0.00836827 0 0)
(-0.00634131 0 0)
(-0.00433463 0 0)
(-0.00235331 0 0)
(-0.000569811 0 0)
)
;
    }
    defaultFaces
    {
        type            empty;
    }
}


// ************************************************************************* //
