/*--------------------------------*- C++ -*----------------------------------*\
| =========                 |                                                 |
| \\      /  F ield         | OpenFOAM: The Open Source CFD Toolbox           |
|  \\    /   O peration     | Version:  2.4.0                                 |
|   \\  /    A nd           | Web:      www.OpenFOAM.org                      |
|    \\/     M anipulation  |                                                 |
\*---------------------------------------------------------------------------*/
FoamFile
{
    version     2.0;
    format      ascii;
    class       volVectorField;
    location    "0.084";
    object      U;
}
// * * * * * * * * * * * * * * * * * * * * * * * * * * * * * * * * * * * * * //

dimensions      [0 1 -1 0 0 0 0];

internalField   nonuniform List<vector> 
3600
(
(-0.00391615 0.000204517 0)
(-0.0103755 0.000118745 0)
(-0.0135758 2.14893e-05 0)
(-0.0141689 -5.69377e-05 0)
(-0.0127696 -0.000152641 0)
(-0.00888813 -0.000266292 0)
(-0.00268335 -0.000383548 0)
(0.00556754 -0.000489966 0)
(0.0154653 -0.000586973 0)
(0.0260468 -0.000608768 0)
(0.0374095 -0.00063307 0)
(0.0443551 -0.000507586 0)
(0.0596072 -0.000632228 0)
(0.0545768 0.000321654 0)
(0.0683302 -0.000642726 0)
(0.0659756 0.00293912 0)
(0.039919 0.000558535 0)
(0.0532027 0.00498753 0)
(0.0156894 0.00608613 0)
(-0.00889077 0.00272848 0)
(-0.0613754 0.00695242 0)
(-0.107508 0.00409336 0)
(-0.0925302 -0.000931415 0)
(-0.0689959 -0.0166635 0)
(-0.00645409 -0.0232451 0)
(0.0324476 -0.0196457 0)
(0.0615883 -0.0047345 0)
(0.0585009 0.0129858 0)
(0.0365389 0.0190856 0)
(0.0186282 0.0189873 0)
(-0.00523583 0.00080076 0)
(-0.0141855 0.000590477 0)
(-0.0194042 0.000261962 0)
(-0.021593 -1.3597e-05 0)
(-0.0213203 -0.000388686 0)
(-0.0178013 -0.000873408 0)
(-0.0110302 -0.00142647 0)
(-0.00117017 -0.0020015 0)
(0.0113019 -0.00257453 0)
(0.0252356 -0.00292242 0)
(0.0405266 -0.00312747 0)
(0.050715 -0.00311603 0)
(0.0717694 -0.00325311 0)
(0.0662176 -0.000356621 0)
(0.0889898 -0.00529527 0)
(0.0870478 0.00844102 0)
(0.0646561 0.00254318 0)
(0.07766 0.00380869 0)
(0.0595979 0.0212944 0)
(0.0168589 0.0305908 0)
(-0.0641913 0.0372412 0)
(-0.113642 0.0209438 0)
(-0.10497 -0.0208694 0)
(-0.0635697 -0.0585823 0)
(-0.0390129 -0.0612983 0)
(-0.00223806 -0.0461804 0)
(0.015663 -0.0123177 0)
(0.0260768 0.0144199 0)
(0.0196653 0.0233118 0)
(0.0165026 0.0405023 0)
(-0.00544382 0.00149197 0)
(-0.0148096 0.00112122 0)
(-0.0204243 0.000568178 0)
(-0.0230173 0.000106397 0)
(-0.023129 -0.000552039 0)
(-0.0199092 -0.00141746 0)
(-0.0133109 -0.00242528 0)
(-0.0034749 -0.00349621 0)
(0.00911856 -0.00457066 0)
(0.0232625 -0.00526388 0)
(0.0387529 -0.00563165 0)
(0.0491669 -0.00579703 0)
(0.0707971 -0.00568541 0)
(0.0631351 -0.00170614 0)
(0.0950671 -0.00938459 0)
(0.0772368 0.0129992 0)
(0.0856536 0.00300263 0)
(0.0732183 0.00669797 0)
(0.0743354 0.0319279 0)
(0.0305054 0.0584607 0)
(-0.0247164 0.0688225 0)
(-0.0770043 0.0310082 0)
(-0.0680018 -0.0318489 0)
(-0.0427581 -0.0724992 0)
(-0.0388777 -0.0761061 0)
(-0.0136289 -0.0647362 0)
(-0.00585656 -0.0273627 0)
(0.0146481 0.012292 0)
(0.00788682 0.0316797 0)
(0.0133696 0.0666767 0)
(-0.0054872 0.00218708 0)
(-0.0149373 0.00166337 0)
(-0.0206239 0.000883532 0)
(-0.0233029 0.000232865 0)
(-0.0235189 -0.00071093 0)
(-0.0203914 -0.00196333 0)
(-0.0138542 -0.00343647 0)
(-0.00403616 -0.00501626 0)
(0.00861222 -0.00660465 0)
(0.0228607 -0.00764983 0)
(0.0384378 -0.00818111 0)
(0.048922 -0.00861459 0)
(0.0715025 -0.00778788 0)
(0.0594223 -0.00424403 0)
(0.1054 -0.0114263 0)
(0.0591154 0.0146137 0)
(0.10876 0.00323369 0)
(0.0664373 0.00761375 0)
(0.0801255 0.0435784 0)
(0.0423126 0.0697556 0)
(-0.00295995 0.0804566 0)
(-0.0248815 0.0555604 0)
(-0.0206283 -0.0322037 0)
(-0.0214067 -0.0766375 0)
(-0.0229684 -0.0801739 0)
(-0.028001 -0.0666041 0)
(-0.0268549 -0.0348895 0)
(-0.00857303 0.00114772 0)
(-0.0114295 0.0289325 0)
(0.00214566 0.073063 0)
(-0.00551153 0.00288453 0)
(-0.0150036 0.00220832 0)
(-0.0207102 0.00120133 0)
(-0.0234174 0.000364342 0)
(-0.0236882 -0.000862224 0)
(-0.0206152 -0.00250258 0)
(-0.0141192 -0.00444342 0)
(-0.00432223 -0.00653694 0)
(0.0083672 -0.0086487 0)
(0.0227038 -0.0100458 0)
(0.038339 -0.0107343 0)
(0.0489771 -0.0115505 0)
(0.0723049 -0.00940781 0)
(0.056505 -0.00822517 0)
(0.113931 -0.0101258 0)
(0.0356944 0.0132058 0)
(0.130508 0.00255826 0)
(0.0454835 0.013299 0)
(0.0898298 0.0493978 0)
(0.0630912 0.0889657 0)
(0.0354372 0.107621 0)
(0.0141925 0.0459486 0)
(0.0184361 -0.0360282 0)
(-0.00954751 -0.0702681 0)
(-0.0328164 -0.0718062 0)
(-0.0380484 -0.0631557 0)
(-0.0349858 -0.0405185 0)
(-0.0182799 -0.00296854 0)
(-0.0224975 0.022242 0)
(-0.00815764 0.0522187 0)
(-0.00553783 0.00358475 0)
(-0.0150734 0.002755 0)
(-0.0207943 0.00152014 0)
(-0.023524 0.000499269 0)
(-0.0238517 -0.00100898 0)
(-0.0208396 -0.00303671 0)
(-0.0143955 -0.00544753 0)
(-0.00463522 -0.00806071 0)
(0.00808835 -0.0107051 0)
(0.0225186 -0.0124547 0)
(0.0381944 -0.0133108 0)
(0.0491662 -0.0145852 0)
(0.0726923 -0.0107991 0)
(0.0561503 -0.0130781 0)
(0.118086 -0.00668855 0)
(0.0246453 0.00993458 0)
(0.137871 0.00148743 0)
(0.0452734 0.0207422 0)
(0.101644 0.0430942 0)
(0.0879633 0.0967009 0)
(0.0691383 0.104991 0)
(0.070555 0.0707729 0)
(0.0681181 -0.00654329 0)
(0.0145589 -0.0478009 0)
(-0.0315317 -0.0600721 0)
(-0.0467949 -0.0637805 0)
(-0.0426115 -0.052808 0)
(-0.019236 -0.0140434 0)
(-0.0178921 0.0181103 0)
(-0.00958693 0.028264 0)
(-0.00556899 0.00428861 0)
(-0.0151557 0.00330374 0)
(-0.0208921 0.00184006 0)
(-0.0236473 0.000638393 0)
(-0.0240427 -0.00114874 0)
(-0.0211046 -0.00356358 0)
(-0.014726 -0.00644581 0)
(-0.00501398 -0.00958566 0)
(0.00774858 -0.0127728 0)
(0.022291 -0.0148735 0)
(0.0379954 -0.0159247 0)
(0.0495348 -0.0176654 0)
(0.0724249 -0.0122727 0)
(0.0596725 -0.0185162 0)
(0.118277 -0.00268645 0)
(0.033974 0.00671844 0)
(0.128983 -0.00216766 0)
(0.0720256 0.0255726 0)
(0.0843572 0.0320275 0)
(0.1067 0.093322 0)
(0.109375 0.115502 0)
(0.101382 0.0639606 0)
(0.103392 0.000975818 0)
(0.0806659 -0.00897005 0)
(-0.00077528 -0.0250237 0)
(-0.0362904 -0.04937 0)
(-0.0472464 -0.0627526 0)
(-0.0314033 -0.0344805 0)
(-0.0114733 0.0104627 0)
(-0.00607232 0.0136712 0)
(-0.00560545 0.00499681 0)
(-0.0152519 0.00385496 0)
(-0.0210058 0.00216127 0)
(-0.0237904 0.000782546 0)
(-0.0242659 -0.00128055 0)
(-0.0214157 -0.00408185 0)
(-0.0151158 -0.00743713 0)
(-0.00546288 -0.0111114 0)
(0.00734598 -0.0148547 0)
(0.0220178 -0.017303 0)
(0.0377389 -0.0185977 0)
(0.0500846 -0.0206836 0)
(0.071094 -0.0144263 0)
(0.0686681 -0.0230825 0)
(0.107009 -0.00119836 0)
(0.0712013 0.00735149 0)
(0.101881 -0.0119431 0)
(0.105606 0.0367978 0)
(0.0675743 0.0321641 0)
(0.0998105 0.079221 0)
(0.128803 0.106566 0)
(0.13911 0.0781682 0)
(0.128769 0.0177013 0)
(0.0910781 0.0107614 0)
(0.045279 0.0230121 0)
(0.010465 -0.0286802 0)
(-0.0301199 -0.061443 0)
(-0.0364155 -0.0597747 0)
(-0.0118929 -0.00365287 0)
(-0.00278704 0.00934564 0)
(-0.00564732 0.00571001 0)
(-0.0153623 0.00440903 0)
(-0.0211356 0.00248394 0)
(-0.0239534 0.000932563 0)
(-0.0245214 -0.00140358 0)
(-0.0217735 -0.0045903 0)
(-0.0155663 -0.00841991 0)
(-0.00598348 -0.0126377 0)
(0.00688025 -0.0169516 0)
(0.0216954 -0.0197438 0)
(0.0374401 -0.0213435 0)
(0.0506318 -0.0235382 0)
(0.069464 -0.0179055 0)
(0.078202 -0.0244595 0)
(0.0862465 -0.0053317 0)
(0.104631 0.0103719 0)
(0.0966372 -0.0161148 0)
(0.119274 0.0354544 0)
(0.101034 0.040261 0)
(0.0801098 0.063083 0)
(0.117546 0.0870074 0)
(0.137459 0.0733452 0)
(0.129263 0.035871 0)
(0.0986707 0.0360115 0)
(0.0765233 0.0324026 0)
(0.0703451 0.0203435 0)
(0.0348802 -0.0070987 0)
(0.00534837 -0.0509185 0)
(-0.0112794 -0.0325794 0)
(0.0055131 -0.00393425 0)
(-0.00569469 0.0064289 0)
(-0.0154869 0.0049663 0)
(-0.0212812 0.00280818 0)
(-0.0241361 0.00108929 0)
(-0.0248093 -0.00151618 0)
(-0.022178 -0.00508599 0)
(-0.016078 -0.00939239 0)
(-0.00657711 -0.014163 0)
(0.00635072 -0.0190677 0)
(0.0213196 -0.0221967 0)
(0.0371227 -0.0241512 0)
(0.0509111 -0.0263604 0)
(0.0694397 -0.0220986 0)
(0.080335 -0.0243712 0)
(0.0804588 -0.0116472 0)
(0.115523 0.00716214 0)
(0.115566 -0.0147012 0)
(0.0959135 0.0349353 0)
(0.124447 0.054007 0)
(0.0727177 0.0599652 0)
(0.0880255 0.0743632 0)
(0.102801 0.0708253 0)
(0.115635 0.0441888 0)
(0.106104 0.0431533 0)
(0.0890152 0.0468099 0)
(0.0809062 0.026766 0)
(0.0754357 -0.00562232 0)
(0.0625569 -0.0174111 0)
(0.0166609 -0.0090259 0)
(0.00922005 0.00865232 0)
(-0.00574765 0.00715418 0)
(-0.015626 0.00552712 0)
(-0.0214425 0.00313409 0)
(-0.024338 0.00125359 0)
(-0.0251291 -0.00161677 0)
(-0.0226294 -0.00556776 0)
(-0.0166517 -0.0103529 0)
(-0.00724581 -0.0156852 0)
(0.00575677 -0.021208 0)
(0.0208876 -0.0246634 0)
(0.0367794 -0.026999 0)
(0.0509981 -0.0293697 0)
(0.0706826 -0.0258766 0)
(0.0768805 -0.0252774 0)
(0.0949581 -0.0191675 0)
(0.112553 0.00203753 0)
(0.1207 -0.00609933 0)
(0.0876067 0.0275712 0)
(0.11951 0.0555724 0)
(0.0876941 0.0766077 0)
(0.0934818 0.0684119 0)
(0.0912181 0.0593967 0)
(0.0951198 0.0418018 0)
(0.0963124 0.0469648 0)
(0.111181 0.0535874 0)
(0.108218 0.0341867 0)
(0.0630606 0.0174691 0)
(0.0175862 0.0136119 0)
(-0.00240959 0.0162461 0)
(0.00262285 0.0259181 0)
(-0.00580629 0.00788658 0)
(-0.0157797 0.00609182 0)
(-0.0216194 0.00346172 0)
(-0.0245586 0.00142631 0)
(-0.0254806 -0.00170484 0)
(-0.0231275 -0.00603515 0)
(-0.0172879 -0.0112997 0)
(-0.00799175 -0.0172058 0)
(0.00509782 -0.023371 0)
(0.0203985 -0.0271454 0)
(0.0363864 -0.029891 0)
(0.051144 -0.0325878 0)
(0.0712997 -0.0289513 0)
(0.0750503 -0.0291721 0)
(0.109993 -0.0231262 0)
(0.0967508 -0.000113706 0)
(0.126345 -0.00530539 0)
(0.101361 0.0302714 0)
(0.107467 0.0568757 0)
(0.111306 0.0719503 0)
(0.0986659 0.0727846 0)
(0.101843 0.0752755 0)
(0.12445 0.0427338 0)
(0.114103 0.0208008 0)
(0.0952457 0.0343149 0)
(0.0640455 0.0589079 0)
(0.0355266 0.0631642 0)
(0.0217628 0.0412114 0)
(0.00795438 0.013336 0)
(0.0011928 0.0145922 0)
(-0.00587074 0.0086268 0)
(-0.0159482 0.00666074 0)
(-0.0218116 0.00379104 0)
(-0.0247975 0.00160834 0)
(-0.0258633 -0.00177754 0)
(-0.0236724 -0.0064843 0)
(-0.0179876 -0.0122313 0)
(-0.00881689 -0.0187261 0)
(0.00437347 -0.0255542 0)
(0.0198491 -0.0296421 0)
(0.0359388 -0.0328518 0)
(0.05139 -0.0358402 0)
(0.0705765 -0.0323028 0)
(0.0796797 -0.033315 0)
(0.106521 -0.0267523 0)
(0.100953 -0.00380678 0)
(0.120046 -0.00207718 0)
(0.119995 0.0298129 0)
(0.117047 0.0563735 0)
(0.124575 0.08062 0)
(0.119368 0.074919 0)
(0.133108 0.0463915 0)
(0.0942864 0.0447567 0)
(0.0479826 0.0822318 0)
(0.0420366 0.108263 0)
(0.0495696 0.0934133 0)
(0.056694 0.065207 0)
(0.0456386 0.0476604 0)
(0.0202719 0.0361595 0)
(0.00494972 0.0357534 0)
(-0.00594113 0.00937558 0)
(-0.0161318 0.00723417 0)
(-0.0220189 0.00412201 0)
(-0.0250539 0.00180059 0)
(-0.0262769 -0.00183439 0)
(-0.0242642 -0.00691399 0)
(-0.0187521 -0.0131443 0)
(-0.00972294 -0.0202478 0)
(0.00358306 -0.0277592 0)
(0.0192344 -0.0321543 0)
(0.035452 -0.0358881 0)
(0.0515102 -0.0390986 0)
(0.0698327 -0.0359805 0)
(0.0830557 -0.0376188 0)
(0.102596 -0.0288388 0)
(0.0938084 -0.00469619 0)
(0.133505 -0.00988614 0)
(0.151347 0.0292254 0)
(0.145132 0.0570245 0)
(0.166302 0.065795 0)
(0.154683 0.0704458 0)
(0.105511 0.090061 0)
(0.090805 0.0813221 0)
(0.0975637 0.0366059 0)
(0.117708 0.0265827 0)
(0.118311 0.0454313 0)
(0.077713 0.0802643 0)
(0.0327807 0.0866116 0)
(0.00855703 0.0652357 0)
(0.00266348 0.0538443 0)
(-0.0060176 0.0101337 0)
(-0.0163307 0.00781241 0)
(-0.022241 0.00445447 0)
(-0.0253272 0.00200398 0)
(-0.0267209 -0.00187352 0)
(-0.0249024 -0.00732275 0)
(-0.0195825 -0.0140347 0)
(-0.0107123 -0.0217723 0)
(0.00272608 -0.0299839 0)
(0.018551 -0.0346856 0)
(0.0349217 -0.0389955 0)
(0.0514387 -0.042299 0)
(0.0684036 -0.0403616 0)
(0.0877601 -0.0396174 0)
(0.0799274 -0.0301882 0)
(0.118113 -0.0156331 0)
(0.156053 -0.0180011 0)
(0.166409 0.0141494 0)
(0.177339 0.0472577 0)
(0.144865 0.0785722 0)
(0.125274 0.0917772 0)
(0.1079 0.0794749 0)
(0.0828245 0.0573012 0)
(0.00759598 0.0810359 0)
(-0.00447341 0.0985334 0)
(-0.0168926 0.111392 0)
(-0.0335847 0.117644 0)
(-0.030221 0.0922019 0)
(-0.0185666 0.0590704 0)
(-0.00539397 0.0442994 0)
(-0.00610031 0.0109018 0)
(-0.0165453 0.00839573 0)
(-0.0224777 0.00478815 0)
(-0.0256166 0.00221954 0)
(-0.0271948 -0.00189273 0)
(-0.025587 -0.00770821 0)
(-0.0204803 -0.0149013 0)
(-0.0117865 -0.0233014 0)
(0.00180174 -0.0322261 0)
(0.0177954 -0.0372414 0)
(0.0343524 -0.0421464 0)
(0.0506865 -0.0454956 0)
(0.0683956 -0.0447934 0)
(0.080656 -0.0391479 0)
(0.0789747 -0.0372509 0)
(0.133095 -0.0351422 0)
(0.168212 -0.0207331 0)
(0.121182 0.0235042 0)
(0.109082 0.0713721 0)
(0.111973 0.093236 0)
(0.0862032 0.109847 0)
(0.0558685 0.128415 0)
(0.0422239 0.128769 0)
(-0.0158675 0.0924569 0)
(-0.0343457 0.0707659 0)
(-0.05427 0.0976585 0)
(-0.0420564 0.100867 0)
(-0.0181028 0.0697928 0)
(-0.00562685 0.0399773 0)
(-0.00194201 0.0280602 0)
(-0.00618944 0.0116809 0)
(-0.0167759 0.0089844 0)
(-0.0227286 0.00512264 0)
(-0.0259213 0.00244834 0)
(-0.0276979 -0.00189353 0)
(-0.0263177 -0.00806847 0)
(-0.0214473 -0.0157414 0)
(-0.0129475 -0.0248382 0)
(0.000808195 -0.0344822 0)
(0.0169628 -0.0398285 0)
(0.0336735 -0.0452864 0)
(0.0492383 -0.0488124 0)
(0.0681347 -0.0471679 0)
(0.0651284 -0.0418122 0)
(0.111868 -0.0478406 0)
(0.116222 -0.0416301 0)
(0.125315 -0.00731898 0)
(0.0963799 0.0385527 0)
(0.117012 0.0692751 0)
(0.104935 0.0899092 0)
(0.128852 0.095703 0)
(0.118035 0.0890395 0)
(0.136139 0.100489 0)
(0.132008 0.111592 0)
(0.116404 0.10418 0)
(0.0709481 0.107835 0)
(0.0623718 0.100824 0)
(0.0606633 0.0716107 0)
(0.0431834 0.0501786 0)
(0.0131396 0.0448731 0)
(-0.00628518 0.0124715 0)
(-0.0170228 0.00957863 0)
(-0.0229933 0.00545739 0)
(-0.0262406 0.00269163 0)
(-0.0282297 -0.00187104 0)
(-0.0270938 -0.00840153 0)
(-0.0224854 -0.01655 0)
(-0.0141965 -0.0263859 0)
(-0.000258376 -0.036747 0)
(0.0160408 -0.0424475 0)
(0.0327543 -0.0483633 0)
(0.0475092 -0.052013 0)
(0.0652923 -0.0480265 0)
(0.0602912 -0.0502087 0)
(0.126243 -0.0498634 0)
(0.0824855 -0.0407285 0)
(0.135417 -0.0140216 0)
(0.179051 0.0160436 0)
(0.153474 0.0514774 0)
(0.0964871 0.0809262 0)
(0.0990003 0.131071 0)
(0.0618298 0.143999 0)
(0.019616 0.132881 0)
(0.0301028 0.114558 0)
(0.0615638 0.119728 0)
(0.0737514 0.126244 0)
(0.0804242 0.108244 0)
(0.0786627 0.0897934 0)
(0.0544735 0.083101 0)
(0.0160586 0.0877161 0)
(-0.00638776 0.0132747 0)
(-0.0172865 0.0101787 0)
(-0.0232715 0.00579187 0)
(-0.0265732 0.00295056 0)
(-0.0287897 -0.00182394 0)
(-0.0279152 -0.00870517 0)
(-0.023597 -0.0173227 0)
(-0.0155351 -0.027948 0)
(-0.00140344 -0.0390142 0)
(0.0150122 -0.0450875 0)
(0.031502 -0.0513659 0)
(0.0461791 -0.0547627 0)
(0.0602736 -0.0502782 0)
(0.0767147 -0.0569887 0)
(0.0966196 -0.0517142 0)
(0.110634 -0.0538586 0)
(0.193224 -0.0433522 0)
(0.143294 0.0446254 0)
(0.110666 0.131978 0)
(0.101064 0.105742 0)
(0.161049 0.0855251 0)
(0.194926 0.147252 0)
(0.0943811 0.129359 0)
(0.0395022 0.100077 0)
(0.021016 0.0935209 0)
(0.0414846 0.0967528 0)
(0.0425738 0.0966942 0)
(0.0524373 0.107109 0)
(0.0386991 0.119198 0)
(0.0104677 0.130345 0)
(-0.00649742 0.0140912 0)
(-0.0175674 0.0107846 0)
(-0.0235627 0.0061256 0)
(-0.0269182 0.00322609 0)
(-0.029377 -0.00175287 0)
(-0.0287807 -0.00897489 0)
(-0.0247846 -0.0180545 0)
(-0.0169646 -0.029532 0)
(-0.00263358 -0.0412697 0)
(0.013862 -0.0477392 0)
(0.0300438 -0.0543564 0)
(0.0456732 -0.0571163 0)
(0.0564258 -0.0548779 0)
(0.0859645 -0.0572886 0)
(0.0701152 -0.066316 0)
(0.164783 -0.0641073 0)
(0.126371 -0.0235891 0)
(0.116045 0.01917 0)
(0.238859 0.0503519 0)
(0.247568 0.068064 0)
(0.166694 0.0689543 0)
(0.243671 0.154284 0)
(0.288829 0.185295 0)
(0.213082 0.142114 0)
(0.103275 0.099812 0)
(0.04177 0.102214 0)
(0.0156899 0.095371 0)
(0.0205207 0.10757 0)
(0.0171507 0.138785 0)
(0.0035114 0.152833 0)
(-0.00661441 0.0149219 0)
(-0.0178662 0.0113967 0)
(-0.0238665 0.00645824 0)
(-0.0272744 0.00351911 0)
(-0.0299909 -0.00165535 0)
(-0.0296895 -0.00920936 0)
(-0.0260521 -0.0187391 0)
(-0.0184859 -0.0311428 0)
(-0.00395394 -0.0434996 0)
(0.0126064 -0.0504158 0)
(0.0286783 -0.0574364 0)
(0.0455428 -0.0594595 0)
(0.0547465 -0.0590319 0)
(0.0736794 -0.0601989 0)
(0.10519 -0.0739194 0)
(0.0735364 -0.076727 0)
(0.254966 -0.0429699 0)
(-0.122595 0.0312195 0)
(-0.153418 0.117632 0)
(0.0119099 0.100611 0)
(-0.131774 0.0637338 0)
(0.0733464 0.127392 0)
(0.162947 0.197018 0)
(0.200798 0.221437 0)
(0.127827 0.201014 0)
(0.0537678 0.157473 0)
(0.0194025 0.113802 0)
(0.00828927 0.107051 0)
(0.0052851 0.14025 0)
(0.000400919 0.152709 0)
(-0.00673903 0.0157678 0)
(-0.0181834 0.0120151 0)
(-0.0241823 0.00678944 0)
(-0.0276406 0.00383001 0)
(-0.0306305 -0.00153164 0)
(-0.0306404 -0.00940756 0)
(-0.0274031 -0.0193692 0)
(-0.0200992 -0.0327905 0)
(-0.00536569 -0.0457072 0)
(0.0113041 -0.0531505 0)
(0.0273316 -0.0606782 0)
(0.0440146 -0.0618135 0)
(0.0508486 -0.0617714 0)
(0.0670627 -0.065918 0)
(0.0838788 -0.0720115 0)
(0.327069 -0.136178 0)
(0.226794 0.0744611 0)
(-0.234953 0.111374 0)
(-0.112147 0.0170653 0)
(-0.120981 0.0888805 0)
(-0.0918173 0.045375 0)
(-0.0488207 0.0400219 0)
(-0.0143189 0.0639816 0)
(0.158628 0.217058 0)
(0.136511 0.234947 0)
(0.0837964 0.200384 0)
(0.0444172 0.144026 0)
(0.0133273 0.119468 0)
(0.00293382 0.143794 0)
(0.000575398 0.151948 0)
(-0.00687159 0.0166295 0)
(-0.0185196 0.0126396 0)
(-0.0245095 0.00711929 0)
(-0.0280156 0.00416021 0)
(-0.031295 -0.00137462 0)
(-0.0316317 -0.00956346 0)
(-0.0288426 -0.0199359 0)
(-0.0218047 -0.0344915 0)
(-0.0068605 -0.04791 0)
(0.00996107 -0.0559511 0)
(0.0247313 -0.0638384 0)
(0.0386711 -0.0636351 0)
(0.0467165 -0.0646689 0)
(0.0641809 -0.0683436 0)
(0.18641 -0.150276 0)
(-0.0325087 -0.14218 0)
(0.863054 0.145926 0)
(-0.129414 0.197582 0)
(-0.13203 0.0661876 0)
(-0.0776177 0.0672323 0)
(-0.00912754 -0.00128324 0)
(0.0484682 0.0599475 0)
(0.034167 0.039131 0)
(0.0999416 0.142984 0)
(0.132082 0.237919 0)
(0.107611 0.227389 0)
(0.062692 0.176041 0)
(0.0215775 0.14818 0)
(0.00640127 0.156023 0)
(0.00251673 0.155612 0)
(-0.00701241 0.0175093 0)
(-0.0188753 0.0132724 0)
(-0.0248476 0.00744583 0)
(-0.0283975 0.00450742 0)
(-0.0319829 -0.00119192 0)
(-0.0326613 -0.00968712 0)
(-0.0303757 -0.0204376 0)
(-0.0236046 -0.036257 0)
(-0.00843231 -0.0501093 0)
(0.00825564 -0.0586046 0)
(0.0176036 -0.0659524 0)
(0.0290979 -0.0651049 0)
(0.0452966 -0.0688674 0)
(0.0467337 -0.103442 0)
(0.166054 -0.0949991 0)
(0.476896 -0.264764 0)
(0.599366 0.188765 0)
(-0.432823 0.267411 0)
(-0.163783 0.00975255 0)
(-0.078661 0.0237634 0)
(-0.101657 -0.0102197 0)
(0.00138574 0.0310092 0)
(0.0339167 0.0171304 0)
(0.0206457 0.120282 0)
(0.104962 0.251994 0)
(0.089916 0.251807 0)
(0.0530341 0.209808 0)
(0.0240507 0.175299 0)
(0.00961563 0.169473 0)
(0.00431365 0.163855 0)
(-0.00716269 0.0184023 0)
(-0.0192517 0.0139003 0)
(-0.0251963 0.00777432 0)
(-0.0287859 0.00488131 0)
(-0.0326951 -0.000961062 0)
(-0.0337282 -0.00973797 0)
(-0.0320104 -0.0208305 0)
(-0.0254981 -0.0381003 0)
(-0.0100887 -0.0522255 0)
(0.0046185 -0.0604234 0)
(0.000710083 -0.0660645 0)
(0.0222313 -0.0688123 0)
(0.0340757 -0.0762084 0)
(0.196193 -0.10584 0)
(0.481507 -0.280598 0)
(0.337439 -0.124622 0)
(0.0190767 0.423782 0)
(-0.653292 0.703362 0)
(-0.0451323 -0.390362 0)
(-0.11782 0.0219427 0)
(-0.138959 -0.0289568 0)
(-0.0800935 -0.012948 0)
(-0.0126034 0.0294047 0)
(-0.0136305 0.107759 0)
(0.0609479 0.225183 0)
(0.0607037 0.256252 0)
(0.0439884 0.231319 0)
(0.0271505 0.197652 0)
(0.0140922 0.184895 0)
(0.00426378 0.174425 0)
(-0.00730449 0.0193363 0)
(-0.0196479 0.0145949 0)
(-0.0255532 0.00808483 0)
(-0.0291764 0.0052584 0)
(-0.0334249 -0.000750299 0)
(-0.0348227 -0.00981705 0)
(-0.0337484 -0.0212191 0)
(-0.0274838 -0.0400931 0)
(-0.011949 -0.0538613 0)
(-0.00722223 -0.0603238 0)
(-0.0168067 -0.0684922 0)
(0.0995159 -0.0802195 0)
(0.298547 -0.111841 0)
(0.408931 -0.207 0)
(0.409311 -0.20101 0)
(0.335764 -0.102982 0)
(0.18017 0.446899 0)
(-0.389477 0.579771 0)
(-1.17601 0.147561 0)
(-0.161062 0.0967188 0)
(-0.124094 -0.0549895 0)
(-0.0995345 -0.0469473 0)
(-0.0620693 -0.0283096 0)
(-0.0321475 0.09028 0)
(-0.00971037 0.192476 0)
(0.0158765 0.263759 0)
(0.00572922 0.235481 0)
(0.0141565 0.208675 0)
(0.00703672 0.201797 0)
(0.000308261 0.185328 0)
(-0.00773554 0.0202046 0)
(-0.0200748 0.0149944 0)
(-0.0259296 0.00843714 0)
(-0.0295815 0.00569227 0)
(-0.0341872 -0.000392938 0)
(-0.0359561 -0.00968806 0)
(-0.035611 -0.0212926 0)
(-0.0295654 -0.0420456 0)
(-0.0149848 -0.0536911 0)
(-0.0411379 -0.0601215 0)
(0.0205361 -0.101212 0)
(0.702712 -0.124571 0)
(0.644189 -0.112378 0)
(0.51521 -0.169265 0)
(0.266982 -0.203146 0)
(0.216007 -0.012643 0)
(0.15732 0.532209 0)
(0.127038 0.722452 0)
(0.778069 -0.401597 0)
(-0.134461 -0.415522 0)
(-0.11453 -0.106167 0)
(-0.122026 -0.0552527 0)
(-0.106828 -0.0226564 0)
(-0.0625311 0.0733131 0)
(-0.0619063 0.183149 0)
(-0.0274734 0.256885 0)
(-0.0204963 0.231119 0)
(-0.0112158 0.202412 0)
(-0.00499484 0.206028 0)
(-0.00401099 0.186836 0)
(-0.00484948 0.021394 0)
(-0.0204963 0.0165738 0)
(-0.0262102 0.00866387 0)
(-0.0298829 0.00610659 0)
(-0.0348987 -0.000164742 0)
(-0.0370965 -0.00974673 0)
(-0.0376116 -0.0215825 0)
(-0.031894 -0.0443446 0)
(-0.0250743 -0.0501773 0)
(-0.0496557 -0.0680237 0)
(0.38011 -0.216275 0)
(0.997425 -0.146319 0)
(0.799854 -0.0915786 0)
(0.407761 -0.116242 0)
(0.176557 -0.14231 0)
(0.142863 0.0140807 0)
(0.0127268 0.479643 0)
(0.554423 0.596493 0)
(0.752598 -0.0242585 0)
(-0.302242 0.418303 0)
(-0.171151 -0.105634 0)
(-0.173231 -0.0711379 0)
(-0.142019 -0.0717958 0)
(-0.112639 0.0704414 0)
(-0.0787173 0.16409 0)
(-0.0479794 0.225578 0)
(-0.0314656 0.216142 0)
(-0.0186854 0.200565 0)
(-0.0103688 0.196716 0)
(-0.000960233 0.180548 0)
(-0.0307249 0.0218577 0)
(-0.0204164 0.0149785 0)
(-0.0274067 0.00917442 0)
(-0.0309644 0.00650783 0)
(-0.0361301 0.000272704 0)
(-0.0383208 -0.00949227 0)
(-0.0399644 -0.0212683 0)
(-0.03572 -0.0446597 0)
(-0.0616977 -0.0516409 0)
(0.152893 -0.126695 0)
(-0.0839029 -0.302788 0)
(0.0653103 -0.113475 0)
(0.305562 -0.0642183 0)
(0.204509 -0.081153 0)
(0.0477657 -0.115304 0)
(0.0788873 0.0563021 0)
(-0.0729475 0.341121 0)
(0.655974 0.49937 0)
(0.671331 0.0666906 0)
(0.31007 0.284756 0)
(-0.124062 -0.0316525 0)
(-0.0800449 -0.0657894 0)
(-0.158236 -0.0444332 0)
(-0.15458 0.0381424 0)
(-0.0905672 0.15523 0)
(-0.0796837 0.209832 0)
(-0.0432656 0.196006 0)
(-0.021214 0.18739 0)
(-0.0130065 0.183412 0)
(0.00165528 0.175535 0)
(0.106783 0.023573 0)
(-0.0291856 0.0188445 0)
(-0.023563 0.00897468 0)
(-0.0287705 0.0071118 0)
(-0.0352991 0.000641324 0)
(-0.0395653 -0.00934845 0)
(-0.0440184 -0.0208502 0)
(-0.044606 -0.0421414 0)
(-0.136335 -0.0718357 0)
(0.285073 -0.0842069 0)
(0.619554 -0.285018 0)
(0.213048 -0.148434 0)
(0.168002 -0.0718231 0)
(0.135573 -0.0630745 0)
(0.00814983 -0.100612 0)
(0.0516271 0.0739112 0)
(-0.0654284 0.226809 0)
(0.591724 0.367343 0)
(0.45026 0.168752 0)
(0.313075 0.505704 0)
(0.846028 0.0159469 0)
(-0.203522 -0.120847 0)
(-0.184291 -0.0191674 0)
(-0.162432 -0.0105686 0)
(-0.0902491 0.138084 0)
(-0.0806665 0.163847 0)
(-0.0410393 0.168571 0)
(-0.0285567 0.168738 0)
(-0.0116354 0.166647 0)
(0.000481704 0.163937 0)
(-0.0180797 0.0215743 0)
(-0.0380216 0.020461 0)
(-0.0580339 0.0136054 0)
(-0.0636762 -0.00431689 0)
(-0.0338003 -0.0200208 0)
(0.00469863 -0.023369 0)
(0.0675073 -0.0170573 0)
(0.0920561 -0.00118554 0)
(0.107649 0.00391032 0)
(0.0613973 0.00714042 0)
(0.00870984 0.0028004 0)
(-0.0159424 0.00609403 0)
(-0.0530633 0.00493712 0)
(-0.0399017 0.000585051 0)
(-0.0657013 0.00291524 0)
(-0.0682364 -0.000615296 0)
(-0.0544591 0.000294748 0)
(-0.0593762 -0.000615698 0)
(-0.0443059 -0.000513981 0)
(-0.0372551 -0.000627494 0)
(-0.0259641 -0.00060948 0)
(-0.015393 -0.000583867 0)
(-0.00551659 -0.000490422 0)
(0.00272356 -0.000382844 0)
(0.00890443 -0.000265171 0)
(0.0127612 -0.000151678 0)
(0.0141452 -5.63611e-05 0)
(0.0135426 2.17e-05 0)
(0.0103553 0.000118087 0)
(0.00391658 0.000204229 0)
(-0.0192279 0.0403818 0)
(-0.0197091 0.0216994 0)
(-0.0270212 0.014652 0)
(-0.016267 -0.011267 0)
(0.000896379 -0.0458583 0)
(0.0375993 -0.0610662 0)
(0.061541 -0.0595748 0)
(0.104068 -0.0215738 0)
(0.112895 0.0205985 0)
(0.063654 0.0372052 0)
(-0.0173963 0.0305407 0)
(-0.0596864 0.021125 0)
(-0.0775036 0.00376549 0)
(-0.0646743 0.00249236 0)
(-0.0866907 0.00839383 0)
(-0.0889061 -0.00521083 0)
(-0.0660654 -0.000440682 0)
(-0.0715031 -0.00319622 0)
(-0.0506583 -0.00313531 0)
(-0.0403496 -0.00311076 0)
(-0.0251388 -0.00292319 0)
(-0.0112167 -0.00256535 0)
(0.00122862 -0.00200123 0)
(0.0110709 -0.00142281 0)
(0.0178114 -0.000869179 0)
(0.0213006 -0.000385458 0)
(0.021559 -1.20774e-05 0)
(0.0193645 0.000262153 0)
(0.0141629 0.000588047 0)
(0.00523731 0.000799786 0)
(-0.0128489 0.0667644 0)
(-0.00693819 0.0313578 0)
(-0.0151398 0.0134244 0)
(0.00602394 -0.02603 0)
(0.014198 -0.0643282 0)
(0.0388877 -0.0751361 0)
(0.0417003 -0.0733786 0)
(0.0672721 -0.0328067 0)
(0.0760313 0.030737 0)
(0.0242665 0.068893 0)
(-0.0299653 0.0584021 0)
(-0.0748016 0.0317361 0)
(-0.0727332 0.00657105 0)
(-0.0857857 0.00304293 0)
(-0.0766666 0.0128729 0)
(-0.0949892 -0.00920724 0)
(-0.0629694 -0.00185012 0)
(-0.0705207 -0.00558434 0)
(-0.0491133 -0.00582939 0)
(-0.0385726 -0.005604 0)
(-0.0231652 -0.00526441 0)
(-0.00903181 -0.00455697 0)
(0.00353379 -0.00349397 0)
(0.013352 -0.00241825 0)
(0.0199184 -0.00140989 0)
(0.0231076 -0.000546824 0)
(0.0229816 0.000108758 0)
(0.0203838 0.000568265 0)
(0.0147867 0.00111692 0)
(0.00544551 0.00149036 0)
(-0.000283053 0.0734123 0)
(0.0127217 0.028442 0)
(0.00853389 0.00155795 0)
(0.027445 -0.0345436 0)
(0.029227 -0.0661781 0)
(0.0237926 -0.0787895 0)
(0.0215433 -0.0772456 0)
(0.0202542 -0.0330981 0)
(0.0241507 0.0548577 0)
(0.00276247 0.079948 0)
(-0.0426605 0.0696014 0)
(-0.0800695 0.0432922 0)
(-0.066143 0.0075696 0)
(-0.108746 0.00315884 0)
(-0.0584174 0.0144443 0)
(-0.105244 -0.0111389 0)
(-0.0592832 -0.00445227 0)
(-0.0712034 -0.00764157 0)
(-0.0488788 -0.00865955 0)
(-0.0382533 -0.00814259 0)
(-0.0227643 -0.00765053 0)
(-0.00852465 -0.0065866 0)
(0.00409506 -0.00501163 0)
(0.013896 -0.00342586 0)
(0.0204005 -0.00195216 0)
(0.023497 -0.000703394 0)
(0.0232667 0.00023606 0)
(0.020583 0.000883499 0)
(0.0149143 0.00165716 0)
(0.00548902 0.00218483 0)
(0.0085836 0.0531744 0)
(0.022248 0.0236388 0)
(0.0182086 -0.00170284 0)
(0.0355909 -0.0398664 0)
(0.038454 -0.0627536 0)
(0.0336908 -0.0699436 0)
(0.0101223 -0.0703424 0)
(-0.0190868 -0.036362 0)
(-0.0145907 0.0457725 0)
(-0.0359605 0.107137 0)
(-0.0631151 0.0888566 0)
(-0.0906344 0.048845 0)
(-0.0442007 0.0132522 0)
(-0.130552 0.00255033 0)
(-0.0348665 0.0129376 0)
(-0.113683 -0.00969265 0)
(-0.0564312 -0.00849528 0)
(-0.071979 -0.00921883 0)
(-0.0489476 -0.0116073 0)
(-0.0381505 -0.0106851 0)
(-0.0226092 -0.0100467 0)
(-0.00827898 -0.00862584 0)
(0.00438067 -0.00653041 0)
(0.0141616 -0.00442919 0)
(0.0206242 -0.00248788 0)
(0.0236658 -0.000851971 0)
(0.0233808 0.000368363 0)
(0.0206689 0.00120117 0)
(0.0149805 0.00220018 0)
(0.00551352 0.00288163 0)
(0.00801246 0.028892 0)
(0.0169824 0.0185602 0)
(0.0186843 -0.0145916 0)
(0.043126 -0.053002 0)
(0.0460234 -0.0632714 0)
(0.032416 -0.0586268 0)
(-0.0139009 -0.0474842 0)
(-0.0686778 -0.00686146 0)
(-0.0712747 0.0701858 0)
(-0.0694866 0.104671 0)
(-0.0880975 0.0966244 0)
(-0.101579 0.0421745 0)
(-0.0451672 0.0205691 0)
(-0.137471 0.00156277 0)
(-0.0243032 0.00957733 0)
(-0.117738 -0.00612637 0)
(-0.0562004 -0.0134034 0)
(-0.0723342 -0.0105751 0)
(-0.0491534 -0.0146531 0)
(-0.0380013 -0.0132513 0)
(-0.0224264 -0.0124559 0)
(-0.00799972 -0.0106784 0)
(0.00469296 -0.0080515 0)
(0.0144385 -0.00542974 0)
(0.0208484 -0.0030186 0)
(0.0238287 -0.00099606 0)
(0.0234869 0.000504122 0)
(0.0207525 0.00151984 0)
(0.0150501 0.0027449 0)
(0.00554002 0.0035812 0)
(0.00533186 0.0139527 0)
(0.0109545 0.0106715 0)
(0.0312738 -0.0347754 0)
(0.046885 -0.0628098 0)
(0.0354819 -0.0499162 0)
(0.00258604 -0.024769 0)
(-0.0801118 -0.00814533 0)
(-0.104429 0.00146913 0)
(-0.100852 0.0636521 0)
(-0.109966 0.114594 0)
(-0.106636 0.0929848 0)
(-0.0848271 0.0309733 0)
(-0.0715359 0.0255802 0)
(-0.128396 -0.00224253 0)
(-0.0342293 0.00641753 0)
(-0.117874 -0.00205787 0)
(-0.0598768 -0.0188947 0)
(-0.0720299 -0.0120259 0)
(-0.0495402 -0.0177433 0)
(-0.0377966 -0.0158545 0)
(-0.0222009 -0.0148749 0)
(-0.00765899 -0.0127432 0)
(0.00507111 -0.00957306 0)
(0.0147694 -0.00642453 0)
(0.0211131 -0.00354203 0)
(0.0240191 -0.00113384 0)
(0.0236095 0.000644071 0)
(0.0208497 0.00183961 0)
(0.0151323 0.00329165 0)
(0.00557143 0.00428442 0)
(0.00160512 0.00958065 0)
(0.0113332 -0.00395897 0)
(0.0360003 -0.0602182 0)
(0.029435 -0.0611551 0)
(-0.0126874 -0.028039 0)
(-0.0468596 0.0240894 0)
(-0.0920015 0.0121591 0)
(-0.1287 0.0174765 0)
(-0.139024 0.0771377 0)
(-0.129216 0.106306 0)
(-0.0995905 0.0794488 0)
(-0.0683935 0.0309032 0)
(-0.105352 0.0363995 0)
(-0.100905 -0.011626 0)
(-0.0719104 0.00698065 0)
(-0.106463 -0.000515173 0)
(-0.0690216 -0.0235095 0)
(-0.0706532 -0.0141677 0)
(-0.0501068 -0.0207696 0)
(-0.0375349 -0.0185166 0)
(-0.0219309 -0.017305 0)
(-0.00725546 -0.0148227 0)
(0.0055195 -0.0110954 0)
(0.0151598 -0.00741234 0)
(0.0214239 -0.0040564 0)
(0.0242414 -0.00126357 0)
(0.0237519 0.000789055 0)
(0.0209626 0.00216065 0)
(0.0152283 0.00384083 0)
(0.00560819 0.00499198 0)
(-0.00607682 -0.00434735 0)
(0.0122038 -0.0337189 0)
(-0.00457887 -0.0507449 0)
(-0.0335752 -0.00674895 0)
(-0.0702493 0.0206933 0)
(-0.0762293 0.032558 0)
(-0.0997387 0.0358153 0)
(-0.12878 0.0360619 0)
(-0.136526 0.0731631 0)
(-0.118929 0.0863607 0)
(-0.0798863 0.0627952 0)
(-0.101527 0.0390735 0)
(-0.118832 0.0348708 0)
(-0.0954828 -0.0158516 0)
(-0.105269 0.0101885 0)
(-0.0854734 -0.00469174 0)
(-0.0786065 -0.0248972 0)
(-0.068975 -0.0176416 0)
(-0.0506665 -0.0236318 0)
(-0.0372311 -0.0212508 0)
(-0.0216124 -0.0197465 0)
(-0.00678834 -0.0169179 0)
(0.00603972 -0.0126175 0)
(0.0156108 -0.00839162 0)
(0.0217812 -0.00456029 0)
(0.0244959 -0.00138422 0)
(0.0239141 0.000939908 0)
(0.0210915 0.00248314 0)
(0.0153385 0.00439281 0)
(0.00565041 0.00570454 0)
(-0.00948541 0.00684912 0)
(-0.0180328 -0.0106644 0)
(-0.0647953 -0.0169515 0)
(-0.0751079 -0.00459121 0)
(-0.0817282 0.0272034 0)
(-0.0874428 0.0483417 0)
(-0.106998 0.0436251 0)
(-0.115744 0.042886 0)
(-0.101309 0.0705863 0)
(-0.0895181 0.0743068 0)
(-0.0718033 0.059993 0)
(-0.124444 0.0523744 0)
(-0.0939324 0.0341898 0)
(-0.113993 -0.0137507 0)
(-0.116046 0.00672427 0)
(-0.0795359 -0.0108727 0)
(-0.0807231 -0.024836 0)
(-0.068914 -0.02182 0)
(-0.0509538 -0.0264642 0)
(-0.0369082 -0.0240455 0)
(-0.0212408 -0.0222001 0)
(-0.00625726 -0.0190328 0)
(0.00663315 -0.0141385 0)
(0.016123 -0.00936087 0)
(0.0221853 -0.00505274 0)
(0.0247826 -0.00149433 0)
(0.0240958 0.00109747 0)
(0.0212361 0.00280719 0)
(0.0154629 0.00494793 0)
(0.00569818 0.00642281 0)
(-0.000149638 0.026227 0)
(0.00333309 0.0173985 0)
(-0.0164969 0.0120962 0)
(-0.0627701 0.0161489 0)
(-0.109716 0.0347799 0)
(-0.111583 0.0551064 0)
(-0.095889 0.0479082 0)
(-0.0952265 0.0409471 0)
(-0.0910151 0.0596597 0)
(-0.0957327 0.068114 0)
(-0.0863209 0.0755352 0)
(-0.119573 0.0539598 0)
(-0.0867724 0.0263404 0)
(-0.118143 -0.00511098 0)
(-0.112891 0.00191432 0)
(-0.0942015 -0.018456 0)
(-0.077268 -0.0257685 0)
(-0.0701356 -0.0255727 0)
(-0.0510461 -0.029489 0)
(-0.0365599 -0.0268794 0)
(-0.0208136 -0.0246664 0)
(-0.00566148 -0.0211703 0)
(0.00730177 -0.0156581 0)
(0.0166971 -0.0103179 0)
(0.0226361 -0.00553086 0)
(0.0251012 -0.00159259 0)
(0.0242966 0.0012626 0)
(0.0213964 0.00313288 0)
(0.0156017 0.00550654 0)
(0.00575159 0.00714747 0)
(-0.00343004 0.0146124 0)
(-0.0101132 0.0140019 0)
(-0.0243212 0.0428633 0)
(-0.0385611 0.0654889 0)
(-0.0673299 0.0595226 0)
(-0.0985707 0.0335639 0)
(-0.115425 0.0200432 0)
(-0.126653 0.0419184 0)
(-0.10199 0.0751082 0)
(-0.0983954 0.0728989 0)
(-0.111754 0.0710714 0)
(-0.109187 0.0548805 0)
(-0.100969 0.0286965 0)
(-0.124594 -0.00396202 0)
(-0.0960201 -0.000267112 0)
(-0.109764 -0.0221031 0)
(-0.0754417 -0.0298267 0)
(-0.0707527 -0.0286008 0)
(-0.0511925 -0.0327294 0)
(-0.0361623 -0.0297557 0)
(-0.0203299 -0.0271476 0)
(-0.00500072 -0.0233297 0)
(0.00804763 -0.0171768 0)
(0.017334 -0.0112614 0)
(0.0231337 -0.00599289 0)
(0.0254512 -0.00167758 0)
(0.0245161 0.00143616 0)
(0.021572 0.00346026 0)
(0.0157552 0.00606896 0)
(0.00581075 0.00787926 0)
(-0.00679063 0.0358623 0)
(-0.0228551 0.0360342 0)
(-0.047928 0.047356 0)
(-0.0571823 0.0654196 0)
(-0.0487796 0.0938119 0)
(-0.0426096 0.10944 0)
(-0.0487212 0.082188 0)
(-0.0961625 0.0441799 0)
(-0.134307 0.0456819 0)
(-0.120267 0.0741632 0)
(-0.123556 0.0808852 0)
(-0.118145 0.054259 0)
(-0.12062 0.0272224 0)
(-0.118707 -0.000981031 0)
(-0.10009 -0.0037213 0)
(-0.106429 -0.0252889 0)
(-0.0801415 -0.0341855 0)
(-0.0700493 -0.0318985 0)
(-0.0514297 -0.03601 0)
(-0.0357105 -0.0326986 0)
(-0.0197867 -0.0296428 0)
(-0.00427448 -0.0255107 0)
(0.00887264 -0.0186947 0)
(0.0180345 -0.0121888 0)
(0.023678 -0.00643782 0)
(0.0258323 -0.00174777 0)
(0.0247536 0.00161904 0)
(0.0217629 0.00378931 0)
(0.0159234 0.0066355 0)
(0.00587577 0.00861888 0)
(-0.00207472 0.0551306 0)
(-0.00960031 0.0664764 0)
(-0.0355294 0.0871003 0)
(-0.0805545 0.0803165 0)
(-0.122512 0.045477 0)
(-0.121383 0.0279931 0)
(-0.0991124 0.0367343 0)
(-0.0937892 0.0800511 0)
(-0.107598 0.0882931 0)
(-0.159411 0.0701521 0)
(-0.166371 0.0658082 0)
(-0.142966 0.0539612 0)
(-0.151005 0.0275395 0)
(-0.132883 -0.00910474 0)
(-0.0937021 -0.00465011 0)
(-0.102715 -0.0272255 0)
(-0.0834566 -0.0387247 0)
(-0.0693715 -0.0355107 0)
(-0.0515275 -0.0393033 0)
(-0.0352189 -0.0357162 0)
(-0.0191795 -0.032152 0)
(-0.00348237 -0.027715 0)
(0.00977878 -0.0202138 0)
(0.0187998 -0.0130974 0)
(0.024269 -0.00686331 0)
(0.0262442 -0.00180198 0)
(0.0250085 0.00181213 0)
(0.0219687 0.00411997 0)
(0.0161067 0.00720648 0)
(0.00594679 0.00936707 0)
(0.00529701 0.0464926 0)
(0.0183456 0.0624302 0)
(0.0286556 0.0936231 0)
(0.0327902 0.117896 0)
(0.0150735 0.111775 0)
(0.00121478 0.0974454 0)
(-0.00675137 0.0790678 0)
(-0.0825936 0.0579194 0)
(-0.109305 0.0807414 0)
(-0.128714 0.0887429 0)
(-0.143678 0.0745761 0)
(-0.17317 0.0453501 0)
(-0.164318 0.0128214 0)
(-0.155318 -0.0169135 0)
(-0.117852 -0.0156183 0)
(-0.0803947 -0.0283688 0)
(-0.0879278 -0.0409567 0)
(-0.0680061 -0.0397726 0)
(-0.0514293 -0.0425445 0)
(-0.0346808 -0.0388041 0)
(-0.0185048 -0.0346788 0)
(-0.00262394 -0.0299404 0)
(0.0107683 -0.0217362 0)
(0.0196311 -0.0139855 0)
(0.0249065 -0.00726834 0)
(0.0266862 -0.00183953 0)
(0.0252802 0.00201637 0)
(0.0221893 0.00445207 0)
(0.0163053 0.00778216 0)
(0.00602396 0.0101246 0)
(-0.000322608 0.0301069 0)
(0.00457813 0.0435448 0)
(0.0163689 0.0718343 0)
(0.0400888 0.102562 0)
(0.0514795 0.0999667 0)
(0.0306127 0.0719958 0)
(0.00945811 0.0926677 0)
(-0.0497997 0.126993 0)
(-0.0569578 0.12771 0)
(-0.0849051 0.110883 0)
(-0.11107 0.0931045 0)
(-0.102989 0.0661529 0)
(-0.118165 0.0248673 0)
(-0.164325 -0.0206108 0)
(-0.132843 -0.0340393 0)
(-0.0789531 -0.0353543 0)
(-0.0808128 -0.0407012 0)
(-0.0679393 -0.0440595 0)
(-0.0506777 -0.0457817 0)
(-0.0340981 -0.0419339 0)
(-0.0177592 -0.0372286 0)
(-0.00169848 -0.0321821 0)
(0.0118431 -0.0232621 0)
(0.02053 -0.014851 0)
(0.0255902 -0.00764876 0)
(0.0271579 -0.00185708 0)
(0.025568 0.0022328 0)
(0.0224242 0.00478533 0)
(0.0165196 0.00836282 0)
(0.00610744 0.0108922 0)
(-0.0168509 0.0459448 0)
(-0.0446662 0.0522132 0)
(-0.0605324 0.0724884 0)
(-0.0608612 0.100884 0)
(-0.0663882 0.108894 0)
(-0.110387 0.10485 0)
(-0.127587 0.11109 0)
(-0.138138 0.100153 0)
(-0.127202 0.0851385 0)
(-0.14054 0.0888559 0)
(-0.107842 0.0796322 0)
(-0.116565 0.0642335 0)
(-0.0939641 0.0383216 0)
(-0.118264 -0.00594117 0)
(-0.116333 -0.0394762 0)
(-0.112084 -0.046104 0)
(-0.0656931 -0.0436987 0)
(-0.0675159 -0.0463342 0)
(-0.0492742 -0.049128 0)
(-0.0334003 -0.0450518 0)
(-0.0169385 -0.0398077 0)
(-0.000704081 -0.0344386 0)
(0.0130047 -0.0247951 0)
(0.0214982 -0.0156872 0)
(0.0263202 -0.00800386 0)
(0.0276587 -0.00185313 0)
(0.0258709 0.00246256 0)
(0.0226732 0.00511932 0)
(0.0167498 0.00894871 0)
(0.00619741 0.0116707 0)
(-0.0194909 0.0877825 0)
(-0.0560451 0.0830648 0)
(-0.078522 0.0890133 0)
(-0.0801102 0.106454 0)
(-0.0733767 0.125846 0)
(-0.0594879 0.121778 0)
(-0.0315455 0.118507 0)
(-0.02281 0.135796 0)
(-0.0601589 0.153101 0)
(-0.096576 0.131381 0)
(-0.0980476 0.080263 0)
(-0.157792 0.042344 0)
(-0.175401 0.0207483 0)
(-0.128745 -0.0147151 0)
(-0.0832647 -0.0366452 0)
(-0.127131 -0.0482962 0)
(-0.0617787 -0.0525653 0)
(-0.0644244 -0.0471665 0)
(-0.0476273 -0.0523356 0)
(-0.0324551 -0.0481122 0)
(-0.0160313 -0.0424161 0)
(0.000362657 -0.0367072 0)
(0.0142548 -0.0263391 0)
(0.0225374 -0.0164922 0)
(0.0270956 -0.00833078 0)
(0.0281881 -0.0018282 0)
(0.0261881 0.00270685 0)
(0.022936 0.00545347 0)
(0.0169963 0.00954004 0)
(0.00629408 0.0124608 0)
(-0.0099573 0.129745 0)
(-0.0371391 0.117403 0)
(-0.0520282 0.105698 0)
(-0.0426188 0.0955145 0)
(-0.0417028 0.0964884 0)
(-0.021231 0.0943333 0)
(-0.036696 0.104236 0)
(-0.103108 0.133291 0)
(-0.210442 0.142045 0)
(-0.173351 0.0750454 0)
(-0.108653 0.0971306 0)
(-0.111742 0.120597 0)
(-0.145793 0.0380023 0)
(-0.19229 -0.0418837 0)
(-0.10639 -0.0469049 0)
(-0.0987044 -0.0498215 0)
(-0.0787411 -0.0599179 0)
(-0.0591115 -0.049396 0)
(-0.0463925 -0.0550752 0)
(-0.0311746 -0.0511065 0)
(-0.0150193 -0.0450442 0)
(0.00150729 -0.0389786 0)
(0.0155948 -0.0278978 0)
(0.0236503 -0.0172626 0)
(0.0279161 -0.00862611 0)
(0.0287452 -0.00177961 0)
(0.0265186 0.00296684 0)
(0.023212 0.00578723 0)
(0.0172597 0.010137 0)
(0.00639768 0.0132635 0)
(-0.000519532 0.152412 0)
(-0.0144106 0.138367 0)
(-0.0210984 0.108675 0)
(-0.0163342 0.0947884 0)
(-0.0408743 0.101346 0)
(-0.103263 0.102006 0)
(-0.207046 0.147478 0)
(-0.284255 0.191369 0)
(-0.251739 0.16488 0)
(-0.134474 0.0646155 0)
(-0.230576 0.0750003 0)
(-0.227349 0.0351185 0)
(-0.112403 0.0346853 0)
(-0.146049 -0.0213652 0)
(-0.156776 -0.0597654 0)
(-0.0721895 -0.062656 0)
(-0.0881362 -0.0611912 0)
(-0.0549298 -0.0538909 0)
(-0.0459958 -0.0574195 0)
(-0.0296878 -0.0540897 0)
(-0.0138882 -0.0476819 0)
(0.00273629 -0.0412407 0)
(0.0170264 -0.0294771 0)
(0.0248395 -0.0179923 0)
(0.0287807 -0.00888979 0)
(0.0293294 -0.00170598 0)
(0.0268613 0.00324348 0)
(0.0235009 0.00612014 0)
(0.0175403 0.0107398 0)
(0.00650844 0.0140795 0)
(0.00257692 0.152517 0)
(-0.00322006 0.141981 0)
(-0.00786211 0.108296 0)
(-0.0187758 0.112425 0)
(-0.0552044 0.156248 0)
(-0.124481 0.199411 0)
(-0.199303 0.221788 0)
(-0.177223 0.209624 0)
(-0.0838069 0.126228 0)
(0.132013 0.025588 0)
(0.0037308 0.0943017 0)
(0.102991 0.0941472 0)
(0.0144428 0.0389069 0)
(-0.220638 -0.0577376 0)
(-0.0870256 -0.0791362 0)
(-0.0973844 -0.0688434 0)
(-0.0772452 -0.065015 0)
(-0.0527258 -0.0578906 0)
(-0.046024 -0.0597511 0)
(-0.0282953 -0.0571615 0)
(-0.0126558 -0.0503407 0)
(0.00405469 -0.0434809 0)
(0.0185502 -0.0310841 0)
(0.0261084 -0.0186744 0)
(0.0296887 -0.00911821 0)
(0.0299399 -0.00160551 0)
(0.0272151 0.00353758 0)
(0.0238021 0.0064519 0)
(0.0178388 0.0113486 0)
(0.00662663 0.0149098 0)
(0.00162717 0.152178 0)
(-0.000162905 0.147366 0)
(-0.0112464 0.121943 0)
(-0.0412253 0.143431 0)
(-0.0832437 0.196498 0)
(-0.134979 0.235285 0)
(-0.158904 0.227003 0)
(0.00887712 0.0842277 0)
(0.0415475 0.0384674 0)
(0.11356 0.027624 0)
(0.0381285 0.133321 0)
(0.159749 0.0518625 0)
(0.0998868 0.103828 0)
(0.585535 0.0725821 0)
(-0.24147 -0.100242 0)
(-0.0736621 -0.0695766 0)
(-0.0711498 -0.0693987 0)
(-0.0481474 -0.0604972 0)
(-0.0447166 -0.0620928 0)
(-0.0269382 -0.0604009 0)
(-0.0113831 -0.0530561 0)
(0.0054623 -0.0457023 0)
(0.0201669 -0.0327266 0)
(0.0274612 -0.0193016 0)
(0.0306387 -0.00931046 0)
(0.0305758 -0.00147754 0)
(0.0275787 0.00384952 0)
(0.0241152 0.0067822 0)
(0.0181556 0.0119635 0)
(0.00675254 0.0157553 0)
(-0.00208346 0.154612 0)
(-0.00491234 0.158044 0)
(-0.0184238 0.150099 0)
(-0.0584766 0.175624 0)
(-0.105095 0.228541 0)
(-0.129009 0.239627 0)
(-0.100268 0.149008 0)
(-0.0199077 0.0535337 0)
(-0.0330302 0.0471472 0)
(0.0230228 -0.00870374 0)
(0.0679835 0.0776432 0)
(0.139428 0.0317149 0)
(0.432291 -0.14668 0)
(0.426744 0.0390932 0)
(0.0025821 0.162385 0)
(-0.286649 -0.127328 0)
(-0.0592501 -0.071138 0)
(-0.0428257 -0.0629724 0)
(-0.0396592 -0.0639404 0)
(-0.0243952 -0.0635794 0)
(-0.0100745 -0.0558385 0)
(0.00695088 -0.0479185 0)
(0.0218773 -0.0344219 0)
(0.0289021 -0.0198676 0)
(0.0316293 -0.00945872 0)
(0.0312365 -0.00131828 0)
(0.0279509 0.00418067 0)
(0.0244396 0.00711113 0)
(0.0184915 0.0125842 0)
(0.00688651 0.0166166 0)
(-0.00478074 0.163012 0)
(-0.0106 0.169735 0)
(-0.0225283 0.175603 0)
(-0.0502956 0.210193 0)
(-0.0878487 0.250204 0)
(-0.103667 0.252045 0)
(-0.0169931 0.1227 0)
(-0.0312885 0.0227745 0)
(0.00977512 0.028514 0)
(0.0916237 -0.0158387 0)
(0.0910043 0.0620936 0)
(0.125306 -0.0217191 0)
(1.43313 0.0404147 0)
(0.561764 0.239547 0)
(-0.467133 0.199391 0)
(-0.367161 -0.096954 0)
(-0.0496665 -0.142499 0)
(-0.036434 -0.0668775 0)
(-0.0302576 -0.0651072 0)
(-0.0175264 -0.0657719 0)
(-0.0084057 -0.0584864 0)
(0.00851401 -0.0501393 0)
(0.0236822 -0.0361795 0)
(0.0304373 -0.0203714 0)
(0.032658 -0.00957415 0)
(0.0319201 -0.00113711 0)
(0.0283299 0.00452875 0)
(0.0247746 0.00743671 0)
(0.018847 0.0132131 0)
(0.00702886 0.017496 0)
(-0.00521738 0.174791 0)
(-0.0154831 0.184395 0)
(-0.0276031 0.196053 0)
(-0.0427488 0.231038 0)
(-0.0602026 0.257595 0)
(-0.0620801 0.230156 0)
(0.0216271 0.106406 0)
(0.00150267 0.0423811 0)
(0.0967721 -0.0182456 0)
(0.143493 -0.0401116 0)
(0.134643 0.0233531 0)
(0.186051 -0.826111 0)
(-0.108477 -0.0550236 0)
(0.0646629 0.400091 0)
(-0.359006 0.353049 0)
(-0.280674 -0.161229 0)
(-0.168078 -0.160651 0)
(-0.0327012 -0.0695167 0)
(-0.0206464 -0.0675003 0)
(-0.00136979 -0.065869 0)
(-0.00480922 -0.06036 0)
(0.0101614 -0.0522834 0)
(0.0255825 -0.0380139 0)
(0.0320735 -0.0207593 0)
(0.0337243 -0.00961518 0)
(0.0326277 -0.000903234 0)
(0.0287155 0.00490336 0)
(0.0251201 0.00776418 0)
(0.0192231 0.013837 0)
(0.0071808 0.0183887 0)
(-0.00242385 0.18605 0)
(-0.00909786 0.200608 0)
(-0.0152078 0.206646 0)
(-0.00820741 0.234297 0)
(-0.0179785 0.264224 0)
(0.00569892 0.188351 0)
(0.0354135 0.0945313 0)
(0.0529994 -0.0212738 0)
(0.107707 -0.065142 0)
(0.131435 -0.0346929 0)
(0.182217 0.0240474 0)
(0.884678 0.456474 0)
(-0.628035 0.0472148 0)
(-0.150008 0.457322 0)
(-0.346183 0.371842 0)
(-0.43611 -0.116765 0)
(-0.413326 -0.226962 0)
(-0.465321 -0.0996316 0)
(-0.0828793 -0.0808845 0)
(0.0159994 -0.0673759 0)
(0.00694794 -0.0603653 0)
(0.0120143 -0.0539485 0)
(0.0275774 -0.0400042 0)
(0.0338133 -0.0211489 0)
(0.0348178 -0.00968067 0)
(0.0333522 -0.00068313 0)
(0.0291029 0.00528145 0)
(0.0254735 0.00807374 0)
(0.019619 0.0145274 0)
(0.00732426 0.0193225 0)
(0.000794423 0.187263 0)
(0.00191427 0.20409 0)
(0.00893686 0.20014 0)
(0.0181348 0.230895 0)
(0.0239305 0.256707 0)
(0.0582581 0.182761 0)
(0.0605419 0.0763952 0)
(0.113071 -0.0179337 0)
(0.120929 -0.0735037 0)
(0.127056 -0.114265 0)
(0.328771 -0.337855 0)
(-0.0875428 -0.510634 0)
(-0.544532 0.229753 0)
(-0.259685 0.397843 0)
(-0.347738 0.360154 0)
(-0.317655 -0.0996004 0)
(-0.428649 -0.205057 0)
(-0.586899 -0.102803 0)
(-0.723567 -0.163949 0)
(-0.0147534 -0.097511 0)
(0.0406551 -0.0599589 0)
(0.0150263 -0.0538178 0)
(0.0296693 -0.0419449 0)
(0.0356788 -0.0212245 0)
(0.0359514 -0.00954144 0)
(0.0341086 -0.000324588 0)
(0.029504 0.00571532 0)
(0.0258462 0.00842475 0)
(0.0200456 0.014921 0)
(0.00775889 0.0201904 0)
(0.00138582 0.180636 0)
(0.0105271 0.194332 0)
(0.0189728 0.198698 0)
(0.029313 0.216879 0)
(0.0490915 0.230753 0)
(0.0771027 0.163802 0)
(0.107133 0.0740777 0)
(0.145433 -0.0598532 0)
(0.158061 -0.076333 0)
(0.215477 -0.126244 0)
(0.254794 0.0104234 0)
(-0.476899 0.329031 0)
(-0.570716 0.196224 0)
(-0.250062 0.35438 0)
(-0.318335 0.342898 0)
(-0.21133 -0.0513814 0)
(-0.366025 -0.137479 0)
(-0.813433 -0.0814908 0)
(-0.903234 -0.143947 0)
(-0.385927 -0.215891 0)
(0.0497423 -0.0675118 0)
(0.0250443 -0.0503282 0)
(0.0320079 -0.0442346 0)
(0.0376801 -0.0215156 0)
(0.037091 -0.00958875 0)
(0.0348149 -9.93517e-05 0)
(0.029804 0.00613148 0)
(0.0261235 0.00865091 0)
(0.0204657 0.0165006 0)
(0.00486068 0.0213802 0)
(0.00111549 0.176177 0)
(0.0150332 0.182542 0)
(0.022773 0.186552 0)
(0.0446663 0.19605 0)
(0.0762997 0.210225 0)
(0.0907153 0.157521 0)
(0.141418 0.0373539 0)
(0.16411 -0.0517977 0)
(0.0522144 -0.0628706 0)
(0.384296 -0.160486 0)
(-0.926094 0.248785 0)
(-0.19846 0.233303 0)
(-0.521086 0.17784 0)
(-0.221734 0.312817 0)
(-0.204834 0.324874 0)
(-0.0641403 -0.0349711 0)
(-0.118371 -0.108943 0)
(-0.309916 -0.0659015 0)
(-0.0441779 -0.147663 0)
(0.0865592 -0.279657 0)
(-0.153261 -0.127449 0)
(0.0617316 -0.0518376 0)
(0.0358221 -0.0445352 0)
(0.0400235 -0.0212053 0)
(0.0383156 -0.00931867 0)
(0.0360326 0.000345725 0)
(0.0308761 0.00653069 0)
(0.0273139 0.00915882 0)
(0.0204023 0.0148904 0)
(0.0308157 0.0218433 0)
(0.00196962 0.164947 0)
(0.0136442 0.165756 0)
(0.0299982 0.168079 0)
(0.0441146 0.168726 0)
(0.0812479 0.172852 0)
(0.0869644 0.138345 0)
(0.160851 -0.0090549 0)
(0.17702 0.00121317 0)
(0.191249 -0.164372 0)
(-0.754269 0.127621 0)
(-0.0818291 0.0702503 0)
(-0.413398 0.200128 0)
(-0.265067 0.168082 0)
(-0.24318 0.264366 0)
(-0.0575689 0.284775 0)
(0.0298444 -0.0363971 0)
(-0.0568825 -0.0837558 0)
(-0.163745 -0.0691838 0)
(-0.217595 -0.155263 0)
(-0.595967 -0.286401 0)
(-0.279858 -0.0828967 0)
(0.136081 -0.0719959 0)
(0.044589 -0.0420109 0)
(0.0439853 -0.0207965 0)
(0.0395316 -0.00915879 0)
(0.0351999 0.000714507 0)
(0.0286557 0.00713732 0)
(0.0234547 0.00895996 0)
(0.0290539 0.0187603 0)
(-0.106856 0.023561 0)
(-0.242273 0.0193807 0)
(0.0178323 0.0201869 0)
(-0.028485 0.00954685 0)
(-0.0298169 0.00751347 0)
(-0.036479 0.00108917 0)
(-0.0435002 -0.00886253 0)
(-0.0541565 -0.0192287 0)
(-0.107068 -0.0349402 0)
(-0.0782448 -0.135248 0)
(1.19404 -0.198764 0)
(0.834297 -0.236177 0)
(0.229797 -0.0959996 0)
(0.07874 -0.0549615 0)
(0.0658657 -0.0574295 0)
(-0.0246872 -0.0938987 0)
(0.0431342 0.078477 0)
(-0.0177375 0.163027 0)
(0.499821 0.270215 0)
(0.347456 0.275991 0)
(-0.248632 0.258053 0)
(-0.624881 0.190937 0)
(-0.0325785 0.273224 0)
(-0.117281 -0.0174078 0)
(-0.125336 -0.056889 0)
(-0.126917 0.109822 0)
(-0.0553911 0.147428 0)
(-0.04655 0.157583 0)
(-0.0324202 0.153699 0)
(-0.0110217 0.15483 0)
(-0.00170025 0.158428 0)
(-0.385764 0.0128521 0)
(0.0367453 0.0153687 0)
(-0.0404304 0.0106517 0)
(-0.037238 0.00770231 0)
(-0.0430024 0.00162777 0)
(-0.0558805 -0.00815475 0)
(-0.0753206 -0.0164755 0)
(-0.147504 -0.040854 0)
(0.393405 -0.160836 0)
(0.794849 -0.168366 0)
(0.54047 -0.210508 0)
(0.157449 -0.0669419 0)
(0.0373886 -0.0453033 0)
(0.039494 -0.0527428 0)
(-0.0435447 -0.0924207 0)
(0.0329653 0.0767169 0)
(0.019422 0.125609 0)
(0.422318 0.22365 0)
(0.363356 0.358615 0)
(-0.178786 0.374974 0)
(0.447123 -0.0100949 0)
(-0.00883555 0.0761909 0)
(-0.0180581 0.00284758 0)
(-0.0719122 -0.0140808 0)
(-0.133321 0.0883584 0)
(-0.0423539 0.136583 0)
(-0.0516907 0.154417 0)
(-0.031413 0.144088 0)
(-0.0115544 0.144359 0)
(-0.00439283 0.152263 0)
(-0.464048 0.00255731 0)
(-0.0701889 0.00789514 0)
(-0.0900065 0.0120634 0)
(-0.083469 0.00800048 0)
(-0.0708944 0.0022168 0)
(-0.0924016 -0.00708991 0)
(-0.111721 -0.0132097 0)
(-0.196309 -0.0554504 0)
(-0.638981 -0.215692 0)
(0.156224 -0.160248 0)
(0.258248 -0.189121 0)
(0.0755671 -0.0477274 0)
(0.0061549 -0.0388236 0)
(0.0226732 -0.0488805 0)
(-0.0499112 -0.0917877 0)
(0.0242244 0.0692118 0)
(0.0536561 0.0917688 0)
(0.35591 0.181916 0)
(0.356987 0.445134 0)
(-0.0535273 0.423029 0)
(0.422753 0.0122783 0)
(0.199317 0.496618 0)
(0.0234402 0.0243669 0)
(-0.0831296 -0.0126026 0)
(-0.108527 0.0689669 0)
(-0.0347979 0.117001 0)
(-0.0429134 0.149455 0)
(-0.0281338 0.133395 0)
(-0.0132591 0.136355 0)
(-0.00635944 0.145663 0)
(-0.476876 -0.00517523 0)
(-0.260565 0.00135701 0)
(-0.198676 0.0112717 0)
(-0.167486 0.0064792 0)
(-0.136355 0.00211823 0)
(-0.159519 -0.00583524 0)
(-0.164695 -0.00694398 0)
(-0.271852 -0.0285862 0)
(1.4251 -0.347331 0)
(0.213079 -0.173286 0)
(0.0678029 -0.184127 0)
(-0.00419544 -0.0391365 0)
(-0.0157408 -0.0371458 0)
(0.00899766 -0.0463405 0)
(-0.0518692 -0.0911416 0)
(0.0186903 0.0561553 0)
(0.0802076 0.0628794 0)
(0.302951 0.136399 0)
(0.328919 0.523208 0)
(0.171582 0.427697 0)
(-0.292466 -0.119538 0)
(-0.0439357 0.252556 0)
(-0.0784142 0.0624135 0)
(-0.0646157 0.0231659 0)
(-0.0704882 0.0572606 0)
(-0.0420445 0.110298 0)
(-0.0304618 0.146157 0)
(-0.0244671 0.128174 0)
(-0.0152731 0.128045 0)
(-0.00458784 0.135376 0)
(-0.450144 -0.0076048 0)
(-0.353013 -0.00168979 0)
(-0.310932 0.00793271 0)
(-0.261832 0.00414183 0)
(-0.225066 0.00148337 0)
(-0.223079 -0.00499513 0)
(-0.215257 -0.0141907 0)
(0.446356 -0.125109 0)
(1.12088 -0.110294 0)
(0.338793 -0.0920062 0)
(-0.0246338 -0.158042 0)
(-0.057712 -0.038575 0)
(-0.0270691 -0.0397683 0)
(-0.00101219 -0.0453786 0)
(-0.0500313 -0.0907428 0)
(0.0162892 0.0393165 0)
(0.0918958 0.0365062 0)
(0.27635 0.100308 0)
(0.234393 0.560949 0)
(0.434553 0.506951 0)
(-0.481955 -0.0128518 0)
(-0.461552 0.468998 0)
(-0.0574471 -0.0382686 0)
(-0.0206617 0.00719308 0)
(-0.021721 0.0568804 0)
(-0.0396635 0.10966 0)
(-0.0203602 0.136484 0)
(-0.0096105 0.12815 0)
(-0.0127158 0.119757 0)
(-0.000329771 0.125824 0)
(-0.426847 -0.011022 0)
(-0.386907 -0.0028802 0)
(-0.369451 0.00556335 0)
(-0.329654 0.0015712 0)
(-0.291134 -0.000230703 0)
(-0.27174 -0.00616206 0)
(-0.285978 -0.0489217 0)
(0.448335 -0.173187 0)
(-0.567794 -0.274504 0)
(0.0193075 -0.0747982 0)
(-0.0750057 -0.140668 0)
(-0.0785512 -0.0432108 0)
(-0.0306169 -0.0442026 0)
(-0.00703408 -0.04556 0)
(-0.044109 -0.0908169 0)
(0.0162851 0.0203824 0)
(0.0920812 0.0099713 0)
(0.270299 0.0687196 0)
(0.212817 0.562875 0)
(0.0917823 0.520549 0)
(-0.538094 0.129457 0)
(-0.298897 0.446204 0)
(0.0425451 -0.388893 0)
(-0.0711223 0.0102874 0)
(-0.0596224 0.0646841 0)
(-0.0482386 0.110578 0)
(-0.0172154 0.112675 0)
(0.0140045 0.128309 0)
(-0.00228674 0.119992 0)
(0.00508469 0.122856 0)
(-0.35597 -0.0115249 0)
(-0.374691 -0.00437294 0)
(-0.382968 0.00374738 0)
(-0.351936 -0.00117682 0)
(-0.316859 -0.00277711 0)
(-0.295763 -0.00634162 0)
(-0.211735 -0.0821815 0)
(0.372136 -0.179084 0)
(-0.0676508 -0.177107 0)
(-0.0984372 -0.117453 0)
(-0.0731094 -0.135713 0)
(-0.0785477 -0.0505318 0)
(-0.0305462 -0.0490283 0)
(-0.00770607 -0.0464944 0)
(-0.0332111 -0.0914855 0)
(0.0178043 0.000843035 0)
(0.0862098 -0.0187587 0)
(0.289239 0.0478194 0)
(0.129522 0.591268 0)
(0.561342 0.679679 0)
(-0.386514 0.183179 0)
(0.0527215 0.275692 0)
(-0.76296 0.10564 0)
(-0.0993888 0.0477722 0)
(-0.0664307 0.0419994 0)
(-0.0429441 0.0974113 0)
(-0.0108347 0.0908435 0)
(0.0121624 0.126489 0)
(0.000783545 0.126232 0)
(0.00743676 0.126592 0)
(-0.257285 -0.00943236 0)
(-0.263266 -0.00462129 0)
(-0.37598 0.00473644 0)
(-0.347266 -0.00302425 0)
(-0.300801 -0.00424009 0)
(-0.232255 -0.0152512 0)
(0.0173305 -0.148662 0)
(0.012373 -0.1391 0)
(-0.0110334 -0.165399 0)
(-0.0522104 -0.102813 0)
(-0.0703314 -0.133588 0)
(-0.0719102 -0.0570952 0)
(-0.0289136 -0.0540899 0)
(-0.000958584 -0.0480938 0)
(-0.0150964 -0.0926348 0)
(0.0201589 -0.0166855 0)
(0.0781935 -0.0525395 0)
(0.283898 0.0111589 0)
(0.175283 0.573325 0)
(0.598081 0.718082 0)
(-0.275972 0.355061 0)
(0.192458 0.182831 0)
(-0.118713 -0.158414 0)
(-0.207658 -0.327679 0)
(-0.138192 0.0301924 0)
(-0.0211795 0.0605002 0)
(-0.0400263 0.0865948 0)
(-0.0202981 0.123845 0)
(-0.00537044 0.125395 0)
(0.00450761 0.127583 0)
(-0.181148 -0.00923334 0)
(-0.167028 0.00209905 0)
(-0.38243 0.0127134 0)
(-0.358026 -0.00726565 0)
(-0.212544 -0.0125368 0)
(-0.170562 -0.0420864 0)
(-0.053071 -0.121589 0)
(-0.0491547 -0.165115 0)
(-0.0366057 -0.173048 0)
(-0.067988 -0.112718 0)
(-0.0664475 -0.12713 0)
(-0.0649496 -0.0640476 0)
(-0.0263144 -0.0606382 0)
(0.0177055 -0.0526941 0)
(0.0142879 -0.0936771 0)
(0.0332327 -0.030788 0)
(0.0761599 -0.0819615 0)
(0.241695 -0.0289336 0)
(0.17951 0.576505 0)
(0.618754 0.796928 0)
(-0.130627 0.485997 0)
(0.139867 0.316181 0)
(-0.157488 0.0992667 0)
(-0.21318 -0.172304 0)
(-0.366879 -0.00246899 0)
(0.0127134 -0.0668842 0)
(-0.051161 0.0726103 0)
(-0.0299488 0.0960944 0)
(-0.01637 0.119394 0)
(0.000138913 0.124174 0)
(-0.121613 -0.00946346 0)
(-0.115804 0.00951982 0)
(-0.373553 0.0205473 0)
(-0.351345 -0.0183182 0)
(-0.0789633 -0.025268 0)
(-0.0891414 -0.0383989 0)
(-0.00880322 -0.125898 0)
(-0.0193972 -0.151881 0)
(-0.0317865 -0.163089 0)
(-0.0620102 -0.101478 0)
(-0.0617173 -0.124676 0)
(-0.0593896 -0.0711455 0)
(-0.0243721 -0.0704122 0)
(0.0474915 -0.0648034 0)
(0.0556759 -0.0887965 0)
(0.0398907 -0.0428895 0)
(0.0506749 -0.0965856 0)
(0.150009 -0.00789371 0)
(-0.158984 0.506689 0)
(0.87578 0.828877 0)
(0.134489 0.624941 0)
(0.392663 0.306993 0)
(0.204651 0.157637 0)
(0.015018 0.0679251 0)
(-0.0671417 -0.285025 0)
(-0.219339 -0.134795 0)
(-0.132413 0.0665768 0)
(-0.08348 0.0446756 0)
(-0.0363569 0.0865604 0)
(-0.00433074 0.0883446 0)
(-0.0771669 -0.00912377 0)
(-0.0859286 0.0192346 0)
(-0.343267 0.0303124 0)
(-0.309691 -0.0342922 0)
(-0.010898 -0.0404827 0)
(-0.0312501 -0.0407011 0)
(0.0208538 -0.132597 0)
(-0.00535039 -0.149582 0)
(-0.0271916 -0.163912 0)
(-0.0614114 -0.108235 0)
(-0.0566923 -0.120549 0)
(-0.055408 -0.0779187 0)
(-0.0268208 -0.0810788 0)
(0.024502 -0.0774218 0)
(0.0392961 -0.0832998 0)
(0.0294835 -0.0481675 0)
(0.0489227 -0.100858 0)
(0.0997988 0.0267796 0)
(-0.116002 0.281461 0)
(0.918244 0.542759 0)
(0.49593 0.673763 0)
(0.662859 0.380932 0)
(0.576645 0.234249 0)
(0.391509 0.163485 0)
(0.191081 0.0973078 0)
(-0.0919782 0.00804922 0)
(-0.109104 0.00424666 0)
(-0.10479 -0.000496146 0)
(-0.0691799 -0.00131902 0)
(-0.0182756 0.000138819 0)
(-0.0464405 -0.00823521 0)
(-0.0625763 0.0295554 0)
(-0.291976 0.0397949 0)
(-0.236542 -0.0511362 0)
(-0.00229825 -0.0565693 0)
(0.00334235 -0.0424608 0)
(0.0391307 -0.131795 0)
(0.00432029 -0.142672 0)
(-0.0214224 -0.156631 0)
(-0.0555511 -0.104326 0)
(-0.0525402 -0.116917 0)
(-0.0513122 -0.0840148 0)
(-0.0308113 -0.0876507 0)
(-0.0106209 -0.0850627 0)
(0.00632095 -0.0824468 0)
(0.0264741 -0.0613733 0)
(0.0761954 -0.101388 0)
(0.0812401 0.000620305 0)
(0.176906 0.136567 0)
(0.616835 0.349447 0)
(0.618777 0.65902 0)
(0.729661 0.423641 0)
(0.720503 0.282822 0)
(0.609207 0.280331 0)
(0.43082 0.22513 0)
(0.18615 0.162118 0)
(0.0592795 0.0881733 0)
(-0.00106569 0.0196463 0)
(-0.0185871 -0.0298316 0)
(-0.0110799 -0.0499686 0)
(-0.0276517 -0.00722188 0)
(-0.040709 0.0391141 0)
(-0.225333 0.0473989 0)
(-0.151283 -0.0644772 0)
(-0.0139151 -0.0701326 0)
(0.0214144 -0.046074 0)
(0.0475144 -0.132327 0)
(0.00816721 -0.136219 0)
(-0.0201545 -0.152341 0)
(-0.0543 -0.105995 0)
(-0.0476019 -0.113639 0)
(-0.0466628 -0.0889404 0)
(-0.0325108 -0.0907391 0)
(-0.0207789 -0.091257 0)
(-0.000505096 -0.090124 0)
(0.0300146 -0.0763996 0)
(0.0653527 -0.102215 0)
(0.0746787 -0.0469492 0)
(0.187357 0.0697571 0)
(0.376224 0.31528 0)
(0.515429 0.54147 0)
(0.609769 0.381735 0)
(0.662492 0.304412 0)
(0.655996 0.363149 0)
(0.556826 0.383752 0)
(0.375259 0.34587 0)
(0.225225 0.247749 0)
(0.121075 0.128386 0)
(0.0535995 0.0268771 0)
(0.0105342 -0.0231511 0)
(-0.0162295 -0.00655058 0)
(-0.0192308 0.0466931 0)
(-0.150848 0.0525235 0)
(-0.0720534 -0.0733791 0)
(-0.0174197 -0.0797211 0)
(0.0300305 -0.0511601 0)
(0.0484182 -0.13032 0)
(0.00816058 -0.129195 0)
(-0.0160965 -0.145108 0)
(-0.0489342 -0.105331 0)
(-0.0419343 -0.110417 0)
(-0.0424427 -0.0930751 0)
(-0.0314663 -0.0937225 0)
(-0.0194866 -0.097265 0)
(-0.00229762 -0.0986631 0)
(0.0287008 -0.0929812 0)
(0.0720635 -0.111675 0)
(0.0876185 -0.0718399 0)
(0.102514 0.0060418 0)
(0.262488 0.237394 0)
(0.402286 0.410663 0)
(0.491709 0.32799 0)
(0.56236 0.301212 0)
(0.607914 0.397055 0)
(0.573686 0.481253 0)
(0.456475 0.488698 0)
(0.326501 0.409324 0)
(0.209426 0.280904 0)
(0.111184 0.154112 0)
(0.0324006 0.0804201 0)
(-0.00954818 -0.00643835 0)
(-0.00340943 0.0514754 0)
(-0.0764053 0.0549446 0)
(-0.00752753 -0.0783746 0)
(-0.00999802 -0.0850535 0)
(0.0337327 -0.0563586 0)
(0.0452761 -0.127662 0)
(0.00642535 -0.123153 0)
(-0.0138549 -0.139031 0)
(-0.0457472 -0.10602 0)
(-0.0400292 -0.107884 0)
(-0.0401097 -0.0963972 0)
(-0.031295 -0.0972705 0)
(-0.0176544 -0.103288 0)
(-0.00173152 -0.10829 0)
(0.035767 -0.110746 0)
(0.0615076 -0.124115 0)
(0.0639148 -0.0792532 0)
(0.0621466 -0.0261896 0)
(0.164608 0.130507 0)
(0.339674 0.297896 0)
(0.416276 0.258754 0)
(0.47707 0.274783 0)
(0.524993 0.400562 0)
(0.517375 0.532489 0)
(0.442792 0.586814 0)
(0.338076 0.544832 0)
(0.228774 0.436547 0)
(0.130232 0.310551 0)
(0.043795 0.228702 0)
(-0.00541991 -0.00684307 0)
(0.00586273 0.0531525 0)
(-0.0102204 0.0541468 0)
(0.0365987 -0.0799267 0)
(0.000977303 -0.087068 0)
(0.0351252 -0.0606183 0)
(0.0409958 -0.123911 0)
(0.0047513 -0.11728 0)
(-0.0120364 -0.1323 0)
(-0.0417954 -0.105313 0)
(-0.0375758 -0.104884 0)
(-0.0386951 -0.0990653 0)
(-0.0332538 -0.101155 0)
(-0.0208791 -0.109567 0)
(-0.00577199 -0.119948 0)
(0.0296877 -0.126648 0)
(0.0359651 -0.126659 0)
(0.0400759 -0.0851112 0)
(0.0561803 -0.04674 0)
(0.103755 0.0368224 0)
(0.267882 0.170691 0)
(0.341457 0.190625 0)
(0.37715 0.259644 0)
(0.404283 0.419514 0)
(0.391798 0.586095 0)
(0.335547 0.679176 0)
(0.258507 0.671946 0)
(0.181828 0.583337 0)
(0.111105 0.464752 0)
(0.0434106 0.383698 0)
(-0.00250553 -0.00744627 0)
(0.00840049 0.051437 0)
(0.0402714 0.0510009 0)
(0.0628827 -0.0779698 0)
(0.0105558 -0.0867965 0)
(0.0353816 -0.0637388 0)
(0.0367528 -0.11945 0)
(0.00349743 -0.111888 0)
(-0.0110512 -0.125749 0)
(-0.0385368 -0.105041 0)
(-0.0384478 -0.102338 0)
(-0.0392689 -0.100098 0)
(-0.0369083 -0.104 0)
(-0.0309246 -0.114452 0)
(-0.0211707 -0.127976 0)
(-0.0101643 -0.134561 0)
(-0.0130263 -0.123191 0)
(-0.00754345 -0.09575 0)
(0.0271962 -0.0727363 0)
(0.0764518 -0.0316685 0)
(0.191085 0.0690928 0)
(0.249941 0.142161 0)
(0.255934 0.255484 0)
(0.259326 0.454938 0)
(0.235962 0.646302 0)
(0.197818 0.756264 0)
(0.161644 0.759582 0)
(0.126585 0.683153 0)
(0.0868047 0.580679 0)
(0.0430479 0.508958 0)
(-0.000244881 -0.00791271 0)
(0.00670456 0.0465989 0)
(0.0696886 0.0465758 0)
(0.0758166 -0.0733987 0)
(0.0177855 -0.0849516 0)
(0.0349015 -0.0658864 0)
(0.0327893 -0.114439 0)
(0.00248255 -0.106744 0)
(-0.0102712 -0.119104 0)
(-0.035534 -0.102981 0)
(-0.0398776 -0.0993069 0)
(-0.0411594 -0.100279 0)
(-0.0426816 -0.104794 0)
(-0.0423464 -0.115898 0)
(-0.043422 -0.128654 0)
(-0.0481837 -0.135097 0)
(-0.0470183 -0.125051 0)
(-0.0311407 -0.112042 0)
(-0.0086326 -0.104763 0)
(0.0231799 -0.0908751 0)
(0.0924529 0.00306802 0)
(0.114594 0.124567 0)
(0.10771 0.276179 0)
(0.107255 0.494928 0)
(0.0955249 0.681086 0)
(0.0888666 0.778839 0)
(0.0874543 0.785869 0)
(0.0798267 0.730682 0)
(0.0636891 0.654328 0)
(0.0419454 0.598468 0)
(0.00168292 -0.00810719 0)
(0.00422869 0.0399931 0)
(0.0791711 0.0409443 0)
(0.0800233 -0.0675255 0)
(0.0228162 -0.0820603 0)
(0.0337884 -0.0671897 0)
(0.0290967 -0.109043 0)
(0.00158833 -0.101911 0)
(-0.00976331 -0.112428 0)
(-0.0325833 -0.100797 0)
(-0.0382065 -0.0965827 0)
(-0.0411303 -0.098883 0)
(-0.046948 -0.103549 0)
(-0.0524002 -0.113779 0)
(-0.0581312 -0.125552 0)
(-0.0657355 -0.134085 0)
(-0.0690259 -0.129637 0)
(-0.0609751 -0.124296 0)
(-0.0443004 -0.125883 0)
(-0.0426809 -0.118861 0)
(-0.0246938 -0.0177023 0)
(-0.0302314 0.132023 0)
(-0.0516225 0.303899 0)
(-0.0423923 0.524668 0)
(-0.0377051 0.690969 0)
(-0.0207418 0.770407 0)
(-0.00033599 0.777558 0)
(0.0171551 0.736838 0)
(0.0264203 0.681115 0)
(0.0284955 0.642502 0)
(0.00341467 -0.00803726 0)
(0.00260409 0.0329328 0)
(0.0753675 0.0346212 0)
(0.0788361 -0.0614077 0)
(0.025958 -0.0785058 0)
(0.0320938 -0.0677413 0)
(0.0256246 -0.1034 0)
(0.000842248 -0.0972795 0)
(-0.00962654 -0.106032 0)
(-0.0296443 -0.0977761 0)
(-0.035859 -0.093677 0)
(-0.0429394 -0.0952446 0)
(-0.050551 -0.098959 0)
(-0.0609859 -0.108745 0)
(-0.0734383 -0.120523 0)
(-0.0872189 -0.128486 0)
(-0.099479 -0.126771 0)
(-0.104533 -0.124452 0)
(-0.108336 -0.128889 0)
(-0.130552 -0.110705 0)
(-0.146252 -0.000757615 0)
(-0.156968 0.159002 0)
(-0.180823 0.318483 0)
(-0.163975 0.512869 0)
(-0.144172 0.653567 0)
(-0.110004 0.711715 0)
(-0.0729953 0.708854 0)
(-0.0376313 0.674378 0)
(-0.010603 0.634868 0)
(0.00886194 0.611573 0)
(0.00477219 -0.00776601 0)
(0.00190779 0.0262166 0)
(0.0660905 0.0280937 0)
(0.0743692 -0.0557116 0)
(0.0274915 -0.0745737 0)
(0.0298959 -0.0676217 0)
(0.0223462 -0.0976479 0)
(0.000190921 -0.0927721 0)
(-0.00978896 -0.0997204 0)
(-0.0271672 -0.0940223 0)
(-0.0351463 -0.0895914 0)
(-0.0445771 -0.0907793 0)
(-0.0556271 -0.0944463 0)
(-0.0674167 -0.100699 0)
(-0.0841825 -0.109411 0)
(-0.105159 -0.115959 0)
(-0.126184 -0.114461 0)
(-0.142731 -0.111904 0)
(-0.165783 -0.112624 0)
(-0.20103 -0.0839105 0)
(-0.223969 0.0234385 0)
(-0.227609 0.178287 0)
(-0.237149 0.313882 0)
(-0.215156 0.459064 0)
(-0.17888 0.569347 0)
(-0.136254 0.61034 0)
(-0.0946795 0.602654 0)
(-0.0580236 0.577453 0)
(-0.0297069 0.554787 0)
(-0.00836777 0.543637 0)
(0.0057099 -0.00733404 0)
(0.0018235 0.0201396 0)
(0.0562865 0.0215284 0)
(0.0679053 -0.0507619 0)
(0.027676 -0.0704899 0)
(0.0272988 -0.0669131 0)
(0.0192504 -0.0919094 0)
(-0.000386176 -0.0883511 0)
(-0.0100826 -0.0935943 0)
(-0.0261406 -0.0898554 0)
(-0.0363512 -0.0858078 0)
(-0.0440379 -0.0846502 0)
(-0.0544297 -0.0859871 0)
(-0.0697342 -0.0905338 0)
(-0.0905207 -0.0956275 0)
(-0.115385 -0.0979742 0)
(-0.141597 -0.0945449 0)
(-0.167618 -0.0868909 0)
(-0.200085 -0.0790331 0)
(-0.24015 -0.0495333 0)
(-0.263796 0.0407589 0)
(-0.25751 0.1749 0)
(-0.243523 0.292821 0)
(-0.215566 0.395481 0)
(-0.173541 0.476398 0)
(-0.129179 0.50885 0)
(-0.0889363 0.507535 0)
(-0.0571221 0.497038 0)
(-0.0333664 0.488781 0)
(-0.0151099 0.486002 0)
(0.0062942 -0.00681206 0)
(0.00211096 0.0147142 0)
(0.047546 0.0151048 0)
(0.0602836 -0.0466116 0)
(0.0267517 -0.0664391 0)
(0.0244111 -0.0657038 0)
(0.0163379 -0.0863128 0)
(-0.000858568 -0.0839594 0)
(-0.0100515 -0.0875832 0)
(-0.0239343 -0.0838828 0)
(-0.0341043 -0.0806868 0)
(-0.0457895 -0.0799984 0)
(-0.0589942 -0.0791003 0)
(-0.0738358 -0.0784704 0)
(-0.0926664 -0.0778796 0)
(-0.117087 -0.0761021 0)
(-0.144232 -0.0688225 0)
(-0.172398 -0.0556142 0)
(-0.2038 -0.0389754 0)
(-0.239205 -0.010381 0)
(-0.263352 0.0517888 0)
(-0.259744 0.14824 0)
(-0.237056 0.243847 0)
(-0.204672 0.321579 0)
(-0.163408 0.380188 0)
(-0.122349 0.408316 0)
(-0.086647 0.417019 0)
(-0.0579499 0.420431 0)
(-0.0350635 0.422358 0)
(-0.0162354 0.425816 0)
(0.00653152 -0.00625564 0)
(0.00257352 0.00990822 0)
(0.0398334 0.00904683 0)
(0.0520904 -0.0431721 0)
(0.0249156 -0.0625639 0)
(0.0213349 -0.0641043 0)
(0.0135968 -0.0809652 0)
(-0.00124725 -0.0796449 0)
(-0.0100932 -0.0819437 0)
(-0.0222903 -0.0791851 0)
(-0.0320609 -0.0748676 0)
(-0.0424574 -0.0709915 0)
(-0.0551121 -0.0679844 0)
(-0.0708363 -0.0652118 0)
(-0.0898355 -0.0610803 0)
(-0.111206 -0.0539567 0)
(-0.134958 -0.0422883 0)
(-0.159069 -0.0252163 0)
(-0.183291 -0.00283828 0)
(-0.207419 0.0262935 0)
(-0.225269 0.0689495 0)
(-0.226414 0.127737 0)
(-0.209891 0.19074 0)
(-0.183057 0.244779 0)
(-0.150007 0.285563 0)
(-0.115925 0.30947 0)
(-0.0855751 0.325477 0)
(-0.0597258 0.337094 0)
(-0.0376112 0.344766 0)
(-0.0179054 0.349784 0)
(0.00641951 -0.00570749 0)
(0.00300306 0.00570781 0)
(0.03284 0.00353826 0)
(0.0437278 -0.040375 0)
(0.0223362 -0.0589783 0)
(0.0181531 -0.0622449 0)
(0.0110486 -0.0759813 0)
(-0.00152333 -0.0753883 0)
(-0.0096517 -0.0764733 0)
(-0.0204907 -0.0731882 0)
(-0.0304031 -0.0691071 0)
(-0.0410204 -0.0649922 0)
(-0.052959 -0.0596546 0)
(-0.066528 -0.0531545 0)
(-0.0821797 -0.044811 0)
(-0.0996903 -0.0338489 0)
(-0.117741 -0.0192769 0)
(-0.13532 -0.000500304 0)
(-0.15111 0.0224563 0)
(-0.16397 0.0496432 0)
(-0.172028 0.0816494 0)
(-0.171591 0.118226 0)
(-0.160996 0.155638 0)
(-0.142833 0.188697 0)
(-0.12058 0.214258 0)
(-0.0972363 0.231519 0)
(-0.0748723 0.246951 0)
(-0.0538792 0.258234 0)
(-0.0344761 0.2661 0)
(-0.0166892 0.26903 0)
(0.00596028 -0.00520687 0)
(0.00321855 0.00211226 0)
(0.026359 -0.00127044 0)
(0.0354452 -0.038141 0)
(0.0191582 -0.0557647 0)
(0.0149253 -0.0602692 0)
(0.00868709 -0.0714594 0)
(-0.00164829 -0.0713298 0)
(-0.00891339 -0.0713971 0)
(-0.0180433 -0.0679371 0)
(-0.0267128 -0.0627849 0)
(-0.0361947 -0.0566125 0)
(-0.046856 -0.0493982 0)
(-0.0587175 -0.0408465 0)
(-0.0714741 -0.0303857 0)
(-0.084433 -0.0174797 0)
(-0.0969892 -0.00177585 0)
(-0.108177 0.0164766 0)
(-0.116851 0.0372167 0)
(-0.122166 0.0598646 0)
(-0.123488 0.0837426 0)
(-0.120086 0.107873 0)
(-0.111748 0.130688 0)
(-0.0994665 0.150507 0)
(-0.0849001 0.166329 0)
(-0.069651 0.177854 0)
(-0.0545194 0.18745 0)
(-0.0397034 0.194537 0)
(-0.025567 0.199359 0)
(-0.0124572 0.201359 0)
(0.00516499 -0.00477758 0)
(0.00309338 -0.000855629 0)
(0.0202717 -0.00533988 0)
(0.027362 -0.0364116 0)
(0.0154931 -0.0529954 0)
(0.0116871 -0.0583351 0)
(0.00651679 -0.0675087 0)
(-0.0016052 -0.067593 0)
(-0.00771108 -0.0668096 0)
(-0.015215 -0.062817 0)
(-0.0226916 -0.0571144 0)
(-0.0307174 -0.0499937 0)
(-0.0393803 -0.0413116 0)
(-0.0485915 -0.0310351 0)
(-0.0579988 -0.0190149 0)
(-0.0669707 -0.00524123 0)
(-0.0750065 0.01005 0)
(-0.0813946 0.0266724 0)
(-0.0853832 0.0441657 0)
(-0.0866189 0.0619175 0)
(-0.0849875 0.0792624 0)
(-0.0805827 0.0955104 0)
(-0.07374 0.109994 0)
(-0.0650805 0.122216 0)
(-0.0553706 0.131996 0)
(-0.0453093 0.139436 0)
(-0.0353372 0.145015 0)
(-0.0256756 0.148973 0)
(-0.0165234 0.151519 0)
(-0.00804117 0.152826 0)
(0.00404757 -0.00442842 0)
(0.00254585 -0.00316913 0)
(0.0144641 -0.00866252 0)
(0.0195217 -0.0351486 0)
(0.0114317 -0.0507513 0)
(0.00843598 -0.0566268 0)
(0.00450589 -0.0642679 0)
(-0.00138026 -0.0644026 0)
(-0.00606467 -0.0629228 0)
(-0.0116632 -0.0584555 0)
(-0.0173395 -0.0519727 0)
(-0.0234201 -0.0437624 0)
(-0.0298599 -0.0339827 0)
(-0.0364789 -0.0227607 0)
(-0.0428918 -0.010249 0)
(-0.0487558 0.00333204 0)
(-0.053602 0.0175347 0)
(-0.0568542 0.0320201 0)
(-0.0582808 0.0463104 0)
(-0.05779 0.0599411 0)
(-0.0554849 0.0724972 0)
(-0.0516126 0.0836463 0)
(-0.046522 0.0931689 0)
(-0.0406146 0.100982 0)
(-0.034284 0.107144 0)
(-0.0278613 0.111812 0)
(-0.0215802 0.115211 0)
(-0.0155849 0.117548 0)
(-0.0099727 0.119013 0)
(-0.0048038 0.119779 0)
(0.00262093 -0.00416469 0)
(0.00158065 -0.0047209 0)
(0.00882336 -0.0110067 0)
(0.0118381 -0.0342762 0)
(0.00701431 -0.0491062 0)
(0.00512828 -0.0553207 0)
(0.00260379 -0.0618512 0)
(-0.000987837 -0.0619456 0)
(-0.00397299 -0.059946 0)
(-0.00747472 -0.055055 0)
(-0.0110718 -0.0480413 0)
(-0.0148984 -0.0392075 0)
(-0.0188911 -0.0288056 0)
(-0.0229377 -0.0171272 0)
(-0.0267736 -0.00455844 0)
(-0.0301717 0.00859489 0)
(-0.032884 0.0218334 0)
(-0.0345949 0.0345489 0)
(-0.0351143 0.046404 0)
(-0.0344429 0.0571373 0)
(-0.0327127 0.0665711 0)
(-0.0301305 0.0746142 0)
(-0.0269362 0.0812629 0)
(-0.0233658 0.0865883 0)
(-0.0196255 0.0907176 0)
(-0.0158787 0.0938083 0)
(-0.012243 0.096028 0)
(-0.00879578 0.0975342 0)
(-0.0055839 0.0984689 0)
(-0.00263197 0.0989551 0)
(0.000920475 -0.0039919 0)
(0.000455509 -0.0057026 0)
(0.0031785 -0.0122788 0)
(0.00399496 -0.0335419 0)
(0.00231267 -0.0479407 0)
(0.00170358 -0.0544617 0)
(0.000799151 -0.0602918 0)
(-0.00039001 -0.0604251 0)
(-0.00142091 -0.0581546 0)
(-0.00260947 -0.0530271 0)
(-0.00384799 -0.0456531 0)
(-0.00518264 -0.0363625 0)
(-0.00660884 -0.0254661 0)
(-0.00814505 -0.0133075 0)
(-0.00961713 -0.000589307 0)
(-0.0114508 0.0124702 0)
(-0.0124802 0.0251332 0)
(-0.0131977 0.0365337 0)
(-0.0133851 0.0466226 0)
(-0.0130926 0.055332 0)
(-0.0123803 0.0626732 0)
(-0.0113473 0.0687111 0)
(-0.0100942 0.0735622 0)
(-0.00871334 0.0773664 0)
(-0.007282 0.080272 0)
(-0.00585959 0.0824245 0)
(-0.00448828 0.0839594 0)
(-0.00319544 0.084997 0)
(-0.00199688 0.0856411 0)
(-0.000899608 0.0859782 0)
(0.00371532 0.159826 0)
(0.0132093 0.153963 0)
(0.0346415 0.152981 0)
(0.0493379 0.158434 0)
(0.0611195 0.1515 0)
(0.119243 0.123064 0)
(0.120494 -0.0509301 0)
(0.120023 -0.0282913 0)
(0.0682291 0.185949 0)
(0.300582 0.208296 0)
(0.209498 0.0690601 0)
(-0.413281 0.254141 0)
(-0.162385 0.141603 0)
(-0.236834 0.237589 0)
(0.0163733 0.243209 0)
(0.0665937 -0.0328922 0)
(-0.00314509 -0.0735062 0)
(-0.0743882 -0.0503523 0)
(-0.226752 -0.104489 0)
(-0.841589 -0.225515 0)
(-1.21008 -0.193813 0)
(0.0710061 -0.135229 0)
(0.105016 -0.0350639 0)
(0.053677 -0.0192081 0)
(0.0434346 -0.00867197 0)
(0.0364187 0.00116426 0)
(0.0297992 0.00753817 0)
(0.0284399 0.00953283 0)
(-0.017925 0.0200981 0)
(0.242146 0.0193637 0)
(0.00520682 0.153762 0)
(0.0128167 0.14324 0)
(0.0332871 0.142882 0)
(0.0553869 0.155657 0)
(0.0434491 0.14259 0)
(0.139185 0.102389 0)
(0.0676193 -0.0256546 0)
(0.0256629 0.0151132 0)
(-0.106437 0.0876196 0)
(-0.0714996 0.0816701 0)
(-0.0700173 0.160731 0)
(-0.398133 0.299008 0)
(-0.146979 0.120399 0)
(-0.218167 0.22103 0)
(0.0445294 0.214215 0)
(0.0799185 -0.0287356 0)
(0.0135882 -0.0670598 0)
(-0.0324443 -0.0389244 0)
(-0.151016 -0.0735137 0)
(-0.542791 -0.203711 0)
(-0.799019 -0.167008 0)
(-0.38678 -0.164658 0)
(0.146426 -0.0411368 0)
(0.0743349 -0.0164993 0)
(0.055755 -0.0079754 0)
(0.0430248 0.00170031 0)
(0.0374975 0.00772936 0)
(0.0405316 0.010639 0)
(-0.0364821 0.015278 0)
(0.386083 0.0128389 0)
(0.00822504 0.14723 0)
(0.0156504 0.134706 0)
(0.0303354 0.130862 0)
(0.0461784 0.151372 0)
(0.0378347 0.118362 0)
(0.103054 0.0869392 0)
(0.0814627 -0.00927792 0)
(-0.0052082 0.0212881 0)
(0.165419 0.245968 0)
(-0.207851 0.0222968 0)
(-0.260146 0.236574 0)
(-0.330174 0.310396 0)
(-0.18471 0.101569 0)
(-0.185999 0.200811 0)
(0.0382961 0.183101 0)
(0.0811236 -0.024148 0)
(0.018772 -0.0620824 0)
(-0.00312127 -0.030843 0)
(-0.0677702 -0.0528438 0)
(-0.256388 -0.181029 0)
(-0.153422 -0.153538 0)
(0.568111 -0.204592 0)
(0.195327 -0.0558132 0)
(0.110163 -0.0132423 0)
(0.0922837 -0.00694691 0)
(0.0711399 0.00226526 0)
(0.0842402 0.00801801 0)
(0.0905688 0.0120491 0)
(0.0711235 0.00778932 0)
(0.465913 0.00251633 0)
(0.00818675 0.13666 0)
(0.0197144 0.126782 0)
(0.0279212 0.125943 0)
(0.0326235 0.150328 0)
(0.0483246 0.112415 0)
(0.071749 0.0776187 0)
(0.075509 0.01013 0)
(0.0562867 -0.0139625 0)
(0.198531 0.127834 0)
(0.103326 0.127525 0)
(-0.516985 0.251726 0)
(-0.135472 0.285278 0)
(-0.228174 0.100259 0)
(-0.12016 0.174141 0)
(0.042546 0.159552 0)
(0.079988 -0.0187478 0)
(0.0164715 -0.0586877 0)
(0.0149078 -0.0279525 0)
(0.0122094 -0.0435065 0)
(-0.0616111 -0.177582 0)
(-0.192933 -0.169186 0)
(-1.3277 -0.357236 0)
(0.281996 -0.0326898 0)
(0.163068 -0.00712921 0)
(0.159329 -0.00577813 0)
(0.137045 0.00213705 0)
(0.168417 0.00648373 0)
(0.199641 0.0112573 0)
(0.261926 0.00123167 0)
(0.479045 -0.00521632 0)
(0.00533105 0.126215 0)
(0.0176279 0.118865 0)
(0.0146363 0.126017 0)
(0.0240207 0.139131 0)
(0.0468007 0.112447 0)
(0.0240627 0.0734346 0)
(0.0325817 0.0100557 0)
(0.0266082 -0.105705 0)
(0.406451 0.337444 0)
(0.354837 0.334581 0)
(-0.454665 0.271586 0)
(0.00611265 0.233882 0)
(-0.256829 0.110019 0)
(-0.0276906 0.135164 0)
(0.0727812 0.143604 0)
(0.0736234 -0.0107399 0)
(0.0122277 -0.056107 0)
(0.021265 -0.0308197 0)
(0.0652293 -0.0427211 0)
(0.0288654 -0.152203 0)
(-0.331573 -0.0876355 0)
(-1.17556 -0.104795 0)
(-0.428834 -0.123001 0)
(0.213063 -0.0137474 0)
(0.222832 -0.00503667 0)
(0.225928 0.00146225 0)
(0.262629 0.00414908 0)
(0.311838 0.00790142 0)
(0.354591 -0.00180827 0)
(0.450254 -0.00766405 0)
(0.00190493 0.122992 0)
(0.00838391 0.119341 0)
(-0.00680382 0.126737 0)
(0.0206451 0.117173 0)
(0.0497198 0.114564 0)
(0.0464562 0.0831987 0)
(0.0840333 0.0199086 0)
(0.09879 -0.249313 0)
(0.275441 0.207437 0)
(0.68818 0.356014 0)
(-0.320175 0.346712 0)
(-0.00334089 0.219341 0)
(-0.283923 0.118244 0)
(0.00635907 0.085607 0)
(0.0859409 0.133445 0)
(0.0682506 -0.00200974 0)
(0.0285264 -0.0520263 0)
(0.0285094 -0.0364947 0)
(0.0858475 -0.0467282 0)
(0.0759845 -0.135044 0)
(-0.013594 -0.0683513 0)
(0.584764 -0.27812 0)
(-0.456471 -0.173952 0)
(0.284156 -0.0466943 0)
(0.271434 -0.00625273 0)
(0.291417 -0.0003016 0)
(0.330032 0.00157556 0)
(0.370037 0.00549206 0)
(0.387695 -0.00296041 0)
(0.425506 -0.0110346 0)
(0.000895551 0.126333 0)
(0.00715122 0.125904 0)
(-0.0037099 0.126057 0)
(0.0206417 0.0964601 0)
(0.0471566 0.109229 0)
(0.0631615 0.051798 0)
(0.0999259 -0.0284724 0)
(0.752647 -0.0417297 0)
(-0.0207986 0.0124584 0)
(0.390506 0.413734 0)
(-0.416603 0.477316 0)
(-0.0700215 0.2271 0)
(-0.28138 0.107757 0)
(-0.0960924 0.0355091 0)
(0.0403223 0.12371 0)
(0.0664118 0.0039212 0)
(0.0377009 -0.04855 0)
(0.0324941 -0.0418927 0)
(0.0858234 -0.0527008 0)
(0.0731043 -0.130432 0)
(0.104655 -0.112837 0)
(0.0645866 -0.175647 0)
(-0.378714 -0.17723 0)
(0.215014 -0.0822705 0)
(0.295761 -0.00654149 0)
(0.316343 -0.00285381 0)
(0.351647 -0.00119007 0)
(0.383258 0.00370258 0)
(0.375119 -0.00445344 0)
(0.353232 -0.0114807 0)
(0.00376148 0.127452 0)
(0.0142181 0.124745 0)
(0.0278169 0.122744 0)
(0.0488539 0.0897657 0)
(0.0423278 0.0791302 0)
(0.115916 0.0685925 0)
(0.277519 -0.411455 0)
(-0.0365413 -0.155311 0)
(-0.0946272 0.220777 0)
(-0.0391828 0.582992 0)
(-0.727925 0.556675 0)
(-0.0844341 0.174066 0)
(-0.235557 0.118188 0)
(-0.195616 0.0057438 0)
(-0.0301354 0.0938995 0)
(0.0492611 -7.99014e-05 0)
(0.0354295 -0.0457254 0)
(0.0332377 -0.046902 0)
(0.0790206 -0.0575297 0)
(0.070727 -0.128479 0)
(0.0571389 -0.0973881 0)
(0.0162333 -0.16568 0)
(-0.0172103 -0.139551 0)
(-0.00301862 -0.14903 0)
(0.233253 -0.0149764 0)
(0.299288 -0.00428089 0)
(0.346589 -0.00304406 0)
(0.37741 0.00469113 0)
(0.265443 -0.00460379 0)
(0.256512 -0.00930177 0)
(0.00842057 0.12343 0)
(0.0239813 0.118481 0)
(0.0393802 0.0954286 0)
(0.0517157 0.0742763 0)
(0.0586715 -0.00691762 0)
(0.250081 -0.0733991 0)
(0.116193 -0.110465 0)
(-0.293279 0.100186 0)
(-0.399083 0.272586 0)
(-0.536277 0.689726 0)
(-0.817418 0.462871 0)
(-0.265712 0.0802322 0)
(-0.165335 0.111454 0)
(-0.201435 -0.00100966 0)
(-0.0700802 0.0497324 0)
(0.00942488 -0.0103273 0)
(0.0253265 -0.0458254 0)
(0.0319252 -0.0522126 0)
(0.0716056 -0.0626073 0)
(0.0673361 -0.122194 0)
(0.0728504 -0.107855 0)
(0.0411115 -0.172116 0)
(0.0511298 -0.163276 0)
(0.057317 -0.122825 0)
(0.172555 -0.0408167 0)
(0.207631 -0.0125553 0)
(0.358235 -0.00760596 0)
(0.390678 0.0125732 0)
(0.173447 0.00223853 0)
(0.181668 -0.00897434 0)
(0.0231635 0.0878729 0)
(0.0501121 0.0852234 0)
(0.0975634 0.0472405 0)
(0.126271 0.0390721 0)
(0.158589 -0.0717277 0)
(-0.0115439 -0.0666599 0)
(-0.232497 0.116036 0)
(-0.589241 0.21896 0)
(-0.711418 0.479367 0)
(-0.777019 0.715521 0)
(-0.410192 0.339884 0)
(-0.438679 0.034291 0)
(-0.141997 0.0550781 0)
(-0.211806 -0.00211565 0)
(-0.104122 0.0195765 0)
(-0.0390924 -0.0261406 0)
(0.0112767 -0.0516003 0)
(0.0305701 -0.0585685 0)
(0.0653301 -0.0678935 0)
(0.0629815 -0.119928 0)
(0.0664224 -0.0963253 0)
(0.0358575 -0.162575 0)
(0.021835 -0.15099 0)
(0.0128543 -0.126283 0)
(0.0914349 -0.0368509 0)
(0.0734642 -0.0250742 0)
(0.349251 -0.0195346 0)
(0.386213 0.0201086 0)
(0.124355 0.00998034 0)
(0.123119 -0.0089708 0)
(0.031575 0.00566342 0)
(0.0723 0.0146437 0)
(0.0919306 0.0263902 0)
(0.0615249 0.0532568 0)
(-0.015212 0.0980497 0)
(-0.272234 0.178647 0)
(-0.514419 0.299845 0)
(-0.726235 0.337969 0)
(-0.730598 0.472039 0)
(-0.669783 0.50135 0)
(-0.180766 0.273331 0)
(-0.415982 0.0283058 0)
(-0.188083 0.00036036 0)
(-0.204726 -0.00882074 0)
(-0.118589 -0.0037244 0)
(-0.0603961 -0.0464918 0)
(-0.000854609 -0.0626164 0)
(0.0299515 -0.0661851 0)
(0.0600698 -0.073232 0)
(0.0579998 -0.115924 0)
(0.0656745 -0.103444 0)
(0.0309098 -0.163345 0)
(0.00720946 -0.148111 0)
(-0.0173133 -0.133151 0)
(0.0329994 -0.0387606 0)
(0.00918521 -0.040018 0)
(0.30364 -0.0365146 0)
(0.358047 0.0294051 0)
(0.0947858 0.0201152 0)
(0.0793541 -0.00836653 0)
(0.00333468 -0.0364086 0)
(0.00627688 0.0078895 0)
(-0.018539 0.074446 0)
(-0.0909115 0.161519 0)
(-0.227839 0.269498 0)
(-0.456197 0.366905 0)
(-0.627551 0.438944 0)
(-0.700871 0.407482 0)
(-0.615987 0.404893 0)
(-0.501152 0.277804 0)
(-0.245788 0.22505 0)
(-0.266785 0.0174419 0)
(-0.20875 -0.0277326 0)
(-0.15565 -0.027806 0)
(-0.0951114 -0.0244658 0)
(-0.0359264 -0.0609032 0)
(0.000643232 -0.0739699 0)
(0.0299971 -0.0739575 0)
(0.0543284 -0.0786184 0)
(0.0536627 -0.112562 0)
(0.0590632 -0.0996437 0)
(0.0247155 -0.156097 0)
(-0.00272739 -0.141119 0)
(-0.035959 -0.132173 0)
(-0.00229095 -0.0404159 0)
(0.00540115 -0.055546 0)
(0.227419 -0.0541085 0)
(0.307341 0.0382029 0)
(0.070338 0.0309278 0)
(0.0488833 -0.00723532 0)
(-0.0234692 -0.00787399 0)
(-0.0638181 0.0668906 0)
(-0.127418 0.181806 0)
(-0.228085 0.312451 0)
(-0.372097 0.435663 0)
(-0.537923 0.50915 0)
(-0.619304 0.510603 0)
(-0.596843 0.416895 0)
(-0.493823 0.345378 0)
(-0.430224 0.202756 0)
(-0.300831 0.155569 0)
(-0.197744 -0.0110485 0)
(-0.192563 -0.0545285 0)
(-0.120982 -0.0494728 0)
(-0.0740781 -0.0476989 0)
(-0.0176301 -0.0747147 0)
(0.00603164 -0.0826153 0)
(0.0293539 -0.0806559 0)
(0.0483217 -0.0835493 0)
(0.0485611 -0.109584 0)
(0.0576312 -0.101504 0)
(0.0230891 -0.15181 0)
(-0.00671816 -0.134529 0)
(-0.0446403 -0.132598 0)
(-0.0209204 -0.044194 0)
(0.0191215 -0.068453 0)
(0.142219 -0.0679637 0)
(0.240061 0.0450487 0)
(0.0463743 0.0410222 0)
(0.030196 -0.00603577 0)
(-0.0359606 0.0917969 0)
(-0.108194 0.183668 0)
(-0.196603 0.32057 0)
(-0.305301 0.460052 0)
(-0.426913 0.564955 0)
(-0.530002 0.592304 0)
(-0.544433 0.524479 0)
(-0.476361 0.384647 0)
(-0.390554 0.286585 0)
(-0.364857 0.165285 0)
(-0.245182 0.0806076 0)
(-0.180301 -0.0362665 0)
(-0.15386 -0.0819944 0)
(-0.121118 -0.0713279 0)
(-0.0648909 -0.0721989 0)
(-0.0120905 -0.0882879 0)
(0.00895813 -0.0898999 0)
(0.028441 -0.0863523 0)
(0.0433548 -0.08802 0)
(0.0426148 -0.106778 0)
(0.0517434 -0.101089 0)
(0.0186837 -0.144503 0)
(-0.00674448 -0.127436 0)
(-0.0457772 -0.130425 0)
(-0.0297887 -0.0495503 0)
(0.0225021 -0.0775314 0)
(0.0656636 -0.0773392 0)
(0.164066 0.0495153 0)
(0.022315 0.0491467 0)
(0.0185956 -0.00527479 0)
(-0.0353065 0.233808 0)
(-0.1147 0.326198 0)
(-0.203583 0.462463 0)
(-0.30536 0.584198 0)
(-0.402908 0.651361 0)
(-0.464453 0.628128 0)
(-0.450109 0.50647 0)
(-0.383977 0.337792 0)
(-0.329657 0.223436 0)
(-0.300387 0.11192 0)
(-0.177535 0.0148525 0)
(-0.149695 -0.051957 0)
(-0.12209 -0.095267 0)
(-0.111672 -0.0942918 0)
(-0.0603736 -0.0988716 0)
(-0.0106903 -0.102327 0)
(0.0111864 -0.0973935 0)
(0.029358 -0.0914569 0)
(0.0407612 -0.0915731 0)
(0.0406321 -0.104542 0)
(0.0482062 -0.102043 0)
(0.0161771 -0.138374 0)
(-0.00501969 -0.121352 0)
(-0.0428277 -0.127601 0)
(-0.0335021 -0.0549896 0)
(0.0145775 -0.0826142 0)
(0.00487264 -0.0827726 0)
(0.0870435 0.0515645 0)
(0.0038706 0.0544454 0)
(0.0116676 -0.00519017 0)
(-0.0210931 0.382764 0)
(-0.0843813 0.466771 0)
(-0.149858 0.595584 0)
(-0.224238 0.69868 0)
(-0.299922 0.728859 0)
(-0.347654 0.661836 0)
(-0.340045 0.501435 0)
(-0.30007 0.309147 0)
(-0.273712 0.175555 0)
(-0.230169 0.0575684 0)
(-0.133489 -0.044252 0)
(-0.0908382 -0.0739805 0)
(-0.0827391 -0.0974679 0)
(-0.071771 -0.108915 0)
(-0.0413935 -0.122032 0)
(-0.00319496 -0.115916 0)
(0.0166332 -0.104933 0)
(0.0320754 -0.0962154 0)
(0.039175 -0.0944698 0)
(0.0381273 -0.101797 0)
(0.043898 -0.101634 0)
(0.0141104 -0.131557 0)
(-0.00339082 -0.115467 0)
(-0.038735 -0.123687 0)
(-0.0348163 -0.0594441 0)
(0.00330545 -0.0846028 0)
(-0.0362529 -0.0846296 0)
(0.0172737 0.0507455 0)
(-0.00718816 0.0565092 0)
(0.00730189 -0.00573995 0)
(-0.000326894 0.503943 0)
(-0.0410027 0.574566 0)
(-0.0765777 0.691019 0)
(-0.112191 0.785932 0)
(-0.154516 0.801532 0)
(-0.191676 0.708249 0)
(-0.202333 0.519759 0)
(-0.195775 0.301233 0)
(-0.191999 0.135208 0)
(-0.163357 0.00211084 0)
(-0.0970446 -0.092523 0)
(-0.0620357 -0.101554 0)
(-0.0345029 -0.102701 0)
(-0.0105021 -0.116244 0)
(0.0028777 -0.132248 0)
(0.0136547 -0.124944 0)
(0.0259991 -0.110702 0)
(0.0348519 -0.09983 0)
(0.0390068 -0.0958535 0)
(0.0389084 -0.0994856 0)
(0.0403555 -0.101654 0)
(0.0128707 -0.124893 0)
(-0.00220599 -0.110107 0)
(-0.034684 -0.119073 0)
(-0.0349831 -0.0627248 0)
(-0.00656234 -0.0844641 0)
(-0.0608686 -0.0827159 0)
(-0.0373491 0.0478853 0)
(-0.0105508 0.0550092 0)
(0.00416202 -0.00655764 0)
(0.0179176 0.591067 0)
(-0.00316558 0.64305 0)
(-0.0153272 0.736536 0)
(-0.0188727 0.821556 0)
(-0.0222033 0.840101 0)
(-0.0335217 0.748805 0)
(-0.0484431 0.555965 0)
(-0.0627169 0.322715 0)
(-0.0740394 0.127667 0)
(-0.0732992 -0.0245319 0)
(-0.0551703 -0.126803 0)
(-0.0416217 -0.13701 0)
(-0.00409882 -0.128288 0)
(0.0225267 -0.131865 0)
(0.034419 -0.137704 0)
(0.0348496 -0.128025 0)
(0.0368221 -0.113286 0)
(0.0399188 -0.101432 0)
(0.040815 -0.0966708 0)
(0.0403859 -0.0966672 0)
(0.0371494 -0.0998692 0)
(0.0118317 -0.118108 0)
(-0.00125993 -0.105029 0)
(-0.0309054 -0.113928 0)
(-0.0344201 -0.0650104 0)
(-0.0141725 -0.0828539 0)
(-0.0732808 -0.0779116 0)
(-0.0704397 0.0438815 0)
(-0.0086862 0.0501322 0)
(0.00165063 -0.00724504 0)
(0.0264379 0.635902 0)
(0.0269579 0.669033 0)
(0.0360767 0.736866 0)
(0.0562775 0.804203 0)
(0.0809673 0.831809 0)
(0.0980735 0.767818 0)
(0.0997257 0.598977 0)
(0.0924217 0.367674 0)
(0.0752644 0.154602 0)
(0.0466292 -0.0128514 0)
(0.0440052 -0.126065 0)
(0.0445363 -0.149316 0)
(0.0546938 -0.140522 0)
(0.0631557 -0.139135 0)
(0.0620274 -0.138978 0)
(0.0548308 -0.126891 0)
(0.0491827 -0.112166 0)
(0.0451387 -0.101075 0)
(0.0407718 -0.0960552 0)
(0.0384947 -0.0941705 0)
(0.0339363 -0.0979844 0)
(0.0110899 -0.111318 0)
(-0.000434837 -0.100267 0)
(-0.0273898 -0.108416 0)
(-0.0332314 -0.0664272 0)
(-0.019623 -0.0802319 0)
(-0.0775146 -0.0715901 0)
(-0.0821916 0.0386899 0)
(-0.00562721 0.0432295 0)
(-0.000404933 -0.00766255 0)
(0.0236783 0.609827 0)
(0.0400191 0.632057 0)
(0.0630103 0.680464 0)
(0.0961498 0.730199 0)
(0.136223 0.758935 0)
(0.176847 0.718018 0)
(0.20286 0.588389 0)
(0.215163 0.388897 0)
(0.196212 0.193252 0)
(0.166888 0.0211517 0)
(0.147574 -0.110401 0)
(0.118112 -0.149404 0)
(0.10421 -0.139967 0)
(0.0978396 -0.135974 0)
(0.08411 -0.133442 0)
(0.0695265 -0.121889 0)
(0.0582991 -0.10766 0)
(0.0493654 -0.0968479 0)
(0.0425826 -0.0926405 0)
(0.0359372 -0.0913795 0)
(0.0307254 -0.0952885 0)
(0.0107632 -0.104846 0)
(0.000235198 -0.0957139 0)
(-0.0240879 -0.102678 0)
(-0.0314737 -0.0670682 0)
(-0.0231799 -0.0769493 0)
(-0.0765418 -0.064922 0)
(-0.0790805 0.0327607 0)
(-0.00349139 0.0357348 0)
(-0.00225754 -0.00774904 0)
(0.00960739 0.546093 0)
(0.0290735 0.562518 0)
(0.0547402 0.594254 0)
(0.089636 0.628501 0)
(0.133293 0.647175 0)
(0.181779 0.617298 0)
(0.224881 0.520946 0)
(0.254897 0.370803 0)
(0.251756 0.219495 0)
(0.242555 0.054442 0)
(0.221022 -0.0780399 0)
(0.179345 -0.125418 0)
(0.147191 -0.124137 0)
(0.127468 -0.121452 0)
(0.104957 -0.119679 0)
(0.0827254 -0.111028 0)
(0.0655129 -0.10021 0)
(0.0542718 -0.092687 0)
(0.0442098 -0.0885605 0)
(0.0353533 -0.0874946 0)
(0.0280792 -0.0918423 0)
(0.010774 -0.0984716 0)
(0.000808944 -0.0912877 0)
(-0.0209746 -0.0968522 0)
(-0.0292325 -0.0670161 0)
(-0.0251057 -0.0732726 0)
(-0.0723666 -0.0586478 0)
(-0.0694822 0.0265944 0)
(-0.0024607 0.0285713 0)
(-0.0038532 -0.0076241 0)
(0.00107199 0.48945 0)
(0.0190165 0.499475 0)
(0.0422945 0.516927 0)
(0.0732096 0.535977 0)
(0.114039 0.541706 0)
(0.162202 0.516069 0)
(0.212554 0.441874 0)
(0.250997 0.334436 0)
(0.269425 0.213638 0)
(0.278746 0.0684154 0)
(0.258961 -0.0424484 0)
(0.214975 -0.0847483 0)
(0.17539 -0.093544 0)
(0.145002 -0.0989349 0)
(0.116511 -0.100614 0)
(0.0901191 -0.0965227 0)
(0.0687763 -0.0899548 0)
(0.0538566 -0.0845744 0)
(0.0439952 -0.0827899 0)
(0.0367354 -0.0838497 0)
(0.0269615 -0.0878923 0)
(0.0109403 -0.0923033 0)
(0.00130606 -0.0869477 0)
(-0.0180387 -0.0910625 0)
(-0.0266172 -0.0663544 0)
(-0.0256498 -0.0694171 0)
(-0.066232 -0.0531463 0)
(-0.0590226 0.0203661 0)
(-0.0021563 0.0220976 0)
(-0.00496187 -0.00730373 0)
(0.000999588 0.429145 0)
(0.0201349 0.432382 0)
(0.0435849 0.439734 0)
(0.0729689 0.444421 0)
(0.110942 0.434782 0)
(0.155663 0.408859 0)
(0.201922 0.353393 0)
(0.23902 0.275121 0)
(0.265614 0.178648 0)
(0.275187 0.0725978 0)
(0.254149 -0.00290019 0)
(0.215839 -0.0392038 0)
(0.179782 -0.0575255 0)
(0.148343 -0.070413 0)
(0.119068 -0.0770906 0)
(0.0932885 -0.0781535 0)
(0.0737866 -0.0779364 0)
(0.0587907 -0.077802 0)
(0.0457591 -0.0783309 0)
(0.0343148 -0.0789097 0)
(0.0245715 -0.0820663 0)
(0.0107864 -0.0862604 0)
(0.00169223 -0.082635 0)
(-0.0152811 -0.0854358 0)
(-0.0237378 -0.0651724 0)
(-0.0250536 -0.0655583 0)
(-0.05894 -0.0485093 0)
(-0.0496528 0.0142323 0)
(-0.00228803 0.0163349 0)
(-0.0056924 -0.00686982 0)
(0.00120248 0.351815 0)
(0.0215957 0.351537 0)
(0.0451478 0.351004 0)
(0.0734121 0.344865 0)
(0.106389 0.328402 0)
(0.142325 0.305747 0)
(0.17806 0.267826 0)
(0.208252 0.213995 0)
(0.229312 0.148895 0)
(0.232893 0.083618 0)
(0.21674 0.0339595 0)
(0.191218 0.000533248 0)
(0.164727 -0.0237548 0)
(0.138703 -0.0416575 0)
(0.113418 -0.0536295 0)
(0.0909372 -0.0605877 0)
(0.071218 -0.064247 0)
(0.0552573 -0.0666005 0)
(0.0426543 -0.0693625 0)
(0.0324091 -0.0731662 0)
(0.0228617 -0.0775565 0)
(0.0107422 -0.0806169 0)
(0.00198978 -0.0783894 0)
(-0.0126887 -0.0800743 0)
(-0.020695 -0.0635819 0)
(-0.0235117 -0.061839 0)
(-0.0510473 -0.0446475 0)
(-0.0414289 0.00841339 0)
(-0.00263919 0.0112423 0)
(-0.00605516 -0.00637788 0)
(0.000337604 0.269908 0)
(0.0184438 0.269601 0)
(0.0388478 0.265454 0)
(0.0616701 0.25778 0)
(0.0861539 0.245696 0)
(0.111587 0.229322 0)
(0.136489 0.204491 0)
(0.157821 0.171129 0)
(0.171942 0.132017 0)
(0.175266 0.0923004 0)
(0.168458 0.0570409 0)
(0.155523 0.0273287 0)
(0.139016 0.00266416 0)
(0.120548 -0.0172395 0)
(0.101641 -0.0324348 0)
(0.0833556 -0.0436302 0)
(0.0671594 -0.0519422 0)
(0.0533207 -0.0582584 0)
(0.0413132 -0.0634688 0)
(0.0307653 -0.0675116 0)
(0.0209828 -0.0716208 0)
(0.0102028 -0.0751487 0)
(0.00216963 -0.0741897 0)
(-0.0102848 -0.0750904 0)
(-0.0175686 -0.0617198 0)
(-0.0212002 -0.0583762 0)
(-0.0429402 -0.0414985 0)
(-0.0340301 0.003102 0)
(-0.00299659 0.00680368 0)
(-0.00605105 -0.00587825 0)
(6.11788e-05 0.202007 0)
(0.0133241 0.201508 0)
(0.0278942 0.198482 0)
(0.0435849 0.193611 0)
(0.0601801 0.186261 0)
(0.0772571 0.17542 0)
(0.0937941 0.160076 0)
(0.108207 0.140261 0)
(0.118691 0.116833 0)
(0.123857 0.0914901 0)
(0.123647 0.0661413 0)
(0.118849 0.0420678 0)
(0.110255 0.0201025 0)
(0.0988391 0.000923006 0)
(0.0858894 -0.0154248 0)
(0.0725076 -0.0287023 0)
(0.0593837 -0.0392875 0)
(0.0472879 -0.0478377 0)
(0.0365319 -0.0550283 0)
(0.0270617 -0.0612152 0)
(0.0184617 -0.0664556 0)
(0.00938144 -0.0700875 0)
(0.00219309 -0.0701765 0)
(-0.00806218 -0.0705752 0)
(-0.0144152 -0.0597296 0)
(-0.0182629 -0.0552489 0)
(-0.0348642 -0.0389678 0)
(-0.0272254 -0.00155537 0)
(-0.00317238 0.00301383 0)
(-0.00568685 -0.0054122 0)
(8.69244e-05 0.153242 0)
(0.00866554 0.152819 0)
(0.0180639 0.151258 0)
(0.0281865 0.148362 0)
(0.0388857 0.143778 0)
(0.0498997 0.13707 0)
(0.0607115 0.127814 0)
(0.0705722 0.11586 0)
(0.0786313 0.101337 0)
(0.0841339 0.0847367 0)
(0.0866354 0.0668104 0)
(0.0859991 0.0483603 0)
(0.0823398 0.0301561 0)
(0.0760461 0.0128899 0)
(0.0679162 -0.00291205 0)
(0.0587618 -0.0170378 0)
(0.0491662 -0.0292754 0)
(0.0398025 -0.0396559 0)
(0.0310553 -0.0483962 0)
(0.0230187 -0.0555724 0)
(0.0155653 -0.0613684 0)
(0.00808835 -0.0655174 0)
(0.0020426 -0.0664728 0)
(-0.00602681 -0.0666362 0)
(-0.0112652 -0.0577807 0)
(-0.014816 -0.0525445 0)
(-0.0269502 -0.0369969 0)
(-0.0208796 -0.00551833 0)
(-0.00303165 -0.000114532 0)
(-0.0049688 -0.00500287 0)
(0.00014272 0.120018 0)
(0.00536364 0.119754 0)
(0.0110992 0.118834 0)
(0.0173118 0.117068 0)
(0.0239225 0.114233 0)
(0.0307845 0.110077 0)
(0.0376499 0.104345 0)
(0.0441683 0.0968476 0)
(0.0499113 0.0874951 0)
(0.0544251 0.0763534 0)
(0.0573058 0.0636524 0)
(0.0582604 0.0497576 0)
(0.057158 0.0351303 0)
(0.0540783 0.0202843 0)
(0.049287 0.00573752 0)
(0.0433888 -0.00812892 0)
(0.0368909 -0.0208609 0)
(0.0301928 -0.03223 0)
(0.0236971 -0.0421176 0)
(0.0176007 -0.0504285 0)
(0.0119313 -0.0570329 0)
(0.00634823 -0.0616477 0)
(0.00170504 -0.0633042 0)
(-0.00415107 -0.063405 0)
(-0.00811939 -0.0560564 0)
(-0.0109553 -0.0503475 0)
(-0.0192457 -0.0355518 0)
(-0.0148667 -0.00875656 0)
(-0.00248398 -0.0025589 0)
(-0.00391557 -0.00466361 0)
(0.000190714 0.0991019 0)
(0.00316635 0.0989235 0)
(0.00643308 0.0983228 0)
(0.00997425 0.0971705 0)
(0.0137499 0.0953137 0)
(0.0176862 0.0925789 0)
(0.0216648 0.0887813 0)
(0.0255174 0.0837435 0)
(0.0290261 0.0773181 0)
(0.0319356 0.0694165 0)
(0.0339818 0.0600334 0)
(0.0349311 0.0492613 0)
(0.0346292 0.0372902 0)
(0.0330611 0.0244018 0)
(0.0304119 0.0109656 0)
(0.0270192 -0.00241208 0)
(0.0231725 -0.0151775 0)
(0.019103 -0.0270045 0)
(0.0150814 -0.0375355 0)
(0.011244 -0.0464904 0)
(0.00764695 -0.0536385 0)
(0.00415287 -0.0586776 0)
(0.00119255 -0.0608572 0)
(-0.00238351 -0.0609938 0)
(-0.00492503 -0.0547326 0)
(-0.00673023 -0.0487187 0)
(-0.0116741 -0.034553 0)
(-0.00906303 -0.0110366 0)
(-0.00153794 -0.00419036 0)
(-0.00253988 -0.00440749 0)
(0.000147531 0.0860821 0)
(0.00125157 0.0859629 0)
(0.00246561 0.0855564 0)
(0.00378462 0.0847735 0)
(0.00519463 0.0835062 0)
(0.0066695 0.0816276 0)
(0.00816732 0.0789934 0)
(0.00962755 0.0754469 0)
(0.0109701 0.0708261 0)
(0.0120979 0.0649752 0)
(0.0129047 0.0577631 0)
(0.0132813 0.0491199 0)
(0.0131715 0.0390252 0)
(0.0125046 0.0275492 0)
(0.0115026 0.0147949 0)
(0.00975367 0.00154307 0)
(0.00820459 -0.0113593 0)
(0.00668227 -0.0236382 0)
(0.00524445 -0.0346771 0)
(0.00390599 -0.0441021 0)
(0.00266821 -0.0516183 0)
(0.00148301 -0.0568973 0)
(0.000459769 -0.0593465 0)
(-0.000723572 -0.0594422 0)
(-0.00163168 -0.0538703 0)
(-0.00222187 -0.0475779 0)
(-0.00393087 -0.0337321 0)
(-0.00327296 -0.0122642 0)
(-0.000438345 -0.00522396 0)
(-0.00089262 -0.0042356 0)
)
;

boundaryField
{
    leftWall
    {
        type            fixedValue;
        value           uniform (0 0 0);
    }
    rightWall
    {
        type            fixedValue;
        value           uniform (0 0 0);
    }
    lowerWall
    {
        type            fixedValue;
        value           uniform (0 0 0);
    }
    atmosphere
    {
        type            pressureInletOutletVelocity;
        value           nonuniform List<vector> 
120
(
(-0.242273 0.0193807 0)
(-0.385764 0.0128521 0)
(-0.464048 0.00255731 0)
(-0.476876 -0.00517523 0)
(-0.450144 -0.0076048 0)
(-0.426847 -0.011022 0)
(-0.35597 -0.0115249 0)
(-0.257285 -0.00943236 0)
(-0.181148 -0.00923334 0)
(-0.121613 -0.00946346 0)
(-0.0771669 -0.00912377 0)
(-0.0464405 -0.00823521 0)
(-0.0276517 -0.00722188 0)
(-0.0162295 -0.00655058 0)
(-0.00954818 -0.00643835 0)
(-0.00541991 -0.00684307 0)
(-0.00250553 -0.00744627 0)
(-0.000244881 -0.00791271 0)
(0.00168292 0 0)
(0.00341467 0 0)
(0.00477219 0 0)
(0.0057099 0 0)
(0.0062942 0 0)
(0.00653152 0 0)
(0.00641951 0 0)
(0.00596028 0 0)
(0.00516499 0 0)
(0.00404757 0 0)
(0.00262093 0 0)
(0.000920475 0 0)
(0 -0.0039919 0)
(0 -0.0057026 0)
(0 -0.0122788 0)
(0 -0.0335419 0)
(0 -0.0479407 0)
(0 -0.0544617 0)
(0 -0.0602918 0)
(0 -0.0604251 0)
(0 -0.0581546 0)
(0 -0.0530271 0)
(0 -0.0456531 0)
(0 -0.0363625 0)
(0 -0.0254661 0)
(0 -0.0133075 0)
(0 -0.000589307 0)
(-0.0114508 0.0124702 0)
(-0.0124802 0.0251332 0)
(-0.0131977 0.0365337 0)
(-0.0133851 0.0466226 0)
(-0.0130926 0.055332 0)
(-0.0123803 0.0626732 0)
(-0.0113473 0.0687111 0)
(-0.0100942 0.0735622 0)
(-0.00871334 0.0773664 0)
(-0.007282 0.080272 0)
(-0.00585959 0.0824245 0)
(-0.00448828 0.0839594 0)
(-0.00319544 0.084997 0)
(-0.00199688 0.0856411 0)
(-0.000899608 0.0859782 0)
(0.000147531 0.0860821 0)
(0.00125157 0.0859629 0)
(0.00246561 0.0855564 0)
(0.00378462 0.0847735 0)
(0.00519463 0.0835062 0)
(0.0066695 0.0816276 0)
(0.00816732 0.0789934 0)
(0.00962755 0.0754469 0)
(0.0109701 0.0708261 0)
(0.0120979 0.0649752 0)
(0.0129047 0.0577631 0)
(0.0132813 0.0491199 0)
(0.0131715 0.0390252 0)
(0.0125046 0.0275492 0)
(0.0115026 0.0147949 0)
(0.00975367 0.00154307 0)
(0 -0.0113593 0)
(0 -0.0236382 0)
(0 -0.0346771 0)
(0 -0.0441021 0)
(0 -0.0516183 0)
(0 -0.0568973 0)
(0 -0.0593465 0)
(0 -0.0594422 0)
(0 -0.0538703 0)
(0 -0.0475779 0)
(0 -0.0337321 0)
(0 -0.0122642 0)
(0 -0.00522396 0)
(0 -0.0042356 0)
(0.242146 0.0193637 0)
(0.386083 0.0128389 0)
(0.465913 0.00251633 0)
(0.479045 -0.00521632 0)
(0.450254 -0.00766405 0)
(0.425506 -0.0110346 0)
(0.353232 -0.0114807 0)
(0.256512 -0.00930177 0)
(0.181668 -0.00897434 0)
(0.123119 -0.0089708 0)
(0.0793541 -0.00836653 0)
(0.0488833 -0.00723532 0)
(0.030196 -0.00603577 0)
(0.0185956 -0.00527479 0)
(0.0116676 -0.00519017 0)
(0.00730189 -0.00573995 0)
(0.00416202 -0.00655764 0)
(0.00165063 -0.00724504 0)
(-0.000404933 0 0)
(-0.00225754 0 0)
(-0.0038532 0 0)
(-0.00496187 0 0)
(-0.0056924 0 0)
(-0.00605516 0 0)
(-0.00605105 0 0)
(-0.00568685 0 0)
(-0.0049688 0 0)
(-0.00391557 0 0)
(-0.00253988 0 0)
(-0.00089262 0 0)
)
;
    }
    defaultFaces
    {
        type            empty;
    }
}


// ************************************************************************* //
