/*--------------------------------*- C++ -*----------------------------------*\
| =========                 |                                                 |
| \\      /  F ield         | OpenFOAM: The Open Source CFD Toolbox           |
|  \\    /   O peration     | Version:  2.4.0                                 |
|   \\  /    A nd           | Web:      www.OpenFOAM.org                      |
|    \\/     M anipulation  |                                                 |
\*---------------------------------------------------------------------------*/
FoamFile
{
    version     2.0;
    format      ascii;
    class       surfaceScalarField;
    location    "0.029";
    object      phi;
}
// * * * * * * * * * * * * * * * * * * * * * * * * * * * * * * * * * * * * * //

dimensions      [0 3 -1 0 0 0 0];

internalField   nonuniform List<scalar> 
7080
(
-8.06891e-09
8.06891e-09
-6.26424e-09
-1.80471e-09
-1.26845e-08
6.42026e-09
-1.70414e-08
4.35684e-09
-2.22921e-08
5.2508e-09
-2.8909e-08
6.61686e-09
-3.68369e-08
7.92791e-09
-4.83879e-08
1.15511e-08
-6.44935e-08
1.61055e-08
-8.68364e-08
2.23431e-08
-1.16791e-07
2.99542e-08
-1.55707e-07
3.89166e-08
-2.04843e-07
4.91359e-08
-2.65369e-07
6.05254e-08
-3.38376e-07
7.3007e-08
-4.24919e-07
8.65428e-08
-5.26073e-07
1.01154e-07
-6.43003e-07
1.1693e-07
-7.76888e-07
1.33885e-07
-9.28555e-07
1.51667e-07
-1.09767e-06
1.69111e-07
-1.28148e-06
1.83818e-07
-1.47364e-06
1.92155e-07
-1.66285e-06
1.8921e-07
-1.8216e-06
1.58749e-07
-1.87048e-06
4.8887e-08
-1.61543e-06
-2.55055e-07
-9.04672e-07
-7.10759e-07
-1.00758e-07
-8.03913e-07
-6.76171e-08
-3.31414e-08
-9.28587e-09
1.73548e-08
-8.17302e-09
-2.91767e-09
-1.59395e-08
1.41868e-08
-2.12927e-08
9.70997e-09
-2.76951e-08
1.16533e-08
-3.55542e-08
1.4476e-08
-4.45631e-08
1.69369e-08
-5.73163e-08
2.43045e-08
-7.4546e-08
3.33349e-08
-9.79958e-08
4.57931e-08
-1.2895e-07
6.09079e-08
-1.68663e-07
7.86298e-08
-2.18242e-07
9.87146e-08
-2.78637e-07
1.20919e-07
-3.50639e-07
1.45009e-07
-4.34914e-07
1.70817e-07
-5.32126e-07
1.98366e-07
-6.4321e-07
2.28015e-07
-7.69798e-07
2.60472e-07
-9.14801e-07
2.96671e-07
-1.08325e-06
3.3756e-07
-1.28361e-06
3.84178e-07
-1.52871e-06
4.37256e-07
-1.82414e-06
4.84639e-07
-2.10826e-06
4.42871e-07
-2.15483e-06
9.5455e-08
-1.74554e-06
-6.64348e-07
-9.27697e-07
-1.5286e-06
-2.8308e-07
-1.44853e-06
-3.12362e-07
-3.83358e-08
-9.44056e-09
2.67954e-08
-8.0846e-09
-4.27373e-09
-1.59029e-08
2.20052e-08
-2.12383e-08
1.50452e-08
-2.75481e-08
1.79632e-08
-3.53634e-08
2.22913e-08
-4.38069e-08
2.53803e-08
-5.60397e-08
3.65374e-08
-7.23057e-08
4.96007e-08
-9.4476e-08
6.79634e-08
-1.23654e-07
9.00857e-08
-1.60961e-07
1.15936e-07
-2.07311e-07
1.45065e-07
-2.63392e-07
1.77001e-07
-3.29639e-07
2.11256e-07
-4.06148e-07
2.47327e-07
-4.92769e-07
2.84987e-07
-5.89348e-07
3.24594e-07
-6.96485e-07
3.67609e-07
-8.16984e-07
4.1717e-07
-9.57713e-07
4.78289e-07
-1.13037e-06
5.56834e-07
-1.34564e-06
6.52525e-07
-1.58993e-06
7.2893e-07
-1.78458e-06
6.37527e-07
-1.7731e-06
8.39678e-08
-1.51959e-06
-9.17851e-07
-1.23647e-06
-1.81173e-06
-9.99447e-07
-1.68555e-06
-1.28107e-06
-3.07426e-08
-9.63555e-09
3.6431e-08
-7.87879e-09
-6.03057e-09
-1.5725e-08
2.98515e-08
-2.10005e-08
2.03206e-08
-2.71102e-08
2.40729e-08
-3.4827e-08
3.0008e-08
-4.23367e-08
3.28898e-08
-5.37724e-08
4.79732e-08
-6.84922e-08
6.432e-08
-8.86821e-08
8.81533e-08
-1.15135e-07
1.16538e-07
-1.48808e-07
1.49609e-07
-1.90377e-07
1.86633e-07
-2.40212e-07
2.26836e-07
-2.98335e-07
2.69378e-07
-3.64096e-07
3.13088e-07
-4.36026e-07
3.56918e-07
-5.11456e-07
4.00023e-07
-5.85995e-07
4.42148e-07
-6.527e-07
4.83875e-07
-7.01455e-07
5.27044e-07
-7.18777e-07
5.74155e-07
-6.87814e-07
6.21561e-07
-5.94406e-07
6.35523e-07
-4.35787e-07
4.78908e-07
-3.69341e-07
1.75223e-08
-4.54052e-07
-8.33141e-07
-6.60174e-07
-1.6056e-06
-7.64733e-07
-1.58099e-06
-2.04753e-06
1.72732e-09
-9.90161e-09
4.63326e-08
-7.59942e-09
-8.33282e-09
-1.54795e-08
3.77316e-08
-2.06959e-08
2.5537e-08
-2.65124e-08
2.98894e-08
-3.41521e-08
3.76477e-08
-4.03831e-08
3.91205e-08
-5.09097e-08
5.84996e-08
-6.35444e-08
7.69544e-08
-8.12189e-08
1.05828e-07
-1.04192e-07
1.39512e-07
-1.3328e-07
1.78697e-07
-1.68915e-07
2.22268e-07
-2.11172e-07
2.69094e-07
-2.59878e-07
3.18084e-07
-3.13963e-07
3.67173e-07
-3.71188e-07
4.14143e-07
-4.26859e-07
4.55693e-07
-4.7226e-07
4.87549e-07
-4.92653e-07
5.04268e-07
-4.66042e-07
5.00432e-07
-3.64002e-07
4.72115e-07
-1.57557e-07
4.15117e-07
1.65463e-07
3.12502e-07
5.32987e-07
1.11385e-07
8.40698e-07
-2.90189e-07
7.86653e-07
-7.79096e-07
7.70385e-07
-1.58934e-06
5.47682e-07
-1.35829e-06
-1.64333e-06
1.43487e-07
-1.02456e-08
5.65782e-08
-7.24581e-09
-1.13327e-08
-1.51651e-08
4.56509e-08
-2.03441e-08
3.07159e-08
-2.57472e-08
3.52923e-08
-3.33834e-08
4.52838e-08
-3.79655e-08
4.37024e-08
-4.76282e-08
6.81621e-08
-5.75893e-08
8.69151e-08
-7.23485e-08
1.20587e-07
-9.12096e-08
1.58372e-07
-1.14957e-07
2.02444e-07
-1.43798e-07
2.51108e-07
-1.77457e-07
3.02754e-07
-2.15835e-07
3.56462e-07
-2.57816e-07
4.09154e-07
-3.01989e-07
4.58316e-07
-3.45703e-07
4.99407e-07
-3.84028e-07
5.25873e-07
-4.08798e-07
5.29038e-07
-4.11558e-07
5.03193e-07
-3.83534e-07
4.44092e-07
-3.06783e-07
3.38366e-07
-1.51588e-07
1.57307e-07
1.05812e-07
-1.46015e-07
4.57215e-07
-6.41591e-07
6.69919e-07
-9.91801e-07
6.93056e-07
-1.61247e-06
5.54062e-07
-1.21929e-06
-1.29337e-06
2.041e-07
-1.0676e-08
6.72542e-08
-6.81559e-09
-1.51931e-08
-1.478e-08
5.36153e-08
-1.99656e-08
3.59015e-08
-2.483e-08
4.01566e-08
-3.25669e-08
5.30206e-08
-3.51173e-08
4.62525e-08
-4.4012e-08
7.70566e-08
-5.0739e-08
9.36418e-08
-6.23981e-08
1.32246e-07
-7.66223e-08
1.72597e-07
-9.44885e-08
2.2031e-07
-1.15934e-07
2.72554e-07
-1.40301e-07
3.27121e-07
-1.68318e-07
3.84479e-07
-1.99586e-07
4.40422e-07
-2.35106e-07
4.93836e-07
-2.76104e-07
5.40404e-07
-3.2505e-07
5.7482e-07
-3.87161e-07
5.91148e-07
-4.70732e-07
5.86764e-07
-5.84972e-07
5.58332e-07
-7.16971e-07
4.70365e-07
-7.8511e-07
2.25445e-07
-6.37352e-07
-2.93773e-07
-3.20006e-07
-9.58936e-07
6.24416e-08
-1.37425e-06
-1.41236e-07
-1.4088e-06
-1.06451e-07
-1.25408e-06
-1.38773e-06
-1.20903e-08
-1.1204e-08
7.84582e-08
-6.30404e-09
-2.0093e-08
-1.43217e-08
6.1633e-08
-1.95816e-08
4.11614e-08
-2.38184e-08
4.43932e-08
-3.17479e-08
6.095e-08
-3.19424e-08
4.64468e-08
-4.01127e-08
8.52267e-08
-4.30929e-08
9.66219e-08
-5.17022e-08
1.40855e-07
-6.08377e-08
1.81732e-07
-7.22927e-08
2.31765e-07
-8.56957e-08
2.85957e-07
-9.96108e-08
3.41035e-07
-1.15369e-07
4.00237e-07
-1.32177e-07
4.57229e-07
-1.52755e-07
5.14414e-07
-1.83564e-07
5.71213e-07
-2.34177e-07
6.25433e-07
-3.28607e-07
6.85579e-07
-4.8151e-07
7.39666e-07
-7.1093e-07
7.87752e-07
-9.89214e-07
7.48649e-07
-1.14098e-06
3.77207e-07
-9.44838e-07
-4.8991e-07
-6.69949e-07
-1.23383e-06
-3.25941e-07
-1.71826e-06
-3.60383e-07
-1.37435e-06
-6.29247e-08
-1.55154e-06
-1.33268e-06
-1.1797e-07
-1.18417e-08
9.02999e-08
-5.70675e-09
-2.62279e-08
-1.37895e-08
6.97156e-08
-1.9212e-08
4.65839e-08
-2.28092e-08
4.79904e-08
-3.09638e-08
6.91044e-08
-2.86391e-08
4.4122e-08
-3.60367e-08
9.26239e-08
-3.48129e-08
9.53982e-08
-4.04143e-08
1.46456e-07
-4.41455e-08
1.85464e-07
-4.89596e-08
2.36579e-07
-5.42296e-08
2.91227e-07
-5.77224e-08
3.44528e-07
-6.20485e-08
4.04563e-07
-6.62069e-08
4.61388e-07
-7.42497e-08
5.22457e-07
-9.32809e-08
5.90245e-07
-1.2491e-07
6.57061e-07
-1.88554e-07
7.49224e-07
-3.01204e-07
8.52315e-07
-4.82722e-07
9.69271e-07
-6.55609e-07
9.21535e-07
-6.81766e-07
4.03365e-07
-5.57655e-07
-6.14022e-07
-4.99125e-07
-1.29236e-06
-4.75468e-07
-1.74191e-06
-1.89125e-07
-1.6607e-06
3.32946e-08
-1.77396e-06
-1.27624e-06
-2.31502e-08
-1.26068e-08
1.02907e-07
-5.01339e-09
-3.38213e-08
-1.31776e-08
7.78798e-08
-1.88772e-08
5.22834e-08
-2.1904e-08
5.10171e-08
-3.02455e-08
7.74457e-08
-2.54028e-08
3.92794e-08
-3.18897e-08
9.91106e-08
-2.63043e-08
8.9813e-08
-2.87848e-08
1.48936e-07
-2.69971e-08
1.83676e-07
-2.51797e-08
2.34761e-07
-2.2022e-08
2.88069e-07
-1.39222e-08
3.36428e-07
-2.14818e-09
3.92789e-07
1.78558e-08
4.41384e-07
4.3942e-08
4.96371e-07
7.78686e-08
5.56318e-07
1.19485e-07
6.15445e-07
1.61424e-07
7.07285e-07
2.21053e-07
7.92686e-07
2.78751e-07
9.11573e-07
3.60978e-07
8.39307e-07
4.82803e-07
2.8154e-07
4.23995e-07
-5.55214e-07
2.71729e-07
-1.14009e-06
-1.21732e-08
-1.45801e-06
1.66458e-07
-1.83933e-06
3.52864e-08
-1.64278e-06
-1.2872e-06
4.62424e-08
-1.35162e-08
1.16423e-07
-4.21601e-09
-4.31215e-08
-1.24815e-08
8.61453e-08
-1.86048e-08
5.84065e-08
-2.11698e-08
5.35821e-08
-2.96316e-08
8.59073e-08
-2.23589e-08
3.20069e-08
-2.77623e-08
1.04514e-07
-1.80984e-08
8.01494e-08
-1.70323e-08
1.4787e-07
-9.96015e-09
1.76604e-07
-2.02491e-09
2.26825e-07
8.96821e-09
2.77076e-07
2.57216e-08
3.19674e-07
4.72879e-08
3.71222e-07
8.01525e-08
4.08519e-07
1.21921e-07
4.54602e-07
1.82153e-07
4.96087e-07
2.77216e-07
5.20382e-07
4.19346e-07
5.65155e-07
6.30763e-07
5.81268e-07
9.57254e-07
5.85081e-07
1.29811e-06
4.98454e-07
1.5351e-06
4.45517e-08
1.42159e-06
-4.41707e-07
1.14394e-06
-8.62441e-07
7.26513e-07
-1.04058e-06
3.86135e-07
-1.49895e-06
6.91389e-08
-1.32579e-06
-1.16838e-06
-4.96784e-08
-1.45945e-08
1.31017e-07
-3.29844e-09
-5.44176e-08
-1.16859e-08
9.45326e-08
-1.84474e-08
6.51679e-08
-2.06455e-08
5.57802e-08
-2.9178e-08
9.44396e-08
-1.9596e-08
2.24251e-08
-2.3774e-08
1.08692e-07
-1.04895e-08
6.68651e-08
-5.09339e-09
1.42473e-07
6.38618e-09
1.65125e-07
1.97814e-08
2.1343e-07
3.68361e-08
2.60021e-07
6.27049e-08
2.93805e-07
9.4639e-08
3.39288e-07
1.44261e-07
3.58897e-07
2.07033e-07
3.9183e-07
2.89618e-07
4.13501e-07
4.17067e-07
3.92932e-07
5.30764e-07
4.51458e-07
8.0273e-07
3.09302e-07
1.03483e-06
3.52982e-07
1.23583e-06
2.97455e-07
1.48472e-06
-2.04342e-07
1.29542e-06
-2.52405e-07
1.03649e-06
-6.03512e-07
7.71954e-07
-7.76047e-07
2.71804e-07
-9.988e-07
-7.36693e-09
-1.04662e-06
-1.07955e-06
-9.61924e-08
-1.58661e-08
1.46883e-07
-2.24666e-09
-6.8037e-08
-1.07719e-08
1.03058e-07
-1.84026e-08
7.27984e-08
-2.03665e-08
5.77441e-08
-2.89538e-08
1.03027e-07
-1.71841e-08
1.06555e-08
-2.01105e-08
1.11618e-07
-3.66815e-09
5.0423e-08
6.01047e-09
1.32795e-07
2.16648e-08
1.4947e-07
3.93483e-08
1.95746e-07
6.12874e-08
2.38082e-07
9.32707e-08
2.61822e-07
1.3001e-07
3.02549e-07
1.88444e-07
3.00464e-07
2.56901e-07
3.23372e-07
3.34327e-07
3.36075e-07
4.70135e-07
2.57125e-07
5.1024e-07
4.11353e-07
7.17273e-07
1.02269e-07
7.06531e-07
3.63725e-07
8.28696e-07
1.75289e-07
8.04771e-07
-1.80416e-07
6.46368e-07
-9.40033e-08
4.87911e-07
-4.45055e-07
3.61968e-07
-6.50104e-07
1.58036e-07
-7.94868e-07
-5.28906e-09
-8.83292e-07
-1.05952e-06
-2.5318e-08
-1.73644e-08
1.64248e-07
-1.03919e-09
-8.43623e-08
-9.70699e-09
1.11725e-07
-1.83528e-08
8.1444e-08
-2.03755e-08
5.97667e-08
-2.90337e-08
1.11685e-07
-1.51733e-08
-3.20481e-09
-1.70107e-08
1.13455e-07
2.90039e-09
3.05118e-08
1.55151e-08
1.2018e-07
3.56617e-08
1.29323e-07
5.70168e-08
1.74391e-07
8.26793e-08
2.12419e-07
1.17599e-07
2.26902e-07
1.55488e-07
2.6466e-07
2.13161e-07
2.42791e-07
2.62216e-07
2.74318e-07
3.53539e-07
2.44751e-07
3.82508e-07
2.28156e-07
5.26778e-07
2.67083e-07
5.58943e-07
7.01044e-08
6.41741e-07
2.80927e-07
8.43638e-07
-2.6608e-08
6.91872e-07
-2.86504e-08
7.48487e-07
-1.50618e-07
7.44288e-07
-4.40855e-07
7.06224e-07
-6.12041e-07
7.39301e-07
-8.27945e-07
3.98849e-07
-5.4284e-07
-5.44847e-07
-1.15828e-07
-1.91262e-08
1.83374e-07
4.71624e-10
-1.0396e-07
-8.45266e-09
1.2065e-07
-1.82271e-08
9.12183e-08
-2.07263e-08
6.22658e-08
-2.94839e-08
1.20442e-07
-1.36089e-08
-1.90799e-08
-1.47364e-08
1.14582e-07
1.01405e-08
5.63472e-09
2.42474e-08
1.06073e-07
4.77197e-08
1.05851e-07
7.05724e-08
1.51539e-07
9.60926e-08
1.86898e-07
1.32766e-07
1.9023e-07
1.70079e-07
2.27347e-07
2.375e-07
1.75369e-07
2.85586e-07
2.26231e-07
3.7579e-07
1.54547e-07
4.44019e-07
1.59927e-07
4.8148e-07
2.29622e-07
5.0795e-07
4.36342e-08
7.50326e-07
3.85512e-08
5.87997e-07
1.35721e-07
5.38084e-07
2.12622e-08
6.72208e-07
-2.84742e-07
9.46827e-07
-7.15474e-07
9.40695e-07
-6.05909e-07
8.72458e-07
-7.59707e-07
5.64009e-07
-2.34392e-07
2.05425e-07
-1.86262e-07
-2.11896e-08
2.04564e-07
2.3783e-09
-1.27528e-07
-6.94145e-09
1.29969e-07
-1.80352e-08
1.02312e-07
-2.14871e-08
6.57176e-08
-3.03871e-08
1.29342e-07
-1.25665e-08
-3.69006e-08
-1.34401e-08
1.15456e-07
1.6588e-08
-2.43937e-08
3.37268e-08
8.89338e-08
6.24721e-08
7.71048e-08
9.01093e-08
1.23901e-07
1.20002e-07
1.57006e-07
1.51456e-07
1.58776e-07
1.88885e-07
1.89917e-07
2.37386e-07
1.26869e-07
2.70056e-07
1.93561e-07
3.882e-07
3.64025e-08
3.43171e-07
2.04957e-07
3.2965e-07
2.43143e-07
6.20584e-07
-2.473e-07
8.45846e-07
-1.86711e-07
4.32474e-07
5.49093e-07
2.0132e-07
2.52416e-07
4.2941e-07
-5.12831e-07
7.55646e-07
-1.04171e-06
6.27602e-07
-4.77866e-07
2.12338e-07
-3.44443e-07
1.49036e-07
-1.7109e-07
3.69562e-07
-1.51015e-08
-2.3597e-08
2.2816e-07
4.4677e-09
-1.55593e-07
-5.07624e-09
1.39513e-07
-1.78184e-08
1.15054e-07
-2.27342e-08
7.06333e-08
-3.17882e-08
1.38396e-07
-1.21784e-08
-5.65106e-08
-1.37702e-08
1.17047e-07
1.93513e-08
-5.75154e-08
3.44941e-08
7.37908e-08
6.32249e-08
4.83737e-08
8.67589e-08
1.00367e-07
1.09892e-07
1.33873e-07
1.42479e-07
1.26188e-07
1.70985e-07
1.61411e-07
2.54018e-07
4.38361e-08
2.83672e-07
1.63907e-07
4.58391e-07
-1.38316e-07
4.34001e-07
2.29346e-07
5.54362e-07
1.22782e-07
9.32153e-07
-6.25091e-07
1.13968e-06
-3.94239e-07
1.06991e-06
6.18868e-07
5.7298e-07
7.49344e-07
5.74755e-07
-5.14607e-07
4.37407e-07
-9.04362e-07
5.20048e-08
-9.24636e-08
-7.94056e-08
-2.13032e-07
2.13301e-08
-2.71826e-07
3.36146e-07
5.47464e-08
-2.63986e-08
2.54559e-07
6.78206e-09
-1.88774e-07
-3.03545e-09
1.4933e-07
-1.7615e-08
1.29633e-07
-2.45661e-08
7.75844e-08
-3.37135e-08
1.47543e-07
-1.23245e-08
-7.78996e-08
-1.29779e-08
1.17701e-07
3.21662e-08
-1.0266e-07
5.45387e-08
5.14181e-08
8.99974e-08
1.29148e-08
1.25813e-07
6.45521e-08
1.52268e-07
1.07417e-07
1.69165e-07
1.09291e-07
2.04484e-07
1.26092e-07
2.16069e-07
3.22508e-08
3.07764e-07
7.22115e-08
3.00881e-07
-1.31433e-07
5.34443e-07
-4.21529e-09
7.40375e-07
-8.31501e-08
7.70717e-07
-6.55434e-07
7.62806e-07
-3.86328e-07
7.80059e-07
6.01614e-07
1.05452e-06
4.74887e-07
8.78716e-07
-3.38806e-07
5.04761e-07
-5.30407e-07
2.23003e-07
1.89295e-07
1.42948e-08
-4.32407e-09
-1.66088e-08
-2.40922e-07
4.02148e-07
-8.26107e-08
-2.96518e-08
2.84211e-07
9.34234e-09
-2.27768e-07
-1.10489e-09
1.59777e-07
-1.74429e-08
1.45971e-07
-2.70968e-08
8.72385e-08
-3.62224e-08
1.56669e-07
-1.37422e-08
-1.00379e-07
-2.17019e-08
1.2566e-07
1.71535e-08
-1.41515e-07
3.52452e-08
3.33262e-08
6.66618e-08
-1.85018e-08
8.97837e-08
4.14301e-08
1.0841e-07
8.87904e-08
1.18855e-07
9.88456e-08
1.3525e-07
1.09697e-07
1.84941e-07
-1.74407e-08
2.26082e-07
3.10706e-08
1.76896e-07
-8.2247e-08
3.09571e-07
-1.36891e-07
4.26904e-07
-2.00482e-07
1.93024e-07
-4.21554e-07
-2.75589e-08
-1.65746e-07
3.18536e-07
2.5552e-07
8.09588e-07
-1.6165e-08
3.30836e-07
1.39946e-07
-2.40324e-07
4.07527e-08
-2.27068e-07
1.76039e-07
-3.78084e-07
1.46691e-07
-3.51432e-07
-2.67574e-07
-2.43124e-08
7.50284e-08
-3.34162e-08
3.17627e-07
1.22004e-08
-2.73385e-07
1.69424e-09
1.70283e-07
-1.72992e-08
1.64965e-07
-3.04687e-08
1.00408e-07
-3.90801e-08
1.6528e-07
-1.52413e-08
-1.24218e-07
-1.50741e-08
1.25493e-07
5.1287e-08
-2.07876e-07
7.43434e-08
1.027e-08
1.26154e-07
-7.03124e-08
1.78851e-07
-1.12663e-08
1.86579e-07
8.10622e-08
1.77474e-07
1.0795e-07
1.84357e-07
1.02814e-07
1.43386e-07
2.35299e-08
1.56951e-07
1.75058e-08
8.69718e-08
-1.22679e-08
2.71745e-08
-7.70938e-08
-1.71074e-07
-2.23386e-09
-4.2399e-07
-1.68638e-07
-4.82226e-07
-1.0751e-07
-3.63421e-07
1.36715e-07
-7.19086e-07
3.395e-07
-8.59429e-07
2.80289e-07
-9.78694e-07
1.60018e-07
-8.35464e-07
3.28088e-08
-3.43957e-07
-3.44815e-07
-2.68672e-07
-3.42859e-07
-2.90558e-07
-2.42565e-09
-3.77557e-08
3.55382e-07
1.53998e-08
-3.2654e-07
5.70975e-09
1.79974e-07
-1.72049e-08
1.87879e-07
-3.49221e-08
1.18126e-07
-4.27447e-08
1.73103e-07
-1.93621e-08
-1.476e-07
-4.06005e-08
1.46731e-07
6.44972e-09
-2.54926e-07
2.87633e-08
-1.20434e-08
5.80784e-08
-9.96274e-08
7.99547e-08
-3.31424e-08
9.97957e-08
6.12213e-08
7.65259e-08
1.3122e-07
8.81283e-08
9.12117e-08
1.72824e-07
-6.11657e-08
1.46365e-07
4.3965e-08
1.53439e-07
-1.93421e-08
1.47752e-07
-7.14067e-08
1.41556e-07
3.96252e-09
-2.15993e-08
-5.48273e-09
-8.33408e-08
-4.57685e-08
-1.86791e-07
2.40165e-07
-5.99536e-08
2.12663e-07
1.65732e-07
5.46033e-08
2.53416e-07
7.23337e-08
3.49251e-07
-6.30262e-08
2.94246e-07
-2.89811e-07
1.40088e-07
-1.88701e-07
1.74063e-07
-3.24533e-07
-4.27476e-08
3.9813e-07
1.89949e-08
-3.88283e-07
1.05202e-08
1.88448e-07
-1.71857e-08
2.15585e-07
-4.07548e-08
1.41695e-07
-4.55033e-08
1.77851e-07
-2.21648e-08
-1.70939e-07
-2.42966e-08
1.48863e-07
6.95439e-08
-3.48766e-07
8.93676e-08
-3.18668e-08
1.6665e-07
-1.7691e-07
2.79601e-07
-1.46094e-07
2.47711e-07
9.31117e-08
2.04099e-07
1.74832e-07
1.82297e-07
1.13014e-07
1.06541e-07
1.45902e-08
1.55753e-07
-5.24743e-09
1.32153e-07
4.25807e-09
5.68791e-08
3.86787e-09
-6.33749e-08
1.24216e-07
-6.94444e-08
5.86804e-10
-7.22927e-08
-4.29203e-08
5.23529e-08
1.1552e-07
3.86448e-07
-1.21432e-07
3.07865e-07
1.33186e-07
2.05038e-07
1.7516e-07
2.898e-07
-1.47787e-07
2.87848e-07
-2.87859e-07
4.04561e-07
-3.05414e-07
4.15187e-07
1.63437e-07
-4.84534e-08
4.46583e-07
2.30568e-08
-4.59793e-07
1.64682e-08
1.95037e-07
-1.73046e-08
2.49358e-07
-4.8726e-08
1.73117e-07
-5.08423e-08
1.79967e-07
-3.12039e-08
-1.90577e-07
-6.89583e-08
1.86618e-07
-1.00031e-08
-4.07722e-07
1.55209e-08
-5.73905e-08
4.84116e-08
-2.09801e-07
6.45769e-08
-1.62259e-07
8.13735e-08
7.63149e-08
-2.12889e-08
2.77494e-07
4.5557e-08
4.6168e-08
2.33162e-07
-1.73015e-07
6.058e-08
1.67335e-07
6.92799e-09
5.79102e-08
8.76734e-08
-7.68775e-08
2.99393e-07
-8.7503e-08
9.79872e-07
-6.79893e-07
5.90073e-07
3.46879e-07
-2.25593e-07
9.31186e-07
-1.59569e-06
1.24867e-06
-1.84267e-06
3.8016e-07
-1.60203e-06
-6.54731e-08
-1.34406e-06
-4.0576e-07
-9.39328e-07
-6.92592e-07
-5.2924e-07
-7.15502e-07
-7.88899e-07
6.74845e-07
-5.49535e-08
5.01537e-07
2.77421e-08
-5.42488e-07
2.39406e-08
1.98839e-07
-1.75492e-08
2.90848e-07
-5.93273e-08
2.14895e-07
-4.85839e-08
1.69224e-07
-3.41161e-08
-2.05046e-07
-4.64911e-08
1.98993e-07
8.72986e-08
-5.41512e-07
8.52054e-08
-5.52971e-08
2.0947e-07
-3.34065e-07
4.59066e-07
-4.11855e-07
3.60937e-07
1.74444e-07
2.67998e-07
3.70433e-07
1.8555e-07
1.28615e-07
2.7807e-08
-1.52717e-08
2.28776e-07
-3.3634e-08
9.66997e-08
1.89986e-07
-2.39357e-07
2.5918e-07
1.79522e-07
-5.06382e-07
2.08951e-06
-2.58988e-06
1.36627e-06
1.07013e-06
-9.3651e-07
3.23396e-06
-1.72653e-06
2.03869e-06
-1.50356e-06
1.5719e-07
-1.04406e-06
-5.24977e-07
-1.11381e-06
-3.36009e-07
-9.50818e-07
-8.55584e-07
-1.06056e-06
-6.05764e-07
-1.8716e-06
2.21444e-08
-6.22444e-08
5.63781e-07
3.30782e-08
-6.37811e-07
3.31922e-08
1.98725e-07
-1.82411e-08
3.42281e-07
-7.21324e-08
2.68786e-07
-5.64043e-08
1.53495e-07
-5.68077e-08
-2.04643e-07
-1.06629e-07
2.48814e-07
-3.46617e-08
-6.1348e-07
-1.13887e-08
-7.857e-08
4.41567e-08
-3.89611e-07
7.8071e-08
-4.45769e-07
6.17969e-08
1.90718e-07
-1.97525e-07
6.29755e-07
7.47045e-08
-1.43614e-07
4.19528e-07
-3.60095e-07
3.78578e-08
3.48036e-07
3.46934e-07
-1.1909e-07
-4.20885e-08
6.48203e-07
2.06557e-07
-7.55027e-07
4.09583e-07
-2.79291e-06
-3.06684e-06
4.54655e-06
-3.21647e-06
3.38359e-06
-2.59953e-06
1.42176e-06
-1.81126e-06
-6.31077e-07
-1.00139e-06
-1.33485e-06
-7.79606e-07
-5.57798e-07
-6.35258e-07
-9.99931e-07
-1.18932e-06
-5.17034e-08
-1.03696e-06
-2.02396e-06
-7.0481e-08
6.34262e-07
3.96892e-08
-7.47981e-07
4.52455e-08
1.93168e-07
-1.89244e-08
4.06451e-07
-8.62815e-08
3.36142e-07
-4.34162e-08
1.1063e-07
-5.87466e-08
-1.89312e-07
-8.53967e-08
2.75464e-07
1.03686e-07
-8.02562e-07
2.81281e-08
-3.01214e-09
2.3136e-07
-5.92842e-07
7.88085e-07
-1.00249e-06
5.165e-07
4.62302e-07
2.85217e-07
8.61038e-07
1.69107e-07
-2.75045e-08
4.33645e-07
-6.24633e-07
7.19887e-07
6.17931e-08
-4.93499e-07
1.0943e-06
5.93587e-07
-4.38883e-07
9.35676e-07
-1.09712e-06
-6.16748e-06
4.31025e-06
-4.01386e-06
2.39293e-06
-6.016e-07
-2.86738e-08
-1.93202e-07
1.01336e-06
-8.39597e-07
1.53186e-08
-1.05731e-06
-1.11714e-06
-1.20739e-06
-4.07715e-07
-4.73758e-07
-1.73356e-06
-8.49602e-08
-4.40501e-07
-7.12203e-07
-4.09712e-07
-7.94252e-08
7.13687e-07
4.59963e-08
-8.73403e-07
5.89198e-08
1.80245e-07
-2.13846e-08
4.86755e-07
-1.03731e-07
4.18489e-07
-6.67516e-08
7.36504e-08
-8.64726e-08
-1.69591e-07
-1.33437e-07
3.22429e-07
-7.32519e-08
-8.62746e-07
-7.04795e-08
-5.78456e-09
9.56034e-08
-7.58925e-07
1.92221e-07
-1.09911e-06
1.47893e-07
5.0663e-07
-4.71841e-07
1.48077e-06
3.50076e-07
-8.49422e-07
8.38578e-07
-1.11313e-06
-1.9184e-07
1.09221e-06
1.32446e-07
7.70011e-07
1.24734e-06
-1.55378e-06
-1.79276e-07
3.29504e-07
-1.12594e-06
5.25691e-06
-1.60815e-06
2.87515e-06
-2.31085e-06
6.74028e-07
-7.92418e-07
-5.05076e-07
-8.8513e-07
1.0803e-07
-6.86752e-08
-1.93359e-06
6.72262e-07
-1.14865e-06
1.63097e-06
-2.69228e-06
1.73615e-06
-5.45677e-07
6.90058e-08
9.54941e-07
-8.94397e-08
8.03127e-07
5.72274e-08
-1.02007e-06
7.95493e-08
1.57923e-07
-2.21837e-08
5.88488e-07
-1.21206e-07
5.17512e-07
-3.40997e-08
-1.34565e-08
-1.03395e-07
-1.00295e-07
-1.16574e-07
3.35607e-07
1.36108e-07
-1.11543e-06
-1.42759e-07
2.73083e-07
-2.08107e-07
-6.93577e-07
7.70521e-07
-2.07774e-06
7.49397e-07
5.27753e-07
6.27821e-07
1.60235e-06
1.27731e-06
-1.49891e-06
1.67648e-06
-1.5123e-06
5.97385e-07
2.17131e-06
1.75022e-06
-3.82828e-07
5.29558e-07
-3.33116e-07
-1.55454e-06
2.41361e-06
7.70311e-07
2.93205e-06
-2.4846e-06
6.13006e-06
-1.54612e-06
-2.64451e-07
-1.18748e-06
-8.63721e-07
3.51938e-07
-1.43138e-06
4.79493e-07
-2.06115e-06
6.20954e-07
-1.29011e-06
2.07518e-07
-2.27884e-06
2.00016e-07
-5.38176e-07
5.90441e-07
-3.21419e-07
-1.19497e-07
9.22624e-07
6.27511e-08
-1.20232e-06
9.73418e-08
1.23332e-07
-3.07792e-08
7.16609e-07
-1.49525e-07
6.36258e-07
-7.65593e-08
-8.6422e-08
-7.81824e-08
-9.86723e-08
9.6369e-08
1.61056e-07
1.54164e-07
-1.17322e-06
2.06893e-07
2.20354e-07
-9.34153e-07
4.47469e-07
-1.7449e-07
-2.8374e-06
1.67885e-07
1.85378e-07
7.45672e-07
1.02456e-06
1.51094e-06
-2.26419e-06
-1.97851e-07
1.96494e-07
9.07871e-07
1.06558e-06
-8.8925e-08
6.13967e-07
-1.23453e-06
8.12488e-07
-3.89241e-07
1.56832e-06
1.18853e-06
1.35427e-06
6.75647e-06
5.62116e-07
7.28716e-06
-7.95135e-07
6.38437e-06
3.90644e-08
6.35693e-06
-1.40394e-06
4.21768e-06
7.81071e-08
2.71668e-06
2.10889e-07
9.06234e-07
-4.68398e-07
1.30093e-06
-9.32872e-07
-3.8887e-07
2.28024e-06
2.93715e-07
6.28909e-07
1.19448e-07
-1.02805e-06
1.31251e-07
1.11528e-07
-1.69096e-08
8.6477e-07
-1.63515e-07
7.82863e-07
1.28418e-07
-3.78354e-07
-6.04398e-07
6.34142e-07
7.58715e-08
-5.19213e-07
-2.40077e-06
1.30341e-06
-1.1849e-06
-9.9551e-07
-2.0724e-07
-5.30193e-07
-1.48367e-06
-1.56097e-06
-6.15417e-07
-6.82879e-07
1.35163e-08
3.95627e-07
-7.45608e-08
-2.17611e-06
1.36252e-07
-1.4319e-08
6.78093e-07
5.23743e-07
-6.41956e-07
1.93402e-06
1.10123e-07
6.04095e-08
4.18571e-07
1.25987e-06
1.27794e-06
4.94907e-07
2.53333e-06
-6.93271e-07
3.01843e-06
-1.28023e-06
2.97809e-06
7.93989e-08
1.50896e-06
6.51906e-08
1.58961e-06
-2.54241e-09
2.32838e-06
-5.27882e-07
2.23519e-06
-3.7521e-07
1.7097e-06
-4.07379e-07
1.5671e-06
-2.46271e-07
3.65563e-08
-6.96976e-08
8.87579e-07
-8.51023e-07
1.61266e-06
-7.25077e-07
1.86595e-06
-2.53296e-07
1.8155e-06
5.04545e-08
1.65648e-06
1.59016e-07
1.467e-06
1.89486e-07
1.27398e-06
1.93019e-07
1.0887e-06
1.8528e-07
9.17832e-07
1.70864e-07
7.64461e-07
1.53371e-07
6.29215e-07
1.35246e-07
5.11455e-07
1.17761e-07
4.1008e-07
1.01375e-07
3.23912e-07
8.6168e-08
2.51803e-07
7.21086e-08
1.92607e-07
5.9196e-08
1.45137e-07
4.74705e-08
1.08155e-07
3.69816e-08
8.03347e-08
2.78204e-08
6.03177e-08
2.0017e-08
4.65809e-08
1.37369e-08
3.74439e-08
9.13711e-09
3.12767e-08
6.16742e-09
2.62525e-08
5.02436e-09
2.14293e-08
4.82326e-09
1.68024e-08
4.62693e-09
8.94618e-09
7.85628e-09
9.93728e-09
-9.91092e-10
9.93741e-09
2.08531e-07
-3.16565e-07
8.85075e-07
-1.52757e-06
1.73091e-06
-1.57091e-06
2.14688e-06
-6.69267e-07
2.10052e-06
9.6809e-08
1.81725e-06
4.42284e-07
1.5222e-06
4.8454e-07
1.27609e-06
4.39126e-07
1.07382e-06
3.87555e-07
9.03179e-07
3.41503e-07
7.56216e-07
3.00334e-07
6.282e-07
2.63261e-07
5.16358e-07
2.29603e-07
4.19073e-07
1.9866e-07
3.35345e-07
1.69895e-07
2.6441e-07
1.43043e-07
2.05502e-07
1.18105e-07
1.57727e-07
9.52451e-08
1.20078e-07
7.46306e-08
9.13688e-08
5.65295e-08
7.0363e-08
4.10231e-08
5.55873e-08
2.85128e-08
4.53768e-08
1.93478e-08
3.81184e-08
1.3426e-08
3.19275e-08
1.12154e-08
2.59101e-08
1.08408e-08
2.024e-08
1.02971e-08
1.09694e-08
1.71271e-08
1.12255e-08
-1.24722e-09
2.1163e-08
9.54919e-07
-1.30223e-06
1.17878e-06
-1.75143e-06
1.4845e-06
-1.87663e-06
1.76021e-06
-9.44975e-07
1.78234e-06
7.46784e-08
1.58887e-06
6.35757e-07
1.34284e-06
7.30568e-07
1.12448e-06
6.57488e-07
9.48312e-07
5.63723e-07
8.04425e-07
4.8539e-07
6.81556e-07
4.23203e-07
5.72995e-07
3.71823e-07
4.7589e-07
3.26707e-07
3.89499e-07
2.85052e-07
3.13815e-07
2.45579e-07
2.48851e-07
2.08008e-07
1.94404e-07
1.72551e-07
1.49945e-07
1.39704e-07
1.14763e-07
1.09813e-07
8.78482e-08
8.34442e-08
6.81739e-08
6.06975e-08
5.43573e-08
4.23296e-08
4.48027e-08
2.89027e-08
3.79878e-08
2.02411e-08
3.19439e-08
1.72595e-08
2.59342e-08
1.68507e-08
2.02859e-08
1.59454e-08
1.08824e-08
2.65308e-08
1.14009e-08
-1.7657e-09
3.2564e-08
8.01365e-07
-2.10186e-06
7.03541e-07
-1.65361e-06
4.95007e-07
-1.66809e-06
4.27762e-07
-8.7773e-07
4.88062e-07
1.43791e-08
6.27941e-07
4.95878e-07
7.04433e-07
6.54076e-07
7.20645e-07
6.41276e-07
6.9344e-07
5.90928e-07
6.38625e-07
5.40205e-07
5.68691e-07
4.93136e-07
4.92888e-07
4.47627e-07
4.17458e-07
4.02138e-07
3.46306e-07
3.56203e-07
2.81817e-07
3.10068e-07
2.25288e-07
2.64536e-07
1.77295e-07
2.20545e-07
1.37723e-07
1.79276e-07
1.06255e-07
1.41281e-07
8.20697e-08
1.0763e-07
6.446e-08
7.83073e-08
5.2149e-08
5.46407e-08
4.36382e-08
3.74137e-08
3.75342e-08
2.63454e-08
3.17625e-08
2.30313e-08
2.5805e-08
2.28084e-08
2.02271e-08
2.15233e-08
1.06758e-08
3.60823e-08
1.1625e-08
-2.71494e-09
4.41892e-08
-2.82807e-07
-1.67557e-06
-5.26708e-07
-1.40971e-06
-6.02671e-07
-1.59213e-06
-6.94162e-07
-7.86239e-07
-4.46113e-07
-2.3367e-07
-1.18757e-07
1.68522e-07
1.74009e-07
3.6131e-07
3.61337e-07
4.53949e-07
4.51668e-07
5.00596e-07
4.72423e-07
5.19451e-07
4.49987e-07
5.15571e-07
4.04753e-07
4.9286e-07
3.50309e-07
4.56583e-07
2.9476e-07
4.11751e-07
2.42561e-07
3.62268e-07
1.9583e-07
3.11268e-07
1.55667e-07
2.60707e-07
1.22129e-07
2.12814e-07
9.53556e-08
1.68054e-07
7.46145e-08
1.28371e-07
5.96694e-08
9.32526e-08
4.9314e-08
6.49963e-08
4.21575e-08
4.45704e-08
3.69613e-08
3.15418e-08
3.15384e-08
2.84542e-08
2.56372e-08
2.87098e-08
2.01379e-08
2.70226e-08
1.03948e-08
4.58255e-08
1.19288e-08
-4.24896e-09
5.61181e-08
-2.33853e-07
-1.23762e-06
-4.68092e-07
-1.17547e-06
-4.93549e-07
-1.56667e-06
-3.83378e-07
-8.9641e-07
-1.02471e-07
-5.14577e-07
1.18252e-07
-5.22e-08
2.63322e-07
2.16239e-07
3.41044e-07
3.76227e-07
3.73464e-07
4.68177e-07
3.7495e-07
5.17964e-07
3.53801e-07
5.36721e-07
3.18905e-07
5.27756e-07
2.78436e-07
4.97052e-07
2.37133e-07
4.53054e-07
1.97765e-07
4.01636e-07
1.61741e-07
3.47292e-07
1.30466e-07
2.91982e-07
1.03741e-07
2.39538e-07
8.24849e-08
1.89311e-07
6.57129e-08
1.45143e-07
5.39666e-08
1.04999e-07
4.59791e-08
7.2984e-08
4.0425e-08
5.01247e-08
3.6311e-08
3.56561e-08
3.12966e-08
3.34687e-08
2.54495e-08
3.45572e-08
2.0015e-08
3.24571e-08
1.00383e-08
5.58024e-08
1.23181e-08
-6.52878e-09
6.84362e-08
7.63061e-08
-1.32601e-06
7.97619e-08
-1.17892e-06
-7.72343e-08
-1.40968e-06
2.64884e-07
-1.23853e-06
5.36771e-07
-7.86463e-07
6.52919e-07
-1.68348e-07
5.95173e-07
2.73986e-07
4.91616e-07
4.79784e-07
4.02187e-07
5.57606e-07
3.36084e-07
5.84067e-07
2.857e-07
5.87105e-07
2.44714e-07
5.68742e-07
2.09093e-07
5.32673e-07
1.77578e-07
4.84569e-07
1.49627e-07
4.29588e-07
1.24277e-07
3.72642e-07
1.02636e-07
3.13623e-07
8.31768e-08
2.58997e-07
6.81707e-08
2.04317e-07
5.5604e-08
1.5771e-07
4.75482e-08
1.13055e-07
4.22949e-08
7.82375e-08
3.84674e-08
5.39524e-08
3.56331e-08
3.84906e-08
3.10654e-08
3.80366e-08
2.52654e-08
4.03574e-08
1.98538e-08
3.78688e-08
9.60315e-09
6.60533e-08
1.27998e-08
-9.72549e-09
8.12361e-08
-1.0183e-07
-1.34215e-06
2.28512e-07
-1.50927e-06
1.98894e-07
-1.38006e-06
6.02556e-07
-1.64219e-06
8.77136e-07
-1.06104e-06
1.02866e-06
-3.19872e-07
8.50802e-07
4.51844e-07
5.95998e-07
7.34588e-07
3.99528e-07
7.54077e-07
2.69966e-07
7.13629e-07
1.91263e-07
6.65808e-07
1.50398e-07
6.09607e-07
1.25851e-07
5.5722e-07
1.09645e-07
5.00775e-07
9.64757e-08
4.42757e-07
8.3446e-08
3.85671e-07
7.25577e-08
3.24512e-07
6.0828e-08
2.70727e-07
5.27949e-08
2.1235e-07
4.45108e-08
1.65994e-07
4.0659e-08
1.16907e-07
3.8245e-08
8.06516e-08
3.6356e-08
5.58415e-08
3.4988e-08
3.98588e-08
3.08781e-08
4.21466e-08
2.51113e-08
4.61243e-08
1.96476e-08
4.33325e-08
9.0837e-09
7.66174e-08
1.3384e-08
-1.40259e-08
9.46202e-08
-3.99189e-08
-1.32539e-06
2.24615e-07
-1.7738e-06
4.13115e-07
-1.56856e-06
4.67013e-07
-1.69609e-06
5.55326e-07
-1.14936e-06
6.84463e-07
-4.49009e-07
6.18287e-07
5.18021e-07
4.25525e-07
9.2735e-07
2.4537e-07
9.34232e-07
1.42061e-07
8.16938e-07
8.67335e-08
7.21135e-07
6.11529e-08
6.35188e-07
4.76742e-08
5.70698e-07
4.36723e-08
5.04777e-07
4.32832e-08
4.43146e-07
4.1645e-08
3.8731e-07
4.13841e-08
3.24773e-07
3.71036e-08
2.75008e-07
3.65997e-08
2.12854e-07
3.2577e-08
1.70017e-07
3.34279e-08
1.16056e-07
3.39474e-08
8.01322e-08
3.41804e-08
5.56087e-08
3.44461e-08
3.95933e-08
3.07723e-08
4.58205e-08
2.50127e-08
5.1884e-08
1.93886e-08
4.89567e-08
8.47323e-09
8.75329e-08
1.40819e-08
-1.96346e-08
1.08702e-07
3.65636e-08
-1.31571e-06
-8.43571e-08
-1.65288e-06
5.42488e-08
-1.70717e-06
-2.82875e-07
-1.35896e-06
-4.26032e-07
-1.0062e-06
-4.477e-07
-4.27341e-07
-3.22259e-07
3.92579e-07
-2.70307e-07
8.75398e-07
-2.30555e-07
8.9448e-07
-1.8033e-07
7.66713e-07
-1.42508e-07
6.83314e-07
-1.00782e-07
5.93462e-07
-6.56596e-08
5.35576e-07
-3.73871e-08
4.76505e-07
-1.54534e-08
4.21213e-07
-1.59605e-09
3.73453e-07
9.34262e-09
3.13834e-07
1.31646e-08
2.71186e-07
1.98932e-08
2.06126e-07
2.01652e-08
1.69745e-07
2.59658e-08
1.10256e-07
2.95623e-08
7.65357e-08
3.20323e-08
5.31387e-08
3.40868e-08
3.7539e-08
3.07897e-08
4.91178e-08
2.49912e-08
5.76826e-08
1.90653e-08
5.48826e-08
7.76177e-09
9.88366e-08
1.49079e-08
-2.67808e-08
1.2361e-07
-1.76879e-07
-1.18851e-06
-4.89088e-07
-1.34067e-06
-8.02161e-07
-1.39409e-06
-1.25527e-06
-9.05856e-07
-1.49346e-06
-7.68003e-07
-1.55204e-06
-3.68764e-07
-1.2971e-06
1.37639e-07
-9.3792e-07
5.16217e-07
-6.27407e-07
5.83968e-07
-4.29953e-07
5.69259e-07
-2.94061e-07
5.47421e-07
-2.01765e-07
5.01166e-07
-1.41947e-07
4.75758e-07
-9.87445e-08
4.33302e-07
-6.35498e-08
3.86018e-07
-4.04365e-08
3.50339e-07
-2.03601e-08
2.93758e-07
-8.76961e-09
2.59595e-07
2.64416e-09
1.94712e-07
8.37942e-09
1.6401e-07
1.8375e-08
1.0026e-07
2.524e-08
6.96708e-08
2.99868e-08
4.8392e-08
3.39974e-08
3.35285e-08
3.09749e-08
5.21404e-08
2.5064e-08
6.35936e-08
1.86625e-08
6.12842e-08
6.93607e-09
1.10563e-07
1.58795e-08
-3.57243e-08
1.3949e-07
-2.34966e-07
-1.04973e-06
-5.41585e-07
-1.03405e-06
-9.84932e-07
-9.50746e-07
-1.21586e-06
-6.74926e-07
-1.4284e-06
-5.55466e-07
-1.56456e-06
-2.32599e-07
-1.25576e-06
-1.71168e-07
-1.06185e-06
3.22313e-07
-8.15577e-07
3.37692e-07
-5.45616e-07
2.99298e-07
-4.36179e-07
4.37984e-07
-3.08698e-07
3.73684e-07
-2.25696e-07
3.92756e-07
-1.61812e-07
3.69419e-07
-1.09879e-07
3.34085e-07
-7.67122e-08
3.17173e-07
-4.72342e-08
2.6428e-07
-3.05024e-08
2.42864e-07
-1.29793e-08
1.77189e-07
-2.47503e-09
1.53506e-07
1.06262e-08
8.71588e-08
2.10995e-08
5.91975e-08
2.81814e-08
4.13101e-08
3.42737e-08
2.74363e-08
3.13752e-08
5.50389e-08
2.52454e-08
6.97235e-08
1.81634e-08
6.83662e-08
5.98292e-09
1.22744e-07
1.70152e-08
-4.67566e-08
1.56505e-07
-1.00216e-07
-9.74835e-07
-3.19699e-07
-8.14567e-07
-4.90589e-07
-7.79857e-07
-5.87962e-07
-5.77552e-07
-7.2875e-07
-4.14678e-07
-9.04556e-07
-5.67936e-08
-8.5451e-07
-2.21214e-07
-7.53689e-07
2.21492e-07
-7.55026e-07
3.39029e-07
-5.31664e-07
7.59353e-08
-4.94789e-07
4.01109e-07
-3.53911e-07
2.32807e-07
-2.75613e-07
3.14458e-07
-2.0526e-07
2.99067e-07
-1.44187e-07
2.73012e-07
-1.06556e-07
2.79542e-07
-7.05576e-08
2.28281e-07
-5.00834e-08
2.2239e-07
-2.7316e-08
1.54421e-07
-1.42868e-08
1.40476e-07
2.85038e-09
7.00217e-08
1.73925e-08
4.46555e-08
2.68493e-08
3.18534e-08
3.50166e-08
1.92691e-08
3.20356e-08
5.80199e-08
2.55476e-08
7.62116e-08
1.75402e-08
7.63737e-08
4.88013e-09
1.35404e-07
1.83417e-08
-6.02182e-08
1.74847e-07
-5.87836e-07
-5.02827e-07
-8.09177e-07
-5.93226e-07
-7.54418e-07
-8.34616e-07
-7.95644e-07
-5.36326e-07
-7.6858e-07
-4.41743e-07
-7.54309e-07
-7.10642e-08
-9.03024e-07
-7.24981e-08
-6.71674e-07
-9.85834e-09
-5.95534e-07
2.62889e-07
-5.55518e-07
3.592e-08
-4.05115e-07
2.50706e-07
-3.76033e-07
2.03725e-07
-2.79416e-07
2.17841e-07
-2.29501e-07
2.49152e-07
-1.68272e-07
2.11783e-07
-1.29404e-07
2.40674e-07
-9.05159e-08
1.89393e-07
-6.72048e-08
1.99079e-07
-4.07299e-08
1.27947e-07
-2.5077e-08
1.24823e-07
-4.44821e-09
4.9393e-08
1.44693e-08
2.57381e-08
2.61521e-08
2.01706e-08
3.63327e-08
9.08851e-09
3.29718e-08
6.13809e-08
2.59812e-08
8.32023e-08
1.67635e-08
8.55913e-08
3.60901e-09
1.48558e-07
1.9886e-08
-7.64953e-08
1.94733e-07
-7.95231e-07
1.06141e-07
-9.45893e-07
-4.42564e-07
-1.02322e-06
-7.57287e-07
-9.58731e-07
-6.00817e-07
-6.59136e-07
-7.41338e-07
-5.66001e-07
-1.642e-07
-6.67408e-07
2.89089e-08
-7.91963e-07
1.14696e-07
-5.23071e-07
-6.00232e-09
-5.04034e-07
1.68828e-08
-4.61841e-07
2.08513e-07
-3.961e-07
1.37985e-07
-3.02004e-07
1.23745e-07
-2.5381e-07
2.00958e-07
-1.82189e-07
1.40162e-07
-1.46228e-07
2.04713e-07
-1.02354e-07
1.45519e-07
-8.2533e-08
1.79258e-07
-5.08909e-08
9.63047e-08
-3.60144e-08
1.09947e-07
-9.59981e-09
2.29784e-08
1.2941e-08
3.19731e-09
2.62152e-08
6.89643e-09
3.83374e-08
-3.03352e-09
3.42411e-08
6.54772e-08
2.65535e-08
9.089e-08
1.57924e-08
9.63525e-08
2.14985e-09
1.62201e-07
2.16839e-08
-9.60294e-08
2.16417e-07
-1.73651e-07
2.64691e-07
-2.63188e-07
-3.53026e-07
-7.33461e-07
-2.87014e-07
-7.41256e-07
-5.93021e-07
-3.93604e-07
-1.08899e-06
-2.39984e-07
-3.17819e-07
-5.02124e-07
2.91048e-07
-9.01274e-07
5.13846e-07
-6.28009e-07
-2.79267e-07
-3.37277e-07
-2.73849e-07
-3.63859e-07
2.35095e-07
-4.09398e-07
1.83523e-07
-2.81791e-07
-3.86159e-09
-2.49005e-07
1.68172e-07
-1.97487e-07
8.8644e-08
-1.56758e-07
1.63985e-07
-1.24198e-07
1.12959e-07
-9.45375e-08
1.49598e-07
-6.91415e-08
7.09089e-08
-4.35526e-08
8.43582e-08
-1.94125e-08
-1.16172e-09
1.01309e-08
-2.6346e-08
2.68226e-08
-9.79528e-09
4.10971e-08
-1.7308e-08
3.60117e-08
7.05627e-08
2.72691e-08
9.96326e-08
1.45786e-08
1.09043e-07
5.24412e-10
1.76255e-07
2.37752e-08
-1.1928e-07
2.40192e-07
6.55514e-08
2.53886e-07
1.04229e-07
-3.91704e-07
-1.06345e-07
-7.64403e-08
-4.97932e-07
-2.01435e-07
-5.93227e-07
-9.93695e-07
-6.41538e-07
-2.69508e-07
-1.15249e-06
8.02004e-07
-1.15137e-06
5.12721e-07
-9.33548e-07
-4.97087e-07
-5.77441e-07
-6.29956e-07
-4.65916e-07
1.2357e-07
-4.78323e-07
1.9593e-07
-3.07384e-07
-1.748e-07
-2.74414e-07
1.35202e-07
-1.84717e-07
-1.05379e-09
-1.57172e-07
1.3644e-07
-1.13937e-07
6.97248e-08
-1.00635e-07
1.36295e-07
-6.37769e-08
3.40513e-08
-5.09721e-08
7.15534e-08
-1.80872e-08
-3.40465e-08
1.46726e-08
-5.91058e-08
2.97202e-08
-2.48429e-08
4.50421e-08
-3.26297e-08
3.83593e-08
7.72455e-08
2.81297e-08
1.09862e-07
1.30607e-08
1.24112e-07
-2.0149e-09
1.91331e-07
2.62081e-08
-1.47503e-07
2.664e-07
-4.74645e-08
2.18739e-07
-1.51804e-07
-2.87364e-07
-3.65106e-07
1.36861e-07
-6.14114e-07
4.75733e-08
-1.00231e-06
-6.05495e-07
-1.07771e-06
-1.94109e-07
-8.00915e-07
5.25206e-07
-7.74634e-07
4.8644e-07
-7.78235e-07
-4.93486e-07
-7.57441e-07
-6.50751e-07
-5.35545e-07
-9.83256e-08
-3.0125e-07
-3.83655e-08
-3.13237e-07
-1.62813e-07
-2.15661e-07
3.7627e-08
-2.08149e-07
-8.56602e-09
-1.61918e-07
9.02091e-08
-1.52323e-07
6.01294e-08
-1.21465e-07
1.05437e-07
-1.0215e-07
1.47368e-08
-7.09191e-08
4.03221e-08
-3.36102e-08
-7.13554e-08
8.27767e-09
-1.00994e-07
3.11891e-08
-4.77543e-08
4.94602e-08
-5.09009e-08
4.12939e-08
8.54118e-08
2.91382e-08
1.22018e-07
1.11544e-08
1.42096e-07
-4.98385e-09
2.07469e-07
2.90349e-08
-1.81522e-07
2.95435e-07
4.0088e-07
-1.07112e-07
3.82307e-07
-2.68791e-07
2.27443e-07
2.91725e-07
1.39424e-07
1.35593e-07
-5.21688e-07
5.56168e-08
-7.96968e-07
8.11706e-08
-2.14717e-07
-5.70458e-08
5.41519e-08
2.17572e-07
-1.89065e-07
-2.5027e-07
-4.14892e-07
-4.24924e-07
-3.1363e-07
-1.99587e-07
-2.04411e-07
-1.47584e-07
-2.56072e-07
-1.11152e-07
-1.97549e-07
-2.08956e-08
-1.53583e-07
-5.25324e-08
-1.36418e-07
7.30446e-08
-1.08173e-07
3.18838e-08
-1.00369e-07
9.7633e-08
-6.9125e-08
-1.65067e-08
-5.23043e-08
2.35014e-08
-2.25166e-08
-1.01143e-07
2.33171e-08
-1.46827e-07
3.84199e-08
-6.28571e-08
5.63756e-08
-6.88566e-08
4.49198e-08
9.68676e-08
3.03028e-08
1.36635e-07
8.76573e-09
1.63633e-07
-8.33112e-09
2.24566e-07
3.23089e-08
-2.22162e-07
3.27744e-07
2.95877e-07
-4.05414e-07
4.16813e-07
-3.89727e-07
6.79008e-07
2.95298e-08
6.37442e-07
1.77158e-07
6.18705e-07
7.43545e-08
5.06414e-07
1.93461e-07
2.30154e-07
2.19215e-07
4.28329e-07
1.9396e-08
4.05722e-07
-2.27662e-07
1.32609e-07
-1.51811e-07
-4.77854e-08
-1.91932e-08
-1.03761e-07
-9.16087e-08
-1.67852e-07
-4.70611e-08
-1.51472e-07
-3.72754e-08
-1.73068e-07
-3.09365e-08
-1.48984e-07
4.89608e-08
-1.77921e-07
6.08208e-08
-1.66911e-07
8.66234e-08
-1.35208e-07
-4.82104e-08
-1.11949e-07
2.42951e-10
-5.35323e-08
-1.5956e-07
1.08022e-08
-2.11162e-07
4.09074e-08
-9.29622e-08
6.2517e-08
-9.04662e-08
4.92141e-08
1.1017e-07
3.16032e-08
1.54246e-07
5.76214e-09
1.89474e-07
-1.21828e-08
2.42511e-07
3.61055e-08
-2.7045e-07
3.63849e-07
-6.9123e-07
-3.87176e-08
-7.96468e-07
-2.84489e-07
-6.77113e-07
-8.98254e-08
-4.66781e-07
-3.31739e-08
-3.01599e-07
-9.08276e-08
-3.92194e-09
-1.04215e-07
7.89905e-08
1.36302e-07
9.76317e-08
7.54672e-10
6.71948e-08
-1.97225e-07
-1.69083e-07
8.44673e-08
-2.09352e-07
2.10752e-08
-2.27775e-07
-7.31849e-08
-1.96631e-07
-7.82056e-08
-1.59254e-07
-7.46525e-08
-9.98046e-08
-9.03857e-08
-1.02628e-07
5.17839e-08
-9.02744e-08
4.84676e-08
-8.2789e-08
7.9138e-08
-7.16604e-08
-5.93391e-08
-5.12951e-08
-2.01225e-08
-2.22216e-08
-1.88634e-07
4.15063e-08
-2.7489e-07
5.43981e-08
-1.05854e-07
7.37373e-08
-1.09805e-07
5.44953e-08
1.29413e-07
3.30522e-08
1.75689e-07
1.98628e-09
2.2054e-07
-1.66273e-08
2.61125e-07
4.05022e-08
-3.2758e-07
4.04352e-07
-1.97491e-07
3.22211e-07
-2.26015e-07
-2.55965e-07
-3.80614e-07
6.47734e-08
-1.62658e-07
-2.5113e-07
-2.74522e-07
2.10366e-08
-1.7251e-07
-2.06228e-07
1.02301e-07
-1.38509e-07
2.46663e-07
-1.43607e-07
1.21049e-07
-7.16117e-08
1.68128e-08
1.88704e-07
-7.97563e-08
1.17644e-07
-1.28304e-07
-2.46375e-08
-1.61944e-07
-4.45656e-08
-1.52102e-07
-8.44944e-08
-1.40598e-07
-1.01889e-07
-1.37004e-07
4.81898e-08
-2.15547e-07
1.27011e-07
-2.53534e-07
1.17125e-07
-1.82011e-07
-1.30861e-07
-1.60305e-07
-4.18285e-08
-8.11545e-08
-2.67784e-07
2.0645e-08
-3.76689e-07
5.87067e-08
-1.43916e-07
8.15429e-08
-1.32642e-07
6.05331e-08
1.50422e-07
3.45813e-08
2.01641e-07
-2.33831e-09
2.57459e-07
-2.17536e-08
2.8054e-07
4.55924e-08
-3.94926e-07
4.49944e-07
1.00886e-06
-1.1801e-08
1.94542e-06
-1.19253e-06
1.6035e-06
4.06695e-07
2.34937e-06
-9.96999e-07
2.02472e-06
3.45686e-07
1.53481e-06
2.8368e-07
6.90151e-07
7.06151e-07
-2.89467e-07
8.36011e-07
-7.29416e-07
3.68338e-07
-5.99423e-07
5.87104e-08
-4.26268e-07
-5.55111e-08
-2.6435e-07
-1.86556e-07
-1.81358e-07
-1.27557e-07
-1.05506e-07
-1.60346e-07
-1.7055e-09
-2.0569e-07
-3.95461e-08
8.60303e-08
-6.92135e-08
1.56678e-07
-5.78167e-08
1.05728e-07
-6.53413e-08
-1.23337e-07
-5.88794e-08
-4.82904e-08
-1.73193e-08
-3.09345e-07
7.27064e-08
-4.66715e-07
8.11779e-08
-1.52387e-07
9.88333e-08
-1.50297e-07
6.79559e-08
1.813e-07
3.62348e-08
2.33362e-07
-7.8014e-09
3.01496e-07
-2.7633e-08
3.00372e-07
5.14779e-08
-4.74037e-07
5.01422e-07
4.92261e-07
-4.81918e-07
3.32142e-06
-4.02168e-06
4.27131e-06
-5.43205e-07
3.52592e-06
-2.51607e-07
2.60229e-06
1.26932e-06
2.16451e-06
7.21452e-07
8.47938e-07
2.02273e-06
1.66099e-07
1.51785e-06
-9.46668e-07
1.48111e-06
-8.43684e-07
-4.42736e-08
-2.94205e-07
-6.0499e-07
-2.40027e-07
-2.40733e-07
-2.48954e-07
-1.1863e-07
-2.17068e-07
-1.92233e-07
-9.78037e-08
-3.24954e-07
-8.14293e-08
6.9656e-08
-2.79284e-07
3.54532e-07
-4.17306e-07
2.4375e-07
-2.45647e-07
-2.94996e-07
-2.17513e-07
-7.64241e-08
-1.21984e-07
-4.04874e-07
4.44319e-08
-6.33131e-07
8.91125e-08
-1.97068e-07
1.07726e-07
-1.6891e-07
7.61349e-08
2.12891e-07
3.78891e-08
2.71608e-07
-1.50122e-08
3.54397e-07
-3.43194e-08
3.19679e-07
5.82828e-08
-5.66639e-07
5.59705e-07
-2.19248e-06
-3.13396e-07
1.19895e-06
-7.41311e-06
6.08785e-07
4.69637e-08
7.01066e-07
-3.43874e-07
-8.44503e-07
2.81489e-06
-2.0767e-06
1.95364e-06
-3.53817e-06
3.4842e-06
-4.35524e-06
2.33491e-06
-3.13593e-06
2.61795e-07
-1.71327e-06
-1.46693e-06
-7.18987e-07
-1.59928e-06
-2.97985e-07
-6.61734e-07
-1.07068e-07
-3.09548e-07
-1.51969e-10
-2.99148e-07
2.57961e-07
-5.83067e-07
5.63007e-08
2.71316e-07
-8.97496e-08
5.00583e-07
-4.65004e-08
2.00501e-07
-7.5872e-08
-2.65624e-07
-8.05871e-08
-7.17091e-08
-1.25497e-08
-4.72911e-07
1.22732e-07
-7.68413e-07
1.23466e-07
-1.97802e-07
1.33739e-07
-1.79183e-07
8.62568e-08
2.60372e-07
3.98102e-08
3.18055e-07
-2.3936e-08
4.18143e-07
-4.15578e-08
3.37301e-07
6.60661e-08
-6.74263e-07
6.25771e-07
-8.51792e-07
1.28683e-07
-6.37616e-06
-1.88874e-06
-6.55962e-06
2.30421e-07
-5.0755e-06
-1.82799e-06
-2.72592e-06
4.65334e-07
-3.18703e-06
2.41476e-06
-2.29341e-06
2.59059e-06
-2.30458e-06
2.34609e-06
-2.12701e-06
8.42235e-08
-1.35058e-06
-2.24336e-06
-3.54261e-07
-2.5956e-06
7.42297e-07
-1.75829e-06
5.01597e-07
-6.88488e-08
-8.63964e-08
2.88846e-07
2.98077e-08
-6.99271e-07
2.78296e-07
2.2828e-08
-3.02437e-07
1.08132e-06
-7.55186e-07
6.5325e-07
-3.04093e-07
-7.16717e-07
-2.57495e-07
-1.18307e-07
-1.79699e-07
-5.50708e-07
9.50018e-08
-1.04311e-06
1.407e-07
-2.435e-07
1.4222e-07
-1.80703e-07
9.65844e-08
3.06008e-07
4.16454e-08
3.72994e-07
-3.5477e-08
4.95266e-07
-5.00438e-08
3.51868e-07
7.51512e-08
-7.99458e-07
7.00922e-07
1.59457e-06
-5.10944e-07
3.72594e-07
-6.66762e-07
2.99072e-06
-2.3877e-06
2.21263e-06
-1.04991e-06
2.27093e-06
4.07028e-07
3.15279e-06
1.5329e-06
1.96331e-06
3.78006e-06
1.4978e-07
4.15961e-06
1.00956e-07
1.3305e-07
-3.25666e-08
-2.10984e-06
3.76581e-08
-2.66582e-06
-9.33861e-08
-1.62725e-06
-5.55881e-07
3.93646e-07
-6.47624e-07
3.80589e-07
2.67682e-07
-1.61458e-06
2.33349e-08
2.67175e-07
-4.42064e-07
1.54671e-06
-2.02521e-07
4.13708e-07
-2.30308e-07
-6.88931e-07
-1.41256e-07
-2.07359e-07
-1.48289e-08
-6.77135e-07
1.97544e-07
-1.25549e-06
1.86163e-07
-2.32119e-07
1.80691e-07
-1.7523e-07
1.09778e-07
3.76921e-07
4.41013e-08
4.3867e-07
-4.82789e-08
5.87646e-07
-5.82331e-08
3.61822e-07
8.49648e-08
-9.42656e-07
7.85887e-07
-3.60664e-07
-4.71698e-07
2.07828e-07
-1.23525e-06
1.57461e-06
-3.75448e-06
1.22285e-06
-6.98143e-07
4.11714e-06
-2.48726e-06
4.19913e-06
1.45091e-06
-3.27961e-08
8.01198e-06
-1.67905e-07
4.2947e-06
8.3754e-07
-8.72398e-07
5.98577e-07
-1.87087e-06
-5.32115e-07
-1.53513e-06
-9.11736e-07
-1.24762e-06
-1.45038e-07
-3.73052e-07
-6.76514e-07
9.12064e-07
-8.84619e-07
-1.40647e-06
-4.34273e-08
-5.74017e-07
-3.16241e-07
1.81953e-06
-8.65047e-07
9.62514e-07
-4.02111e-08
-1.51377e-06
-1.30121e-07
-1.1745e-07
-1.97251e-07
-6.10004e-07
1.84972e-07
-1.63771e-06
2.19145e-07
-2.66292e-07
1.85383e-07
-1.41469e-07
1.21776e-07
4.40528e-07
4.4683e-08
5.15763e-07
-6.76364e-08
6.99965e-07
-7.25543e-08
3.6674e-07
9.57318e-08
-1.11094e-06
8.81619e-07
2.05708e-06
-2.48532e-07
9.42584e-07
-1.20763e-07
-2.38549e-06
-4.26406e-07
-2.06954e-06
-1.01409e-06
1.62268e-06
-6.17948e-06
-2.14687e-06
5.22045e-06
1.56039e-06
4.30472e-06
1.32625e-06
4.52885e-06
1.92311e-07
2.61535e-07
-2.25346e-06
5.74897e-07
-4.06673e-06
2.78137e-07
-2.66729e-06
-2.64707e-06
-1.46818e-07
-2.89352e-06
1.1631e-07
6.48937e-07
-1.48053e-06
1.90372e-07
-3.32866e-07
-1.72168e-06
-9.7739e-07
2.46405e-06
-5.24126e-07
5.0925e-07
5.12989e-07
-2.55088e-06
1.68904e-07
2.26635e-07
9.86659e-07
-1.42776e-06
2.95656e-07
-9.46706e-07
2.81733e-07
-2.52369e-07
2.46035e-07
-1.05772e-07
1.39338e-07
5.47226e-07
4.69078e-08
6.08193e-07
-8.31395e-08
8.30012e-07
-8.07932e-08
3.64394e-07
1.28509e-07
-1.32024e-06
1.01013e-06
1.7054e-06
-3.86834e-07
1.89433e-06
-3.09694e-07
1.67196e-06
-2.04037e-07
7.99449e-07
-1.41581e-07
-5.34581e-06
-3.42199e-08
-8.28661e-07
7.03293e-07
2.82782e-06
6.48232e-07
2.41004e-06
4.94659e-06
3.05983e-06
-3.88247e-07
2.22942e-06
1.4053e-06
1.96257e-06
5.44972e-07
1.08718e-06
-1.77168e-06
-1.11089e-06
-6.95447e-07
-1.92182e-06
1.45986e-06
-2.49631e-06
7.64868e-07
-1.61238e-06
-2.60562e-06
7.57458e-09
8.44097e-07
2.48127e-06
-1.96444e-06
1.62502e-06
-1.69464e-06
2.59232e-06
-7.40668e-07
3.99791e-06
-2.83334e-06
2.62188e-07
2.78902e-06
3.50858e-07
-3.41039e-07
1.96877e-07
4.82094e-08
1.39962e-07
6.04142e-07
3.29209e-08
7.15233e-07
-1.13991e-07
9.76924e-07
-1.40966e-07
3.91369e-07
-3.07986e-07
-1.15323e-06
7.02142e-07
-2.66363e-07
2.81667e-07
1.67369e-07
-1.46178e-06
6.72833e-08
2.11614e-07
-9.94253e-09
9.41996e-07
-6.77681e-08
8.40688e-07
-3.30306e-07
-1.15817e-07
-8.19442e-07
1.12328e-06
-5.41115e-07
-7.9754e-07
1.19687e-07
6.42611e-07
-1.18727e-07
-7.57096e-07
-6.25408e-07
-2.35131e-08
9.82252e-08
-2.2846e-06
1.70939e-06
-2.29405e-06
1.94124e-06
1.63789e-07
1.0694e-07
-3.41813e-07
-3.80002e-08
1.30621e-07
-5.45902e-08
5.40332e-07
1.08738e-07
1.77069e-06
2.07927e-07
-3.87796e-08
2.8618e-07
1.18162e-06
2.29071e-07
5.52016e-07
3.82342e-07
-8.46542e-07
5.55454e-07
-1.45334e-06
3.85397e-07
2.49457e-07
2.66278e-07
1.84309e-07
1.65965e-07
9.77712e-08
3.07903e-08
-3.92708e-07
-4.63546e-08
-2.98065e-07
-1.23288e-07
-3.30445e-07
-3.27009e-07
-4.25506e-08
-6.47501e-07
1.59199e-07
-1.89307e-07
-1.91998e-06
3.28027e-08
-1.04957e-08
-1.6259e-08
9.91058e-07
-9.30865e-08
9.17516e-07
-4.30142e-07
2.21238e-07
-9.53681e-07
1.64682e-06
-5.59027e-07
-1.19219e-06
5.29312e-07
-4.45728e-07
1.05146e-06
-1.27925e-06
2.48263e-07
7.79686e-07
1.46299e-07
-2.18264e-06
-2.36735e-07
-1.91102e-06
-9.86051e-07
9.13105e-07
5.49689e-08
-1.38283e-06
4.87744e-09
1.80713e-07
-1.05192e-07
6.50402e-07
5.9715e-08
1.60578e-06
2.45353e-07
-2.24418e-07
2.70783e-07
1.15619e-06
4.2322e-07
3.99578e-07
3.68962e-07
-7.92282e-07
5.29837e-07
-1.61422e-06
4.54864e-07
3.2443e-07
3.31025e-07
3.08149e-07
2.00208e-07
2.28588e-07
1.16114e-07
-3.08614e-07
-2.43043e-09
-1.7952e-07
-1.41174e-07
-1.91702e-07
-3.52197e-07
-1.15986e-07
-6.94315e-07
-9.89001e-08
-2.59221e-07
-2.35507e-06
-4.80288e-08
-2.21688e-07
-6.07505e-08
1.00378e-06
-1.39246e-07
9.96011e-07
-5.18954e-07
6.00946e-07
-4.49336e-08
1.1728e-06
1.00712e-06
-2.24425e-06
2.28864e-06
-1.72724e-06
2.60329e-06
-1.59391e-06
1.33036e-06
2.05261e-06
4.41445e-07
-1.29372e-06
-2.95364e-07
-1.17421e-06
-7.63923e-07
1.38166e-06
-1.25007e-07
-2.02175e-06
9.29083e-08
-3.7202e-08
2.2436e-08
7.20874e-07
3.02704e-08
1.59795e-06
2.21158e-07
-4.15305e-07
2.7063e-07
1.10672e-06
1.49556e-07
5.20653e-07
1.44595e-07
-7.87321e-07
2.64902e-07
-1.73453e-06
2.78132e-07
3.11199e-07
2.43615e-07
3.42665e-07
2.80398e-07
1.91806e-07
1.28349e-07
-1.56565e-07
8.72739e-09
-5.9898e-08
-1.61935e-07
-2.1039e-08
-2.62177e-07
-2.51955e-07
-9.92948e-07
-4.7471e-07
-5.26006e-07
-2.82201e-06
-3.45829e-07
-4.01865e-07
-2.42503e-07
9.00454e-07
-2.92279e-07
1.04579e-06
-8.44348e-07
1.15302e-06
7.26568e-08
2.55793e-07
3.12468e-06
-5.29628e-06
4.29866e-06
-2.90123e-06
3.77858e-06
-1.07383e-06
1.7175e-06
4.11369e-06
5.69314e-07
-1.45537e-07
2.1533e-09
-6.07047e-07
-2.34795e-07
1.61861e-06
3.15423e-08
-2.28808e-06
2.01885e-07
-2.07545e-07
1.83211e-07
7.39548e-07
1.27975e-07
1.65318e-06
2.16318e-07
-5.03649e-07
2.09049e-07
1.11398e-06
2.18309e-08
7.07871e-07
-2.42543e-07
-5.22948e-07
-2.57627e-08
-1.95131e-06
1.41753e-07
1.43683e-07
1.87414e-07
2.97004e-07
3.41116e-07
3.81043e-08
1.06564e-07
7.7986e-08
-3.94484e-08
8.61152e-08
-1.94774e-07
1.34287e-07
-1.5268e-07
-3.0427e-07
-1.30184e-06
-5.94483e-07
-1.03542e-06
-3.08843e-06
-7.36218e-07
-7.01072e-07
-5.16071e-07
6.80306e-07
-5.07522e-07
1.03724e-06
-1.12637e-06
1.77186e-06
-8.33569e-07
-3.70095e-08
1.84543e-06
-7.97528e-06
3.81276e-06
-4.86857e-06
4.34123e-06
-1.6023e-06
1.75045e-06
6.70446e-06
4.09414e-07
1.1955e-06
1.68852e-07
-3.66484e-07
1.59458e-07
1.62801e-06
1.34428e-07
-2.26305e-06
2.11606e-08
-9.42778e-08
2.71147e-07
4.89561e-07
4.47139e-07
1.47719e-06
3.33058e-07
-3.89568e-07
2.60657e-07
1.18639e-06
-6.58875e-10
9.69187e-07
-4.53906e-07
-6.97023e-08
-1.1758e-07
-2.28763e-06
1.48907e-07
-1.22802e-07
1.11186e-07
3.34725e-07
1.29576e-07
1.97134e-08
1.5598e-08
1.91964e-07
2.31936e-09
9.9394e-08
-6.2463e-08
1.99069e-07
-5.98415e-08
-1.55302e-07
-1.19324e-06
-7.80184e-07
-9.73015e-07
-3.30865e-06
-9.12999e-07
-7.61088e-07
-7.52898e-07
5.20205e-07
-6.80123e-07
9.64462e-07
-1.05353e-06
2.14527e-06
-1.1819e-06
9.13627e-08
9.33289e-07
-1.00905e-05
2.40889e-06
-6.34418e-06
3.84134e-06
-3.03475e-06
1.93103e-06
8.61476e-06
6.25297e-07
2.50123e-06
1.45917e-07
1.12897e-07
1.60904e-07
1.61302e-06
-1.8398e-08
-2.08375e-06
-5.46039e-07
4.33363e-07
1.52509e-08
-7.17284e-08
7.76912e-07
7.15532e-07
4.91437e-07
-1.04093e-07
1.40306e-07
1.53752e-06
2.77539e-07
8.31953e-07
1.00876e-06
-8.00923e-07
7.4985e-07
-2.02873e-06
2.35967e-07
3.91082e-07
2.85312e-07
2.8538e-07
2.41233e-07
6.37924e-08
1.19996e-07
3.13202e-07
-2.0697e-08
2.40087e-07
-1.19668e-07
2.98039e-07
-4.54835e-08
-1.34026e-07
-1.32149e-06
-7.98017e-07
-1.4956e-06
-3.13454e-06
-1.1441e-06
-1.11258e-06
-9.82761e-07
3.58862e-07
-7.93941e-07
7.75642e-07
-8.43548e-07
2.19488e-06
-5.1563e-07
-2.36554e-07
8.50717e-07
-1.14568e-05
2.35806e-06
-7.85152e-06
2.16381e-06
-2.8405e-06
9.65479e-07
9.81308e-06
1.71192e-07
3.29551e-06
1.28555e-07
1.55536e-07
3.4895e-07
1.39263e-06
4.7377e-07
-2.20857e-06
-9.37127e-08
1.00085e-06
3.9355e-09
-1.69377e-07
5.61251e-07
1.58217e-07
3.88871e-07
6.82869e-08
2.21911e-07
1.70448e-06
7.66568e-07
2.87296e-07
5.4662e-07
-5.80973e-07
-2.32788e-07
-1.24932e-06
-1.90062e-08
1.77297e-07
1.51475e-07
1.14899e-07
1.59031e-07
5.62364e-08
8.1905e-08
3.90328e-07
-2.28975e-08
3.44889e-07
-3.5439e-08
3.10581e-07
1.05349e-08
-9.14571e-08
-1.28784e-06
-7.39716e-07
-1.35271e-06
-3.06967e-06
-1.3784e-06
-1.08689e-06
-1.0513e-06
3.17605e-08
-8.45866e-07
5.70211e-07
-6.76687e-07
2.0257e-06
2.89564e-06
-3.80889e-06
3.83363e-06
-1.23948e-05
2.52315e-06
-6.54103e-06
1.63362e-06
-1.95098e-06
1.18278e-06
1.02639e-05
2.86302e-08
4.44966e-06
3.03152e-07
-1.18985e-07
1.91349e-07
1.50443e-06
6.40686e-08
-2.08128e-06
-9.52746e-08
1.16019e-06
-2.02458e-07
-6.21949e-08
4.70308e-07
-5.14549e-07
3.55315e-07
1.8328e-07
3.76067e-07
1.68372e-06
8.73827e-07
-2.10464e-07
5.83149e-07
-2.90287e-07
-8.41089e-07
1.74934e-07
-1.16461e-08
-6.52151e-07
1.20855e-07
-1.76018e-08
1.02371e-07
7.47201e-08
1.37786e-07
3.54912e-07
8.14294e-08
4.01246e-07
-2.21729e-08
4.14183e-07
1.53996e-07
-1.65634e-07
-1.1721e-06
-6.44947e-07
-1.39946e-06
-2.84231e-06
-1.52368e-06
-9.62666e-07
-1.25451e-06
-2.37406e-07
-1.01943e-06
3.35126e-07
-7.48189e-07
1.75446e-06
-2.29819e-07
-4.32726e-06
-1.16323e-06
-1.14614e-05
1.52464e-06
-9.22888e-06
1.73033e-06
-2.15668e-06
1.93944e-06
1.00548e-05
-1.84528e-07
6.57363e-06
8.53928e-08
-3.88905e-07
1.49895e-07
1.43993e-06
6.90688e-08
-2.00045e-06
-8.9823e-08
1.31908e-06
-1.08919e-07
-4.30999e-08
5.01003e-07
-1.12447e-06
5.62375e-07
1.21907e-07
4.24914e-07
1.82119e-06
9.12419e-07
-6.97969e-07
1.12937e-06
-5.07246e-07
7.38511e-07
5.65787e-07
3.89389e-07
-3.03025e-07
1.24329e-07
2.47457e-07
1.29314e-07
6.97356e-08
1.52741e-07
3.31485e-07
1.17003e-07
4.36984e-07
2.59982e-08
5.05188e-07
2.08242e-07
-2.82476e-08
-1.02721e-06
-5.02799e-07
-1.4364e-06
-2.43312e-06
-1.59615e-06
-8.02917e-07
-1.35407e-06
-4.7949e-07
-1.19199e-06
1.73044e-07
-1.08986e-06
1.65233e-06
-4.30347e-06
-1.11365e-06
-1.55596e-06
-1.42089e-05
1.00712e-06
-1.1792e-05
1.23598e-06
-2.38554e-06
6.54845e-07
1.0636e-05
-1.41704e-08
7.24265e-06
8.99146e-08
-4.9299e-07
4.48559e-07
1.08128e-06
1.04988e-07
-1.65688e-06
2.09286e-06
-6.68795e-07
3.1671e-06
-1.11734e-06
4.79911e-07
1.56272e-06
2.11738e-07
3.9008e-07
8.3466e-07
1.19826e-06
2.44974e-07
-1.08279e-07
4.03172e-07
-6.6545e-07
8.58744e-07
1.10212e-07
-4.00654e-08
5.95787e-07
3.80697e-08
1.69319e-07
1.5333e-07
-4.55243e-08
2.08461e-07
2.76354e-07
1.58588e-07
4.86858e-07
2.98834e-08
6.33893e-07
4.06919e-07
-1.68794e-07
-8.60257e-07
-3.18362e-07
-1.64734e-06
-1.64604e-06
-2.47248e-06
2.22241e-08
-1.57199e-06
-1.37999e-06
-1.36373e-06
-3.52094e-08
-1.2706e-06
1.55919e-06
-1.62494e-06
-7.593e-07
-1.35192e-08
-1.58203e-05
3.23445e-07
-1.21289e-05
8.09633e-07
-2.87173e-06
2.39094e-07
1.12065e-05
-7.98463e-07
8.2802e-06
-2.95581e-07
-9.95873e-07
-1.56063e-06
2.34633e-06
-7.07863e-07
-2.50965e-06
2.0412e-06
-3.41786e-06
2.21721e-06
-1.29335e-06
-2.79573e-07
4.0595e-06
-4.81509e-07
5.92016e-07
1.60867e-06
-8.91918e-07
1.47313e-06
2.72705e-08
3.12574e-07
4.95112e-07
1.5896e-07
2.63831e-07
2.41294e-07
5.13441e-07
7.82375e-08
3.32372e-07
-2.33538e-08
5.60671e-08
-4.76144e-08
3.00614e-07
-4.47109e-08
4.83955e-07
-1.05538e-08
5.99736e-07
5.17232e-07
-1.20866e-07
-6.29164e-07
-1.61151e-07
-1.28786e-06
-9.87349e-07
-1.71414e-06
4.48508e-07
-1.54446e-06
-1.54966e-06
-1.47661e-06
-1.03061e-07
-1.48878e-06
1.57136e-06
-3.08408e-06
8.36003e-07
-1.57718e-06
-1.73272e-05
-4.03323e-07
-1.33028e-05
7.05697e-07
-3.98075e-06
8.68519e-07
1.10437e-05
7.5844e-07
8.39028e-06
1.0811e-06
-1.31854e-06
2.46326e-07
3.1811e-06
8.0957e-07
-3.0729e-06
9.51262e-07
-3.55956e-06
1.20195e-06
-1.54402e-06
1.5518e-07
5.10627e-06
-8.67424e-08
8.3394e-07
3.90807e-07
-1.36947e-06
2.76931e-07
1.41152e-07
-1.4786e-07
9.19908e-07
-1.25062e-07
2.41034e-07
2.63604e-07
1.24776e-07
2.36445e-07
3.59531e-07
-4.05073e-08
3.3302e-07
-8.38332e-08
3.4394e-07
-1.24311e-07
5.24432e-07
-8.62444e-08
5.6167e-07
4.71883e-07
-4.08958e-08
-4.3721e-07
-2.51787e-08
-9.73117e-07
-4.51443e-07
-1.74242e-06
1.21781e-06
-2.0533e-06
-1.23879e-06
-1.5395e-06
-6.16858e-07
-1.42381e-06
1.45567e-06
-6.07426e-07
1.96222e-08
-3.86847e-07
-1.75478e-05
-1.25479e-06
-1.24348e-05
1.35664e-07
-5.37121e-06
3.6851e-07
1.08108e-05
-5.36861e-07
9.29565e-06
-1.32006e-07
-1.72341e-06
-8.29284e-07
3.87838e-06
-9.8771e-07
-2.91448e-06
2.61404e-08
-4.57341e-06
4.9166e-07
-2.00954e-06
2.17257e-08
5.57621e-06
-1.8247e-07
1.03814e-06
-9.46199e-07
-6.05737e-07
1.74305e-07
-9.79345e-07
9.39274e-07
1.54933e-07
2.00229e-07
9.80078e-07
4.8058e-08
2.76949e-07
7.7478e-08
3.30111e-07
1.08876e-07
3.01622e-07
1.29652e-07
3.23165e-07
1.69965e-07
4.84119e-07
1.72874e-07
5.58761e-07
6.72271e-07
-2.75141e-08
-2.84873e-07
8.26295e-08
-6.54969e-07
-8.13478e-08
-1.27699e-06
1.83983e-06
-1.63625e-06
-8.79526e-07
-1.79093e-06
-4.62184e-07
-2.19721e-06
1.86195e-06
-1.2482e-06
-9.29384e-07
-1.02765e-06
-1.77684e-05
-1.3013e-06
-1.21612e-05
-9.25729e-07
-5.74678e-06
-1.21331e-06
1.10984e-05
-4.15585e-07
8.49793e-06
5.10378e-07
-2.64938e-06
7.24485e-07
3.66427e-06
2.90613e-07
-2.4806e-06
3.53015e-07
-4.63581e-06
4.201e-07
-2.07662e-06
-1.64656e-07
6.16096e-06
1.41173e-07
7.32308e-07
2.64528e-07
-7.29098e-07
3.21131e-07
-1.03594e-06
6.4825e-07
-1.72191e-07
3.34309e-07
1.29402e-06
5.06442e-07
1.04818e-07
1.00117e-07
7.36436e-07
-8.81955e-08
4.89934e-07
-5.70982e-08
2.92067e-07
6.23449e-08
3.64676e-07
8.45593e-08
5.36547e-07
7.52148e-07
4.6832e-09
-1.8474e-07
1.6747e-07
-4.49013e-07
1.82924e-07
-1.43882e-06
2.82964e-06
-2.48573e-06
1.67387e-07
-1.98423e-06
-9.63682e-07
-1.97916e-06
1.85688e-06
-1.03015e-06
-1.8784e-06
-1.14379e-07
-1.86841e-05
-8.69232e-07
-1.14063e-05
-1.88659e-06
-4.72942e-06
-2.73149e-06
1.19433e-05
-1.5607e-06
7.32713e-06
-1.01381e-06
-3.19628e-06
-9.36661e-08
2.74412e-06
4.29288e-07
-3.00355e-06
-7.24905e-08
-4.13404e-06
-5.95631e-07
-1.55348e-06
-1.36078e-06
6.92611e-06
-2.74823e-07
-3.53651e-07
-4.36784e-07
-5.67141e-07
-1.05756e-06
-4.15163e-07
-1.03506e-06
-1.94691e-07
-6.56712e-07
9.15671e-07
3.34255e-07
-8.86144e-07
8.63919e-08
9.84297e-07
1.75207e-07
4.0112e-07
2.11588e-07
2.55686e-07
4.78049e-08
5.2846e-07
-2.11587e-09
5.86468e-07
6.39251e-07
1.10781e-07
-1.27487e-07
2.35426e-07
-2.56712e-07
3.12148e-07
-6.29185e-07
3.20212e-06
-1.09606e-06
6.34263e-07
-1.73356e-06
-3.26188e-07
-2.06074e-06
2.18407e-06
-1.29369e-06
-2.64545e-06
-6.90529e-07
-1.92873e-05
-1.33129e-06
-1.07656e-05
-1.90507e-06
-4.15563e-06
-2.33927e-06
1.23775e-05
-1.36362e-06
6.35147e-06
-1.35916e-06
-3.20073e-06
-1.99474e-07
1.58443e-06
4.88361e-07
-3.69138e-06
-4.37795e-07
-3.20788e-06
-6.18613e-07
-1.37266e-06
-8.98516e-08
6.39735e-06
1.12634e-07
-5.56141e-07
-1.55945e-06
1.10494e-06
-2.32467e-06
3.5006e-07
-3.1209e-06
6.01541e-07
-2.84841e-06
6.43185e-07
-9.81754e-07
-2.7528e-06
-7.79626e-08
8.0505e-08
2.08874e-07
1.14283e-07
-1.51714e-08
4.79732e-07
-2.8509e-07
7.98379e-07
-2.98584e-07
5.99962e-07
8.46042e-07
-5.05375e-07
-1.01217e-07
2.94212e-07
-1.56666e-07
3.67597e-07
-2.60862e-07
3.30631e-06
-1.20641e-06
1.57981e-06
-2.01522e-06
4.82622e-07
-2.12992e-06
2.29876e-06
-5.54253e-07
-4.22111e-06
-4.80547e-07
-1.9361e-05
-1.26757e-06
-9.97853e-06
-1.58908e-06
-3.83411e-06
-1.61619e-06
1.24046e-05
-8.36416e-07
5.57169e-06
-1.04736e-06
-2.98977e-06
-2.99681e-07
8.36745e-07
5.20125e-07
-4.51118e-06
1.53108e-07
-2.84087e-06
2.96e-07
-1.51555e-06
3.79722e-07
6.31362e-06
-2.50545e-07
7.41224e-08
-5.33035e-07
1.38742e-06
-9.13401e-07
7.30425e-07
7.16978e-07
-1.02883e-06
1.47938e-06
-1.19228e-07
2.47553e-08
-1.29816e-06
1.38237e-09
1.03878e-07
-6.00454e-07
7.16119e-07
-7.01075e-07
5.80353e-07
-6.35519e-07
7.32823e-07
-6.68224e-07
6.32666e-07
8.65619e-07
-6.878e-07
-9.19331e-08
3.48888e-07
-1.11344e-07
3.87008e-07
-4.55406e-08
3.24051e-06
-3.58374e-07
1.89264e-06
-1.18558e-06
1.30983e-06
-1.27524e-06
2.38842e-06
-8.23064e-07
-4.67329e-06
-9.61537e-07
-1.92225e-05
-9.48886e-07
-9.99118e-06
-1.43463e-06
-3.34837e-06
-8.29522e-07
1.17995e-05
3.80022e-07
4.36215e-06
5.04005e-07
-3.11375e-06
4.70767e-07
8.69975e-07
7.63735e-07
-4.80414e-06
7.05968e-07
-2.7831e-06
8.40153e-07
-1.64973e-06
8.94802e-07
6.25898e-06
6.69471e-08
9.01973e-07
-8.84872e-08
1.54286e-06
-2.89507e-07
9.31442e-07
3.13343e-07
-1.63168e-06
4.14361e-07
-2.20254e-07
-3.25049e-07
-5.58754e-07
-1.131e-07
-1.08071e-07
-9.10304e-07
1.51332e-06
-1.04244e-06
7.12491e-07
-1.12947e-06
8.19851e-07
-1.14461e-06
6.47805e-07
8.82125e-07
-1.16112e-06
-8.98952e-08
4.01706e-07
-9.32235e-08
3.90335e-07
3.04107e-08
3.11688e-06
5.56926e-08
1.86736e-06
-1.3135e-07
1.49688e-06
2.07497e-07
2.04957e-06
1.06216e-06
-5.52795e-06
-9.72462e-07
-1.71879e-05
-1.78188e-06
-9.18176e-06
-1.48952e-06
-3.64072e-06
-4.62883e-07
1.07728e-05
1.04721e-07
3.79454e-06
2.93944e-07
-3.30296e-06
5.65575e-07
5.98334e-07
-1.80698e-07
-4.05787e-06
-4.02252e-07
-2.56155e-06
4.44718e-07
-2.4967e-06
1.40048e-06
5.30322e-06
3.20776e-07
1.98168e-06
-7.71683e-07
2.63531e-06
-1.35939e-06
1.51915e-06
-2.59594e-06
-3.95128e-07
-3.85466e-06
1.03847e-06
-4.64896e-06
2.35545e-07
-3.95869e-06
-7.9834e-07
-2.74652e-06
3.0115e-07
-1.92193e-06
-1.12095e-07
-1.47571e-06
3.73625e-07
-1.28623e-06
4.58326e-07
5.88499e-07
-9.92601e-07
-8.99702e-08
4.53121e-07
-8.64651e-08
3.8683e-07
5.62505e-08
2.97417e-06
1.51154e-07
1.77245e-06
3.26353e-07
1.32169e-06
9.27633e-07
1.44828e-06
6.26631e-07
-5.22694e-06
-2.97698e-07
-1.62636e-05
-1.13938e-06
-8.34008e-06
-1.64151e-06
-3.13859e-06
-5.54739e-08
9.18679e-06
4.24705e-07
3.31437e-06
3.33316e-07
-3.21157e-06
6.19802e-07
3.11837e-07
4.72918e-07
-3.91098e-06
5.59871e-10
-2.08919e-06
2.20096e-07
-2.71623e-06
1.39411e-06
4.1292e-06
8.97391e-07
2.47839e-06
7.11518e-07
2.82119e-06
3.80102e-07
1.85056e-06
-7.55201e-07
7.40175e-07
-4.26448e-07
7.09711e-07
-4.62748e-07
2.71845e-07
-1.89302e-06
6.31937e-07
-1.88039e-06
2.88516e-07
-1.49641e-06
-4.96071e-07
-5.89504e-07
-5.33283e-07
-2.12325e-07
8.11474e-08
3.8013e-07
-3.95669e-09
-9.00484e-08
5.0283e-07
-8.32144e-08
3.79996e-07
6.6357e-08
2.8246e-06
1.81799e-07
1.657e-06
4.50482e-07
1.05301e-06
1.1441e-06
7.54656e-07
1.06297e-06
-5.1458e-06
-7.23227e-07
-1.44774e-05
-1.22775e-06
-7.83557e-06
-1.13974e-06
-3.2266e-06
1.39801e-07
7.90725e-06
6.36385e-07
2.81779e-06
3.84655e-07
-2.95984e-06
9.38721e-07
-2.42241e-07
1.22543e-07
-3.09479e-06
-5.52858e-07
-1.41379e-06
-6.91017e-07
-2.57808e-06
3.8283e-07
3.05535e-06
1.06885e-06
1.79237e-06
2.01006e-06
1.87997e-06
1.54499e-06
2.31563e-06
9.14137e-07
1.37103e-06
4.9906e-07
1.12479e-06
1.59186e-06
-8.20951e-07
6.55925e-07
1.56787e-06
3.42685e-07
6.01756e-07
-1.63254e-08
-1.3706e-07
-2.63062e-07
-2.86546e-07
-2.19518e-07
3.7603e-08
3.67431e-07
-2.06818e-07
-8.93599e-08
5.50328e-07
-8.02777e-08
3.70913e-07
7.11433e-08
2.67318e-06
1.96211e-07
1.53193e-06
4.62853e-07
7.86374e-07
1.12631e-06
9.1195e-08
8.87822e-07
-4.90732e-06
-6.8947e-07
-1.29001e-05
-1.36323e-06
-7.16183e-06
-1.39897e-06
-3.19085e-06
2.63551e-07
6.24473e-06
6.58969e-07
2.42237e-06
3.02358e-07
-2.60324e-06
3.01268e-07
-2.41163e-07
-3.16285e-07
-2.47724e-06
-5.06976e-07
-1.22311e-06
-1.08433e-06
-2.00074e-06
-1.44552e-07
2.11557e-06
1.00404e-06
6.43784e-07
2.69697e-06
1.87041e-07
1.94034e-06
3.07225e-06
2.68275e-06
6.28611e-07
1.86236e-06
1.94517e-06
4.12145e-07
6.29268e-07
4.65261e-07
1.51475e-06
1.92937e-07
8.7408e-07
-8.45863e-08
1.40463e-07
-3.9427e-07
2.31375e-08
-4.12587e-07
5.59198e-08
1.85396e-07
-2.30553e-07
-8.76063e-08
5.95063e-07
-7.66127e-08
3.59919e-07
7.35585e-08
2.52301e-06
2.04937e-07
1.40055e-06
4.51191e-07
5.40125e-07
1.04319e-06
-5.00816e-07
8.75189e-07
-4.73931e-06
-4.37232e-07
-1.15877e-05
-1.04563e-06
-6.55344e-06
-1.31662e-06
-2.91985e-06
2.17069e-07
4.71104e-06
7.25849e-07
1.91359e-06
3.2612e-07
-2.20351e-06
3.33144e-07
-2.48198e-07
6.34019e-08
-2.20749e-06
9.09859e-08
-1.25069e-06
-4.06779e-07
-1.50298e-06
3.1553e-07
1.39326e-06
8.66042e-07
9.32687e-08
2.30582e-06
-1.25274e-06
3.05638e-06
2.32167e-06
3.32393e-06
3.61066e-07
2.96178e-06
2.30732e-06
9.37704e-07
2.65334e-06
7.35194e-07
1.71726e-06
4.4547e-07
1.1638e-06
-4.01895e-07
9.87828e-07
-1.03595e-06
6.57197e-07
-1.11087e-06
1.30837e-07
-1.10686e-07
-8.14789e-07
-8.4592e-08
6.3647e-07
-7.195e-08
3.47276e-07
7.39419e-08
2.37713e-06
2.0903e-07
1.26545e-06
4.31238e-07
3.17922e-07
9.45925e-07
-1.01551e-06
7.45373e-07
-4.53876e-06
-5.78329e-07
-1.0264e-05
-1.09334e-06
-6.03842e-06
-1.28185e-06
-2.73133e-06
1.60859e-07
3.26833e-06
6.29193e-07
1.44526e-06
2.53525e-07
-1.82785e-06
3.87804e-07
-3.82485e-07
2.78277e-08
-1.84752e-06
-2.28052e-07
-9.94821e-07
-4.46363e-07
-1.28469e-06
5.20169e-07
4.26718e-07
5.66511e-07
4.69227e-08
1.25026e-06
-1.93649e-06
2.32913e-06
1.2428e-06
1.74293e-06
9.47266e-07
2.08024e-06
1.97e-06
2.33663e-06
2.39696e-06
7.82935e-07
3.27096e-06
5.74809e-07
1.37193e-06
1.98952e-08
1.54274e-06
-3.74865e-07
1.05196e-06
-8.41373e-07
5.97345e-07
2.38353e-07
-1.19041e-06
-8.01032e-08
6.73997e-07
-6.62503e-08
3.33423e-07
7.19658e-08
2.23891e-06
2.07319e-07
1.1301e-06
4.03223e-07
1.22021e-07
8.39443e-07
-1.45174e-06
6.68951e-07
-4.36827e-06
-4.09748e-07
-9.18527e-06
-8.96739e-07
-5.55143e-06
-1.14771e-06
-2.48035e-06
9.66208e-08
2.02399e-06
5.11536e-07
1.03033e-06
2.30727e-07
-1.54704e-06
2.43356e-07
-3.9512e-07
-8.28056e-08
-1.52137e-06
-3.71277e-07
-7.06357e-07
-6.83684e-07
-9.72291e-07
1.82297e-07
-4.39268e-07
6.8236e-07
-4.53143e-07
3.27844e-07
-1.58198e-06
6.62711e-07
9.07927e-07
-2.10764e-07
1.82073e-06
8.09881e-07
9.49344e-07
1.42975e-07
3.06386e-06
3.6777e-07
3.04616e-06
1.54792e-07
1.58491e-06
1.00516e-06
6.92377e-07
1.56899e-06
4.88124e-07
1.50503e-06
6.61304e-07
1.14674e-06
5.96648e-07
-7.39248e-08
7.07051e-07
-5.94992e-08
3.18997e-07
6.71035e-08
2.11231e-06
1.9782e-07
9.99374e-07
3.65175e-07
-4.53316e-08
7.24913e-07
-1.81149e-06
5.62497e-07
-4.20586e-06
-4.01476e-07
-8.22129e-06
-7.96368e-07
-5.15654e-06
-9.57717e-07
-2.31899e-06
4.5544e-08
1.02072e-06
3.90447e-07
6.85425e-07
1.84058e-07
-1.34065e-06
2.70658e-07
-4.81722e-07
1.03737e-07
-1.35446e-06
1.80637e-07
-7.83267e-07
4.09005e-08
-8.32565e-07
1.71768e-07
-5.70137e-07
1.89245e-07
-4.70621e-07
-5.04161e-07
-8.88582e-07
8.68625e-08
3.16895e-07
3.46762e-07
1.56082e-06
9.68104e-07
3.27992e-07
1.87258e-06
2.15938e-06
2.17715e-06
2.74158e-06
2.69501e-06
1.06705e-06
3.04964e-06
3.37742e-07
3.21116e-06
3.26613e-07
3.09269e-06
7.79767e-07
1.20689e-06
3.03254e-06
-6.56143e-08
7.35138e-07
-5.16878e-08
3.0507e-07
5.87235e-08
2.0019e-06
1.7833e-07
8.79763e-07
3.15276e-07
-1.82276e-07
6.00743e-07
-2.09696e-06
4.63507e-07
-4.06862e-06
-3.11968e-07
-7.44581e-06
-6.39421e-07
-4.82909e-06
-7.73131e-07
-2.18528e-06
-7.683e-09
2.55268e-07
2.80887e-07
3.96847e-07
1.49105e-07
-1.20887e-06
1.47437e-07
-4.80055e-07
-1.19245e-08
-1.19511e-06
-3.26151e-08
-7.62587e-07
1.21645e-07
-9.86831e-07
1.06359e-07
-5.54852e-07
-7.35638e-08
-2.90698e-07
-3.86791e-07
-5.7536e-07
6.85246e-08
-1.38427e-07
8.96735e-07
7.32606e-07
1.12597e-06
9.87482e-08
2.05089e-06
1.23446e-06
3.56105e-06
1.23142e-06
3.88446e-06
7.43637e-07
3.60117e-06
6.21037e-07
3.31695e-06
6.10828e-07
3.26612e-06
8.30596e-07
1.13459e-06
3.33843e-06
-5.46854e-08
7.57758e-07
-4.27279e-08
2.93112e-07
4.61496e-08
1.91302e-06
1.46657e-07
7.79251e-07
2.50806e-07
-2.86425e-07
4.64262e-07
-2.31042e-06
3.54922e-07
-3.95928e-06
-2.41984e-07
-6.8489e-06
-4.8928e-07
-4.5818e-06
-5.73286e-07
-2.10128e-06
-2.39924e-08
-2.94031e-07
1.92716e-07
1.80134e-07
1.06815e-07
-1.12297e-06
1.43157e-07
-5.16398e-07
3.90023e-08
-1.09097e-06
-2.70087e-08
-6.96583e-07
-2.56266e-07
-7.57575e-07
-1.59939e-07
-6.51178e-07
1.09328e-07
-5.59965e-07
7.01901e-08
-5.36225e-07
2.68922e-07
-3.37164e-07
1.05453e-06
-5.3004e-08
1.39477e-06
-2.41495e-07
2.0047e-06
6.24535e-07
3.08127e-06
1.54845e-07
3.71579e-06
1.09127e-07
3.97864e-06
3.58182e-07
4.08055e-06
5.08921e-07
4.20082e-06
7.10325e-07
9.25286e-07
4.41012e-06
-4.08328e-08
7.73739e-07
-3.23031e-08
2.84583e-07
2.84353e-08
1.85228e-06
1.00128e-07
7.07554e-07
1.68445e-07
-3.54742e-07
3.10289e-07
-2.45227e-06
2.38266e-07
-3.88726e-06
-1.58335e-07
-6.4523e-06
-3.21479e-07
-4.41867e-06
-3.6584e-07
-2.05692e-06
-2.42325e-08
-6.3564e-07
1.13337e-07
4.25635e-08
6.25914e-08
-1.07223e-06
7.60691e-08
-5.29879e-07
1.71855e-08
-1.03209e-06
2.22786e-08
-7.01678e-07
5.84583e-08
-7.93753e-07
6.04316e-08
-6.53149e-07
5.05422e-08
-5.50074e-07
4.99824e-08
-5.35666e-07
2.63265e-07
-5.50448e-07
6.88007e-07
-4.77747e-07
1.22296e-06
-7.76446e-07
1.79946e-06
4.80314e-08
1.70888e-06
2.45426e-07
2.20314e-06
-3.85128e-07
2.46045e-06
1.0087e-07
2.57902e-06
3.90351e-07
2.68645e-06
6.02892e-07
7.24976e-07
2.88676e-06
-2.34348e-08
-1.9197e-08
4.07041e-09
3.73017e-08
6.43808e-08
1.1724e-07
1.00653e-07
-5.89596e-08
-1.23611e-07
-1.27763e-07
-8.60748e-09
4.15417e-08
1.71467e-08
3.69154e-08
1.15136e-08
3.05518e-08
3.60067e-08
5.3386e-09
4.84476e-08
6.75303e-08
1.4136e-07
2.18861e-07
4.26751e-07
6.77935e-07
-1.30364e-07
-5.5108e-08
6.38152e-08
1.09551e-07
2.05828e-07
4.16347e-07
-1.6559e-08
-4.12826e-07
7.50482e-09
-3.33758e-07
8.0778e-08
-2.7731e-07
1.74422e-07
-2.35225e-07
2.71518e-07
-1.31316e-07
5.35725e-07
4.39086e-07
1.71323e-07
1.01263e-06
-4.45088e-07
5.56301e-06
-2.89978e-07
-5.43364e-07
3.45228e-08
1.0808e-06
-5.94294e-07
1.17379e-06
-4.25652e-07
-1.94032e-06
-1.43853e-07
-9.77246e-07
-1.75726e-07
1.49173e-06
1.47922e-07
4.41219e-07
-1.05148e-09
-2.45664e-06
-6.64883e-07
1.50793e-06
-1.391e-06
-1.23833e-06
-8.61649e-07
-2.22399e-06
-4.35647e-07
-1.16667e-06
2.93377e-08
-3.29833e-06
5.01338e-07
2.31701e-06
3.18599e-07
-1.583e-07
8.42682e-08
2.82541e-07
1.99155e-08
6.68495e-07
8.4835e-09
7.26665e-07
-4.52347e-08
1.03064e-06
-8.69113e-08
4.33046e-07
2.73052e-07
-1.51319e-06
3.70808e-07
-8.84563e-08
-4.40355e-07
1.30623e-08
-4.35276e-07
1.4041e-07
-4.04658e-07
1.82781e-07
-2.77596e-07
1.19361e-07
-6.78957e-08
3.58391e-07
2.00053e-07
-6.81686e-09
1.37785e-06
-3.05182e-07
5.86136e-06
-8.85319e-08
-7.60016e-07
-1.91771e-07
1.18404e-06
1.44219e-08
9.67595e-07
8.39637e-08
-2.00986e-06
-2.98776e-08
-8.63405e-07
-1.57516e-07
1.61937e-06
-6.18453e-08
3.45549e-07
5.97417e-09
-2.52446e-06
-1.38922e-06
2.90313e-06
-3.25737e-06
6.29817e-07
-2.69622e-06
-2.78513e-06
-1.00814e-06
-2.85475e-06
-1.35805e-07
-4.17067e-06
6.39855e-07
1.54136e-06
3.94504e-07
8.70509e-08
1.063e-07
5.70744e-07
2.34029e-08
7.51392e-07
1.09969e-08
7.39071e-07
-4.37267e-08
1.08537e-06
7.62505e-08
3.13069e-07
6.01869e-07
-2.03881e-06
2.08652e-07
-2.01082e-07
-4.91228e-07
-2.33128e-08
-6.13046e-07
8.24328e-08
-5.10404e-07
2.04498e-07
-3.99662e-07
3.22929e-08
1.0431e-07
4.62795e-07
-2.3045e-07
3.00133e-07
1.54051e-06
4.31235e-07
5.73025e-06
-4.74029e-08
-2.81381e-07
-3.04502e-07
1.44114e-06
-1.20064e-08
6.75099e-07
1.14865e-08
-2.03335e-06
-1.44623e-07
-7.07296e-07
-1.16184e-07
1.59093e-06
1.03637e-07
1.25727e-07
1.37013e-07
-2.55784e-06
-1.04779e-06
4.08793e-06
-2.62274e-06
2.20477e-06
-1.94185e-06
-3.46602e-06
-9.69067e-07
-3.82753e-06
1.72002e-07
-5.31174e-06
7.88414e-07
9.24943e-07
5.15327e-07
3.60137e-07
1.48884e-07
9.37188e-07
4.04539e-08
8.59821e-07
4.33775e-08
7.36148e-07
1.37508e-08
1.11499e-06
2.59785e-07
6.7035e-08
7.02003e-07
-2.48103e-06
-1.99315e-08
-2.75685e-07
-5.19814e-07
-2.20993e-07
-6.67738e-07
-1.17601e-07
-6.13797e-07
1.57893e-07
-6.75155e-07
7.95861e-08
1.82616e-07
2.43241e-07
-3.94107e-07
4.25993e-07
1.35775e-06
2.41237e-07
5.91501e-06
-1.65651e-07
1.25508e-07
-2.69155e-07
1.54465e-06
-6.59346e-08
4.71878e-07
-5.01238e-08
-2.04916e-06
-2.07167e-07
-5.50254e-07
-1.55328e-07
1.53909e-06
-2.90939e-07
2.61339e-07
-2.74059e-07
-2.57472e-06
-8.67177e-07
4.68105e-06
-2.35595e-06
3.69354e-06
-1.90629e-06
-3.91568e-06
-7.9668e-07
-4.93715e-06
-1.59735e-07
-5.94868e-06
8.62089e-07
-9.6881e-08
5.36756e-07
6.8547e-07
1.61357e-07
1.31259e-06
1.31848e-07
8.89331e-07
2.03611e-07
6.64384e-07
2.56896e-07
1.06171e-06
3.96166e-07
-7.22353e-08
9.18609e-07
-3.00347e-06
-4.80176e-07
-2.47846e-07
-4.2727e-07
-2.70683e-07
-6.44901e-07
-1.52382e-07
-7.32098e-07
1.19239e-07
-9.46776e-07
3.70199e-07
-6.83434e-08
4.4965e-07
-4.7356e-07
6.32581e-07
1.17483e-06
6.8965e-07
5.85794e-06
-1.06301e-07
9.2146e-07
1.99817e-07
1.23853e-06
-1.43797e-07
8.15491e-07
-6.1305e-07
-1.5799e-06
-2.47843e-07
-9.15462e-07
-1.09758e-07
1.40101e-06
1.95627e-07
-4.40462e-08
8.1873e-08
-2.46097e-06
-1.08563e-06
5.84855e-06
-2.08986e-06
4.69776e-06
-1.33262e-06
-4.67293e-06
-6.01918e-07
-5.66785e-06
2.21017e-08
-6.5727e-06
1.07047e-06
-1.14525e-06
8.94458e-07
8.61478e-07
3.55714e-07
1.85133e-06
3.42662e-07
9.02383e-07
4.78241e-07
5.28805e-07
6.60305e-07
8.79644e-07
9.83294e-07
-3.95224e-07
1.28802e-06
-3.3082e-06
-6.18925e-07
-8.66801e-08
-4.74615e-07
-4.16572e-08
-6.89925e-07
-3.1578e-08
-7.42177e-07
-1.85121e-08
-9.59842e-07
2.04893e-07
-2.91747e-07
1.21562e-07
-3.90227e-07
5.88168e-07
7.08233e-07
4.85637e-07
5.96047e-06
2.37144e-07
1.16995e-06
1.55648e-07
1.32002e-06
1.29778e-07
8.41361e-07
1.97894e-07
-1.64802e-06
4.09701e-07
-1.12727e-06
-1.42439e-07
1.95315e-06
-6.23836e-07
4.37351e-07
-1.24896e-06
-1.83585e-06
-1.51978e-06
6.11938e-06
-2.0996e-06
5.27758e-06
-1.64668e-06
-5.12585e-06
-9.85007e-07
-6.32952e-06
-4.74326e-07
-7.08338e-06
5.66221e-07
-2.18579e-06
8.90092e-07
5.37606e-07
4.70665e-07
2.27076e-06
5.60598e-07
8.1245e-07
7.39065e-07
3.50338e-07
8.6443e-07
7.54279e-07
9.2676e-07
-4.57555e-07
1.17503e-06
-3.55647e-06
-8.36441e-07
-1.6928e-07
-3.96792e-07
-1.36616e-07
-7.22589e-07
-2.08529e-07
-6.70264e-07
-3.88375e-07
-7.79996e-07
-1.57037e-08
-6.64419e-07
-4.31434e-07
2.55039e-08
-4.61347e-07
7.38142e-07
1.02349e-07
5.39677e-06
-2.28427e-07
1.50073e-06
-5.47097e-07
1.63869e-06
-8.22415e-07
1.11668e-06
-1.64131e-06
-8.29114e-07
-3.2244e-07
-2.44614e-06
-5.74761e-08
1.68819e-06
4.34084e-08
3.36467e-07
-7.40761e-07
-1.05168e-06
-2.21883e-06
7.59744e-06
-1.98877e-06
5.04752e-06
-1.76565e-06
-5.34896e-06
-1.78712e-06
-6.30805e-06
-1.78013e-06
-7.09038e-06
-5.0669e-07
-3.45923e-06
7.08132e-07
-6.77216e-07
3.90652e-07
2.58824e-06
7.62939e-07
4.40163e-07
9.79942e-07
1.33336e-07
1.08926e-06
6.44964e-07
1.45658e-06
-8.24882e-07
1.30209e-06
-3.40197e-06
-8.86105e-07
-2.81185e-07
-2.81241e-07
-2.84502e-07
-7.19272e-07
-1.71345e-07
-7.83421e-07
-1.98941e-07
-7.524e-07
6.13344e-08
-9.24694e-07
-1.00266e-06
1.0895e-06
-1.35194e-06
1.08742e-06
-2.55441e-07
4.30026e-06
-3.38757e-07
1.58405e-06
-1.65123e-06
2.95117e-06
-1.2561e-06
7.21538e-07
-2.50374e-07
-1.83483e-06
9.98915e-09
-2.70651e-06
-4.14698e-08
1.73965e-06
-1.68101e-06
1.976e-06
-1.84593e-06
-8.86752e-07
-2.11338e-06
7.86489e-06
-2.05466e-06
4.98879e-06
-1.81009e-06
-5.59354e-06
-1.02362e-06
-7.09452e-06
2.78978e-07
-8.39297e-06
1.08016e-06
-4.26042e-06
1.21577e-06
-8.1282e-07
6.90006e-07
3.114e-06
1.00515e-06
1.25021e-07
1.13591e-06
2.57704e-09
1.38858e-06
3.92295e-07
1.302e-06
-7.38306e-07
1.2669e-06
-3.36687e-06
-8.51265e-07
-1.45128e-07
-1.6436e-07
-2.94762e-07
-5.69638e-07
-3.78838e-07
-6.99346e-07
-4.9615e-07
-6.35088e-07
-4.24369e-07
-9.96474e-07
5.49445e-08
6.10184e-07
-1.26126e-06
2.40363e-06
-4.05315e-07
3.44431e-06
4.485e-07
7.30242e-07
1.41852e-07
3.25782e-06
-1.54007e-07
1.01739e-06
-9.14602e-07
-1.07423e-06
-3.55458e-07
-3.26566e-06
-1.55014e-07
1.5392e-06
2.92427e-07
1.52856e-06
-5.95679e-07
1.35293e-09
-1.83648e-06
9.10569e-06
-1.85621e-06
5.00851e-06
-1.8713e-06
-5.57844e-06
-1.57004e-06
-7.39578e-06
-1.33801e-06
-8.625e-06
-4.87143e-07
-5.11129e-06
1.13296e-06
-2.43292e-06
9.67155e-07
3.27981e-06
1.20447e-06
-1.12298e-07
1.36434e-06
-1.57287e-07
1.65691e-06
9.97212e-08
1.50877e-06
-5.90162e-07
1.15097e-06
-3.00907e-06
-7.73419e-07
-2.61152e-07
-7.20018e-08
-3.42309e-07
-4.88481e-07
-3.53147e-07
-6.88508e-07
-4.78667e-07
-5.09567e-07
-9.75147e-07
-4.99995e-07
-2.91083e-08
-3.35855e-07
-2.06577e-07
2.58111e-06
-4.618e-07
3.69952e-06
1.69042e-07
9.93985e-08
-1.52738e-06
4.95424e-06
-1.08004e-06
5.70055e-07
-1.37748e-06
-7.76795e-07
-1.45595e-06
-3.18719e-06
-2.33209e-07
3.16462e-07
-2.063e-06
3.35835e-06
-1.17043e-06
-8.9122e-07
-8.66136e-07
8.8014e-06
-1.02295e-06
5.16533e-06
-1.85213e-06
-4.74927e-06
-1.58724e-06
-7.66068e-06
-1.87871e-06
-8.33352e-06
-2.4084e-06
-4.58161e-06
-2.6893e-07
-4.57239e-06
1.24085e-06
1.77003e-06
1.37136e-06
-2.42808e-07
1.51232e-06
-2.98253e-07
1.73016e-06
-1.1812e-07
1.40856e-06
-2.68557e-07
9.99111e-07
-2.59963e-06
-6.46403e-07
-2.29449e-07
3.65806e-08
-3.47318e-07
-3.70611e-07
-4.71411e-07
-5.64415e-07
-6.34252e-07
-3.46726e-07
-9.96887e-07
-1.3736e-07
-1.22236e-06
-1.10386e-07
-8.90989e-07
2.24976e-06
-2.38694e-07
3.04722e-06
4.10726e-07
-5.50024e-07
-1.28409e-06
6.64907e-06
-1.60826e-06
8.94219e-07
-7.32822e-07
-1.65223e-06
-1.18535e-06
-2.73467e-06
-2.17146e-07
-6.51737e-07
3.24233e-07
2.81698e-06
6.02826e-07
-1.16982e-06
9.12107e-08
9.31301e-06
-4.718e-07
5.72834e-06
-1.56306e-06
-3.658e-06
-1.24435e-06
-7.9794e-06
-1.1037e-06
-8.47417e-06
-1.78835e-06
-3.89696e-06
-1.89598e-08
-6.34177e-06
1.62271e-06
1.28359e-07
1.3768e-06
3.09811e-09
1.43491e-06
-3.56362e-07
1.84487e-06
-5.28078e-07
1.35376e-06
2.22556e-07
8.08982e-07
-2.05485e-06
-4.93359e-07
-5.20537e-08
4.77386e-08
-3.98247e-07
-2.44178e-08
-7.55889e-07
-2.06774e-07
-9.82979e-07
-1.19636e-07
-1.14271e-06
2.23665e-08
-8.33184e-07
-4.19909e-07
-1.21685e-06
2.63343e-06
-6.48448e-07
2.47883e-06
-6.87855e-07
-5.10628e-07
-6.587e-07
6.61991e-06
-4.74841e-07
7.10356e-07
-1.07832e-07
-2.01923e-06
-1.79017e-07
-2.66349e-06
-2.54222e-07
-5.76532e-07
-1.63217e-06
4.19492e-06
-4.09374e-07
-2.39261e-06
1.03772e-06
7.86592e-06
2.90112e-07
6.47595e-06
-1.13228e-06
-2.23561e-06
-1.027e-06
-8.08468e-06
-5.60915e-07
-8.94025e-06
-5.24843e-07
-3.93304e-06
3.41311e-07
-7.20792e-06
1.65417e-06
-1.1845e-06
1.60667e-06
5.05937e-08
1.59097e-06
-3.40664e-07
1.59146e-06
-5.28564e-07
1.19343e-06
6.20585e-07
5.89468e-07
-1.45089e-06
-3.52307e-07
-2.81275e-07
3.01499e-07
-4.1671e-07
1.11018e-07
-4.64746e-07
-1.58738e-07
-6.75446e-07
9.10638e-08
-1.04398e-06
3.90897e-07
-1.37948e-06
-8.44072e-08
-1.29359e-06
2.54754e-06
-9.85977e-07
2.17123e-06
-1.1695e-06
-3.27107e-07
3.30716e-07
5.1197e-06
8.71873e-07
1.69195e-07
4.47946e-07
-1.5953e-06
-2.43113e-07
-1.97243e-06
-1.05174e-07
-7.14471e-07
2.49329e-07
3.84042e-06
1.07097e-06
-3.21426e-06
1.42055e-06
7.51634e-06
1.10421e-06
6.79229e-06
-5.80978e-07
-5.50425e-07
-9.05924e-07
-7.75974e-06
-2.51137e-07
-9.59504e-06
5.37653e-07
-4.72183e-06
1.33352e-06
-8.00378e-06
1.76658e-06
-1.61756e-06
1.67393e-06
1.43237e-07
1.78455e-06
-4.51282e-07
1.94962e-06
-6.93634e-07
1.01078e-06
1.55943e-06
4.02887e-07
-8.43e-07
-2.25458e-07
-1.80459e-07
4.86641e-07
-1.9322e-07
1.2378e-07
-4.75489e-07
1.23531e-07
-7.46008e-07
3.61582e-07
-1.08498e-06
7.29868e-07
-1.48585e-06
3.16462e-07
-9.13574e-07
1.97525e-06
-1.8514e-06
3.10906e-06
-2.26706e-06
8.85585e-08
-2.3737e-07
3.09e-06
3.17846e-07
-3.86027e-07
2.93047e-07
-1.5705e-06
1.73529e-07
-1.85291e-06
1.76997e-07
-7.17939e-07
-5.94296e-08
4.07685e-06
2.22892e-07
-3.49659e-06
1.29518e-06
6.44405e-06
1.64415e-06
6.44331e-06
2.93243e-08
1.0644e-06
-5.09008e-07
-7.22142e-06
-6.26821e-08
-1.00414e-05
4.22463e-07
-5.20698e-06
1.58097e-06
-9.16228e-06
1.96351e-06
-2.0001e-06
1.81757e-06
2.89178e-07
1.73089e-06
-3.64602e-07
1.29055e-06
-2.53296e-07
6.36867e-07
2.21311e-06
2.54399e-07
-4.60533e-07
-1.22507e-07
-2.12906e-07
8.10327e-07
-7.21586e-07
6.3246e-07
-9.5518e-07
3.57124e-07
-8.82509e-07
2.88912e-07
-1.12893e-06
9.76294e-07
-1.48036e-06
6.67887e-07
-2.01995e-06
2.51484e-06
-2.29137e-06
3.38047e-06
-2.87908e-06
6.76283e-07
-1.00327e-06
1.21418e-06
-1.062e-07
-1.28311e-06
1.80936e-07
-1.85764e-06
-9.52914e-07
-7.19062e-07
-9.45109e-07
-7.25744e-07
6.59749e-07
2.47199e-06
-7.68957e-07
-2.06789e-06
8.4024e-07
4.83486e-06
2.33725e-06
4.9463e-06
5.22493e-07
2.87916e-06
3.01003e-08
-6.72903e-06
2.35895e-08
-1.00348e-05
1.24725e-07
-5.30812e-06
1.54242e-06
-1.058e-05
1.99122e-06
-2.44891e-06
1.89446e-06
3.85939e-07
1.72878e-06
-1.98921e-07
9.98377e-07
4.77108e-07
3.82023e-07
2.82947e-06
1.59378e-07
-2.3789e-07
-3.73328e-08
-7.61641e-07
1.06659e-06
-6.40722e-07
5.11541e-07
-5.84349e-07
3.00751e-07
-9.71822e-07
6.76385e-07
-1.35516e-06
1.35963e-06
-1.90326e-06
1.21599e-06
-2.2957e-06
2.90728e-06
-2.24323e-06
3.32799e-06
-1.83638e-06
2.69442e-07
-7.78627e-07
1.56428e-07
-1.32525e-06
-7.36486e-07
-1.22486e-06
-1.95803e-06
-1.87137e-06
-7.25544e-08
-1.72367e-06
-8.73441e-07
-5.68583e-07
1.3169e-06
-1.83932e-06
-7.97164e-07
4.64587e-07
2.53096e-06
3.16697e-06
2.24391e-06
1.21018e-06
4.83596e-06
3.37792e-07
-5.85665e-06
1.73279e-07
-9.87033e-06
-1.02607e-07
-5.03224e-06
8.51816e-07
-1.15344e-05
2.0803e-06
-3.67739e-06
1.86946e-06
5.96771e-07
1.21121e-06
4.59337e-07
4.68811e-07
1.2195e-06
2.1773e-07
3.08055e-06
1.06938e-07
-1.271e-07
3.59008e-08
-5.3133e-07
9.10122e-07
-4.31298e-07
4.1151e-07
-7.92252e-07
6.61704e-07
-1.25989e-06
1.14402e-06
-1.49513e-06
1.59487e-06
-1.97736e-06
1.69822e-06
-1.83616e-06
2.76608e-06
-2.98728e-06
4.4791e-06
-2.15957e-06
-5.58264e-07
-1.05234e-06
-9.50809e-07
-1.41681e-06
-3.72019e-07
-8.06713e-07
-2.56813e-06
-9.01623e-07
2.23547e-08
-1.4245e-06
-3.5057e-07
-1.34805e-06
1.24045e-06
-1.93965e-06
-2.05562e-07
-3.43639e-07
9.34954e-07
2.29704e-06
-3.9678e-07
1.58418e-06
5.54883e-06
1.04776e-06
-5.32024e-06
3.74198e-07
-9.19677e-06
3.17902e-07
-4.97595e-06
7.94678e-07
-1.20112e-05
1.05272e-06
-3.93543e-06
9.79017e-07
6.70474e-07
4.54699e-07
9.83655e-07
1.40497e-07
1.5337e-06
1.31437e-07
3.08961e-06
8.31948e-08
-7.88603e-08
1.02893e-07
-1.13249e-06
8.81492e-07
-1.09035e-06
3.69372e-07
-1.20164e-06
7.72997e-07
-1.43823e-06
1.38061e-06
-1.78627e-06
1.94291e-06
-2.0228e-06
1.93475e-06
-1.95742e-06
2.7007e-06
-2.61617e-06
5.13784e-06
-1.90005e-06
-1.27439e-06
-1.29034e-06
-1.56052e-06
-6.91044e-07
-9.71316e-07
-9.06374e-07
-2.3528e-06
-8.00103e-07
-8.39207e-08
-4.04366e-07
-7.46303e-07
7.29353e-07
1.06735e-07
-2.60601e-07
7.84389e-07
-9.09751e-07
1.58411e-06
1.26916e-06
-2.57569e-06
2.25206e-06
4.56593e-06
1.70853e-06
-4.77671e-06
5.74802e-07
-8.06303e-06
-1.66867e-07
-4.23428e-06
-5.91814e-07
-1.15862e-05
-1.42265e-07
-4.38498e-06
1.27462e-07
4.00746e-07
1.4471e-08
1.09665e-06
9.96075e-09
1.53821e-06
9.34244e-08
3.00615e-06
7.48978e-08
-6.03358e-08
1.67295e-07
-7.19859e-07
6.0875e-07
-1.17393e-06
8.23438e-07
-1.2582e-06
8.57272e-07
-1.66627e-06
1.78868e-06
-2.16192e-06
2.43855e-06
-3.46259e-06
3.23542e-06
-2.6159e-06
1.85402e-06
-8.05642e-07
3.32758e-06
-9.08905e-09
-2.07093e-06
-8.54075e-07
-7.15544e-07
-5.12267e-07
-1.31312e-06
-1.25366e-06
-1.6114e-06
-2.45435e-06
1.11677e-06
-1.84414e-06
-1.35652e-06
-8.29487e-07
-9.07914e-07
-1.29761e-07
8.46632e-08
-2.17537e-07
1.67188e-06
1.33335e-06
-4.12658e-06
2.68277e-06
3.21651e-06
1.99749e-06
-4.09143e-06
4.0001e-07
-6.46556e-06
2.01324e-07
-4.0356e-06
-2.44667e-07
-1.11402e-05
-7.17959e-07
-3.91169e-06
-2.41096e-07
-7.61176e-08
-1.31724e-07
9.87277e-07
-4.58059e-08
1.45229e-06
7.88119e-08
2.88154e-06
7.30312e-08
-5.45572e-08
2.30508e-07
1.57914e-08
5.89003e-07
-9.80072e-07
1.8193e-06
-2.19904e-06
2.07624e-06
-1.96658e-06
1.55623e-06
-2.98948e-06
3.46145e-06
-3.93724e-06
4.18319e-06
-2.07754e-06
-5.67001e-09
3.76597e-07
8.73432e-07
4.07966e-07
-2.10229e-06
5.82758e-08
-3.65857e-07
4.0601e-08
-1.29545e-06
9.41179e-09
-1.58021e-06
-1.39041e-07
1.26522e-06
-1.58226e-07
-1.33733e-06
-1.92666e-06
8.60519e-07
-1.55491e-06
-2.87083e-07
1.04636e-06
-9.29384e-07
4.05016e-07
-3.48525e-06
1.17718e-06
2.44434e-06
1.08352e-06
-3.99778e-06
2.89425e-07
-5.67145e-06
9.87691e-08
-3.84495e-06
-7.71871e-07
-1.02696e-05
-8.53597e-07
-3.82996e-06
-3.61469e-07
-5.68246e-07
-1.86405e-07
8.12215e-07
-6.50643e-08
1.33095e-06
7.34561e-08
2.74302e-06
7.30084e-08
-5.41115e-08
2.92568e-07
-2.69266e-07
6.51451e-07
-1.40023e-07
1.69006e-06
-2.93517e-07
2.22973e-06
-9.91257e-07
2.25397e-06
-5.08648e-07
2.97885e-06
-1.08135e-06
4.7559e-06
-2.04211e-06
9.5511e-07
-7.00222e-07
-4.68463e-07
-2.777e-08
-2.77473e-06
3.97279e-07
-7.90903e-07
3.88132e-07
-1.2863e-06
4.31382e-07
-1.62345e-06
6.17278e-07
1.07933e-06
8.91742e-07
-1.6118e-06
5.96081e-07
1.15618e-06
-5.65503e-07
8.745e-07
-4.14587e-07
-1.0803e-06
-1.29149e-06
-2.60835e-06
-3.78541e-07
1.5314e-06
2.71917e-07
-4.64825e-06
-1.38225e-07
-5.26131e-06
3.899e-08
-4.02216e-06
-6.25485e-07
-9.6051e-06
-8.3894e-07
-3.61651e-06
-3.92975e-07
-1.01421e-06
-2.06944e-07
6.26187e-07
-7.25195e-08
1.19652e-06
7.07797e-08
2.59972e-06
7.30117e-08
-5.63455e-08
3.5296e-07
-3.87768e-07
8.08666e-07
1.87749e-07
1.11454e-06
1.34364e-06
1.07384e-06
3.57931e-07
3.23968e-06
2.55016e-07
3.08177e-06
3.64199e-07
4.64672e-06
-5.85103e-08
1.37782e-06
-4.72312e-07
-5.46657e-08
-5.70891e-07
-2.67615e-06
-4.57017e-08
-1.31608e-06
3.27579e-07
-1.65958e-06
2.86525e-07
-1.5824e-06
3.38717e-09
1.36247e-06
5.71088e-07
-2.1795e-06
9.01726e-07
8.25542e-07
-1.12296e-06
2.89918e-06
-1.50947e-07
-2.05231e-06
-6.79305e-07
-2.08e-06
-4.74101e-07
1.32619e-06
2.32104e-07
-5.35446e-06
3.50197e-08
-5.06422e-06
1.11795e-07
-4.09894e-06
-6.26306e-07
-8.867e-06
-7.80723e-07
-3.46209e-06
-4.00462e-07
-1.39447e-06
-2.15336e-07
4.41062e-07
-7.62841e-08
1.05747e-06
6.82636e-08
2.45518e-06
7.23947e-08
-6.04787e-08
4.11032e-07
-6.80585e-07
6.74463e-07
-5.48893e-07
9.82849e-07
-6.02364e-07
1.12732e-06
-2.04778e-06
4.6851e-06
-9.57619e-07
1.99161e-06
1.52813e-07
3.53628e-06
9.9662e-08
1.43098e-06
-1.63044e-08
6.13017e-08
-8.81124e-07
-1.81132e-06
-9.29589e-07
-1.26761e-06
-5.44282e-07
-2.04488e-06
-7.11178e-07
-1.41549e-06
-3.58443e-07
1.00974e-06
-8.60018e-07
-1.67793e-06
-8.51968e-07
8.17492e-07
-6.39524e-07
2.68674e-06
1.47301e-08
-2.70656e-06
-3.13228e-07
-1.75205e-06
9.19176e-08
9.21051e-07
2.68675e-07
-5.53122e-06
2.34704e-08
-4.81902e-06
1.09922e-08
-4.08647e-06
-6.15155e-07
-8.24086e-06
-7.15065e-07
-3.36218e-06
-3.97642e-07
-1.7119e-06
-2.17948e-07
2.6137e-07
-7.82273e-08
9.1775e-07
6.51217e-08
2.31183e-06
7.09042e-08
-6.6263e-08
4.66099e-07
-1.53023e-06
1.01428e-06
-2.31869e-06
1.77131e-06
-2.17784e-06
9.86471e-07
-1.92151e-06
4.42878e-06
-1.68711e-06
1.7572e-06
-4.72942e-07
2.32211e-06
-4.14851e-07
1.37289e-06
-6.8845e-07
3.34905e-07
-1.57435e-06
-9.25414e-07
-1.93159e-06
-9.10371e-07
-1.61128e-06
-2.36518e-06
-1.1154e-06
-1.91136e-06
-2.31986e-07
1.26326e-07
-5.7247e-07
-1.33744e-06
-4.84592e-07
7.29613e-07
5.76079e-09
2.19639e-06
-1.1101e-07
-2.58979e-06
-2.35945e-07
-1.62712e-06
5.46945e-07
1.38163e-07
1.70263e-07
-5.15455e-06
-2.87209e-08
-4.62003e-06
4.75561e-08
-4.16274e-06
-5.58599e-07
-7.6347e-06
-6.45871e-07
-3.2749e-06
-3.86458e-07
-1.97131e-06
-2.15693e-07
9.06067e-08
-7.83878e-08
7.80443e-07
6.11518e-08
2.1723e-06
6.84105e-08
-7.35234e-08
5.17431e-07
5.10461e-07
1.10047e-06
7.98133e-07
1.48364e-06
6.73439e-07
1.11117e-06
2.06617e-06
3.03605e-06
1.53924e-06
2.28414e-06
1.1371e-06
2.72425e-06
4.36472e-07
2.07352e-06
-3.76892e-07
1.14827e-06
-1.17463e-06
-1.27677e-07
-1.12423e-06
-9.60763e-07
-1.11542e-06
-2.37399e-06
-1.11433e-06
-1.91245e-06
-5.67815e-07
-4.20188e-07
-6.58546e-07
-1.24671e-06
-2.8841e-07
3.59478e-07
7.14938e-07
1.19304e-06
4.21225e-07
-2.29607e-06
3.0813e-07
-1.51403e-06
6.84778e-07
-2.38483e-07
2.62398e-07
-4.73217e-06
2.00193e-08
-4.37765e-06
1.54623e-08
-4.15818e-06
-5.24651e-07
-7.09459e-06
-5.73833e-07
-3.22572e-06
-3.66256e-07
-2.17889e-06
-2.07919e-07
-6.77289e-08
-7.63116e-08
6.48835e-07
5.63244e-08
2.03966e-06
6.47403e-08
-8.19407e-08
5.64295e-07
2.64467e-06
1.48834e-06
2.27675e-06
1.85156e-06
1.84354e-06
1.54437e-06
2.74668e-06
2.13291e-06
2.77701e-06
2.2538e-06
2.69426e-06
2.80701e-06
1.94227e-06
2.8255e-06
1.30011e-06
1.79043e-06
1.14093e-06
3.15071e-08
1.11745e-06
-9.37282e-07
-1.3016e-07
-1.12638e-06
-7.36197e-07
-1.30641e-06
-3.71815e-07
-7.84571e-07
-5.40098e-07
-1.07843e-06
-1.0217e-07
-7.84505e-08
7.01935e-07
3.88926e-07
1.32806e-07
-1.72694e-06
1.76747e-07
-1.55798e-06
5.97647e-07
-6.5938e-07
2.14455e-07
-4.34898e-06
1.94482e-09
-4.16514e-06
2.12936e-09
-4.15837e-06
-4.65245e-07
-6.62721e-06
-4.96926e-07
-3.19404e-06
-3.35513e-07
-2.3403e-06
-1.93445e-07
-2.09795e-07
-7.13604e-08
5.26749e-07
5.06386e-08
1.91767e-06
5.96994e-08
-9.10028e-08
6.05928e-07
3.38826e-06
1.4385e-06
3.48612e-06
1.7537e-06
3.29451e-06
1.73598e-06
3.06868e-06
2.35875e-06
3.01509e-06
2.30738e-06
3.21495e-06
2.60715e-06
3.01882e-06
3.02163e-06
2.06935e-06
2.7399e-06
8.10971e-07
1.28989e-06
-6.65066e-08
-5.98063e-08
-5.92059e-07
-6.00833e-07
-4.46773e-07
-1.4517e-06
-2.4262e-07
-9.88726e-07
-2.88816e-07
-1.03224e-06
-1.0955e-08
-3.56312e-07
5.50808e-07
-1.72842e-07
2.46817e-07
-1.42294e-06
2.50194e-07
-1.56136e-06
5.18527e-07
-9.27711e-07
2.08968e-07
-4.03942e-06
1.64952e-08
-3.97266e-06
1.21021e-09
-4.14308e-06
-4.00097e-07
-6.22591e-06
-4.13377e-07
-3.18076e-06
-2.92253e-07
-2.46143e-06
-1.70888e-07
-3.31159e-07
-6.28429e-08
4.18703e-07
4.40915e-08
1.81073e-06
5.30844e-08
-9.99967e-08
6.41481e-07
4.68186e-06
1.16676e-06
4.91752e-06
1.51803e-06
4.88247e-06
1.77103e-06
4.81753e-06
2.42369e-06
4.53965e-06
2.58526e-06
4.28945e-06
2.85734e-06
3.56181e-06
3.74927e-06
2.81922e-06
3.48248e-06
2.08384e-06
2.02526e-06
1.44975e-06
5.74286e-07
8.19972e-07
2.89394e-08
3.44284e-07
-9.76017e-07
8.62084e-09
-6.53067e-07
-1.2853e-07
-8.95092e-07
-4.38968e-08
-4.40946e-07
2.87936e-07
-5.04679e-07
1.23105e-07
-1.25811e-06
1.77679e-07
-1.61593e-06
3.9848e-07
-1.14851e-06
1.62845e-07
-3.80378e-06
1.35993e-08
-3.82342e-06
-5.09269e-09
-4.12439e-06
-3.1829e-07
-5.91271e-06
-3.20456e-07
-3.17859e-06
-2.3407e-07
-2.54781e-06
-1.3856e-07
-4.26667e-07
-4.99134e-08
3.30055e-07
3.66189e-08
1.7242e-06
4.46071e-08
-1.07986e-07
6.69934e-07
3.15202e-06
9.01495e-07
3.45178e-06
1.21827e-06
3.65594e-06
1.56687e-06
3.85834e-06
2.22129e-06
3.90141e-06
2.54218e-06
3.31741e-06
3.44134e-06
2.6555e-06
4.41118e-06
2.46589e-06
3.67208e-06
2.3985e-06
2.09264e-06
1.995e-06
9.77778e-07
1.36694e-06
6.57004e-07
5.62253e-07
-1.71338e-07
2.89343e-07
-3.80162e-07
8.27475e-08
-6.885e-07
1.12963e-07
-4.71161e-07
2.90103e-07
-6.81821e-07
1.33796e-07
-1.1018e-06
1.46267e-07
-1.6284e-06
2.7606e-07
-1.2783e-06
1.05466e-07
-3.63319e-06
1.40677e-08
-3.73202e-06
-1.47592e-09
-4.10884e-06
-2.17233e-07
-5.69696e-06
-2.12936e-07
-3.18289e-06
-1.58023e-07
-2.60273e-06
-9.4565e-08
-4.90124e-07
-3.16679e-08
2.67158e-07
2.78963e-08
1.66464e-06
3.39418e-08
-1.14032e-07
6.89568e-07
6.81797e-07
9.86708e-07
1.2646e-06
1.57222e-06
1.82711e-06
1.81834e-06
1.59022e-06
1.5565e-06
1.56638e-06
1.26829e-06
9.28809e-07
4.896e-07
1.60784e-07
2.34324e-08
-3.78087e-08
6.97965e-09
2.59221e-08
4.52336e-08
1.14364e-07
2.7077e-08
7.39516e-09
3.54536e-09
-8.6133e-08
-8.06574e-08
-6.08454e-08
-3.72573e-08
-7.36273e-09
1.59229e-08
1.94088e-08
)
;

boundaryField
{
    leftWall
    {
        type            calculated;
        value           uniform 0;
    }
    rightWall
    {
        type            calculated;
        value           uniform 0;
    }
    lowerWall
    {
        type            calculated;
        value           uniform 0;
    }
    atmosphere
    {
        type            calculated;
        value           nonuniform List<scalar> 
120
(
6.13606e-07
7.69969e-07
9.52414e-07
1.36876e-06
1.42161e-06
1.37894e-06
1.33932e-06
1.22953e-06
1.07733e-06
8.85064e-07
6.75819e-07
4.71954e-07
3.01239e-07
1.77066e-07
9.99009e-08
5.95322e-08
4.24313e-08
3.72581e-08
3.7079e-08
3.85555e-08
4.03398e-08
4.18623e-08
4.28711e-08
4.31838e-08
4.25751e-08
4.08687e-08
3.75253e-08
3.2063e-08
2.48503e-08
1.83926e-08
7.78779e-07
2.80346e-07
1.82901e-06
6.74319e-07
-3.81822e-07
-2.50513e-06
-3.87068e-06
-6.29269e-06
-4.35402e-06
-2.05278e-06
-7.54794e-07
-7.58427e-09
-1.04784e-06
-5.49651e-07
-1.00669e-06
-7.20717e-07
-7.99206e-07
-6.22479e-07
-5.93182e-07
-5.54747e-07
-6.24278e-07
-5.55248e-07
-9.84335e-07
-2.0315e-07
1.05373e-06
-4.60384e-07
-1.80541e-08
3.44614e-07
5.06614e-07
5.14456e-07
6.36044e-07
9.13361e-07
1.28898e-06
1.91367e-06
2.28729e-06
3.4501e-06
4.6393e-06
3.70581e-06
2.08275e-06
1.27587e-06
9.96479e-07
2.67868e-07
-5.13475e-08
-5.5115e-07
-4.09918e-07
-7.2661e-07
-1.12074e-06
-1.64771e-06
-1.34743e-06
-3.5459e-06
-3.71234e-06
-4.10499e-06
-5.60728e-06
-3.18836e-06
-2.62254e-06
-5.13711e-07
2.37263e-07
1.64136e-06
-1.17518e-07
6.95367e-07
6.04387e-07
7.64025e-07
9.30587e-07
1.37885e-06
1.42677e-06
1.39255e-06
1.35175e-06
1.23206e-06
1.07313e-06
8.72096e-07
6.55939e-07
4.48417e-07
2.76038e-07
1.51449e-07
7.42055e-08
3.3705e-08
1.62037e-08
1.04971e-08
9.81942e-09
1.09492e-08
1.2621e-08
1.43243e-08
1.58381e-08
1.70795e-08
1.78772e-08
1.80682e-08
1.75319e-08
1.61541e-08
1.43087e-08
1.3609e-08
)
;
    }
    defaultFaces
    {
        type            empty;
        value           nonuniform 0();
    }
}


// ************************************************************************* //
