/*--------------------------------*- C++ -*----------------------------------*\
| =========                 |                                                 |
| \\      /  F ield         | OpenFOAM: The Open Source CFD Toolbox           |
|  \\    /   O peration     | Version:  2.4.0                                 |
|   \\  /    A nd           | Web:      www.OpenFOAM.org                      |
|    \\/     M anipulation  |                                                 |
\*---------------------------------------------------------------------------*/
FoamFile
{
    version     2.0;
    format      ascii;
    class       surfaceScalarField;
    location    "0.057";
    object      phi;
}
// * * * * * * * * * * * * * * * * * * * * * * * * * * * * * * * * * * * * * //

dimensions      [0 3 -1 0 0 0 0];

internalField   nonuniform List<scalar> 
7080
(
-1.12406e-08
1.12406e-08
-2.2002e-08
1.07615e-08
-3.18892e-08
9.88714e-09
-4.05871e-08
8.69792e-09
-4.67394e-08
6.1523e-09
-4.83975e-08
1.65816e-09
-4.31008e-08
-5.29673e-09
-2.86099e-08
-1.44909e-08
-3.34092e-09
-2.5269e-08
3.15706e-08
-3.49115e-08
7.46349e-08
-4.30643e-08
1.221e-07
-4.74654e-08
1.7001e-07
-4.79098e-08
2.13163e-07
-4.31525e-08
2.5711e-07
-4.39479e-08
2.67324e-07
-1.02135e-08
3.21837e-07
-5.4513e-08
1.89151e-07
1.32686e-07
-1.06736e-07
2.95887e-07
-3.32167e-07
2.2543e-07
-3.70792e-07
3.86254e-08
-3.51565e-07
-1.9227e-08
-1.68283e-07
-1.83282e-07
2.04807e-07
-3.7309e-07
3.84913e-07
-1.80106e-07
4.27784e-07
-4.28716e-08
3.75295e-07
5.24893e-08
2.5393e-07
1.21365e-07
1.20605e-07
1.33326e-07
1.2175e-07
-1.14544e-09
-1.40814e-08
2.5322e-08
-2.79387e-08
2.46188e-08
-4.133e-08
2.32784e-08
-5.3901e-08
2.1269e-08
-6.4005e-08
1.62562e-08
-6.943e-08
7.08322e-09
-6.72945e-08
-7.43232e-09
-5.48743e-08
-2.69112e-08
-3.02602e-08
-4.98831e-08
7.09634e-09
-7.2268e-08
5.29798e-08
-8.89478e-08
1.04301e-07
-9.87861e-08
1.56053e-07
-9.96623e-08
2.02073e-07
-8.91724e-08
2.46099e-07
-8.79746e-08
2.62207e-07
-2.63212e-08
3.0638e-07
-9.86856e-08
2.39906e-07
1.9916e-07
-8.13524e-10
5.36606e-07
-2.6888e-07
4.93497e-07
-3.67977e-07
1.37723e-07
-2.59414e-07
-1.27791e-07
-6.49374e-08
-3.77758e-07
1.16016e-07
-5.54044e-07
2.52004e-07
-3.16094e-07
2.53822e-07
-4.46895e-08
1.97658e-07
1.08654e-07
1.27688e-07
1.91334e-07
4.44199e-08
2.16594e-07
1.68821e-07
-2.65071e-09
-1.44202e-08
3.97421e-08
-2.86951e-08
3.88937e-08
-4.26425e-08
3.72259e-08
-5.59503e-08
3.45767e-08
-6.69916e-08
2.72975e-08
-7.35624e-08
1.36541e-08
-7.27672e-08
-8.22756e-09
-6.18026e-08
-3.78758e-08
-3.86373e-08
-7.30485e-08
-2.56706e-09
-1.08338e-07
4.2291e-08
-1.33806e-07
9.23161e-08
-1.48811e-07
1.4222e-07
-1.49567e-07
1.86113e-07
-1.33065e-07
2.24633e-07
-1.26495e-07
2.41915e-07
-4.36033e-08
2.55094e-07
-1.11864e-07
2.52829e-07
2.01425e-07
1.52025e-07
6.3741e-07
-5.19068e-08
6.97429e-07
-9.58525e-08
1.81669e-07
-2.76339e-08
-1.96009e-07
5.82582e-08
-4.6365e-07
6.20436e-08
-5.57829e-07
7.90679e-08
-3.33119e-07
1.01453e-07
-6.70741e-08
9.42629e-08
1.15844e-07
7.85051e-08
2.07092e-07
3.80073e-08
2.57092e-07
2.00309e-07
6.5188e-09
-1.44469e-08
5.4189e-08
-2.87721e-08
5.32189e-08
-4.28036e-08
5.12575e-08
-5.6257e-08
4.80301e-08
-6.75386e-08
3.85791e-08
-7.44518e-08
2.05673e-08
-7.41007e-08
-8.57868e-09
-6.36295e-08
-4.83471e-08
-4.08695e-08
-9.58084e-08
-5.05441e-09
-1.44153e-07
3.99231e-08
-1.78783e-07
9.01659e-08
-1.99054e-07
1.40151e-07
-1.99552e-07
1.84947e-07
-1.77861e-07
2.20123e-07
-1.61671e-07
2.47354e-07
-7.08346e-08
2.36212e-07
-1.00723e-07
2.65782e-07
1.71856e-07
3.52494e-07
5.50697e-07
2.66239e-07
7.83683e-07
1.6507e-07
2.82838e-07
7.14953e-08
-1.02435e-07
6.90541e-08
-4.61209e-07
1.05168e-07
-5.93943e-07
6.09933e-08
-2.88944e-07
5.57096e-08
-6.17904e-08
1.09052e-07
6.25011e-08
1.21477e-07
1.94667e-07
8.76084e-08
2.90961e-07
3.01268e-07
-1.33501e-08
-1.44336e-08
6.86226e-08
-2.87629e-08
6.75483e-08
-4.2816e-08
6.53106e-08
-5.63361e-08
6.15502e-08
-6.77688e-08
5.00118e-08
-7.49249e-08
2.77234e-08
-7.49213e-08
-8.58231e-09
-6.48574e-08
-5.8411e-08
-4.24205e-08
-1.18245e-07
-6.71952e-09
-1.79854e-07
3.84619e-08
-2.23965e-07
8.92429e-08
-2.49835e-07
1.3992e-07
-2.50228e-07
1.86432e-07
-2.24373e-07
2.19371e-07
-1.9461e-07
2.59777e-07
-1.1124e-07
2.32338e-07
-7.3285e-08
2.81533e-07
1.22661e-07
4.7091e-07
3.61321e-07
4.96708e-07
7.57885e-07
4.60342e-07
3.19204e-07
3.681e-07
-1.01929e-08
2.1935e-07
-3.12459e-07
1.10213e-07
-4.84805e-07
7.89962e-08
-2.57728e-07
3.84884e-08
-2.12825e-08
4.68041e-08
5.41854e-08
6.88888e-08
1.72583e-07
5.72483e-08
3.02601e-07
3.51215e-07
7.30096e-09
-1.44114e-08
8.3034e-08
-2.87389e-08
8.18758e-08
-4.28082e-08
7.93798e-08
-5.63959e-08
7.51379e-08
-6.79966e-08
6.16126e-08
-7.54307e-08
3.51574e-08
-7.58352e-08
-8.1778e-09
-6.62648e-08
-6.79814e-08
-4.42318e-08
-1.40278e-07
-8.66679e-09
-2.15419e-07
3.67697e-08
-2.69401e-07
8.82342e-08
-3.013e-07
1.39815e-07
-3.01809e-07
1.88376e-07
-2.72934e-07
2.20602e-07
-2.26837e-07
2.73535e-07
-1.64173e-07
2.6158e-07
-6.13299e-08
2.78099e-07
1.06142e-07
5.02217e-07
1.37202e-07
5.95638e-07
6.64464e-07
5.70296e-07
3.44547e-07
4.67675e-07
9.24278e-08
3.40943e-07
-1.85726e-07
2.33408e-07
-3.7727e-07
2.04913e-07
-2.29233e-07
9.64699e-08
8.71605e-08
1.091e-08
1.39745e-07
1.43574e-08
1.69135e-07
8.19562e-09
3.08763e-07
3.62281e-07
-2.87047e-09
-1.43835e-08
9.74175e-08
-2.87075e-08
9.61998e-08
-4.27938e-08
9.34661e-08
-5.64595e-08
8.88036e-08
-6.82591e-08
7.34121e-08
-7.60236e-08
4.29219e-08
-7.6919e-08
-7.28243e-09
-6.79499e-08
-7.69505e-08
-4.64168e-08
-1.61812e-07
-1.10151e-08
-2.50821e-07
3.4708e-08
-3.15124e-07
8.69738e-08
-3.53566e-07
1.39761e-07
-3.54596e-07
1.90245e-07
-3.23419e-07
2.23306e-07
-2.59897e-07
2.8682e-07
-2.27687e-07
2.75875e-07
-5.03849e-08
2.67397e-07
1.14619e-07
5.06489e-07
-1.01889e-07
6.3298e-07
5.37972e-07
5.94712e-07
3.82815e-07
4.94458e-07
1.92682e-07
3.03344e-07
5.38788e-09
1.25147e-07
-1.99073e-07
4.03874e-08
-1.44474e-07
-2.33966e-08
1.50945e-07
-8.25912e-08
1.9894e-07
-8.02897e-08
1.66834e-07
-4.71234e-08
2.75597e-07
3.19491e-07
-4.33263e-09
-1.43501e-08
1.11768e-07
-2.86692e-08
1.10519e-07
-4.27738e-08
1.07571e-07
-5.65282e-08
1.02558e-07
-6.85583e-08
8.54422e-08
-7.67069e-08
5.10705e-08
-7.81786e-08
-5.8107e-09
-6.99243e-08
-8.52047e-08
-4.89928e-08
-1.82743e-07
-1.37869e-08
-2.86027e-07
3.228e-08
-3.61191e-07
8.54443e-08
-4.0673e-07
1.39712e-07
-4.08864e-07
1.9166e-07
-3.75367e-07
2.30044e-07
-2.98282e-07
2.94996e-07
-2.92639e-07
3.19898e-07
-7.52874e-08
2.53842e-07
1.80675e-07
4.83119e-07
-3.31166e-07
7.081e-07
3.12992e-07
6.67642e-07
4.23272e-07
6.02319e-07
2.58005e-07
4.88785e-07
1.18922e-07
2.81469e-07
8.24345e-09
1.29459e-07
7.53586e-09
4.56234e-08
2.34781e-07
-3.39371e-08
2.78501e-07
-8.77248e-08
2.20622e-07
-6.25661e-08
2.50438e-07
2.53611e-07
3.31343e-09
-1.43111e-08
1.26079e-07
-2.8624e-08
1.24832e-07
-4.27475e-08
1.21694e-07
-5.66002e-08
1.16411e-07
-6.88924e-08
9.77343e-08
-7.74779e-08
5.96561e-08
-7.96126e-08
-3.67601e-09
-7.21913e-08
-9.2626e-08
-5.19694e-08
-2.02965e-07
-1.69964e-08
-3.21e-07
2.94307e-08
-4.07618e-07
8.3614e-08
-4.60913e-07
1.39625e-07
-4.64874e-07
1.91941e-07
-4.27683e-07
2.42512e-07
-3.48853e-07
2.86e-07
-3.36126e-07
3.56017e-07
-1.45305e-07
3.74012e-07
1.6268e-07
4.85946e-07
-4.431e-07
7.08476e-07
9.0462e-08
7.26555e-07
4.05193e-07
6.91346e-07
2.93214e-07
6.57297e-07
1.5297e-07
5.43531e-07
1.22009e-07
3.9604e-07
1.55028e-07
3.02635e-07
3.28185e-07
1.76585e-07
4.0455e-07
3.87376e-08
3.58469e-07
6.51908e-09
2.82657e-07
2.45388e-07
1.47427e-08
-1.42664e-08
1.40345e-07
-2.85715e-08
1.39137e-07
-4.27143e-08
1.35837e-07
-5.66737e-08
1.3037e-07
-6.92587e-08
1.10319e-07
-7.83328e-08
6.87303e-08
-8.12175e-08
-7.91319e-10
-7.4753e-08
-9.90905e-08
-5.53565e-08
-2.22362e-07
-2.06617e-08
-3.55695e-07
2.61677e-08
-4.54448e-07
8.144e-08
-5.16186e-07
1.39453e-07
-5.22887e-07
1.92066e-07
-4.80297e-07
2.54449e-07
-4.11236e-07
2.67174e-07
-3.48851e-07
3.62497e-07
-2.40628e-07
5.02329e-07
2.28488e-08
4.48103e-07
-3.88874e-07
4.86653e-07
5.19116e-08
6.05045e-07
2.86801e-07
6.8775e-07
2.10509e-07
6.67643e-07
1.73078e-07
5.86633e-07
2.03019e-07
4.76638e-07
2.65022e-07
3.68253e-07
4.36571e-07
2.17755e-07
5.55048e-07
6.52094e-08
5.11015e-07
-1.03561e-08
3.58222e-07
2.43541e-07
-8.50897e-09
-1.42158e-08
1.54561e-07
-2.85117e-08
1.53433e-07
-4.26733e-08
1.49999e-07
-5.67463e-08
1.44443e-07
-6.96543e-08
1.23227e-07
-7.92665e-08
7.83425e-08
-8.299e-08
2.93214e-09
-7.76121e-08
-1.04468e-07
-5.91661e-08
-2.40808e-07
-2.48015e-08
-3.9006e-07
2.24478e-08
-5.01697e-07
7.90063e-08
-5.72744e-07
1.38799e-07
-5.8268e-07
1.93209e-07
-5.34707e-07
2.58834e-07
-4.76862e-07
2.62966e-07
-3.52983e-07
3.80534e-07
-3.58196e-07
5.19956e-07
-1.16573e-07
4.08285e-07
-2.77203e-07
4.73173e-07
-1.29764e-08
6.17398e-07
1.42577e-07
7.18093e-07
1.09814e-07
7.12005e-07
1.79165e-07
6.3786e-07
2.77164e-07
4.64392e-07
4.3849e-07
3.25514e-07
5.75449e-07
2.09252e-07
6.7131e-07
1.1053e-07
6.09737e-07
4.04216e-08
4.2833e-07
2.91424e-07
-7.46174e-09
-1.41594e-08
1.6872e-07
-2.84443e-08
1.67718e-07
-4.26239e-08
1.64178e-07
-5.68152e-08
1.58634e-07
-7.0076e-08
1.36488e-07
-8.02731e-08
8.85396e-08
-8.4926e-08
7.58505e-09
-8.07707e-08
-1.08624e-07
-6.34102e-08
-2.58168e-07
-2.94382e-08
-4.24032e-07
1.82396e-08
-5.49375e-07
7.61752e-08
-6.3068e-07
1.37877e-07
-6.44382e-07
1.95702e-07
-5.92532e-07
2.54189e-07
-5.35349e-07
3.01089e-07
-3.99883e-07
3.58405e-07
-4.15512e-07
4.86536e-07
-2.44705e-07
4.62183e-07
-2.5285e-07
6.41649e-07
-1.92442e-07
7.54478e-07
2.97474e-08
8.52186e-07
1.21058e-08
8.26806e-07
2.04546e-07
6.6241e-07
4.4156e-07
4.41354e-07
6.59545e-07
2.72356e-07
7.44448e-07
2.11516e-07
7.3215e-07
1.7271e-07
6.48543e-07
1.04247e-07
4.96794e-07
3.95279e-07
3.91618e-10
-1.40969e-08
1.82817e-07
-2.83692e-08
1.8199e-07
-4.25671e-08
1.78376e-07
-5.68774e-08
1.72945e-07
-7.052e-08
1.50131e-07
-8.13468e-08
9.93664e-08
-8.702e-08
1.32582e-08
-8.42322e-08
-1.11411e-07
-6.81029e-08
-2.74297e-07
-3.45976e-08
-4.57537e-07
1.35365e-08
-5.97509e-07
7.29664e-08
-6.9011e-07
1.36734e-07
-7.0815e-07
1.97405e-07
-6.53202e-07
2.52338e-07
-5.90282e-07
3.13848e-07
-4.61392e-07
3.69149e-07
-4.70813e-07
3.97335e-07
-2.7289e-07
4.89635e-07
-3.4515e-07
8.11457e-07
-5.14265e-07
9.36741e-07
-9.55367e-08
9.88606e-07
-3.97592e-08
8.69412e-07
3.23741e-07
6.01723e-07
7.09249e-07
4.53286e-07
8.07982e-07
3.54338e-07
8.43396e-07
2.69502e-07
8.16986e-07
2.02735e-07
7.1531e-07
1.10992e-07
5.88536e-07
5.09771e-07
-3.50025e-09
-1.40281e-08
1.96845e-07
-2.8286e-08
1.96248e-07
-4.25031e-08
1.92593e-07
-5.69292e-08
1.87371e-07
-7.09825e-08
1.64184e-07
-8.24803e-08
1.10864e-07
-8.92641e-08
2.00419e-08
-8.79981e-08
-1.12677e-07
-7.32601e-08
-2.89035e-07
-4.03094e-08
-4.90488e-07
8.3368e-09
-6.46155e-07
6.93054e-08
-7.51078e-07
1.35387e-07
-7.74232e-07
1.98466e-07
-7.16281e-07
2.51978e-07
-6.43794e-07
3.22318e-07
-5.31733e-07
3.60083e-07
-5.08578e-07
3.78841e-07
-2.91649e-07
6.18792e-07
-5.851e-07
8.29164e-07
-7.24637e-07
1.00749e-06
-2.73862e-07
1.07403e-06
-1.06299e-07
9.14531e-07
4.8324e-07
7.45141e-07
8.78638e-07
6.26071e-07
9.27052e-07
4.50156e-07
1.01931e-06
3.10235e-07
9.56907e-07
1.87966e-07
8.37579e-07
9.16383e-08
6.84864e-07
5.99377e-07
2.03225e-09
-1.3953e-08
2.10798e-07
-2.81944e-08
2.10489e-07
-4.24317e-08
2.0683e-07
-5.69666e-08
2.01906e-07
-7.14592e-08
1.78677e-07
-8.36654e-08
1.23071e-07
-9.16513e-08
2.80278e-08
-9.20714e-08
-1.12257e-07
-7.88969e-08
-3.0221e-07
-4.66072e-08
-5.22777e-07
2.47344e-09
-6.95236e-07
6.52272e-08
-8.13832e-07
1.33869e-07
-8.42873e-07
1.98701e-07
-7.81113e-07
2.52608e-07
-6.97701e-07
3.29032e-07
-6.08157e-07
3.22996e-07
-5.02541e-07
4.26224e-07
-3.94877e-07
7.70907e-07
-9.29784e-07
8.23813e-07
-7.77543e-07
9.95444e-07
-4.45492e-07
1.10121e-06
-2.1207e-07
8.50955e-07
7.335e-07
6.3255e-07
1.09704e-06
4.96919e-07
1.06268e-06
3.85416e-07
1.13082e-06
2.86057e-07
1.05627e-06
1.77654e-07
9.45982e-07
8.70819e-08
7.75436e-07
6.85416e-07
1.04266e-09
-1.38714e-08
2.2467e-07
-2.80943e-08
2.24712e-07
-4.23525e-08
2.21089e-07
-5.69871e-08
2.1654e-07
-7.19456e-08
1.93635e-07
-8.4892e-08
1.36017e-07
-9.41704e-08
3.73062e-08
-9.64528e-08
-1.09975e-07
-8.50312e-08
-3.13632e-07
-5.3535e-08
-5.54274e-07
-4.431e-09
-7.4434e-07
6.05644e-08
-8.78827e-07
1.3184e-07
-9.14149e-07
1.97643e-07
-8.46916e-07
2.54292e-07
-7.5435e-07
3.30275e-07
-6.84141e-07
2.7619e-07
-4.48456e-07
4.56011e-07
-5.74698e-07
7.54633e-07
-1.22841e-06
7.70607e-07
-7.93517e-07
1.12719e-06
-8.02079e-07
1.07968e-06
-1.64557e-07
5.38807e-07
1.27437e-06
3.11917e-07
1.32393e-06
2.33892e-07
1.14071e-06
2.09721e-07
1.15499e-06
1.79694e-07
1.08629e-06
1.10163e-07
1.01551e-06
4.53284e-08
8.4027e-07
7.33513e-07
-2.7683e-09
-1.37832e-08
2.38453e-07
-2.79854e-08
2.38914e-07
-4.22649e-08
2.35368e-07
-5.69903e-08
2.31266e-07
-7.24371e-08
2.09082e-07
-8.61489e-08
1.49729e-07
-9.68095e-08
4.79668e-08
-1.01143e-07
-1.05641e-07
-9.16798e-08
-3.23095e-07
-6.1124e-08
-5.84829e-07
-1.18533e-08
-7.93611e-07
5.50872e-08
-9.45768e-07
1.28364e-07
-9.87426e-07
1.93369e-07
-9.11921e-07
2.55561e-07
-8.16542e-07
3.28541e-07
-7.57121e-07
3.17058e-07
-4.36972e-07
5.23232e-07
-7.80872e-07
6.14468e-07
-1.31964e-06
6.10584e-07
-7.89633e-07
1.38075e-06
-1.57225e-06
4.869e-07
7.29298e-07
-1.47622e-07
1.90889e-06
-1.23334e-08
1.18864e-06
-3.01448e-08
1.15852e-06
-3.34048e-08
1.15825e-06
-6.89787e-09
1.05979e-06
1.40083e-09
1.00721e-06
-1.25992e-08
8.5427e-07
7.2898e-07
-8.06673e-09
-1.36881e-08
2.52141e-07
-2.78677e-08
2.53094e-07
-4.21681e-08
2.49668e-07
-5.69747e-08
2.46072e-07
-7.29289e-08
2.25036e-07
-8.74224e-08
1.64222e-07
-9.95498e-08
6.00942e-08
-1.0614e-07
-9.90511e-08
-9.88609e-08
-3.30374e-07
-6.94148e-08
-6.14276e-07
-2.00616e-08
-8.42964e-07
4.81707e-08
-1.014e-06
1.21348e-07
-1.0606e-06
1.82028e-07
-9.72601e-07
2.52195e-07
-8.86709e-07
3.05643e-07
-8.10569e-07
4.13791e-07
-5.45121e-07
6.19156e-07
-9.86236e-07
5.3985e-07
-1.24034e-06
6.46278e-07
-8.96061e-07
1.69861e-06
-2.62458e-06
1.36874e-06
1.05917e-06
-1.27427e-07
3.40506e-06
-2.52367e-07
1.31358e-06
-1.73301e-07
1.07945e-06
-1.59338e-07
1.14428e-06
-1.26121e-07
1.02657e-06
-5.58862e-08
9.3698e-07
-4.50421e-08
8.43426e-07
6.92046e-07
-8.10803e-09
-1.35857e-08
2.65727e-07
-2.7741e-08
2.67249e-07
-4.20615e-08
2.63989e-07
-5.69384e-08
2.60949e-07
-7.34163e-08
2.41514e-07
-8.86968e-08
1.79503e-07
-1.02367e-07
7.37642e-08
-1.11439e-07
-8.99792e-08
-1.06596e-07
-3.35217e-07
-7.84637e-08
-6.42408e-07
-2.93701e-08
-8.92057e-07
3.80543e-08
-1.08142e-06
1.07317e-07
-1.12987e-06
1.61098e-07
-1.02638e-06
2.36297e-07
-9.61907e-07
2.7699e-07
-8.51262e-07
4.64703e-07
-7.32833e-07
6.33207e-07
-1.15474e-06
4.28413e-07
-1.03554e-06
1.08725e-06
-1.55489e-06
1.36984e-07
-1.67432e-06
2.67254e-07
9.28904e-07
4.85056e-07
3.18726e-06
-2.43502e-07
2.04214e-06
-1.88848e-07
1.0248e-06
-1.26518e-07
1.08195e-06
-1.05097e-07
1.00515e-06
-5.09199e-08
8.82803e-07
-2.01221e-08
8.12628e-07
6.59705e-07
1.22195e-08
-1.34754e-08
2.79202e-07
-2.7605e-08
2.81379e-07
-4.19438e-08
2.78328e-07
-5.68793e-08
2.75885e-07
-7.38951e-08
2.5853e-07
-8.99526e-08
1.9556e-07
-1.05219e-07
8.90306e-08
-1.17052e-07
-7.81466e-08
-1.14912e-07
-3.37356e-07
-8.83686e-08
-6.68951e-07
-4.03638e-08
-9.40062e-07
2.28387e-08
-1.14463e-06
8.50806e-08
-1.19211e-06
1.36406e-07
-1.07771e-06
2.10911e-07
-1.03641e-06
2.65287e-07
-9.05639e-07
4.45299e-07
-9.12845e-07
5.33475e-07
-1.24292e-06
5.92386e-07
-1.09445e-06
1.11456e-07
-1.07396e-06
-1.8666e-07
-1.3762e-06
9.93401e-07
-2.51166e-07
9.01688e-07
3.27897e-06
4.65096e-07
2.47873e-06
-2.19066e-07
1.70896e-06
-6.44752e-08
9.27361e-07
-4.8466e-08
9.89139e-07
-3.44636e-08
8.688e-07
3.62307e-09
7.74542e-07
6.50596e-07
1.27314e-08
-1.33566e-08
2.92559e-07
-2.74597e-08
2.95482e-07
-4.18137e-08
2.92682e-07
-5.67952e-08
2.90866e-07
-7.43641e-08
2.76099e-07
-9.11695e-08
2.12366e-07
-1.08108e-07
1.05969e-07
-1.22979e-07
-6.32754e-08
-1.23824e-07
-3.36512e-07
-9.9273e-08
-6.93502e-07
-5.38426e-08
-9.85493e-07
4.31534e-09
-1.20279e-06
6.22924e-08
-1.25008e-06
1.24723e-07
-1.14014e-06
1.86299e-07
-1.09799e-06
2.86007e-07
-1.00535e-06
3.5468e-07
-9.81518e-07
3.97974e-07
-1.28621e-06
5.92423e-07
-1.2889e-06
6.54236e-07
-1.13578e-06
1.75535e-07
-8.97498e-07
2.58198e-07
-3.33829e-07
8.72199e-07
2.66497e-06
8.63194e-07
2.48774e-06
3.97836e-07
2.17432e-06
1.52992e-07
1.17221e-06
2.92192e-08
1.11291e-06
6.60899e-10
8.97359e-07
2.51498e-08
7.50053e-07
6.6767e-07
8.07612e-09
-1.32284e-08
3.05787e-07
-2.73051e-08
3.09558e-07
-4.16693e-08
3.07046e-07
-5.66837e-08
3.05881e-07
-7.48248e-08
2.9424e-07
-9.23577e-08
2.29899e-07
-1.1104e-07
1.24651e-07
-1.29239e-07
-4.50763e-08
-1.33413e-07
-3.32338e-07
-1.11488e-07
-7.15427e-07
-7.00579e-08
-1.02692e-06
-1.45613e-08
-1.25828e-06
5.30969e-08
-1.31774e-06
1.26125e-07
-1.21317e-06
1.68927e-07
-1.14079e-06
2.7999e-07
-1.11641e-06
2.70087e-07
-9.71616e-07
2.84095e-07
-1.30022e-06
2.45753e-06
-3.46234e-06
2.48816e-06
-1.16641e-06
1.38137e-06
2.09291e-07
3.55868e-07
6.91682e-07
6.98151e-07
2.32269e-06
8.97182e-07
2.2887e-06
8.13124e-07
2.25838e-06
5.11601e-07
1.47373e-06
3.43033e-07
1.28148e-06
2.03427e-07
1.03696e-06
1.13814e-07
8.39665e-07
7.86428e-07
-4.94389e-09
-1.30897e-08
3.18877e-07
-2.71417e-08
3.2361e-07
-4.15084e-08
3.21413e-07
-5.65425e-08
3.20915e-07
-7.52785e-08
3.12976e-07
-9.35231e-08
2.48143e-07
-1.14022e-07
1.4515e-07
-1.35801e-07
-2.32967e-08
-1.43597e-07
-3.24542e-07
-1.24807e-07
-7.34217e-07
-8.67097e-08
-1.06502e-06
-2.4677e-08
-1.32031e-06
6.25458e-08
-1.40497e-06
1.14215e-07
-1.26484e-06
1.58567e-07
-1.18514e-06
2.10749e-07
-1.16859e-06
3.37039e-07
-1.09791e-06
6.47345e-07
-1.61052e-06
-4.74961e-07
-2.34003e-06
-3.4478e-07
-1.29659e-06
1.99876e-08
-1.55474e-07
-7.30809e-08
7.84745e-07
4.37548e-07
1.81206e-06
7.21179e-07
2.00507e-06
9.39528e-07
2.04003e-06
7.72542e-07
1.64072e-06
6.64076e-07
1.38995e-06
5.02123e-07
1.19892e-06
2.41985e-07
1.0998e-06
1.04141e-06
-1.29977e-08
-1.29395e-08
3.31816e-07
-2.69701e-08
3.37641e-07
-4.13279e-08
3.35771e-07
-5.63689e-08
3.35956e-07
-7.57224e-08
3.32329e-07
-9.46405e-08
2.67061e-07
-1.17014e-07
1.67523e-07
-1.42733e-07
2.42232e-09
-1.54739e-07
-3.12536e-07
-1.39835e-07
-7.49121e-07
-1.03381e-07
-1.10147e-06
-3.42666e-08
-1.38943e-06
5.99544e-08
-1.49919e-06
7.40941e-08
-1.27898e-06
1.58348e-07
-1.2694e-06
1.33498e-07
-1.14374e-06
3.59893e-07
-1.3243e-06
1.19969e-06
-2.45032e-06
8.44519e-07
-1.98485e-06
3.84503e-07
-8.36578e-07
1.37523e-07
9.15045e-08
-2.91091e-08
9.51368e-07
2.74892e-07
1.50806e-06
5.73378e-07
1.70659e-06
8.6043e-07
1.75299e-06
8.31346e-07
1.6698e-06
6.74785e-07
1.54651e-06
4.4922e-07
1.42449e-06
2.03516e-07
1.34551e-06
1.25653e-06
-1.16039e-08
-1.27766e-08
3.44593e-07
-2.67916e-08
3.51656e-07
-4.11253e-08
3.50104e-07
-5.61622e-08
3.50993e-07
-7.616e-08
3.52327e-07
-9.57046e-08
2.86606e-07
-1.2004e-07
1.91858e-07
-1.4987e-07
3.22517e-08
-1.65914e-07
-2.96492e-07
-1.53881e-07
-7.61154e-07
-1.16958e-07
-1.1384e-06
-4.97219e-08
-1.45667e-06
3.94321e-08
-1.58834e-06
6.64794e-08
-1.30602e-06
1.5205e-07
-1.35497e-06
1.07093e-07
-1.09878e-06
4.19106e-07
-1.63631e-06
1.90654e-06
-3.93776e-06
8.96902e-07
-9.75218e-07
5.73758e-07
-5.13439e-07
4.79345e-07
1.8591e-07
2.40129e-07
1.19058e-06
2.92687e-07
1.45551e-06
4.83801e-07
1.51548e-06
6.95217e-07
1.54157e-06
7.09278e-07
1.65575e-06
5.8016e-07
1.67563e-06
3.83863e-07
1.62078e-06
1.78278e-07
1.55109e-06
1.44623e-06
-1.1417e-08
-1.25996e-08
3.57193e-07
-2.66071e-08
3.65663e-07
-4.08946e-08
3.64392e-07
-5.59136e-08
3.66012e-07
-7.65728e-08
3.72986e-07
-9.66493e-08
3.06682e-07
-1.2299e-07
2.18199e-07
-1.57603e-07
6.6865e-08
-1.79297e-07
-2.74797e-07
-1.71663e-07
-7.68788e-07
-1.36922e-07
-1.17314e-06
-7.45935e-08
-1.51899e-06
3.09434e-08
-1.69388e-06
9.09798e-08
-1.36606e-06
5.76749e-08
-1.32166e-06
4.49583e-07
-1.49069e-06
3.14536e-07
-1.50127e-06
-5.26286e-07
-3.09694e-06
-7.29066e-07
-7.72441e-07
-6.24143e-08
-1.1801e-06
2.83494e-07
-1.59999e-07
1.96641e-07
1.27745e-06
2.6592e-07
1.38623e-06
3.94732e-07
1.38666e-06
5.18401e-07
1.41791e-06
5.4391e-07
1.63024e-06
4.59449e-07
1.76009e-06
3.09793e-07
1.77044e-06
1.47264e-07
1.71362e-06
1.59909e-06
-5.60214e-09
-1.24108e-08
3.69603e-07
-2.64215e-08
3.79674e-07
-4.06394e-08
3.7861e-07
-5.56424e-08
3.81015e-07
-7.70017e-08
3.94346e-07
-9.75376e-08
3.27218e-07
-1.25906e-07
2.46568e-07
-1.64801e-07
1.0576e-07
-1.88633e-07
-2.50966e-07
-1.80522e-07
-7.769e-07
-1.4823e-07
-1.20543e-06
-7.72889e-08
-1.58993e-06
7.16805e-08
-1.84285e-06
8.59281e-08
-1.38031e-06
1.01461e-07
-1.33719e-06
5.71304e-07
-1.96054e-06
1.88359e-06
-2.81356e-06
2.75739e-06
-3.97073e-06
2.41712e-06
-4.32166e-07
6.61775e-07
5.75249e-07
2.97021e-07
2.04759e-07
3.68808e-07
1.20566e-06
3.23422e-07
1.43161e-06
3.48353e-07
1.36173e-06
3.90617e-07
1.37564e-06
4.02292e-07
1.61857e-06
3.47055e-07
1.81533e-06
2.39989e-07
1.87751e-06
1.20699e-07
1.83292e-06
1.71489e-06
4.9052e-09
-1.22363e-08
3.8184e-07
-2.62213e-08
3.93659e-07
-4.03206e-08
3.92709e-07
-5.5261e-08
3.95955e-07
-7.72958e-08
4.1638e-07
-9.81814e-08
3.48104e-07
-1.28617e-07
2.77003e-07
-1.73221e-07
1.50364e-07
-2.07836e-07
-2.1635e-07
-2.16064e-07
-7.68672e-07
-1.8673e-07
-1.23476e-06
-9.03407e-08
-1.68632e-06
7.73864e-08
-2.01057e-06
7.66452e-09
-1.31059e-06
4.30548e-07
-1.76008e-06
1.89826e-06
-3.42825e-06
2.66554e-06
-3.58083e-06
1.34124e-06
-2.64644e-06
7.89432e-07
1.19645e-07
3.33998e-07
1.03068e-06
-1.4058e-07
6.79337e-07
2.12617e-07
8.52461e-07
2.93674e-07
1.35056e-06
3.18474e-07
1.33693e-06
2.73454e-07
1.42066e-06
2.67795e-07
1.62423e-06
2.37549e-07
1.84557e-06
1.71968e-07
1.94309e-06
9.38655e-08
1.91102e-06
1.79267e-06
1.60787e-08
-1.27737e-08
3.94613e-07
-2.62641e-08
4.0715e-07
-4.0456e-08
4.06901e-07
-5.56198e-08
4.11119e-07
-7.82627e-08
4.39023e-07
-9.87932e-08
3.68634e-07
-1.3137e-07
3.0958e-07
-1.84099e-07
2.03093e-07
-2.1925e-07
-1.81199e-07
-2.05723e-07
-7.82199e-07
-1.51757e-07
-1.28873e-06
-4.82999e-08
-1.78978e-06
1.30451e-07
-2.18932e-06
5.08899e-07
-1.68903e-06
2.18438e-06
-3.43556e-06
2.45685e-06
-3.70072e-06
2.92232e-06
-4.04631e-06
2.19271e-06
-1.91682e-06
1.10846e-06
1.20389e-06
4.73423e-07
1.66572e-06
3.78896e-07
7.73863e-07
4.90995e-07
7.40358e-07
3.92936e-07
1.44862e-06
3.7834e-07
1.35153e-06
2.22724e-07
1.57628e-06
1.69098e-07
1.67785e-06
1.46078e-07
1.8686e-06
1.1137e-07
1.9778e-06
6.89766e-08
1.95341e-06
1.83546e-06
2.61905e-08
1.00152e-08
3.84598e-07
-1.85186e-08
4.35683e-07
-3.16382e-08
4.20021e-07
-4.69093e-08
4.2639e-07
-7.32519e-08
4.65366e-07
-9.92914e-08
3.94674e-07
-1.3511e-07
3.45398e-07
-1.8268e-07
2.50663e-07
-2.14131e-07
-1.49748e-07
-2.31738e-07
-7.64592e-07
-2.50388e-07
-1.27008e-06
-2.32374e-07
-1.8078e-06
-1.36837e-08
-2.40801e-06
2.08413e-06
-3.78685e-06
2.38757e-06
-3.739e-06
2.46411e-06
-3.77726e-06
2.13821e-06
-3.72041e-06
1.62335e-06
-1.40196e-06
1.10112e-06
1.72612e-06
7.43862e-07
2.02297e-06
5.16558e-07
1.00117e-06
4.11058e-07
8.45855e-07
3.32475e-07
1.5272e-06
1.8747e-07
1.49654e-06
9.24475e-08
1.6713e-06
4.10244e-08
1.72928e-06
4.07257e-08
1.8689e-06
4.39349e-08
1.97459e-06
3.89774e-08
1.95837e-06
3.22454e-08
1.84219e-06
-1.21728e-07
1.20583e-07
-2.53924e-07
1.32196e-07
-3.75695e-07
1.21771e-07
-4.28167e-07
5.24721e-08
-3.85437e-07
-4.27294e-08
-2.05644e-07
-1.79794e-07
1.66989e-07
-3.72632e-07
3.49144e-07
-1.82155e-07
3.69341e-07
-2.01975e-08
3.31658e-07
3.76834e-08
1.06481e-07
2.25177e-07
-1.89056e-07
2.95537e-07
-3.21574e-07
1.32518e-07
-2.66882e-07
-5.46923e-08
-2.56717e-07
-1.01646e-08
-2.12796e-07
-4.39211e-08
-1.69684e-07
-4.31118e-08
-1.21833e-07
-4.7852e-08
-7.44145e-08
-4.74181e-08
-3.14068e-08
-4.30077e-08
3.46159e-09
-3.48684e-08
2.86667e-08
-2.52051e-08
4.30892e-08
-1.44226e-08
4.83327e-08
-5.2434e-09
4.66674e-08
1.66529e-09
4.05368e-08
6.13051e-09
3.18849e-08
8.65189e-09
2.20085e-08
9.87645e-09
1.1252e-08
1.07565e-08
1.1252e-08
-5.00379e-08
1.6797e-07
-1.32863e-07
2.15022e-07
-2.01613e-07
1.9052e-07
-2.57043e-07
1.07902e-07
-2.545e-07
-4.52717e-08
-1.17712e-07
-3.16582e-07
6.31206e-08
-5.53465e-07
2.57848e-07
-3.76883e-07
3.66778e-07
-1.29127e-07
2.67875e-07
1.36586e-07
1.18664e-10
4.92934e-07
-2.39911e-07
5.35566e-07
-3.06105e-07
1.98712e-07
-2.61809e-07
-9.89877e-08
-2.45686e-07
-2.62884e-08
-2.01688e-07
-8.79188e-08
-1.55705e-07
-8.90952e-08
-1.04011e-07
-9.95456e-08
-5.27398e-08
-9.86893e-08
-6.92046e-09
-8.8827e-08
3.03818e-08
-7.21706e-08
5.49257e-08
-4.9749e-08
6.72687e-08
-2.67656e-08
6.9347e-08
-7.32172e-09
6.39183e-08
7.09394e-09
5.38409e-08
1.6208e-08
4.13255e-08
2.11673e-08
2.79455e-08
2.32564e-08
1.4094e-08
2.46081e-08
2.5346e-08
-3.04999e-08
2.04989e-07
-7.64507e-08
2.60972e-07
-9.33109e-08
2.0738e-07
-1.0261e-07
1.17201e-07
-8.09864e-08
-6.68949e-08
-6.40306e-08
-3.33537e-07
-6.07921e-08
-5.56704e-07
2.50792e-08
-4.62754e-07
9.35777e-08
-1.97626e-07
4.97328e-08
1.80431e-07
-1.53013e-07
6.9568e-07
-2.52698e-07
6.35251e-07
-2.54769e-07
2.00783e-07
-2.4161e-07
-1.12146e-07
-2.24209e-07
-4.36897e-08
-1.85734e-07
-1.26394e-07
-1.41869e-07
-1.32959e-07
-9.20248e-08
-1.4939e-07
-4.2047e-08
-1.48667e-07
2.75633e-09
-1.3363e-07
3.8761e-08
-1.08175e-07
6.18543e-08
-7.28424e-08
7.27399e-08
-3.76512e-08
7.34768e-08
-8.05856e-09
6.69028e-08
1.36679e-08
5.58889e-08
2.72219e-08
4.26381e-08
3.4418e-08
2.8702e-08
3.71925e-08
1.44328e-08
3.88772e-08
3.97788e-08
-1.05729e-07
2.97367e-07
-1.32419e-07
2.87663e-07
-1.15666e-07
1.90628e-07
-6.07847e-08
6.23192e-08
-6.46219e-08
-6.30576e-08
-1.06748e-07
-2.91411e-07
-7.124e-08
-5.92212e-07
-7.21689e-08
-4.61825e-07
-1.65198e-07
-1.04596e-07
-2.67388e-07
2.82621e-07
-3.53659e-07
7.81951e-07
-2.65519e-07
5.4711e-07
-2.35798e-07
1.71063e-07
-2.47091e-07
-1.00853e-07
-2.19672e-07
-7.11093e-08
-1.84572e-07
-1.61494e-07
-1.39798e-07
-1.77734e-07
-8.98763e-08
-1.99312e-07
-3.96791e-08
-1.98864e-07
5.24192e-09
-1.78551e-07
4.09944e-08
-1.43928e-07
6.36816e-08
-9.55296e-08
7.40727e-08
-4.80422e-08
7.43643e-08
-8.35023e-09
6.74482e-08
2.0584e-08
5.61952e-08
3.8475e-08
4.27998e-08
4.78134e-08
2.87793e-08
5.12129e-08
1.44597e-08
5.3197e-08
5.42384e-08
-4.76179e-08
3.52286e-07
-5.91905e-08
2.99236e-07
-3.96446e-08
1.71082e-07
-3.62425e-08
5.89172e-08
-7.99611e-08
-1.9339e-08
-1.13431e-07
-2.57941e-07
-2.19763e-07
-4.8588e-07
-3.65575e-07
-3.16014e-07
-4.59544e-07
-1.06273e-08
-4.97721e-07
3.20798e-07
-4.71521e-07
7.55752e-07
-2.81071e-07
3.5666e-07
-2.3189e-07
1.21882e-07
-2.59499e-07
-7.32445e-08
-2.18892e-07
-1.11716e-07
-1.86057e-07
-1.9433e-07
-1.39562e-07
-2.24229e-07
-8.89511e-08
-2.49922e-07
-3.82179e-08
-2.49597e-07
6.906e-09
-2.23675e-07
4.25459e-08
-1.79568e-07
6.49094e-08
-1.17893e-07
7.48919e-08
-5.80247e-08
7.48349e-08
-8.2933e-09
6.76767e-08
2.77422e-08
5.6274e-08
4.98777e-08
4.2813e-08
6.12743e-08
2.87707e-08
6.52552e-08
1.44465e-08
6.75212e-08
6.86849e-08
-1.16474e-08
3.61063e-07
-2.15863e-08
3.09175e-07
-1.92355e-08
1.68731e-07
-9.32029e-08
1.32885e-07
-1.96614e-07
8.40722e-08
-2.27936e-07
-2.26619e-07
-3.41158e-07
-3.72658e-07
-4.6729e-07
-1.89881e-07
-5.71243e-07
9.33257e-08
-5.9679e-07
3.46345e-07
-5.02196e-07
6.61158e-07
-2.77078e-07
1.31541e-07
-2.61452e-07
1.06256e-07
-2.73175e-07
-6.1521e-08
-2.20111e-07
-1.6478e-07
-1.87998e-07
-2.26442e-07
-1.39452e-07
-2.72775e-07
-8.79464e-08
-3.01428e-07
-3.65259e-08
-3.01018e-07
8.85211e-09
-2.69053e-07
4.43575e-08
-2.15073e-07
6.63164e-08
-1.39852e-07
7.5804e-08
-6.75123e-08
7.53375e-08
-7.82677e-09
6.79022e-08
3.51775e-08
5.63334e-08
6.14465e-08
4.28063e-08
7.48015e-08
2.87474e-08
7.93141e-08
1.44245e-08
8.18442e-08
8.31094e-08
3.77037e-08
3.19027e-07
7.18642e-08
2.75014e-07
8.01649e-08
1.6043e-07
2.5921e-08
1.87128e-07
-3.44103e-08
1.44404e-07
-1.17802e-07
-1.43227e-07
-2.99419e-07
-1.91041e-07
-4.95448e-07
6.14779e-09
-5.95773e-07
1.9365e-07
-6.33623e-07
3.84196e-07
-5.04918e-07
5.32453e-07
-2.66359e-07
-1.07018e-07
-2.75833e-07
1.1573e-07
-2.86385e-07
-5.09697e-08
-2.22805e-07
-2.2836e-07
-1.89864e-07
-2.59382e-07
-1.39392e-07
-3.23248e-07
-8.66887e-08
-3.54131e-07
-3.44658e-08
-3.53241e-07
1.11994e-08
-3.14719e-07
4.65431e-08
-2.50417e-07
6.80011e-08
-1.6131e-07
7.68856e-08
-7.63967e-08
7.59264e-08
-6.86756e-09
6.81619e-08
4.2942e-08
5.63967e-08
7.32116e-08
4.27934e-08
8.84048e-08
2.87167e-08
9.33908e-08
1.43968e-08
9.61642e-08
9.75061e-08
6.6895e-08
2.55445e-07
8.81405e-08
2.53769e-07
3.39933e-08
2.14578e-07
-4.94725e-08
2.70594e-07
-1.35809e-07
2.3074e-07
-2.86194e-07
7.15812e-09
-4.88742e-07
1.15058e-08
-6.02679e-07
1.20085e-07
-6.67647e-07
2.58619e-07
-7.07249e-07
4.23797e-07
-4.82363e-07
3.07567e-07
-2.52853e-07
-3.36528e-07
-3.1953e-07
1.82407e-07
-2.94512e-07
-7.59874e-08
-2.29521e-07
-2.93352e-07
-1.91278e-07
-2.97625e-07
-1.39331e-07
-3.75195e-07
-8.51636e-08
-4.08298e-07
-3.20387e-08
-4.06365e-07
1.397e-08
-3.60727e-07
4.91198e-08
-2.85566e-07
6.99753e-08
-1.82166e-07
7.81426e-08
-8.45641e-08
7.6605e-08
-5.32995e-09
6.84578e-08
5.10893e-08
5.6465e-08
8.52044e-08
4.27752e-08
1.02095e-07
2.86794e-08
1.07487e-07
1.43636e-08
1.1048e-07
1.1187e-07
1.40472e-08
2.56141e-07
-2.68214e-08
2.94637e-07
-1.72753e-07
3.60509e-07
-3.08508e-07
4.0635e-07
-4.02104e-07
3.24336e-07
-5.46674e-07
1.51729e-07
-6.58267e-07
1.23099e-07
-6.92146e-07
1.53965e-07
-7.24226e-07
2.90698e-07
-7.08763e-07
4.08334e-07
-4.85623e-07
8.44275e-08
-3.74742e-07
-4.4741e-07
-3.55093e-07
1.62759e-07
-2.8539e-07
-1.45691e-07
-2.41967e-07
-3.36774e-07
-1.91561e-07
-3.48031e-07
-1.39239e-07
-4.27517e-07
-8.33385e-08
-4.64199e-07
-2.91949e-08
-4.60509e-07
1.71783e-08
-4.07101e-07
5.20971e-08
-3.20485e-07
7.22421e-08
-2.02311e-07
7.95738e-08
-9.18957e-08
7.73706e-08
-3.12674e-09
6.8788e-08
5.96718e-08
5.65367e-08
9.74557e-08
4.27512e-08
1.1588e-07
2.86352e-08
1.21603e-07
1.43248e-08
1.2479e-07
1.26194e-07
-4.46882e-10
2.48079e-07
-6.9063e-08
3.63254e-07
-2.24441e-07
5.15887e-07
-3.78227e-07
5.60136e-07
-4.87003e-07
4.33111e-07
-5.92296e-07
2.57022e-07
-6.69937e-07
2.00739e-07
-6.85334e-07
1.69361e-07
-6.00748e-07
2.06112e-07
-4.84796e-07
2.92383e-07
-4.4784e-07
4.74709e-08
-5.0229e-07
-3.92959e-07
-3.61834e-07
2.23023e-08
-2.66323e-07
-2.41202e-07
-2.53837e-07
-3.4926e-07
-1.91703e-07
-4.10165e-07
-1.39054e-07
-4.80166e-07
-8.11703e-08
-5.22083e-07
-2.59283e-08
-5.15751e-07
2.08421e-08
-4.53871e-07
5.54853e-08
-3.55128e-07
7.48035e-08
-2.21629e-07
8.11752e-08
-9.82674e-08
7.82191e-08
-1.70644e-10
6.915e-08
6.87409e-08
5.66099e-08
1.09996e-07
4.27205e-08
1.2977e-07
2.8584e-08
1.35739e-07
1.42803e-08
1.39094e-07
1.40475e-07
-5.03911e-08
2.91008e-07
-1.18239e-07
4.31101e-07
-2.14053e-07
6.11702e-07
-3.22457e-07
6.6854e-07
-4.60505e-07
5.7116e-07
-6.37346e-07
4.33862e-07
-7.1426e-07
2.77654e-07
-7.16712e-07
1.71813e-07
-6.11835e-07
1.01235e-07
-4.73641e-07
1.54189e-07
-4.09211e-07
-1.69592e-08
-5.19216e-07
-2.82954e-07
-3.80033e-07
-1.1688e-07
-2.62323e-07
-3.58912e-07
-2.58043e-07
-3.5354e-07
-1.92886e-07
-4.75322e-07
-1.38384e-07
-5.34668e-07
-7.87463e-08
-5.81721e-07
-2.22086e-08
-5.72289e-07
2.49806e-08
-5.0106e-07
5.92964e-08
-3.89444e-07
7.76627e-08
-2.39995e-07
8.29441e-08
-1.03549e-07
7.91453e-08
3.62813e-09
6.95407e-08
7.83455e-08
5.66823e-08
1.22854e-07
4.26824e-08
1.43769e-07
2.85257e-08
1.49896e-07
1.42301e-08
1.5339e-07
1.54705e-07
-1.07266e-07
3.98665e-07
-1.8041e-07
5.04246e-07
-2.16896e-07
6.48187e-07
-2.76834e-07
7.28479e-07
-4.43315e-07
7.3764e-07
-6.61956e-07
6.52504e-07
-8.22797e-07
4.38495e-07
-8.49194e-07
1.98211e-07
-7.52609e-07
4.64929e-09
-6.42753e-07
4.43333e-08
-4.60252e-07
-1.9946e-07
-4.86418e-07
-2.56789e-07
-3.57176e-07
-2.46123e-07
-3.00808e-07
-4.15279e-07
-2.53214e-07
-4.01135e-07
-1.95424e-07
-5.33111e-07
-1.37437e-07
-5.92655e-07
-7.5917e-08
-6.4324e-07
-1.80118e-08
-6.30194e-07
2.96162e-08
-5.48688e-07
6.35424e-08
-4.2337e-07
8.08213e-08
-2.57274e-07
8.48756e-08
-1.07603e-07
8.01437e-08
8.36001e-09
6.99567e-08
8.85324e-08
5.67511e-08
1.3606e-07
4.26362e-08
1.57884e-07
2.84599e-08
1.64072e-07
1.41739e-08
1.67676e-07
1.68879e-07
-1.13233e-07
5.08398e-07
-1.93183e-07
5.84196e-07
-2.6456e-07
7.19563e-07
-3.49783e-07
8.13702e-07
-4.52585e-07
8.40443e-07
-6.03847e-07
8.03765e-07
-8.68176e-07
7.02824e-07
-9.85223e-07
3.15258e-07
-9.37187e-07
-4.33867e-08
-8.08473e-07
-8.43805e-08
-4.8747e-07
-5.20463e-07
-3.99443e-07
-3.44815e-07
-3.66348e-07
-2.79218e-07
-3.13781e-07
-4.67846e-07
-2.51157e-07
-4.63759e-07
-1.97178e-07
-5.8709e-07
-1.36291e-07
-6.53543e-07
-7.2735e-08
-7.06796e-07
-1.33416e-08
-6.89587e-07
3.47749e-08
-5.96805e-07
6.82379e-08
-4.56833e-07
8.42824e-08
-2.73319e-07
8.69646e-08
-1.10285e-07
8.12083e-08
1.41163e-08
7.03945e-08
9.93462e-08
5.68135e-08
1.49641e-07
4.25815e-08
1.72116e-07
2.83865e-08
1.78267e-07
1.41117e-08
1.81951e-07
1.8299e-07
-8.45795e-08
5.9501e-07
-1.89601e-07
6.89218e-07
-3.12129e-07
8.42091e-07
-4.51454e-07
9.53027e-07
-6.32583e-07
1.02157e-06
-7.45237e-07
9.16419e-07
-9.13489e-07
8.71076e-07
-1.07658e-06
4.78349e-07
-1.00842e-06
-1.11542e-07
-8.27327e-07
-2.65478e-07
-6.17548e-07
-7.30242e-07
-3.79405e-07
-5.82959e-07
-3.56599e-07
-3.02023e-07
-3.21796e-07
-5.02649e-07
-2.50681e-07
-5.34874e-07
-1.9831e-07
-6.39461e-07
-1.34929e-07
-7.16924e-07
-6.90819e-08
-7.72643e-07
-8.17935e-09
-7.5049e-07
4.04851e-08
-6.45469e-07
7.33981e-08
-4.89746e-07
8.80486e-08
-2.87969e-07
8.92032e-08
-1.1144e-07
8.23314e-08
2.09882e-08
7.08501e-08
1.10827e-07
5.68658e-08
1.63625e-07
4.25194e-08
1.86463e-07
2.83053e-08
1.92481e-07
1.40432e-08
1.96213e-07
1.97034e-07
-8.1918e-08
6.7797e-07
-1.83013e-07
7.90312e-07
-2.83861e-07
9.42939e-07
-3.87512e-07
1.05668e-06
-5.04362e-07
1.13842e-06
-6.42597e-07
1.05465e-06
-8.47431e-07
1.07591e-06
-1.0952e-06
7.26122e-07
-9.99857e-07
-2.06889e-07
-8.22471e-07
-4.42864e-07
-7.70111e-07
-7.82602e-07
-4.25814e-07
-9.27257e-07
-3.19524e-07
-4.08313e-07
-3.28442e-07
-4.93732e-07
-2.51156e-07
-6.1216e-07
-1.98666e-07
-6.91952e-07
-1.33407e-07
-7.82182e-07
-6.50146e-08
-8.41035e-07
-2.21366e-09
-8.13291e-07
4.67828e-08
-6.94466e-07
7.90391e-08
-5.22003e-07
9.21219e-08
-3.01052e-07
9.15841e-08
-1.10902e-07
8.35045e-08
2.90679e-08
7.13191e-08
1.23013e-07
5.69041e-08
1.7804e-07
4.24498e-08
2.00917e-07
2.82159e-08
2.06715e-07
1.39683e-08
2.1046e-07
2.11002e-07
-4.22931e-08
7.17495e-07
-1.16415e-07
8.64434e-07
-1.75785e-07
1.00231e-06
-2.1614e-07
1.09703e-06
-2.35862e-07
1.15814e-06
-3.24069e-07
1.14286e-06
-5.53874e-07
1.30571e-06
-1.07731e-06
1.24956e-06
-1.12642e-06
-1.5778e-07
-7.64862e-07
-8.04422e-07
-7.56321e-07
-7.91143e-07
-4.54715e-07
-1.22886e-06
-2.72486e-07
-5.90541e-07
-3.30558e-07
-4.3566e-07
-2.52743e-07
-6.89974e-07
-1.9783e-07
-7.46865e-07
-1.31381e-07
-8.48632e-07
-6.03662e-08
-9.1205e-07
4.63378e-09
-8.7829e-07
5.3709e-08
-7.43541e-07
8.51771e-08
-5.53471e-07
9.65042e-08
-3.12379e-07
9.40975e-08
-1.08496e-07
8.47176e-08
3.84478e-08
7.17971e-08
1.35933e-07
5.69258e-08
1.92911e-07
4.23724e-08
2.1547e-07
2.81184e-08
2.20969e-07
1.38869e-08
2.24692e-07
2.24889e-07
-1.3552e-09
7.10784e-07
-7.95803e-09
8.71037e-07
2.13209e-08
9.7303e-07
3.55662e-08
1.08279e-06
3.12403e-08
1.16247e-06
5.00996e-09
1.16909e-06
1.25808e-07
1.18492e-06
-4.29274e-07
1.80464e-06
-1.35616e-06
7.69103e-07
-6.06871e-07
-1.55371e-06
-6.16437e-07
-7.81577e-07
-5.2335e-07
-1.32195e-06
-3.1678e-07
-7.97111e-07
-3.29567e-07
-4.22873e-07
-2.54136e-07
-7.65406e-07
-1.93836e-07
-8.07165e-07
-1.27915e-07
-9.14552e-07
-5.49122e-08
-9.85053e-07
1.20435e-08
-9.45246e-07
6.12981e-08
-7.92796e-07
9.18318e-08
-5.84004e-07
1.01196e-07
-3.21743e-07
9.67293e-08
-1.04029e-07
8.59591e-08
4.92181e-08
7.22794e-08
1.49613e-07
5.69305e-08
2.0826e-07
4.22867e-08
2.30114e-07
2.80127e-08
2.35243e-07
1.37989e-08
2.38906e-07
2.38688e-07
2.86724e-08
6.74003e-07
6.51449e-08
8.34564e-07
1.21604e-07
9.16571e-07
1.68238e-07
1.03615e-06
1.60946e-07
1.16976e-06
2.37764e-07
1.09227e-06
1.20765e-07
1.30192e-06
-1.39448e-06
3.31989e-06
-1.71099e-06
1.08562e-06
-6.68681e-07
-2.59602e-06
-5.34762e-07
-9.15496e-07
-6.21771e-07
-1.23494e-06
-4.17197e-07
-1.00168e-06
-3.0605e-07
-5.34019e-07
-2.50968e-07
-8.20488e-07
-1.82622e-07
-8.7551e-07
-1.20915e-07
-9.7626e-07
-4.79472e-08
-1.05802e-06
2.02381e-08
-1.01343e-06
6.95895e-08
-8.42147e-07
9.90199e-08
-6.13435e-07
1.06194e-07
-3.28917e-07
9.94615e-08
-9.72966e-08
8.72148e-08
6.14649e-08
7.27613e-08
1.64066e-07
5.69166e-08
2.24105e-07
4.2192e-08
2.44839e-07
2.78987e-08
2.49536e-07
1.37039e-08
2.53101e-07
2.52392e-07
2.61599e-08
6.60063e-07
6.14559e-08
7.99268e-07
8.46876e-08
8.93339e-07
1.25951e-07
9.94891e-07
1.62948e-07
1.13277e-06
2.00112e-07
1.05511e-06
-4.40969e-07
1.943e-06
-2.12661e-07
3.09158e-06
-2.04071e-07
1.07703e-06
-1.10368e-06
-1.69641e-06
-4.05422e-07
-1.61375e-06
-6.38638e-07
-1.00173e-06
-4.68043e-07
-1.17228e-06
-2.74856e-07
-7.27206e-07
-2.35333e-07
-8.6001e-07
-1.61685e-07
-9.49158e-07
-1.06931e-07
-1.03101e-06
-3.78476e-08
-1.1271e-06
2.95354e-08
-1.08081e-06
7.86377e-08
-8.91249e-07
1.06763e-07
-6.4156e-07
1.11496e-07
-3.3365e-07
1.02268e-07
-8.80688e-08
8.84683e-08
7.52649e-08
7.3238e-08
1.79297e-07
5.68822e-08
2.40461e-07
4.20876e-08
2.59633e-07
2.77762e-08
2.63847e-07
1.36015e-08
2.67275e-07
2.65993e-07
1.06439e-08
6.6215e-07
4.45459e-08
7.65366e-07
4.63036e-08
8.91582e-07
4.11856e-08
1.00001e-06
2.57175e-07
9.16776e-07
-3.75165e-07
1.68745e-06
-9.27611e-07
2.49544e-06
-1.07626e-06
3.24022e-06
1.14865e-07
-1.14097e-07
-1.37537e-07
-1.444e-06
-5.83872e-07
-1.16742e-06
-5.31544e-07
-1.05405e-06
-4.3939e-07
-1.26443e-06
-2.62187e-07
-9.0441e-07
-2.10129e-07
-9.12068e-07
-1.36763e-07
-1.02252e-06
-8.48339e-08
-1.08294e-06
-2.25783e-08
-1.18936e-06
4.05158e-08
-1.14391e-06
8.85407e-08
-9.39274e-07
1.15087e-07
-6.68106e-07
1.1711e-07
-3.35673e-07
1.05111e-07
-7.60696e-08
8.96997e-08
9.06759e-08
7.37052e-08
1.95291e-07
5.68252e-08
2.57341e-07
4.19722e-08
2.74486e-07
2.7645e-08
2.78175e-07
1.34912e-08
2.81429e-07
2.79484e-07
-1.52351e-08
6.85462e-07
9.65859e-09
7.40473e-07
-2.14162e-08
9.22656e-07
-1.3663e-07
1.11522e-06
-4.19609e-07
1.19976e-06
-8.02394e-07
2.07024e-06
-8.20624e-07
2.51368e-06
-2.44448e-07
2.66404e-06
-2.5067e-07
-1.07881e-07
-7.85421e-07
-9.09255e-07
-6.39656e-07
-1.31319e-06
-3.66627e-07
-1.32708e-06
-3.39636e-07
-1.29143e-06
-2.83716e-07
-9.6033e-07
-1.85887e-07
-1.0099e-06
-1.2482e-07
-1.08359e-06
-6.23676e-08
-1.1454e-06
-3.94719e-09
-1.24778e-06
5.39798e-08
-1.20184e-06
9.94417e-08
-9.84736e-07
1.24011e-07
-6.92676e-07
1.23042e-07
-3.34704e-07
1.07988e-07
-6.10153e-08
9.08908e-08
1.07773e-07
7.41602e-08
2.12022e-07
5.67433e-08
2.74758e-07
4.18446e-08
2.89385e-07
2.7505e-08
2.92514e-07
1.33723e-08
2.95562e-07
2.92857e-07
-1.15668e-07
7.96185e-07
-2.29664e-07
8.54469e-07
-3.74271e-07
1.06726e-06
-5.31208e-07
1.27216e-06
-8.46556e-07
1.5151e-06
-1.1092e-06
2.33287e-06
-7.56589e-07
2.16107e-06
-3.81681e-07
2.28915e-06
-1.36785e-06
8.78281e-07
-2.36861e-06
9.15035e-08
-2.29651e-06
-1.38529e-06
-2.71163e-07
-3.35243e-06
-2.58226e-07
-1.30436e-06
-2.77837e-07
-9.40719e-07
-1.69113e-07
-1.11862e-06
-1.26442e-07
-1.12626e-06
-5.36119e-08
-1.21823e-06
1.48994e-08
-1.31629e-06
7.01746e-08
-1.25711e-06
1.11656e-07
-1.02622e-06
1.33613e-07
-7.14633e-07
1.29302e-07
-3.30393e-07
1.10914e-07
-4.26273e-08
9.20589e-08
1.26628e-07
7.46043e-08
2.29476e-07
5.66342e-08
2.92728e-07
4.17028e-08
3.04316e-07
2.73564e-08
3.06861e-07
1.32438e-08
3.09675e-07
3.061e-07
-2.66128e-07
1.04931e-06
-5.28619e-07
1.11696e-06
-6.83151e-07
1.22179e-06
-7.92679e-07
1.38169e-06
-9.57174e-07
1.6796e-06
-8.89971e-07
2.26566e-06
-6.10981e-07
1.88208e-06
-1.12681e-07
1.79085e-06
-1.77564e-07
9.43161e-07
3.43353e-07
-4.29405e-07
5.08285e-07
-1.55022e-06
-6.87676e-07
-2.15647e-06
-3.48998e-07
-1.64304e-06
-2.09441e-07
-1.08028e-06
-1.59152e-07
-1.16891e-06
-1.15247e-07
-1.17017e-06
-6.32843e-08
-1.27019e-06
2.50134e-08
-1.40459e-06
8.67956e-08
-1.31889e-06
1.2497e-07
-1.06439e-06
1.43814e-07
-7.33477e-07
1.35873e-07
-3.22452e-07
1.13888e-07
-2.06427e-08
9.32022e-08
1.47314e-07
7.50393e-08
2.47639e-07
5.64956e-08
3.11272e-07
4.15448e-08
3.19267e-07
2.71996e-08
3.21206e-07
1.31048e-08
3.2377e-07
3.19205e-07
-2.31363e-07
1.26907e-06
-4.79021e-07
1.36462e-06
-6.95932e-07
1.4387e-06
-8.64172e-07
1.54993e-06
-9.05088e-07
1.72051e-06
-6.56665e-07
2.01723e-06
-4.44276e-07
1.66969e-06
-1.7055e-07
1.51712e-06
-2.64675e-07
1.03728e-06
-5.45946e-07
-1.48137e-07
-1.05741e-06
-1.03875e-06
-1.33467e-06
-1.87921e-06
-3.64686e-07
-2.61302e-06
-1.30197e-07
-1.31477e-06
-1.57575e-07
-1.14153e-06
-7.44833e-08
-1.25326e-06
-6.06998e-08
-1.28397e-06
3.45652e-08
-1.49985e-06
1.03424e-07
-1.38775e-06
1.39986e-07
-1.10095e-06
1.5497e-07
-7.48461e-07
1.42806e-07
-3.10288e-07
1.16875e-07
5.28818e-09
9.42947e-08
1.69894e-07
7.54626e-08
2.66471e-07
5.63249e-08
3.3041e-07
4.13675e-08
3.34225e-07
2.70353e-08
3.35538e-07
1.29542e-08
3.37851e-07
3.32159e-07
-2.01379e-07
1.45904e-06
-4.09098e-07
1.57234e-06
-6.08289e-07
1.63789e-06
-7.55416e-07
1.69705e-06
-7.59707e-07
1.72481e-06
-5.18672e-07
1.7762e-06
-3.78905e-07
1.52992e-06
-3.23503e-07
1.46172e-06
-4.75898e-07
1.18968e-06
-6.15607e-07
-8.43352e-09
-8.45904e-07
-8.08453e-07
-1.78023e-06
-9.44884e-07
-3.92789e-07
-4.00046e-06
-9.98564e-08
-1.6077e-06
-1.48137e-07
-1.09325e-06
-6.55607e-08
-1.33583e-06
-4.03959e-08
-1.30914e-06
4.99218e-08
-1.59017e-06
1.16937e-07
-1.45477e-06
1.54018e-07
-1.13803e-06
1.66163e-07
-7.60605e-07
1.49951e-07
-2.94077e-07
1.19893e-07
3.53463e-08
9.53308e-08
1.94457e-07
7.58778e-08
2.85924e-07
5.61214e-08
3.50166e-07
4.11684e-08
3.49178e-07
2.68648e-08
3.49842e-07
1.27908e-08
3.51925e-07
3.4495e-07
-1.58034e-07
1.61147e-06
-3.24336e-07
1.73863e-06
-4.86232e-07
1.79979e-06
-5.93935e-07
1.80475e-06
-5.82275e-07
1.71316e-06
-4.08679e-07
1.60261e-06
-3.08268e-07
1.42951e-06
-2.18997e-07
1.37245e-06
-2.10906e-07
1.18159e-06
-2.87694e-08
-1.90576e-07
6.61921e-07
-1.49914e-06
3.74727e-07
-6.57684e-07
-5.13052e-07
-3.11268e-06
-4.6749e-07
-1.65326e-06
-5.37612e-08
-1.50698e-06
-8.97778e-08
-1.29982e-06
-3.28054e-08
-1.36611e-06
7.4671e-08
-1.69765e-06
1.36769e-07
-1.51687e-06
1.71765e-07
-1.17303e-06
1.79558e-07
-7.68398e-07
1.57688e-07
-2.72207e-07
1.22833e-07
7.02007e-08
9.62441e-08
2.21046e-07
7.62668e-08
3.05901e-07
5.58764e-08
3.70556e-07
4.09417e-08
3.64112e-07
2.66887e-08
3.64095e-07
1.26132e-08
3.66e-07
3.57563e-07
-1.10905e-07
1.72727e-06
-2.35416e-07
1.86314e-06
-3.55759e-07
1.92013e-06
-4.30669e-07
1.87965e-06
-4.20793e-07
1.70327e-06
-3.19373e-07
1.50119e-06
-2.50487e-07
1.36062e-06
-2.1507e-07
1.33703e-06
-1.6869e-07
1.13522e-06
-5.56352e-07
1.97086e-07
-2.54363e-06
4.88121e-07
-2.72009e-06
-4.81221e-07
-1.69781e-06
-4.13495e-06
-5.83966e-07
-2.76711e-06
-1.14345e-07
-1.9766e-06
-8.35234e-08
-1.33064e-06
-7.46024e-08
-1.37503e-06
7.74027e-08
-1.84965e-06
1.4787e-07
-1.58733e-06
1.80582e-07
-1.20574e-06
1.88928e-07
-7.76745e-07
1.64911e-07
-2.4819e-07
1.25746e-07
1.09366e-07
9.70982e-08
2.49693e-07
7.66716e-08
3.26328e-07
5.56092e-08
3.91619e-07
4.06912e-08
3.7903e-07
2.65121e-08
3.78274e-07
1.24238e-08
3.80088e-07
3.69987e-07
-6.21022e-08
1.80545e-06
-1.4535e-07
1.94639e-06
-2.24964e-07
1.99975e-06
-2.72017e-07
1.92671e-06
-2.72299e-07
1.70355e-06
-2.44757e-07
1.47364e-06
-2.25235e-07
1.3411e-06
-3.1279e-07
1.42458e-06
-7.23494e-08
8.94772e-07
8.2614e-08
4.21238e-08
-5.94923e-07
1.16566e-06
-1.28836e-06
2.12209e-07
-2.41636e-06
-3.00696e-06
-1.76793e-06
-3.41554e-06
-4.8195e-07
-3.26258e-06
-1.18404e-09
-1.81141e-06
-8.12004e-08
-1.29501e-06
9.0633e-08
-2.02149e-06
1.86187e-07
-1.68289e-06
2.15999e-07
-1.23555e-06
2.08042e-07
-7.68788e-07
1.73281e-07
-2.13429e-07
1.28435e-07
1.54213e-07
9.77032e-08
2.80425e-07
7.69438e-08
3.47087e-07
5.52329e-08
4.1333e-07
4.03783e-08
3.93885e-07
2.63214e-08
3.9233e-07
1.22488e-08
3.94161e-07
3.82236e-07
-1.74156e-08
1.84906e-06
-6.39132e-08
1.99289e-06
-1.07457e-07
2.04329e-06
-1.34813e-07
1.95407e-06
-1.75146e-07
1.74388e-06
-2.69629e-07
1.56812e-06
-2.8176e-07
1.35323e-06
-3.52268e-07
1.49509e-06
-2.85031e-07
8.27531e-07
-8.72177e-07
6.29265e-07
-1.04996e-06
1.34345e-06
-2.18907e-06
1.35131e-06
-2.95656e-06
-2.23946e-06
-2.47274e-06
-3.89936e-06
-2.27144e-06
-3.46388e-06
-5.67399e-07
-3.51544e-06
-1.32612e-07
-1.7298e-06
4.99504e-08
-2.20405e-06
1.51687e-07
-1.78462e-06
2.06193e-07
-1.29006e-06
2.19878e-07
-7.82473e-07
1.84333e-07
-1.77884e-07
1.31212e-07
2.07334e-07
9.82775e-08
3.13359e-07
7.78794e-08
3.67485e-07
5.55846e-08
4.35625e-07
4.05164e-08
4.08953e-07
2.63765e-08
4.0647e-07
1.27868e-08
4.07751e-07
3.95023e-07
2.61446e-08
1.85516e-06
1.97732e-08
1.99926e-06
1.71054e-08
2.04596e-06
1.38682e-08
1.9573e-06
-2.97994e-08
1.78754e-06
-8.83483e-08
1.62667e-06
-2.26772e-07
1.49165e-06
-3.33237e-07
1.60155e-06
-5.07296e-07
1.00159e-06
-7.21857e-07
8.43824e-07
-1.12619e-06
1.74778e-06
-1.50777e-06
1.73289e-06
-2.09558e-06
-1.65165e-06
-2.58447e-06
-3.41047e-06
-2.40268e-06
-3.64567e-06
-1.83436e-06
-4.08375e-06
7.28794e-09
-3.57145e-06
2.30508e-07
-2.42727e-06
2.48944e-07
-1.80306e-06
2.31598e-07
-1.27271e-06
2.14329e-07
-7.65205e-07
1.82731e-07
-1.46285e-07
1.34852e-07
2.55212e-07
9.86759e-08
3.49536e-07
7.28723e-08
3.93289e-07
4.69526e-08
4.61544e-07
3.16933e-08
4.24212e-07
1.85809e-08
4.19583e-07
-1.00578e-08
4.3639e-07
3.84965e-07
-2.15882e-07
1.29995e-07
-4.33549e-08
2.63156e-07
-4.15076e-08
4.18173e-07
-3.74785e-08
4.22361e-07
-4.30042e-08
4.70892e-07
-4.99225e-08
4.01592e-07
-6.82272e-08
3.63703e-07
-9.90833e-08
2.81519e-07
-1.2531e-07
-1.23521e-07
-1.49688e-07
-7.40214e-07
-1.35085e-07
-1.28468e-06
-8.65924e-08
-1.85629e-06
3.30979e-07
-2.82559e-06
5.39067e-07
-3.99493e-06
7.5257e-07
-3.9525e-06
9.67381e-07
-3.99206e-06
1.03343e-06
-3.78647e-06
8.34005e-07
-1.20254e-06
5.8812e-07
1.972e-06
5.11758e-07
2.09933e-06
3.12707e-07
1.20022e-06
9.59455e-08
1.06262e-06
9.32046e-08
1.52994e-06
3.88091e-08
1.55094e-06
-3.90556e-08
1.74916e-06
-3.24102e-08
1.72263e-06
-2.02136e-08
1.85671e-06
-5.39315e-09
1.95977e-06
6.74488e-09
1.94624e-06
1.83305e-06
1.58779e-08
-4.48957e-07
-1.72336e-07
-2.0393e-07
1.81294e-08
-1.57925e-07
3.72168e-07
-1.30744e-07
3.95179e-07
-9.91477e-08
4.39295e-07
-8.02736e-08
3.82718e-07
-7.6254e-08
3.59683e-07
-1.09436e-07
3.147e-07
-1.5392e-07
-7.90372e-08
-1.8508e-07
-7.09053e-07
-1.29384e-07
-1.34038e-06
5.32539e-08
-2.03893e-06
2.19831e-07
-2.99216e-06
9.54838e-07
-4.72994e-06
1.07726e-06
-4.07493e-06
1.02926e-06
-3.94407e-06
9.65417e-07
-3.72263e-06
8.18329e-07
-1.05545e-06
6.59859e-07
2.13047e-06
5.68624e-07
2.19057e-06
3.0905e-07
1.45979e-06
1.11043e-07
1.26063e-06
3.85459e-08
1.60244e-06
-4.47638e-08
1.63425e-06
-5.73196e-08
1.76172e-06
-8.72165e-08
1.75253e-06
-5.29618e-08
1.82245e-06
-2.58428e-08
1.93265e-06
-2.98575e-09
1.92338e-06
1.81402e-06
1.60541e-08
-1.08937e-06
-5.53703e-07
-6.81563e-07
-3.89677e-07
-5.26071e-07
2.16676e-07
-4.21261e-07
2.9037e-07
-2.86324e-07
3.04358e-07
-2.21771e-07
3.18165e-07
-1.47053e-07
2.84965e-07
-1.13686e-07
2.81333e-07
-1.62334e-07
-3.03884e-08
-1.98545e-07
-6.72842e-07
-1.42358e-07
-1.39657e-06
2.50628e-07
-2.43191e-06
1.03309e-06
-3.77463e-06
1.48733e-06
-5.18418e-06
1.22434e-06
-3.81193e-06
9.49367e-07
-3.6691e-06
8.85915e-07
-3.65917e-06
7.68442e-07
-9.37977e-07
6.95769e-07
2.20314e-06
6.05621e-07
2.28071e-06
3.66852e-07
1.69856e-06
9.26036e-08
1.53488e-06
-1.82144e-08
1.71325e-06
-7.97656e-08
1.6958e-06
-1.01226e-07
1.78318e-06
-1.29979e-07
1.78128e-06
-9.07294e-08
1.7832e-06
-5.05851e-08
1.89251e-06
-1.5335e-08
1.88813e-06
1.7834e-06
1.52831e-08
-1.09164e-06
-7.43353e-07
-9.65459e-07
-5.1586e-07
-9.15045e-07
1.66262e-07
-7.50866e-07
1.26191e-07
-5.81042e-07
1.34533e-07
-4.80567e-07
2.17691e-07
-3.36477e-07
1.40875e-07
-1.66136e-07
1.10992e-07
-1.19452e-07
-7.70719e-08
-1.5054e-07
-6.41755e-07
-1.8746e-07
-1.35965e-06
-3.28512e-08
-2.58652e-06
1.3114e-06
-5.11888e-06
4.33844e-07
-4.30662e-06
5.18739e-07
-3.89683e-06
6.34834e-07
-3.78519e-06
7.0185e-07
-3.72619e-06
6.68009e-07
-9.04137e-07
6.97946e-07
2.17321e-06
6.11426e-07
2.36723e-06
3.60626e-07
1.94936e-06
7.47279e-09
1.88803e-06
-8.47594e-08
1.80548e-06
-1.29445e-07
1.74048e-06
-1.45903e-07
1.79964e-06
-1.43261e-07
1.77864e-06
-1.22198e-07
1.76214e-06
-7.6462e-08
1.84677e-06
-3.04359e-08
1.8421e-06
1.74008e-06
1.28797e-08
-1.12231e-06
-1.17598e-06
-8.85074e-07
-7.53098e-07
-1.00937e-06
2.90561e-07
-9.39885e-07
5.67034e-08
-8.59817e-07
5.44644e-08
-7.35444e-07
9.33178e-08
-5.48661e-07
-4.59071e-08
-3.08058e-07
-1.29612e-07
-1.34196e-07
-2.50935e-07
-7.90152e-08
-6.96935e-07
-1.81821e-07
-1.25684e-06
-2.71797e-07
-2.49654e-06
1.29553e-08
-5.40363e-06
1.6932e-08
-4.31059e-06
5.76163e-07
-4.45606e-06
6.57529e-07
-3.86656e-06
5.78107e-07
-3.64677e-06
5.48424e-07
-8.74453e-07
6.05024e-07
2.11661e-06
5.16082e-07
2.45618e-06
2.15644e-07
2.24979e-06
-4.71359e-08
2.15081e-06
-1.62492e-07
1.92084e-06
-2.27202e-07
1.80519e-06
-1.99631e-07
1.77207e-06
-1.90382e-07
1.76939e-06
-1.6617e-07
1.73793e-06
-1.08507e-07
1.78911e-06
-4.82171e-08
1.78181e-06
1.68219e-06
9.66987e-09
-9.82349e-07
-1.85384e-06
-6.02313e-07
-1.13313e-06
-9.70347e-07
6.58596e-07
-1.14508e-06
2.31437e-07
-1.05421e-06
-3.64037e-08
-9.18111e-07
-4.27841e-08
-7.58157e-07
-2.05861e-07
-5.12327e-07
-3.75442e-07
-3.04623e-07
-4.58638e-07
-1.40666e-07
-8.60893e-07
-1.10287e-07
-1.28722e-06
-1.69492e-07
-2.43734e-06
1.96128e-06
-7.5344e-06
1.655e-06
-4.00431e-06
7.12004e-07
-3.51306e-06
5.63533e-07
-3.71808e-06
3.89477e-07
-3.47271e-06
3.72585e-07
-8.5756e-07
4.32414e-07
2.05678e-06
3.34656e-07
2.55393e-06
9.56973e-08
2.48875e-06
-1.33562e-07
2.38006e-06
-2.34187e-07
2.02146e-06
-2.7942e-07
1.85042e-06
-2.53568e-07
1.74621e-06
-2.40361e-07
1.75618e-06
-2.22881e-07
1.72045e-06
-1.45943e-07
1.71217e-06
-7.06522e-08
1.70652e-06
1.60635e-06
5.19132e-09
-8.46865e-07
-2.67035e-06
-2.94088e-07
-1.68591e-06
-9.50639e-07
1.31515e-06
-1.39132e-06
6.72118e-07
-1.22647e-06
-2.01255e-07
-1.05039e-06
-2.18867e-07
-9.03934e-07
-3.52313e-07
-7.5347e-07
-5.25905e-07
-5.39123e-07
-6.72985e-07
-4.16561e-07
-9.83454e-07
5.68473e-07
-2.27225e-06
2.55404e-06
-4.42291e-06
2.68017e-06
-7.66054e-06
1.14301e-06
-2.46715e-06
5.54398e-07
-2.92445e-06
4.35989e-07
-3.59967e-06
2.19757e-07
-3.25648e-06
1.52882e-07
-7.90683e-07
1.79527e-07
2.03013e-06
8.20436e-08
2.65141e-06
-8.73736e-08
2.65817e-06
-2.24981e-07
2.51767e-06
-2.93938e-07
2.09042e-06
-3.18304e-07
1.87479e-06
-3.04778e-07
1.73269e-06
-2.88069e-07
1.73947e-06
-2.52259e-07
1.68464e-06
-1.68441e-07
1.62836e-06
-8.63452e-08
1.62442e-06
1.52297e-06
-2.96496e-09
-7.67578e-07
-3.48245e-06
-1.65546e-07
-2.28794e-06
-9.87986e-07
2.13759e-06
-1.68412e-06
1.36825e-06
-1.32351e-06
-5.61865e-07
-1.04039e-06
-5.01984e-07
-9.92269e-07
-4.00435e-07
-8.64794e-07
-6.5338e-07
-7.23085e-07
-8.14694e-07
-7.94082e-07
-9.12457e-07
3.02743e-07
-3.36908e-06
3.89371e-07
-4.50953e-06
4.82453e-09
-7.27599e-06
6.26892e-07
-3.08922e-06
3.32925e-07
-2.63048e-06
1.48203e-07
-3.41495e-06
-5.50128e-08
-3.05326e-06
-1.59783e-07
-6.85911e-07
-1.81641e-07
2.05199e-06
-2.367e-07
2.70647e-06
-2.89828e-07
2.71129e-06
-3.35163e-07
2.56301e-06
-3.6572e-07
2.12098e-06
-3.74149e-07
1.88322e-06
-3.65839e-07
1.72437e-06
-3.36475e-07
1.71011e-06
-2.91212e-07
1.63938e-06
-2.09959e-07
1.5471e-06
-1.05237e-07
1.5197e-06
1.4298e-06
-1.20642e-08
-6.73597e-07
-4.10124e-06
-1.94829e-07
-2.76671e-06
-1.0256e-06
2.96836e-06
-1.83043e-06
2.17308e-06
-1.4082e-06
-9.84091e-07
-7.93287e-07
-1.1169e-06
-8.23275e-07
-3.70448e-07
-8.68362e-07
-6.08294e-07
-8.87291e-07
-7.95765e-07
-8.15992e-07
-9.83756e-07
-9.25791e-07
-3.25928e-06
-2.02582e-07
-5.23274e-06
-3.31688e-07
-7.14689e-06
-5.98829e-08
-3.36102e-06
-8.18227e-09
-2.68218e-06
-9.29023e-08
-3.33023e-06
-3.09773e-07
-2.83639e-06
-5.57891e-07
-4.37792e-07
-6.16688e-07
2.11078e-06
-5.87219e-07
2.67701e-06
-4.9988e-07
2.62396e-06
-4.65497e-07
2.52863e-06
-4.55025e-07
2.1105e-06
-4.40839e-07
1.86903e-06
-4.24652e-07
1.70819e-06
-3.80452e-07
1.66591e-06
-3.23177e-07
1.58211e-06
-2.56156e-07
1.48008e-06
-1.42973e-07
1.40652e-06
1.32398e-06
-3.71542e-08
-5.52205e-07
-4.36188e-06
-3.07726e-07
-3.01119e-06
-1.02918e-06
3.68981e-06
-1.71535e-06
2.85925e-06
-1.27549e-06
-1.42395e-06
-8.94503e-07
-1.49789e-06
-8.58809e-07
-4.06142e-07
-8.36845e-07
-6.3026e-07
-9.92239e-07
-6.40369e-07
-4.33926e-07
-1.54207e-06
1.28095e-07
-3.8213e-06
2.13242e-08
-5.12597e-06
-9.2056e-07
-6.20501e-06
-5.58132e-07
-3.72345e-06
-1.78129e-07
-3.06219e-06
-3.47461e-07
-3.16089e-06
-6.40691e-07
-2.54316e-06
-9.60157e-07
-1.18326e-07
-1.02886e-06
2.17948e-06
-9.11784e-07
2.55993e-06
-7.23944e-07
2.43612e-06
-6.05134e-07
2.40981e-06
-5.48976e-07
2.05434e-06
-5.04345e-07
1.8244e-06
-4.67356e-07
1.6712e-06
-3.98081e-07
1.59663e-06
-3.15788e-07
1.49981e-06
-2.36878e-07
1.40118e-06
-1.44717e-07
1.31436e-06
1.21875e-06
-3.94887e-08
-3.84827e-07
-4.30588e-06
-4.0534e-07
-2.99067e-06
-9.57343e-07
4.24181e-06
-1.41816e-06
3.32007e-06
-9.89489e-07
-1.85262e-06
-7.18508e-07
-1.76887e-06
-7.22483e-07
-4.02167e-07
-6.0758e-07
-7.45164e-07
-4.08287e-07
-8.3966e-07
5.10625e-09
-1.95546e-06
2.74864e-07
-4.09106e-06
1.16709e-07
-4.96781e-06
-7.87592e-07
-5.30071e-06
-8.49299e-07
-3.66174e-06
-6.68652e-07
-3.24283e-06
-7.05883e-07
-3.12366e-06
-1.02838e-06
-2.22067e-06
-1.38062e-06
2.33913e-07
-1.41324e-06
2.2121e-06
-1.219e-06
2.36569e-06
-9.58563e-07
2.17568e-06
-7.34633e-07
2.18588e-06
-6.30088e-07
1.9498e-06
-5.52595e-07
1.74691e-06
-4.88576e-07
1.60718e-06
-4.04344e-07
1.5124e-06
-3.15801e-07
1.41127e-06
-2.28486e-07
1.31386e-06
-1.33201e-07
1.21908e-06
1.12035e-06
-3.47967e-08
-2.23956e-07
-4.07761e-06
-4.29376e-07
-2.78525e-06
-7.98348e-07
4.61078e-06
-1.01616e-06
3.53788e-06
-6.51305e-07
-2.21748e-06
-4.41258e-07
-1.97892e-06
-4.63566e-07
-3.79858e-07
-4.26624e-07
-7.82108e-07
-1.21218e-08
-1.25416e-06
3.60305e-07
-2.32789e-06
1.24689e-07
-3.85544e-06
-4.84842e-08
-4.79464e-06
-3.70265e-07
-4.97893e-06
-4.75559e-07
-3.55645e-06
-6.42182e-07
-3.07621e-06
-9.47616e-07
-2.81823e-06
-1.39893e-06
-1.76935e-06
-1.74136e-06
5.76335e-07
-1.74509e-06
2.21583e-06
-1.49274e-06
2.11333e-06
-1.14121e-06
1.82416e-06
-8.1469e-07
1.85936e-06
-6.84842e-07
1.81995e-06
-5.81914e-07
1.64398e-06
-4.94678e-07
1.51995e-06
-4.02346e-07
1.42007e-06
-3.09941e-07
1.31886e-06
-2.17478e-07
1.22139e-06
-1.23057e-07
1.12466e-06
1.0275e-06
-3.0207e-08
-1.28361e-07
-3.7754e-06
-4.11476e-07
-2.50214e-06
-5.7004e-07
4.76935e-06
-5.6973e-07
3.53757e-06
-3.29139e-07
-2.45807e-06
-2.05409e-07
-2.10266e-06
-1.83066e-07
-4.02201e-07
-1.40072e-07
-8.25103e-07
2.68738e-07
-1.66297e-06
4.65366e-07
-2.52452e-06
2.40836e-07
-3.63091e-06
-9.72437e-08
-4.45656e-06
-6.5237e-07
-4.4238e-06
-7.46355e-07
-3.46246e-06
-8.8156e-07
-2.94101e-06
-1.21292e-06
-2.48687e-06
-1.7073e-06
-1.27497e-06
-1.92016e-06
7.89187e-07
-1.8741e-06
2.16978e-06
-1.64521e-06
1.88444e-06
-1.21488e-06
1.39383e-06
-8.54322e-07
1.4988e-06
-7.05882e-07
1.67151e-06
-5.82297e-07
1.52039e-06
-4.80554e-07
1.4182e-06
-3.84743e-07
1.32425e-06
-2.91899e-07
1.22601e-06
-2.00427e-07
1.12992e-06
-1.10753e-07
1.03499e-06
9.42013e-07
-2.52628e-08
-9.45062e-08
-3.43879e-06
-3.84513e-07
-2.21213e-06
-3.22946e-07
4.70778e-06
-1.59366e-07
3.37399e-06
-4.60677e-08
-2.57137e-06
-4.39013e-08
-2.10482e-06
5.16548e-08
-4.97756e-07
1.87959e-07
-9.61409e-07
4.06005e-07
-1.88101e-06
4.30595e-07
-2.54911e-06
1.14297e-07
-3.31461e-06
-1.33341e-07
-4.20892e-06
-6.6653e-07
-3.89061e-06
-8.29167e-07
-3.29983e-06
-9.74986e-07
-2.79519e-06
-1.45961e-06
-2.00225e-06
-1.94589e-06
-7.88693e-07
-2.01079e-06
8.54087e-07
-1.86988e-06
2.02887e-06
-1.43676e-06
1.45132e-06
-1.07737e-06
1.03445e-06
-8.82105e-07
1.30354e-06
-7.0908e-07
1.49849e-06
-5.70217e-07
1.38153e-06
-4.59365e-07
1.30735e-06
-3.60465e-07
1.22535e-06
-2.6839e-07
1.13394e-06
-1.80719e-07
1.04225e-06
-9.75295e-08
9.51799e-07
8.64432e-07
-1.99467e-08
-7.85049e-08
-3.09626e-06
-3.52156e-07
-1.93848e-06
-1.19377e-07
4.475e-06
1.55552e-07
3.09907e-06
1.16435e-07
-2.53225e-06
6.27655e-08
-2.05116e-06
2.13749e-07
-6.48737e-07
3.61455e-07
-1.10912e-06
4.18746e-07
-1.9383e-06
3.65825e-07
-2.49619e-06
2.35267e-07
-3.18405e-06
-1.17304e-07
-3.85635e-06
-5.69605e-07
-3.43831e-06
-8.5355e-07
-3.01589e-06
-1.16072e-06
-2.48802e-06
-1.47209e-06
-1.69087e-06
-1.93242e-06
-3.28359e-07
-1.95618e-06
8.77847e-07
-1.60126e-06
1.67395e-06
-1.20468e-06
1.05474e-06
-9.65921e-07
7.95694e-07
-8.54296e-07
1.19191e-06
-7.08313e-07
1.3525e-06
-5.80149e-07
1.25336e-06
-4.66068e-07
1.19327e-06
-3.60792e-07
1.12008e-06
-2.63852e-07
1.037e-06
-1.74005e-07
9.52406e-07
-9.09905e-08
8.68786e-07
7.88328e-07
-1.48858e-08
-6.64211e-08
-2.76489e-06
-3.21916e-07
-1.68298e-06
7.6723e-09
4.14542e-06
3.50072e-07
2.75667e-06
2.07985e-07
-2.39017e-06
1.23763e-07
-1.96693e-06
2.82643e-07
-8.07616e-07
3.88658e-07
-1.21513e-06
3.95755e-07
-1.94539e-06
3.59885e-07
-2.46032e-06
1.6783e-07
-2.992e-06
-2.04396e-07
-3.48412e-06
-5.13054e-07
-3.12965e-06
-7.49243e-07
-2.7797e-06
-1.1461e-06
-2.09116e-06
-1.4785e-06
-1.35848e-06
-1.61014e-06
-1.96714e-07
-1.50253e-06
7.70231e-07
-9.72406e-07
1.14382e-06
-7.04004e-07
7.86333e-07
-7.29373e-07
8.21063e-07
-7.08211e-07
1.17075e-06
-6.40348e-07
1.28464e-06
-5.67828e-07
1.18084e-06
-4.72262e-07
1.0977e-06
-3.69465e-07
1.01728e-06
-2.6936e-07
9.36896e-07
-1.75329e-07
8.58375e-07
-8.86499e-08
7.82106e-07
7.09268e-07
-9.59164e-09
-6.94285e-08
-2.43907e-06
-3.05884e-07
-1.44653e-06
1.12532e-07
3.727e-06
4.51355e-07
2.41784e-06
2.59861e-07
-2.19868e-06
1.60709e-07
-1.86778e-06
3.02233e-07
-9.49138e-07
3.82307e-07
-1.29521e-06
3.875e-07
-1.95058e-06
2.81422e-07
-2.35424e-06
5.10008e-08
-2.76158e-06
-3.10016e-07
-3.12311e-06
-7.19393e-07
-2.72028e-06
-1.04338e-06
-2.45571e-06
-1.23304e-06
-1.90151e-06
-1.43719e-06
-1.15433e-06
-1.39471e-06
-2.39199e-07
-1.16638e-06
5.41904e-07
-7.88406e-07
7.65842e-07
-6.46524e-07
6.44449e-07
-6.65337e-07
8.39876e-07
-5.78839e-07
1.08425e-06
-5.45627e-07
1.25143e-06
-5.00631e-07
1.13585e-06
-4.25522e-07
1.0226e-06
-3.36758e-07
9.28522e-07
-2.45834e-07
8.45972e-07
-1.58156e-07
7.70696e-07
-7.633e-08
7.00279e-07
6.34292e-07
-1.35443e-09
-6.34597e-08
-2.13078e-06
-2.82441e-07
-1.22754e-06
1.67694e-07
3.27687e-06
5.01162e-07
2.08437e-06
2.92667e-07
-1.99018e-06
1.87962e-07
-1.76308e-06
3.05494e-07
-1.06667e-06
3.66656e-07
-1.35637e-06
3.30112e-07
-1.91404e-06
1.94468e-07
-2.2186e-06
-2.20758e-08
-2.54503e-06
-2.86211e-07
-2.85897e-06
-5.82191e-07
-2.4243e-06
-9.5384e-07
-2.08407e-06
-1.26364e-06
-1.59171e-06
-1.44564e-06
-9.7234e-07
-1.37246e-06
-3.12385e-07
-1.09684e-06
2.66282e-07
-8.29943e-07
4.98944e-07
-7.74161e-07
5.88666e-07
-8.03143e-07
8.68859e-07
-7.14967e-07
9.96074e-07
-5.61778e-07
1.09824e-06
-4.63465e-07
1.03754e-06
-3.74408e-07
9.33541e-07
-2.88997e-07
8.43111e-07
-2.07228e-07
7.64202e-07
-1.2988e-07
6.93347e-07
-5.79274e-08
6.28325e-07
5.68294e-07
8.07128e-09
-5.91664e-08
-1.84062e-06
-2.58685e-07
-1.02803e-06
2.01666e-07
2.81652e-06
5.24436e-07
1.7616e-06
3.164e-07
-1.78215e-06
2.10728e-07
-1.65741e-06
3.04015e-07
-1.15995e-06
3.47656e-07
-1.40001e-06
3.00205e-07
-1.86658e-06
2.40325e-07
-2.15872e-06
3.32854e-08
-2.338e-06
-3.62497e-07
-2.46319e-06
-6.75809e-07
-2.11099e-06
-9.73308e-07
-1.78657e-06
-1.24008e-06
-1.32494e-06
-1.36681e-06
-8.45621e-07
-1.35809e-06
-3.21102e-07
-1.20989e-06
1.18073e-07
-1.06043e-06
3.49486e-07
-9.96773e-07
5.25013e-07
-8.96543e-07
7.68628e-07
-7.838e-07
8.83329e-07
-6.2255e-07
9.36985e-07
-4.86711e-07
9.01697e-07
-3.76139e-07
8.22968e-07
-2.81552e-07
7.48523e-07
-1.97202e-07
6.7985e-07
-1.20456e-07
6.16599e-07
-5.03607e-08
5.5823e-07
5.04438e-07
1.34965e-08
-5.27343e-08
-1.57214e-06
-2.31077e-07
-8.49682e-07
2.21814e-07
2.36363e-06
5.29891e-07
1.45353e-06
3.33489e-07
-1.58575e-06
2.29664e-07
-1.55358e-06
2.99745e-07
-1.23003e-06
3.2156e-07
-1.42183e-06
2.58656e-07
-1.80368e-06
1.20135e-07
-2.0202e-06
-8.38007e-08
-2.13406e-06
-3.54009e-07
-2.19298e-06
-5.83763e-07
-1.88123e-06
-8.23036e-07
-1.5473e-06
-1.06038e-06
-1.0876e-06
-1.24011e-06
-6.65894e-07
-1.30877e-06
-2.52448e-07
-1.26277e-06
7.20821e-08
-1.19919e-06
2.85899e-07
-1.13105e-06
4.56883e-07
-1.00504e-06
6.42609e-07
-8.56759e-07
7.35046e-07
-6.89279e-07
7.69502e-07
-5.37923e-07
7.5034e-07
-4.13045e-07
6.9809e-07
-3.06517e-07
6.41995e-07
-2.12956e-07
5.86288e-07
-1.29312e-07
5.32955e-07
-5.39013e-08
4.82819e-07
4.36236e-07
1.43033e-08
-4.51707e-08
-1.32778e-06
-2.00607e-07
-6.94244e-07
2.30529e-07
1.93249e-06
5.20544e-07
1.16351e-06
3.43724e-07
-1.40893e-06
2.44625e-07
-1.45449e-06
2.9143e-07
-1.27683e-06
2.99838e-07
-1.43024e-06
2.26537e-07
-1.73037e-06
9.65029e-08
-1.89016e-06
-1.09404e-07
-1.92815e-06
-4.00926e-07
-1.90146e-06
-6.78786e-07
-1.60337e-06
-9.19618e-07
-1.30647e-06
-1.06508e-06
-9.42135e-07
-1.18121e-06
-5.49771e-07
-1.22692e-06
-2.06745e-07
-1.21022e-06
5.53858e-08
-1.17482e-06
2.505e-07
-1.11596e-06
3.98026e-07
-9.99096e-07
5.25739e-07
-8.57272e-07
5.93218e-07
-7.04616e-07
6.16843e-07
-5.59789e-07
6.05513e-07
-4.33774e-07
5.72076e-07
-3.23117e-07
5.31338e-07
-2.24928e-07
4.88098e-07
-1.3709e-07
4.45116e-07
-5.81045e-08
4.03833e-07
3.65004e-07
1.31276e-08
-3.66922e-08
-1.10944e-06
-1.67436e-07
-5.635e-07
2.30029e-07
1.53502e-06
4.99069e-07
8.94471e-07
3.46481e-07
-1.25634e-06
2.54407e-07
-1.36241e-06
2.79343e-07
-1.30177e-06
2.69846e-07
-1.42074e-06
1.8666e-07
-1.64718e-06
5.36263e-08
-1.75713e-06
-1.31743e-07
-1.74278e-06
-3.66882e-07
-1.66632e-06
-5.6556e-07
-1.40469e-06
-7.72375e-07
-1.09965e-06
-9.67036e-07
-7.47475e-07
-1.07012e-06
-4.46691e-07
-1.10818e-06
-1.68685e-07
-1.10086e-06
4.80655e-08
-1.0677e-06
2.1734e-07
-1.00541e-06
3.35728e-07
-9.04569e-07
4.24896e-07
-7.8328e-07
4.71926e-07
-6.54326e-07
4.87888e-07
-5.29022e-07
4.8021e-07
-4.1448e-07
4.57536e-07
-3.1078e-07
4.27639e-07
-2.17225e-07
3.94542e-07
-1.32868e-07
3.60757e-07
-5.67918e-08
3.27755e-07
2.96384e-07
1.18278e-08
-2.76416e-08
-9.18292e-07
-1.31101e-07
-4.60039e-07
2.22468e-07
1.18146e-06
4.68016e-07
6.48923e-07
3.41192e-07
-1.12952e-06
2.5816e-07
-1.27938e-06
2.62084e-07
-1.30569e-06
2.39491e-07
-1.39814e-06
1.52283e-07
-1.55997e-06
1.05265e-08
-1.61537e-06
-1.73513e-07
-1.55874e-06
-3.94683e-07
-1.44515e-06
-6.01805e-07
-1.19756e-06
-7.71189e-07
-9.30267e-07
-8.73122e-07
-6.45543e-07
-9.48984e-07
-3.70832e-07
-9.78782e-07
-1.3889e-07
-9.71403e-07
4.06848e-08
-9.32088e-07
1.78024e-07
-8.69823e-07
2.73462e-07
-7.82095e-07
3.37166e-07
-6.80515e-07
3.70345e-07
-5.7364e-07
3.81012e-07
-4.68635e-07
3.75206e-07
-3.69911e-07
3.58813e-07
-2.78759e-07
3.36488e-07
-1.95471e-07
3.11253e-07
-1.19809e-07
2.85092e-07
-5.13252e-08
2.59269e-07
2.34544e-07
1.05135e-08
-1.84654e-08
-7.549e-07
-9.98263e-08
-3.78677e-07
2.09424e-07
8.72205e-07
4.29314e-07
4.29033e-07
3.27505e-07
-1.02771e-06
2.54963e-07
-1.20684e-06
2.40499e-07
-1.29122e-06
2.06921e-07
-1.36456e-06
1.17232e-07
-1.47028e-06
-1.61105e-08
-1.48203e-06
-1.76745e-07
-1.39811e-06
-3.62313e-07
-1.25958e-06
-5.26824e-07
-1.03305e-06
-6.71785e-07
-7.85306e-07
-7.83326e-07
-5.34004e-07
-8.43564e-07
-3.10597e-07
-8.61193e-07
-1.21265e-07
-8.44494e-07
2.39845e-08
-8.01878e-07
1.35408e-07
-7.39637e-07
2.11221e-07
-6.61948e-07
2.59477e-07
-5.76007e-07
2.84404e-07
-4.87225e-07
2.92231e-07
-3.99983e-07
2.87965e-07
-3.17016e-07
2.75847e-07
-2.39637e-07
2.59109e-07
-1.68379e-07
2.39995e-07
-1.03316e-07
2.20028e-07
-4.42554e-08
2.00206e-07
1.81152e-07
9.13489e-09
-9.91524e-09
-6.18962e-07
-7.26197e-08
-3.15972e-07
1.91756e-07
6.07829e-07
3.8416e-07
2.3663e-07
3.05304e-07
-9.48855e-07
2.44326e-07
-1.14586e-06
2.16237e-07
-1.26313e-06
1.74724e-07
-1.32305e-06
8.62198e-08
-1.38178e-06
-3.90268e-08
-1.35679e-06
-1.85301e-07
-1.25183e-06
-3.46374e-07
-1.09851e-06
-4.89154e-07
-8.90266e-07
-6.03487e-07
-6.70973e-07
-6.79002e-07
-4.58492e-07
-7.20678e-07
-2.68924e-07
-7.28907e-07
-1.13038e-07
-7.10935e-07
6.01242e-09
-6.70984e-07
9.54584e-08
-6.15696e-07
1.55933e-07
-5.49464e-07
1.93244e-07
-4.77665e-07
2.12604e-07
-4.04276e-07
2.18842e-07
-3.32365e-07
2.16055e-07
-2.63775e-07
2.07257e-07
-1.9961e-07
1.94946e-07
-1.40364e-07
1.80748e-07
-8.61629e-08
1.65827e-07
-3.69114e-08
1.50955e-07
1.36615e-07
7.62636e-09
-2.81047e-09
-5.09442e-07
-4.94257e-08
-2.69356e-07
1.69787e-07
3.88616e-07
3.33075e-07
7.33423e-08
2.74357e-07
-8.90138e-07
2.25007e-07
-1.09651e-06
1.89344e-07
-1.22746e-06
1.43118e-07
-1.27682e-06
5.95427e-08
-1.2982e-06
-5.21196e-08
-1.24513e-06
-1.7708e-07
-1.12687e-06
-3.0811e-07
-9.67479e-07
-4.22458e-07
-7.75917e-07
-5.12948e-07
-5.80484e-07
-5.74058e-07
-3.97384e-07
-6.03682e-07
-2.39301e-07
-6.05793e-07
-1.10927e-07
-5.8677e-07
-1.301e-08
-5.49899e-07
5.85893e-08
-5.0132e-07
1.07354e-07
-4.45607e-07
1.37531e-07
-3.86509e-07
1.53506e-07
-3.26921e-07
1.59255e-07
-2.68723e-07
1.57858e-07
-2.13352e-07
1.51887e-07
-1.61526e-07
1.43121e-07
-1.13627e-07
1.3285e-07
-6.97715e-08
1.21973e-07
-2.98926e-08
1.11077e-07
1.00542e-07
6.18138e-09
1.22029e-09
-4.23741e-07
-3.10588e-08
-2.37076e-07
1.43218e-07
2.14338e-07
2.75826e-07
-5.9266e-08
2.34313e-07
-8.48626e-07
1.95485e-07
-1.05768e-06
1.58789e-07
-1.19076e-06
1.12644e-07
-1.23068e-06
3.83227e-08
-1.22387e-06
-5.66992e-08
-1.1501e-06
-1.59996e-07
-1.02357e-06
-2.63606e-07
-8.63867e-07
-3.52641e-07
-6.86882e-07
-4.20313e-07
-5.12813e-07
-4.6309e-07
-3.54609e-07
-4.82e-07
-2.20392e-07
-4.80022e-07
-1.12904e-07
-4.61688e-07
-3.13433e-08
-4.30791e-07
2.7694e-08
-3.91329e-07
6.78923e-08
-3.46945e-07
9.31465e-08
-3.00475e-07
1.07035e-07
-2.53799e-07
1.1258e-07
-2.08473e-07
1.12532e-07
-1.65439e-07
1.08855e-07
-1.25195e-07
1.02879e-07
-8.80463e-08
9.57022e-08
-5.40452e-08
8.79726e-08
-2.31418e-08
8.01741e-08
7.25928e-08
4.808e-09
2.76103e-09
-3.60457e-07
-1.7929e-08
-2.16385e-07
1.11356e-07
8.5053e-08
2.11512e-07
-1.59423e-07
1.84194e-07
-8.21308e-07
1.55674e-07
-1.02916e-06
1.23541e-07
-1.15862e-06
8.3032e-08
-1.19017e-06
2.2739e-08
-1.16357e-06
-5.14761e-08
-1.07589e-06
-1.30292e-07
-9.4475e-07
-2.06358e-07
-7.878e-07
-2.70534e-07
-6.22705e-07
-3.18088e-07
-4.6526e-07
-3.47178e-07
-3.2552e-07
-3.58613e-07
-2.08957e-07
-3.54728e-07
-1.16788e-07
-3.39035e-07
-4.7036e-08
-3.15138e-07
3.79781e-09
-2.85319e-07
3.80735e-08
-2.52288e-07
6.01152e-08
-2.17914e-07
7.26606e-08
-1.83794e-07
7.84594e-08
-1.5076e-07
7.9498e-08
-1.19497e-07
7.75916e-08
-9.03646e-08
7.37472e-08
-6.34938e-08
6.88321e-08
-3.89315e-08
6.3411e-08
-1.66166e-08
5.78597e-08
5.24163e-08
3.56038e-09
1.75247e-09
-3.19138e-07
-1.00917e-08
-2.04541e-07
7.3282e-08
1.67857e-09
1.37932e-07
-2.24074e-07
1.2223e-07
-8.05605e-07
1.04495e-07
-1.01143e-06
8.18358e-08
-1.13596e-06
5.28251e-08
-1.16115e-06
1.18584e-08
-1.1226e-06
-3.69389e-08
-1.02709e-06
-8.8148e-08
-8.93539e-07
-1.36152e-07
-7.39794e-07
-1.75856e-07
-5.83001e-07
-2.04551e-07
-4.36564e-07
-2.21425e-07
-3.08647e-07
-2.27302e-07
-2.0308e-07
-2.23994e-07
-1.20095e-07
-2.13522e-07
-5.7508e-08
-1.97413e-07
-1.23106e-08
-1.78196e-07
1.8856e-08
-1.57112e-07
3.90311e-08
-1.35443e-07
5.09905e-08
-1.13884e-07
5.68997e-08
-9.33147e-08
5.8929e-08
-7.38419e-08
5.81188e-08
-5.57693e-08
5.56748e-08
-3.91272e-08
5.21903e-08
-2.39367e-08
4.82206e-08
-1.01479e-08
4.4071e-08
3.99459e-08
2.32239e-09
-2.62211e-10
-4.33347e-09
2.6527e-08
4.96966e-08
4.45415e-08
3.86027e-08
2.99023e-08
1.86568e-08
3.52644e-09
-1.39636e-08
-3.21448e-08
-4.89091e-08
-6.25609e-08
-7.22999e-08
-7.79479e-08
-7.99074e-08
-7.88669e-08
-7.5456e-08
-7.01146e-08
-6.33682e-08
-5.59953e-08
-4.83178e-08
-4.07934e-08
-3.3456e-08
-2.65351e-08
-2.00447e-08
-1.40682e-08
-8.58562e-09
-3.58687e-09
9.40396e-10
2.53098e-08
1.84573e-06
3.61596e-08
1.98841e-06
4.93923e-08
2.03272e-06
6.30522e-08
1.94364e-06
1.06656e-07
1.74394e-06
-2.31939e-08
1.75652e-06
-7.20164e-08
1.54048e-06
-1.13972e-07
1.6435e-06
-3.38312e-07
1.22593e-06
-6.568e-07
1.16231e-06
-5.8517e-07
1.67615e-06
-7.46496e-07
1.89422e-06
-1.00118e-06
-1.39697e-06
-1.01575e-06
-3.3959e-06
-8.11352e-07
-3.85006e-06
-6.00548e-07
-4.29457e-06
-3.39385e-07
-3.83262e-06
8.27164e-08
-2.84937e-06
1.33144e-07
-1.85349e-06
1.49553e-07
-1.28912e-06
1.25375e-07
-7.41026e-07
9.9158e-08
-1.20068e-07
6.81528e-08
2.86217e-07
4.96992e-08
3.67989e-07
4.29168e-08
4.00071e-07
3.76408e-08
4.6682e-07
4.17026e-08
4.20151e-07
4.34727e-08
4.17813e-07
2.15977e-07
2.63885e-07
1.30379e-07
3.45799e-08
1.8272e-06
5.57783e-08
1.96721e-06
8.08614e-08
2.00764e-06
1.09953e-07
1.91455e-06
9.63699e-08
1.75752e-06
3.40039e-08
1.81889e-06
-4.30026e-08
1.61749e-06
-1.05672e-07
1.70617e-06
-3.7821e-07
1.49846e-06
-6.79123e-07
1.46323e-06
-6.66883e-07
1.66391e-06
-7.21629e-07
1.94896e-06
-9.32111e-07
-1.18648e-06
-1.06702e-06
-3.261e-06
-1.0955e-06
-3.82158e-06
-9.54746e-07
-4.43532e-06
-2.80794e-07
-4.50657e-06
-7.26448e-08
-3.05752e-06
1.26559e-07
-2.05269e-06
1.8513e-07
-1.34769e-06
1.53873e-07
-7.0977e-07
1.09448e-07
-7.56432e-08
7.61138e-08
3.19552e-07
8.04331e-08
3.6367e-07
9.96598e-08
3.80845e-07
1.31296e-07
4.35184e-07
1.58602e-07
3.92845e-07
2.04252e-07
3.72162e-07
4.49062e-07
1.90749e-08
-1.72008e-07
4.52739e-08
1.79722e-06
7.91106e-08
1.93337e-06
1.14563e-07
1.97218e-06
1.44262e-07
1.88485e-06
8.86063e-08
1.81318e-06
1.18906e-07
1.78859e-06
-1.73438e-09
1.73813e-06
-1.20954e-07
1.82539e-06
-3.88391e-07
1.7659e-06
-6.39206e-07
1.71404e-06
-6.75243e-07
1.69995e-06
-6.94785e-07
1.9685e-06
-8.52044e-07
-1.02922e-06
-9.51192e-07
-3.16185e-06
-1.18767e-06
-3.58511e-06
-1.46918e-06
-4.1538e-06
-1.12012e-06
-4.85562e-06
-2.98667e-07
-3.87897e-06
1.4053e-07
-2.49189e-06
1.99713e-07
-1.40688e-06
1.62672e-07
-6.72729e-07
1.13499e-07
-2.64702e-08
1.46566e-07
2.86484e-07
2.22952e-07
2.87284e-07
2.8862e-07
3.15177e-07
4.22658e-07
3.01146e-07
5.28412e-07
2.87091e-07
6.83552e-07
2.17022e-07
1.08964e-06
-3.87015e-07
-5.52904e-07
5.55676e-08
1.75453e-06
1.02152e-07
1.88679e-06
1.48407e-07
1.92593e-06
1.82706e-07
1.85055e-06
1.72513e-07
1.82337e-06
1.21092e-07
1.84001e-06
6.40119e-08
1.79521e-06
-3.56397e-08
1.92504e-06
-2.7308e-07
2.00334e-06
-4.44033e-07
1.885e-06
-5.96447e-07
1.85236e-06
-6.19664e-07
1.99172e-06
-6.44406e-07
-1.00448e-06
-5.54569e-07
-3.25169e-06
-4.0924e-07
-3.73044e-06
-3.69871e-07
-4.19317e-06
-1.28026e-06
-3.94523e-06
8.29446e-08
-5.24217e-06
1.88375e-07
-2.59732e-06
1.51922e-07
-1.37042e-06
1.20903e-07
-6.4171e-07
1.66173e-07
-7.17405e-08
3.35429e-07
1.17228e-07
4.82592e-07
1.40121e-07
5.84035e-07
2.13734e-07
7.52984e-07
1.32196e-07
9.18444e-07
1.21631e-07
9.69908e-07
1.65558e-07
1.091e-06
-5.08105e-07
-7.36242e-07
6.72957e-08
1.69691e-06
1.28881e-07
1.8252e-06
1.90035e-07
1.86477e-06
2.26602e-07
1.81399e-06
2.09413e-07
1.84056e-06
2.03401e-07
1.84602e-06
1.57652e-07
1.84096e-06
1.04145e-07
1.97855e-06
-1.04693e-07
2.21218e-06
-2.28502e-07
2.0088e-06
-4.38039e-07
2.0619e-06
-5.17565e-07
2.07124e-06
-5.22911e-07
-9.9913e-07
-5.07912e-07
-3.26669e-06
-4.29115e-07
-3.80923e-06
-8.81886e-08
-4.53409e-06
-1.07997e-07
-3.92542e-06
3.18946e-07
-5.66912e-06
1.85687e-07
-2.46406e-06
7.87212e-08
-1.26346e-06
1.33707e-07
-6.96695e-07
3.076e-07
-2.45634e-07
5.48652e-07
-1.23823e-07
7.36924e-07
-4.81504e-08
8.62922e-07
8.77358e-08
9.44059e-07
5.10591e-08
1.01479e-06
5.08979e-08
8.87157e-07
2.93193e-07
1.11872e-06
-7.39671e-07
-1.16849e-06
8.03584e-08
1.62174e-06
1.5613e-07
1.74943e-06
2.31862e-07
1.78904e-06
2.53314e-07
1.79253e-06
2.61965e-07
1.83191e-06
2.85013e-07
1.82297e-06
2.45844e-07
1.88013e-06
2.30135e-07
1.99426e-06
-1.42153e-08
2.45653e-06
-3.64716e-08
2.03106e-06
-2.39869e-07
2.2653e-06
-3.56227e-07
2.1876e-06
-3.30863e-07
-1.02449e-06
-3.747e-07
-3.22285e-06
-5.77467e-07
-3.60646e-06
-1.57184e-06
-3.53971e-06
-1.88999e-06
-3.60728e-06
1.98002e-07
-7.75711e-06
1.25267e-07
-2.39132e-06
1.36995e-07
-1.27518e-06
3.01232e-07
-8.60932e-07
5.10862e-07
-4.55264e-07
7.58349e-07
-3.7131e-07
9.20123e-07
-2.09925e-07
1.0569e-06
-4.90361e-08
1.15069e-06
-4.27397e-08
9.83789e-07
2.17803e-07
6.02924e-07
6.74058e-07
9.69932e-07
-1.10668e-06
-1.85681e-06
8.49945e-08
1.53378e-06
1.6421e-07
1.67022e-06
2.45881e-07
1.70737e-06
2.84528e-07
1.75389e-06
2.95934e-07
1.82051e-06
3.28442e-07
1.79046e-06
3.03282e-07
1.90529e-06
2.52618e-07
2.04492e-06
1.032e-07
2.60595e-06
1.02316e-07
2.03194e-06
-7.10327e-08
2.43865e-06
-1.68583e-07
2.28514e-06
-1.67437e-07
-1.02564e-06
-3.05473e-07
-3.08482e-06
-3.85245e-07
-3.52669e-06
-1.0051e-06
-2.91986e-06
-2.62067e-06
-1.99171e-06
-2.58748e-06
-7.7903e-06
-5.66496e-07
-4.4123e-06
4.08687e-07
-2.25037e-06
5.36634e-07
-9.88879e-07
7.51811e-07
-6.70441e-07
9.05678e-07
-5.25178e-07
1.04878e-06
-3.53031e-07
1.236e-06
-2.36252e-07
1.42136e-06
-2.28102e-07
9.88127e-07
6.5104e-07
3.0378e-07
1.3584e-06
8.35725e-07
-1.63862e-06
-2.68094e-06
7.23148e-08
1.44941e-06
1.73859e-07
1.56867e-06
2.61604e-07
1.61962e-06
3.1582e-07
1.69967e-06
3.58057e-07
1.77827e-06
3.61581e-07
1.78694e-06
3.45589e-07
1.92128e-06
2.75911e-07
2.1146e-06
2.30862e-07
2.651e-06
1.22237e-07
2.14056e-06
5.95419e-08
2.50134e-06
6.63571e-08
2.27833e-06
7.31599e-08
-1.03244e-06
-1.02169e-07
-2.90949e-06
-2.0216e-07
-3.4267e-06
-4.89299e-07
-2.63271e-06
1.14271e-07
-2.59527e-06
-3.46743e-07
-7.32928e-06
-3.73488e-07
-4.38556e-06
7.9086e-07
-3.41472e-06
7.20191e-07
-9.18211e-07
8.6388e-07
-8.1413e-07
9.92769e-07
-6.54067e-07
1.02769e-06
-3.87952e-07
1.32471e-06
-5.33268e-07
1.72184e-06
-6.25239e-07
1.0371e-06
1.33578e-06
1.87418e-07
2.20809e-06
7.63037e-07
-2.21424e-06
-3.47791e-06
8.06131e-08
1.33164e-06
1.91597e-07
1.45769e-06
2.77959e-07
1.53326e-06
3.42142e-07
1.63549e-06
3.93553e-07
1.72686e-06
4.0773e-07
1.77276e-06
4.06436e-07
1.92258e-06
3.57098e-07
2.16394e-06
3.12755e-07
2.69534e-06
3.01484e-07
2.15183e-06
3.15494e-07
2.48734e-06
4.21236e-07
2.17259e-06
3.32978e-07
-9.44179e-07
1.89311e-07
-2.76582e-06
5.59203e-08
-3.2933e-06
1.30614e-07
-2.7074e-06
2.86316e-07
-2.75098e-06
5.04512e-08
-7.09343e-06
8.7548e-07
-5.21059e-06
8.20885e-07
-3.36012e-06
8.86459e-07
-9.83785e-07
8.69344e-07
-7.97015e-07
8.33237e-07
-6.1796e-07
7.95633e-07
-3.50348e-07
1.40848e-06
-1.14612e-06
1.8668e-06
-1.08356e-06
1.07833e-06
2.12425e-06
2.20289e-07
3.06613e-06
6.49667e-07
-2.64362e-06
-4.06893e-06
6.59217e-08
1.22623e-06
1.78617e-07
1.34499e-06
2.68386e-07
1.44349e-06
3.57319e-07
1.54656e-06
4.30982e-07
1.6532e-06
4.66346e-07
1.7374e-06
4.98207e-07
1.89071e-06
5.20452e-07
2.14169e-06
6.14277e-07
2.60151e-06
6.41429e-07
2.12468e-06
6.45483e-07
2.48328e-06
8.30539e-07
1.98753e-06
6.54312e-07
-7.6795e-07
4.44081e-07
-2.55559e-06
1.71943e-07
-3.02116e-06
4.38758e-07
-2.97422e-06
9.28751e-07
-3.24097e-06
7.84078e-08
-6.24308e-06
-4.79861e-08
-5.08419e-06
4.14846e-07
-3.82295e-06
1.00418e-06
-1.57312e-06
8.46448e-07
-6.39285e-07
8.68255e-07
-6.39766e-07
8.91199e-07
-3.73292e-07
1.26874e-06
-1.52365e-06
1.74549e-06
-1.56031e-06
1.07665e-06
2.79309e-06
3.28635e-07
3.81414e-06
5.28325e-07
-2.84331e-06
-4.289e-06
6.53478e-08
1.12609e-06
1.70375e-07
1.23997e-06
2.68326e-07
1.34555e-06
3.63639e-07
1.45124e-06
4.53652e-07
1.56319e-06
5.22257e-07
1.6688e-06
5.89052e-07
1.82392e-06
6.99715e-07
2.03103e-06
9.356e-07
2.36563e-06
1.0618e-06
1.99848e-06
1.17746e-06
2.36763e-06
1.27835e-06
1.88663e-06
1.02874e-06
-5.18342e-07
7.44662e-07
-2.27151e-06
6.18283e-07
-2.89478e-06
7.52787e-07
-3.10872e-06
9.29223e-07
-3.4174e-06
-8.18949e-08
-5.23195e-06
-2.99712e-07
-4.86638e-06
1.13475e-09
-4.1238e-06
4.07656e-07
-1.97964e-06
6.12773e-07
-8.44403e-07
7.26609e-07
-7.53601e-07
7.12793e-07
-3.59479e-07
9.81561e-07
-1.79242e-06
1.44247e-06
-2.02121e-06
9.96822e-07
3.23873e-06
4.1676e-07
4.39421e-06
3.69743e-07
-2.79629e-06
-4.21217e-06
6.42736e-08
1.03161e-06
1.6536e-07
1.13888e-06
2.65657e-07
1.24525e-06
3.65104e-07
1.3518e-06
4.64391e-07
1.4639e-06
5.6079e-07
1.5724e-06
6.59876e-07
1.72483e-06
8.12327e-07
1.87858e-06
1.14574e-06
2.03221e-06
1.4276e-06
1.71662e-06
1.74268e-06
2.05255e-06
1.76519e-06
1.86413e-06
1.45046e-06
-2.03617e-07
1.04926e-06
-1.8703e-06
7.54899e-07
-2.60043e-06
4.79142e-07
-2.83296e-06
3.55468e-07
-3.29373e-06
7.00743e-08
-4.94656e-06
-7.82404e-08
-4.71806e-06
-3.58947e-07
-3.84309e-06
1.40253e-08
-2.35261e-06
4.30687e-07
-1.26106e-06
4.66237e-07
-7.8915e-07
4.39521e-07
-3.32764e-07
6.48751e-07
-2.00165e-06
1.03665e-06
-2.40911e-06
8.3006e-07
3.44533e-06
4.348e-07
4.78946e-06
2.2016e-07
-2.58165e-06
-3.97812e-06
6.14023e-08
9.44944e-07
1.55368e-07
1.04492e-06
2.5295e-07
1.14767e-06
3.52665e-07
1.25209e-06
4.56134e-07
1.36043e-06
5.66373e-07
1.46216e-06
6.95867e-07
1.59534e-06
8.65963e-07
1.70849e-06
1.20125e-06
1.69693e-06
1.59692e-06
1.32095e-06
1.97575e-06
1.67372e-06
2.08524e-06
1.75464e-06
1.7975e-06
8.41226e-08
1.31958e-06
-1.39238e-06
9.48236e-07
-2.22908e-06
8.10005e-07
-2.69473e-06
7.4622e-07
-3.22995e-06
1.03729e-07
-4.30407e-06
-2.15899e-07
-4.39843e-06
-4.58203e-07
-3.60079e-06
-2.66676e-07
-2.54413e-06
1.4332e-07
-1.67106e-06
1.87963e-07
-8.33791e-07
2.10612e-07
-3.55415e-07
3.33648e-07
-2.12468e-06
5.87727e-07
-2.66319e-06
5.93153e-07
3.4399e-06
4.14293e-07
4.96832e-06
1.34184e-07
-2.30154e-06
-3.6772e-06
5.84462e-08
8.66552e-07
1.44377e-07
9.5899e-07
2.36446e-07
1.0556e-06
3.34044e-07
1.15449e-06
4.39505e-07
1.25497e-06
5.56705e-07
1.34497e-06
7.08712e-07
1.44333e-06
8.92735e-07
1.52447e-06
1.1437e-06
1.44596e-06
1.5144e-06
9.50246e-07
1.95955e-06
1.22857e-06
2.19076e-06
1.52342e-06
2.03466e-06
2.40228e-07
1.43412e-06
-7.91849e-07
9.94791e-07
-1.78975e-06
8.4777e-07
-2.5477e-06
7.08087e-07
-3.09026e-06
1.52534e-07
-3.74852e-06
-9.8499e-08
-4.1474e-06
-4.1737e-07
-3.28192e-06
-3.99797e-07
-2.56171e-06
-1.8703e-07
-1.88383e-06
-4.64004e-08
-9.7442e-07
5.34294e-08
-4.55246e-07
5.65544e-08
-2.12781e-06
1.72805e-07
-2.77945e-06
3.34923e-07
3.27779e-06
3.84123e-07
4.91912e-06
1.04695e-07
-2.02211e-06
-3.34527e-06
6.16793e-08
7.89985e-07
1.46221e-07
8.74447e-07
2.38655e-07
9.63166e-07
3.391e-07
1.05405e-06
4.48947e-07
1.14512e-06
5.67995e-07
1.22592e-06
7.08272e-07
1.30306e-06
8.54306e-07
1.37844e-06
1.00963e-06
1.29064e-06
1.15634e-06
8.0353e-07
1.5175e-06
8.67412e-07
1.9059e-06
1.13502e-06
1.76078e-06
3.85345e-07
1.34821e-06
-3.79282e-07
1.06356e-06
-1.5051e-06
7.90593e-07
-2.27473e-06
5.68714e-07
-2.86839e-06
1.33081e-07
-3.31288e-06
-2.12267e-07
-3.80205e-06
-3.55174e-07
-3.13901e-06
-4.11412e-07
-2.50547e-06
-3.58036e-07
-1.9372e-06
-2.098e-07
-1.12265e-06
-4.95735e-08
-6.15474e-07
-1.05451e-07
-2.07193e-06
-1.49681e-07
-2.73522e-06
1.1879e-07
3.00932e-06
3.4767e-07
4.69024e-06
8.86816e-08
-1.76312e-06
-3.00963e-06
6.97493e-08
7.10643e-07
1.57391e-07
7.86804e-07
2.53231e-07
8.67326e-07
3.56223e-07
9.51054e-07
4.63494e-07
1.03786e-06
5.64784e-07
1.12463e-06
6.46994e-07
1.22085e-06
6.97717e-07
1.32771e-06
7.46119e-07
1.24224e-06
6.67885e-07
8.81763e-07
8.29314e-07
7.05981e-07
1.29976e-06
6.64572e-07
1.35374e-06
3.31369e-07
1.29856e-06
-3.24104e-07
1.06694e-06
-1.27348e-06
7.57008e-07
-1.96481e-06
5.33739e-07
-2.64511e-06
1.99076e-07
-2.97822e-06
-1.56896e-07
-3.44608e-06
-3.47559e-07
-2.94835e-06
-3.90787e-07
-2.46224e-06
-3.83204e-07
-1.94479e-06
-2.78714e-07
-1.22714e-06
-1.12017e-07
-7.82174e-07
-1.9546e-07
-1.98848e-06
-3.53285e-07
-2.57739e-06
-2.50887e-08
2.68112e-06
3.16751e-07
4.3484e-06
7.82407e-08
-1.52461e-06
-2.68437e-06
7.40171e-08
6.35271e-07
1.57228e-07
7.03593e-07
2.47684e-07
7.7687e-07
3.43413e-07
8.55328e-07
4.40111e-07
9.41161e-07
5.26945e-07
1.0378e-06
5.88713e-07
1.15909e-06
6.28306e-07
1.28812e-06
7.45059e-07
1.12549e-06
7.3058e-07
8.96242e-07
8.16212e-07
6.20346e-07
1.06924e-06
4.11549e-07
1.22712e-06
1.73484e-07
1.29091e-06
-3.879e-07
1.13425e-06
-1.11681e-06
9.63876e-07
-1.79444e-06
6.87296e-07
-2.36853e-06
3.26305e-07
-2.61723e-06
-2.97156e-08
-3.09006e-06
-2.64296e-07
-2.71377e-06
-3.82057e-07
-2.34448e-06
-3.76991e-07
-1.94986e-06
-2.97781e-07
-1.30635e-06
-1.50577e-07
-9.29379e-07
-2.47816e-07
-1.89124e-06
-4.61178e-07
-2.36403e-06
-1.35303e-07
2.35525e-06
3.00028e-07
3.91307e-06
8.04116e-08
-1.30499e-06
-2.36546e-06
7.4588e-08
5.68755e-07
1.48325e-07
6.29858e-07
2.29133e-07
6.96064e-07
3.16526e-07
7.67937e-07
4.1035e-07
8.47341e-07
5.10776e-07
9.37376e-07
6.24309e-07
1.04555e-06
7.95471e-07
1.11696e-06
9.02833e-07
1.01812e-06
9.07219e-07
8.91856e-07
9.73186e-07
5.54375e-07
1.11349e-06
2.71247e-07
1.27881e-06
8.15644e-09
1.3242e-06
-4.3329e-07
1.17393e-06
-9.66543e-07
9.1254e-07
-1.53305e-06
5.68157e-07
-2.02415e-06
2.89717e-07
-2.33879e-06
2.83523e-08
-2.82869e-06
-1.80778e-07
-2.50464e-06
-3.22483e-07
-2.20277e-06
-3.61252e-07
-1.91109e-06
-3.00946e-07
-1.36666e-06
-1.79263e-07
-1.05106e-06
-2.81989e-07
-1.78852e-06
-5.14294e-07
-2.13173e-06
-1.92877e-07
2.03383e-06
2.77265e-07
3.44293e-06
7.4276e-08
-1.102e-06
-2.06381e-06
7.77662e-08
5.04488e-07
1.49258e-07
5.58368e-07
2.28608e-07
6.16715e-07
3.16902e-07
6.79645e-07
4.16766e-07
7.4748e-07
5.33649e-07
8.20493e-07
6.78921e-07
9.00281e-07
8.561e-07
9.3978e-07
9.89479e-07
8.84743e-07
1.11755e-06
7.63787e-07
1.18801e-06
4.83902e-07
1.24624e-06
2.13016e-07
1.29796e-06
-4.35632e-08
1.27973e-06
-4.15061e-07
1.17395e-06
-8.60763e-07
9.36316e-07
-1.29541e-06
6.51888e-07
-1.73972e-06
3.59363e-07
-2.04627e-06
-3.38798e-08
-2.43545e-06
-2.36143e-07
-2.30237e-06
-2.94371e-07
-2.14454e-06
-3.42355e-07
-1.8631e-06
-2.99717e-07
-1.40929e-06
-2.03012e-07
-1.14777e-06
-3.07386e-07
-1.68414e-06
-5.386e-07
-1.90052e-06
-2.26556e-07
1.72179e-06
2.5423e-07
2.96214e-06
6.95645e-08
-9.17335e-07
-1.78021e-06
8.27147e-08
4.3608e-07
1.58818e-07
4.82266e-07
2.43717e-07
5.31817e-07
3.39088e-07
5.84273e-07
4.47871e-07
6.38699e-07
5.75285e-07
6.93078e-07
7.31267e-07
7.44297e-07
9.07885e-07
7.6316e-07
1.06666e-06
7.25971e-07
1.20482e-06
6.2562e-07
1.27001e-06
4.18709e-07
1.27956e-06
2.0347e-07
1.2644e-06
-2.84068e-08
1.1716e-06
-3.22267e-07
1.00242e-06
-6.91577e-07
7.83248e-07
-1.07624e-06
5.6031e-07
-1.51678e-06
3.50791e-07
-1.83675e-06
8.54421e-08
-2.1701e-06
-1.12355e-07
-2.10457e-06
-2.52204e-07
-2.00469e-06
-3.15944e-07
-1.79936e-06
-2.95743e-07
-1.42949e-06
-2.2256e-07
-1.22095e-06
-3.26195e-07
-1.5805e-06
-5.4395e-07
-1.68276e-06
-2.45222e-07
1.42306e-06
2.27396e-07
2.48952e-06
6.27298e-08
-7.52668e-07
-1.51809e-06
8.44197e-08
3.64789e-07
1.63603e-07
4.03084e-07
2.51785e-07
4.43635e-07
3.50437e-07
4.8562e-07
4.61609e-07
5.27527e-07
5.88134e-07
5.66553e-07
7.34275e-07
5.98154e-07
8.90073e-07
6.07361e-07
1.03579e-06
5.80253e-07
1.15556e-06
5.0585e-07
1.20854e-06
3.65728e-07
1.21513e-06
1.96881e-07
1.19629e-06
-9.56827e-09
1.13179e-06
-2.57763e-07
1.0155e-06
-5.75283e-07
8.81065e-07
-9.41811e-07
6.54105e-07
-1.28982e-06
3.92801e-07
-1.57544e-06
1.05882e-07
-1.88318e-06
-9.3393e-08
-1.9053e-06
-2.21111e-07
-1.87697e-06
-2.94356e-07
-1.72612e-06
-2.87786e-07
-1.43606e-06
-2.38029e-07
-1.27071e-06
-3.38094e-07
-1.48044e-06
-5.33979e-07
-1.48688e-06
-2.51973e-07
1.14106e-06
1.97727e-07
2.03982e-06
5.46394e-08
-6.0958e-07
-1.27983e-06
8.04442e-08
2.96173e-07
1.56506e-07
3.27022e-07
2.40821e-07
3.59318e-07
3.34279e-07
3.9216e-07
4.37793e-07
4.24013e-07
5.52042e-07
4.52303e-07
6.772e-07
4.72996e-07
8.06409e-07
4.78151e-07
9.27932e-07
4.5873e-07
1.02744e-06
4.0634e-07
1.08369e-06
3.09484e-07
1.10025e-06
1.80314e-07
1.08672e-06
3.9718e-09
1.0357e-06
-2.06749e-07
9.30815e-07
-4.70394e-07
7.43775e-07
-7.54771e-07
5.46415e-07
-1.09246e-06
3.58023e-07
-1.38705e-06
1.27072e-07
-1.65223e-06
-5.25296e-08
-1.7257e-06
-1.82576e-07
-1.74692e-06
-2.65592e-07
-1.6431e-06
-2.76285e-07
-1.42537e-06
-2.48456e-07
-1.29854e-06
-3.42436e-07
-1.38646e-06
-5.11588e-07
-1.31773e-06
-2.49286e-07
8.78759e-07
1.65688e-07
1.62485e-06
4.55081e-08
-4.89399e-07
-1.06723e-06
7.23302e-08
2.34355e-07
1.40736e-07
2.58616e-07
2.1624e-07
2.83812e-07
2.99263e-07
3.09135e-07
3.90007e-07
3.33267e-07
4.88148e-07
3.54162e-07
5.92415e-07
3.68728e-07
6.98361e-07
3.72206e-07
7.98552e-07
3.5854e-07
8.83515e-07
3.21378e-07
9.40394e-07
2.52608e-07
9.6945e-07
1.51259e-07
9.63271e-07
1.01539e-08
9.235e-07
-1.66978e-07
8.44621e-07
-3.91513e-07
7.45158e-07
-6.55307e-07
5.82352e-07
-9.29657e-07
3.84089e-07
-1.18878e-06
1.68343e-07
-1.43648e-06
-1.05572e-08
-1.5468e-06
-1.49785e-07
-1.60769e-06
-2.3622e-07
-1.55667e-06
-2.59906e-07
-1.40168e-06
-2.53005e-07
-1.30544e-06
-3.38569e-07
-1.30089e-06
-4.79418e-07
-1.17688e-06
-2.39392e-07
6.38734e-07
1.30551e-07
1.25491e-06
3.57439e-08
-3.94591e-07
-8.81384e-07
6.24981e-08
1.80992e-07
1.21465e-07
1.99649e-07
1.86342e-07
2.18935e-07
2.57288e-07
2.38187e-07
3.34194e-07
2.56361e-07
4.16471e-07
2.71884e-07
5.02756e-07
2.82444e-07
5.90187e-07
2.84775e-07
6.74198e-07
2.7453e-07
7.48932e-07
2.46645e-07
8.06504e-07
1.95038e-07
8.41996e-07
1.15767e-07
8.50351e-07
1.80034e-09
8.25896e-07
-1.42523e-07
7.62426e-07
-3.28042e-07
6.51822e-07
-5.44702e-07
5.11107e-07
-7.88941e-07
3.52452e-07
-1.03013e-06
1.70899e-07
-1.25493e-06
1.48077e-08
-1.3907e-06
-1.15831e-07
-1.47705e-06
-2.04416e-07
-1.46808e-06
-2.38806e-07
-1.36729e-06
-2.50651e-07
-1.2936e-06
-3.26099e-07
-1.22544e-06
-4.39505e-07
-1.06348e-06
-2.24021e-07
4.2325e-07
9.87306e-08
9.32156e-07
2.58729e-08
-3.21733e-07
-7.22763e-07
5.21367e-08
1.36482e-07
1.01293e-07
1.50493e-07
1.55305e-07
1.64923e-07
2.14241e-07
1.79251e-07
2.77914e-07
1.92688e-07
3.45811e-07
2.03987e-07
4.16763e-07
2.11491e-07
4.88721e-07
2.12817e-07
5.58682e-07
2.04569e-07
6.22242e-07
1.83084e-07
6.73916e-07
1.43364e-07
7.09157e-07
8.0525e-08
7.21006e-07
-1.00483e-08
7.0803e-07
-1.29547e-07
6.6347e-07
-2.83482e-07
5.87908e-07
-4.69139e-07
4.75806e-07
-6.76839e-07
3.37099e-07
-8.91419e-07
1.79537e-07
-1.09736e-06
3.70475e-08
-1.24821e-06
-8.57294e-08
-1.35428e-06
-1.72944e-07
-1.38087e-06
-2.14507e-07
-1.32573e-06
-2.40844e-07
-1.26726e-06
-3.04812e-07
-1.16148e-06
-3.9305e-07
-9.75238e-07
-2.04108e-07
2.34309e-07
7.1351e-08
6.56697e-07
1.65881e-08
-2.66971e-07
-5.91011e-07
4.22303e-08
1.00434e-07
8.20218e-08
1.10703e-07
1.25706e-07
1.2124e-07
1.73316e-07
1.31642e-07
2.24725e-07
1.4128e-07
2.79472e-07
1.49241e-07
3.36762e-07
1.54202e-07
3.9518e-07
1.54399e-07
4.52578e-07
1.47172e-07
5.0608e-07
1.29581e-07
5.51797e-07
9.76469e-08
5.85043e-07
4.72778e-08
6.00554e-07
-2.55598e-08
5.94927e-07
-1.2392e-07
5.6293e-07
-2.51485e-07
5.01264e-07
-4.07472e-07
4.11976e-07
-5.8755e-07
3.00234e-07
-7.79675e-07
1.7177e-07
-9.68897e-07
4.98489e-08
-1.12629e-06
-5.96913e-08
-1.24473e-06
-1.41936e-07
-1.29862e-06
-1.8777e-07
-1.27989e-06
-2.22603e-07
-1.23243e-06
-2.74557e-07
-1.10952e-06
-3.40632e-07
-9.09163e-07
-1.79924e-07
7.36008e-08
4.82406e-08
4.28533e-07
8.57296e-09
-2.27303e-07
-4.85053e-07
3.27365e-08
7.25064e-08
6.35663e-08
7.98743e-08
9.74233e-08
8.73842e-08
1.34337e-07
9.47294e-08
1.74216e-07
1.01402e-07
2.16725e-07
1.06732e-07
2.61308e-07
1.09619e-07
3.07042e-07
1.08665e-07
3.52202e-07
1.02011e-07
3.94931e-07
8.68524e-08
4.32271e-07
6.03063e-08
4.6081e-07
1.87385e-08
4.76557e-07
-4.13076e-08
4.76093e-07
-1.23455e-07
4.55374e-07
-2.30765e-07
4.11848e-07
-3.63944e-07
3.44648e-07
-5.20348e-07
2.57169e-07
-6.92194e-07
1.55454e-07
-8.67179e-07
5.44182e-08
-1.02525e-06
-3.88527e-08
-1.15146e-06
-1.11963e-07
-1.22551e-06
-1.57593e-07
-1.23426e-06
-1.93998e-07
-1.19602e-06
-2.34869e-07
-1.06865e-06
-2.82017e-07
-8.62016e-07
-1.51269e-07
-5.71465e-08
2.999e-08
2.47274e-07
2.77894e-09
-2.00093e-07
-4.03128e-07
2.37215e-08
5.23458e-08
4.59811e-08
5.76153e-08
7.04357e-08
6.29303e-08
9.71264e-08
6.80394e-08
1.25984e-07
7.25454e-08
1.56865e-07
7.58505e-08
1.89381e-07
7.71033e-08
2.22777e-07
7.52689e-08
2.56197e-07
6.85903e-08
2.88035e-07
5.50139e-08
3.16276e-07
3.20655e-08
3.38737e-07
-3.72177e-09
3.52683e-07
-5.52522e-08
3.5488e-07
-1.25651e-07
3.42136e-07
-2.18019e-07
3.12367e-07
-3.34174e-07
2.64911e-07
-4.72888e-07
2.01585e-07
-6.28866e-07
1.26788e-07
-7.92379e-07
4.94693e-08
-9.47933e-07
-2.33733e-08
-1.07862e-06
-8.27019e-08
-1.16618e-06
-1.22768e-07
-1.1942e-06
-1.54878e-07
-1.16391e-06
-1.84922e-07
-1.0386e-06
-2.16091e-07
-8.30846e-07
-1.17248e-07
-1.5599e-07
1.70741e-08
1.12952e-07
-1.543e-11
-1.83004e-07
-3.43043e-07
1.47821e-08
3.9886e-08
2.85358e-08
4.38617e-08
4.36536e-08
4.78126e-08
6.01833e-08
5.15098e-08
7.8093e-08
5.46359e-08
9.72998e-08
5.66439e-08
1.17515e-07
5.68882e-08
1.38587e-07
5.41977e-08
1.59717e-07
4.74602e-08
1.80218e-07
3.45136e-08
1.98616e-07
1.36678e-08
2.13573e-07
-1.86776e-08
2.23013e-07
-6.46915e-08
2.25321e-07
-1.27957e-07
2.18616e-07
-2.11313e-07
2.01247e-07
-3.16803e-07
1.725e-07
-4.44139e-07
1.33199e-07
-5.89563e-07
8.59157e-08
-7.45093e-07
3.56095e-08
-8.97625e-07
-1.23787e-08
-1.03063e-06
-5.26861e-08
-1.12587e-06
-8.13916e-08
-1.16549e-06
-1.04098e-07
-1.14121e-06
-1.22834e-07
-1.01987e-06
-1.40893e-07
-8.12787e-07
-7.69094e-08
-2.19974e-07
9.49484e-09
2.65473e-08
-2.25317e-11
-1.73487e-07
-3.03918e-07
5.46334e-09
1.0446e-08
1.59024e-08
2.18346e-08
2.82531e-08
3.50873e-08
4.22957e-08
4.96601e-08
5.70851e-08
6.40815e-08
7.06711e-08
7.55825e-08
7.86331e-08
7.93352e-08
7.70871e-08
7.12518e-08
6.14671e-08
4.79215e-08
3.13922e-08
1.35249e-08
-3.69162e-09
-1.8608e-08
-2.97875e-08
-3.84609e-08
-4.47928e-08
-5.08047e-08
-2.79709e-08
4.23855e-09
1.23535e-09
)
;

boundaryField
{
    leftWall
    {
        type            calculated;
        value           uniform 0;
    }
    rightWall
    {
        type            calculated;
        value           uniform 0;
    }
    lowerWall
    {
        type            calculated;
        value           uniform 0;
    }
    atmosphere
    {
        type            calculated;
        value           nonuniform List<scalar> 
120
(
4.70485e-07
7.51288e-07
1.47074e-06
1.28129e-06
1.55494e-06
1.66021e-06
1.66337e-06
1.57968e-06
1.29239e-06
8.12842e-07
3.28829e-07
-4.31033e-09
-1.73855e-07
-2.42093e-07
-2.64028e-07
-2.64949e-07
-2.5639e-07
-2.44834e-07
-2.30989e-07
-2.15744e-07
-1.99186e-07
-1.81653e-07
-1.63501e-07
-1.44925e-07
-1.26022e-07
-1.06709e-07
-8.69202e-08
-6.60446e-08
-4.30706e-08
-1.56194e-08
-3.03257e-07
-2.00469e-07
-2.91824e-08
-2.47245e-07
-8.00449e-07
-1.00549e-06
-1.12726e-06
-1.14991e-06
-1.10747e-06
-1.00959e-06
-8.75356e-07
-7.23029e-07
-5.6935e-07
-4.26826e-07
-3.03e-07
-2.01121e-07
-1.21136e-07
-6.09186e-08
-1.76521e-08
1.21091e-08
3.16576e-08
4.33126e-08
4.93749e-08
5.15913e-08
5.11979e-08
4.91843e-08
4.62136e-08
4.27379e-08
3.90721e-08
3.54185e-08
3.53629e-08
3.88788e-08
4.23561e-08
4.55775e-08
4.82175e-08
4.98099e-08
4.96799e-08
4.68337e-08
4.00356e-08
2.75179e-08
7.07893e-09
-2.35881e-08
-6.77411e-08
-1.28658e-07
-2.09064e-07
-3.10966e-07
-4.34352e-07
-5.76016e-07
-7.28563e-07
-8.79756e-07
-1.01341e-06
-1.11096e-06
-1.15431e-06
-1.13253e-06
-1.01353e-06
-8.06775e-07
-2.42809e-07
-5.66216e-09
-1.70484e-07
-2.88585e-07
4.70563e-07
7.51449e-07
1.47054e-06
1.27434e-06
1.55097e-06
1.65825e-06
1.65986e-06
1.56001e-06
1.24068e-06
7.48401e-07
2.92907e-07
-1.38841e-08
-1.66737e-07
-2.27238e-07
-2.4696e-07
-2.47013e-07
-2.38501e-07
-2.27375e-07
-2.14037e-07
-1.99383e-07
-1.83624e-07
-1.67097e-07
-1.50097e-07
-1.32748e-07
-1.15164e-07
-9.73846e-08
-7.91463e-08
-6.01002e-08
-3.91473e-08
-1.40976e-08
)
;
    }
    defaultFaces
    {
        type            empty;
        value           nonuniform 0();
    }
}


// ************************************************************************* //
