/*--------------------------------*- C++ -*----------------------------------*\
| =========                 |                                                 |
| \\      /  F ield         | OpenFOAM: The Open Source CFD Toolbox           |
|  \\    /   O peration     | Version:  2.4.0                                 |
|   \\  /    A nd           | Web:      www.OpenFOAM.org                      |
|    \\/     M anipulation  |                                                 |
\*---------------------------------------------------------------------------*/
FoamFile
{
    version     2.0;
    format      ascii;
    class       surfaceScalarField;
    location    "0.09";
    object      phiAlpha;
}
// * * * * * * * * * * * * * * * * * * * * * * * * * * * * * * * * * * * * * //

dimensions      [0 3 -1 0 0 0 0];

internalField   nonuniform List<scalar> 
7080
(
-2.7467e-08
2.7467e-08
-4.20685e-08
1.46015e-08
-4.3672e-08
1.60352e-09
-3.72253e-08
-6.44678e-09
-2.26586e-08
-1.45667e-08
-6.66558e-10
-2.1992e-08
2.68594e-08
-2.7526e-08
5.83327e-08
-3.14733e-08
9.14006e-08
-3.30678e-08
1.23529e-07
-3.21289e-08
1.53206e-07
-2.96761e-08
1.76425e-07
-2.32195e-08
1.9985e-07
-2.34245e-08
1.87129e-07
1.27204e-08
2.13822e-07
-2.66925e-08
1.50339e-07
6.34831e-08
1.13181e-07
3.71575e-08
7.22595e-08
4.09218e-08
-1.72613e-08
8.9694e-08
-1.05373e-07
8.77845e-08
-2.24411e-07
1.18448e-07
-3.19037e-07
9.50024e-08
-2.62044e-07
-5.68253e-08
-9.55198e-08
-1.66695e-07
4.60312e-08
-1.41705e-07
1.48624e-07
-1.02537e-07
1.96699e-07
-4.9877e-08
1.61307e-07
3.36459e-08
8.11493e-08
8.01623e-08
7.91291e-08
2.02146e-09
-3.81067e-08
6.55738e-08
-6.1026e-08
3.75207e-08
-6.83709e-08
8.94849e-09
-6.56563e-08
-9.16141e-09
-5.21138e-08
-2.81092e-08
-2.78931e-08
-4.62127e-08
5.3082e-09
-6.07272e-08
4.56905e-08
-7.18556e-08
9.01368e-08
-7.7514e-08
1.35752e-07
-7.77445e-08
1.7747e-07
-7.13933e-08
2.16946e-07
-6.26958e-08
2.50084e-07
-5.65623e-08
2.49081e-07
1.3723e-08
2.98263e-07
-7.58738e-08
2.37863e-07
1.23883e-07
1.99893e-07
7.51271e-08
1.85522e-07
5.52924e-08
8.45224e-08
1.90694e-07
-1.00271e-07
2.72258e-07
-2.62783e-07
2.80542e-07
-3.3955e-07
1.71788e-07
-2.64913e-07
-1.31148e-07
-1.59464e-07
-2.72289e-07
-5.82632e-08
-2.43186e-07
2.24721e-08
-1.83271e-07
4.07431e-08
-6.81524e-08
2.60703e-08
4.8411e-08
1.36435e-08
9.26257e-08
9.56948e-08
-2.92025e-09
-3.99611e-08
1.05535e-07
-6.4498e-08
6.20576e-08
-7.32788e-08
1.77293e-08
-7.18978e-08
-1.05424e-08
-5.93545e-08
-4.06525e-08
-3.56425e-08
-6.99247e-08
-2.41403e-09
-9.39557e-08
3.8534e-08
-1.12804e-07
8.38054e-08
-1.22785e-07
1.30507e-07
-1.24446e-07
1.73005e-07
-1.13892e-07
2.15209e-07
-1.049e-07
2.43204e-07
-8.45572e-08
2.60068e-07
-3.1409e-09
3.00038e-07
-1.15844e-07
2.59622e-07
1.64299e-07
2.30552e-07
1.04198e-07
2.18336e-07
6.75082e-08
1.41753e-07
2.67277e-07
-1.59575e-10
4.13457e-07
-1.64052e-07
4.40874e-07
-2.49395e-07
2.57146e-07
-2.13855e-07
-1.66671e-07
-1.59054e-07
-3.27461e-07
-1.01902e-07
-3.00643e-07
-5.28126e-08
-2.32493e-07
-1.43886e-08
-1.06581e-07
8.86452e-09
2.51603e-08
1.37633e-08
8.87471e-08
1.10923e-07
-1.46345e-09
-4.03821e-08
1.45917e-07
-6.52375e-08
8.69129e-08
-7.42931e-08
2.67849e-08
-7.32397e-08
-1.15958e-08
-6.09811e-08
-5.29111e-08
-3.74284e-08
-9.34773e-08
-4.22669e-09
-1.27157e-07
3.69198e-08
-1.5395e-07
8.24531e-08
-1.68319e-07
1.29567e-07
-1.71559e-07
1.72046e-07
-1.56371e-07
2.17322e-07
-1.50176e-07
2.34476e-07
-1.01711e-07
2.74959e-07
-4.3624e-08
2.90498e-07
-1.31382e-07
2.66423e-07
1.88374e-07
2.60832e-07
1.09788e-07
2.33999e-07
9.43418e-08
1.84214e-07
3.17062e-07
7.31713e-08
5.23907e-07
-5.12908e-08
5.64982e-07
-1.17579e-07
3.23453e-07
-1.50463e-07
-1.33932e-07
-1.55885e-07
-3.22098e-07
-1.49707e-07
-3.068e-07
-1.28852e-07
-2.53738e-07
-7.76552e-08
-1.57776e-07
-3.30305e-08
-1.94634e-08
6.07354e-09
5.00041e-08
1.14906e-07
3.63259e-09
-4.06257e-08
1.86543e-07
-6.56012e-08
1.11888e-07
-7.47142e-08
3.5898e-08
-7.37979e-08
-1.25121e-08
-6.16837e-08
-6.50253e-08
-3.82116e-08
-1.16949e-07
-5.03865e-09
-1.6033e-07
3.62742e-08
-1.95263e-07
8.19669e-08
-2.14011e-07
1.2942e-07
-2.19012e-07
1.72057e-07
-1.99009e-07
2.19915e-07
-1.98034e-07
2.27725e-07
-1.0952e-07
2.8603e-07
-1.01929e-07
2.60581e-07
-1.05933e-07
2.60379e-07
1.88576e-07
2.74284e-07
9.58835e-08
2.15722e-07
1.52904e-07
2.08452e-07
3.24331e-07
1.54097e-07
5.77797e-07
5.96789e-08
6.59052e-07
-3.74512e-09
3.86909e-07
-8.17613e-08
-5.58234e-08
-1.54478e-07
-2.49267e-07
-1.76549e-07
-2.84806e-07
-1.58794e-07
-2.71492e-07
-1.15076e-07
-2.01493e-07
-7.33559e-08
-6.11831e-08
-4.14796e-08
1.81679e-08
7.18374e-08
2.24753e-09
-4.08891e-08
2.27432e-07
-6.59723e-08
1.36972e-07
-7.51108e-08
4.50364e-08
-7.4324e-08
-1.32989e-08
-6.23645e-08
-7.69848e-08
-3.89923e-08
-1.40322e-07
-5.88707e-09
-1.93436e-07
3.56088e-08
-2.36759e-07
8.14093e-08
-2.59812e-07
1.2918e-07
-2.66782e-07
1.72473e-07
-2.42302e-07
2.21606e-07
-2.47167e-07
2.27613e-07
-1.15527e-07
2.9248e-07
-1.66797e-07
2.40958e-07
-5.44107e-08
2.49576e-07
1.79957e-07
2.81103e-07
6.43572e-08
2.2374e-07
2.10267e-07
2.60108e-07
2.87963e-07
2.28615e-07
6.09792e-07
1.88031e-07
7.03632e-07
1.4952e-07
4.2674e-07
6.6266e-08
2.73246e-08
-5.20576e-08
-1.30988e-07
-1.43001e-07
-1.93783e-07
-1.71416e-07
-2.43064e-07
-1.38327e-07
-2.34571e-07
-8.45945e-08
-1.14915e-07
-5.83421e-08
-8.08411e-09
1.45246e-08
-1.02901e-09
-4.12017e-08
2.68633e-07
-6.64086e-08
1.62179e-07
-7.55705e-08
5.41984e-08
-7.49366e-08
-1.39329e-08
-6.31655e-08
-8.87559e-08
-3.99207e-08
-1.63566e-07
-6.91097e-09
-2.26445e-07
3.47784e-08
-2.78448e-07
8.07107e-08
-3.05744e-07
1.28804e-07
-3.14875e-07
1.73429e-07
-2.86927e-07
2.21769e-07
-2.95507e-07
2.36895e-07
-1.30654e-07
3.00261e-07
-2.30163e-07
2.57094e-07
-1.12429e-08
2.42566e-07
1.94484e-07
2.96848e-07
1.00755e-08
2.4222e-07
2.64895e-07
2.80006e-07
2.50177e-07
3.1585e-07
5.73948e-07
3.00782e-07
7.20656e-07
2.54389e-07
4.73831e-07
2.12508e-07
6.91236e-08
1.33142e-07
-5.16664e-08
-2.57125e-08
-3.48169e-08
-1.30142e-07
-1.38531e-07
-1.56017e-07
-2.08715e-07
-9.0316e-08
-1.80604e-07
-4.31942e-08
-5.52056e-08
-2.77267e-08
-9.42548e-10
-4.1568e-08
3.10201e-07
-6.69183e-08
1.87529e-07
-7.61049e-08
6.3385e-08
-7.56522e-08
-1.43856e-08
-6.41063e-08
-1.00302e-07
-4.10155e-08
-1.86657e-07
-8.1262e-09
-2.59335e-07
3.37875e-08
-3.20362e-07
7.98583e-08
-3.51815e-07
1.2829e-07
-3.63307e-07
1.74894e-07
-3.33531e-07
2.19238e-07
-3.39851e-07
2.5747e-07
-1.68885e-07
2.9656e-07
-2.69253e-07
3.02391e-07
-1.70739e-08
2.552e-07
2.41675e-07
2.96821e-07
-3.15453e-08
2.60954e-07
3.00762e-07
2.50939e-07
2.60192e-07
3.49886e-07
4.75002e-07
3.90628e-07
6.79916e-07
3.71687e-07
4.92769e-07
3.0995e-07
1.30716e-07
2.32854e-07
2.53587e-08
1.32148e-07
6.60107e-08
3.86602e-09
-1.02832e-08
-9.75935e-08
-1.07238e-07
-8.88003e-08
-1.89382e-07
-2.78459e-08
-1.1616e-07
-5.46532e-08
-9.19053e-10
-4.19895e-08
3.52191e-07
-6.75028e-08
2.13042e-07
-7.67148e-08
7.25969e-08
-7.64726e-08
-1.46278e-08
-6.51897e-08
-1.11585e-07
-4.22795e-08
-2.09567e-07
-9.53701e-09
-2.92077e-07
3.26328e-08
-3.62532e-07
7.88297e-08
-3.98012e-07
1.27706e-07
-4.12183e-07
1.76141e-07
-3.81966e-07
2.1651e-07
-3.8022e-07
2.7556e-07
-2.27935e-07
2.74254e-07
-2.67947e-07
3.1808e-07
-6.08998e-08
3.10829e-07
2.48926e-07
3.22648e-07
-4.33643e-08
3.3865e-07
2.84759e-07
2.68921e-07
3.29922e-07
3.29602e-07
4.1432e-07
4.30794e-07
5.78724e-07
4.45074e-07
4.78485e-07
3.76789e-07
1.98992e-07
2.91314e-07
1.10826e-07
2.51627e-07
1.05718e-07
1.80051e-07
6.13004e-08
9.44987e-08
-2.17296e-08
1.49058e-08
-1.09828e-07
-4.60776e-10
-1.00761e-07
-5.53204e-08
2.09035e-10
-4.24668e-08
3.94658e-07
-6.81625e-08
2.38738e-07
-7.7399e-08
8.18334e-08
-7.73972e-08
-1.46295e-08
-6.64163e-08
-1.22566e-07
-4.37138e-08
-2.3227e-07
-1.11464e-08
-3.24644e-07
3.12966e-08
-4.04975e-07
7.75998e-08
-4.44315e-07
1.27111e-07
-4.61695e-07
1.76391e-07
-4.31246e-07
2.18707e-07
-4.22535e-07
2.77801e-07
-2.87029e-07
2.68585e-07
-2.58732e-07
3.23287e-07
-1.15602e-07
3.77554e-07
1.9466e-07
3.35366e-07
-1.17663e-09
3.53427e-07
2.66698e-07
3.03526e-07
3.79823e-07
2.83962e-07
4.33884e-07
3.51237e-07
5.11448e-07
3.87347e-07
4.42376e-07
3.62157e-07
2.24182e-07
3.24271e-07
1.48712e-07
2.59758e-07
1.70231e-07
2.02285e-07
1.18774e-07
1.90834e-07
-1.02787e-08
1.40239e-07
-5.92878e-08
6.38012e-08
-2.43437e-08
7.74183e-09
7.46451e-10
-4.3001e-08
4.37659e-07
-6.88977e-08
2.64635e-07
-7.81561e-08
9.10917e-08
-7.84254e-08
-1.43601e-08
-6.77867e-08
-1.33204e-07
-4.53199e-08
-2.54737e-07
-1.29588e-08
-3.57005e-07
2.97953e-08
-4.47729e-07
7.61449e-08
-4.90664e-07
1.26438e-07
-5.11987e-07
1.7621e-07
-4.81019e-07
2.23714e-07
-4.70039e-07
2.71075e-07
-3.3439e-07
2.91461e-07
-2.79118e-07
3.49758e-07
-1.73898e-07
3.91215e-07
1.53202e-07
3.22407e-07
6.76317e-08
3.33372e-07
2.55732e-07
3.1327e-07
3.99925e-07
2.5612e-07
4.91035e-07
2.98554e-07
4.69014e-07
3.11138e-07
4.29792e-07
2.6445e-07
2.7087e-07
2.42465e-07
1.70698e-07
2.57421e-07
1.55275e-07
2.63876e-07
1.12319e-07
1.78626e-07
7.49704e-08
6.41723e-08
5.5088e-08
1.92884e-08
2.05373e-08
2.18943e-08
5.13796e-09
-4.3593e-08
4.81252e-07
-6.97089e-08
2.9075e-07
-7.89842e-08
1.00367e-07
-7.95564e-08
-1.37879e-08
-6.93016e-08
-1.43459e-07
-4.70987e-08
-2.76939e-07
-1.49772e-08
-3.89127e-07
2.81205e-08
-4.90826e-07
7.4435e-08
-5.36979e-07
1.25599e-07
-5.63151e-07
1.7649e-07
-5.3191e-07
2.26274e-07
-5.19823e-07
2.6869e-07
-3.76806e-07
3.18846e-07
-3.29274e-07
3.55328e-07
-2.10381e-07
3.73859e-07
1.34671e-07
3.38187e-07
1.03304e-07
3.22244e-07
2.71675e-07
3.11198e-07
4.10972e-07
2.90659e-07
5.11573e-07
2.65731e-07
4.93942e-07
2.6222e-07
4.33303e-07
3.21434e-07
2.11656e-07
3.60249e-07
1.31883e-07
3.40924e-07
1.74599e-07
2.46429e-07
2.06814e-07
1.13896e-07
2.07503e-07
3.1664e-08
1.37254e-07
6.5759e-09
4.56189e-08
3.0874e-08
-2.40183e-09
-4.4244e-08
5.25496e-07
-7.05965e-08
3.17103e-07
-7.98812e-08
1.09652e-07
-8.07893e-08
-1.28799e-08
-7.09615e-08
-1.53287e-07
-4.9052e-08
-2.98849e-07
-1.72041e-08
-4.20975e-07
2.62507e-08
-5.34281e-07
7.24338e-08
-5.83162e-07
1.24627e-07
-6.15344e-07
1.77139e-07
-5.84422e-07
2.25207e-07
-5.67892e-07
2.7945e-07
-4.3105e-07
3.24813e-07
-3.74636e-07
3.55395e-07
-2.40964e-07
3.65933e-07
1.24134e-07
3.43422e-07
1.25815e-07
3.32597e-07
2.825e-07
3.09e-07
4.34569e-07
2.62717e-07
5.57856e-07
2.67124e-07
4.89535e-07
3.23003e-07
3.77424e-07
2.8339e-07
2.51269e-07
1.89902e-07
2.25371e-07
8.66208e-08
2.77881e-07
2.65701e-08
2.66865e-07
3.10003e-08
2.0307e-07
4.65733e-08
1.21666e-07
2.31481e-08
6.9031e-08
5.78785e-08
-3.85165e-09
-4.49554e-08
5.70451e-07
-7.15609e-08
3.43708e-07
-8.08443e-08
1.18935e-07
-8.21225e-08
-1.16017e-08
-7.27675e-08
-1.62642e-07
-5.11816e-08
-3.20435e-07
-1.96409e-08
-4.52516e-07
2.41789e-08
-5.78101e-07
7.01405e-08
-6.29124e-07
1.23626e-07
-6.6883e-07
1.77326e-07
-6.38122e-07
2.24271e-07
-6.14836e-07
2.86968e-07
-4.93746e-07
3.26639e-07
-4.14307e-07
3.30823e-07
-2.45148e-07
3.59598e-07
9.53589e-08
3.87582e-07
9.783e-08
3.77058e-07
2.93024e-07
3.38466e-07
4.73161e-07
3.47994e-07
5.48329e-07
3.49942e-07
4.87586e-07
3.07215e-07
4.20152e-07
2.73234e-07
2.85249e-07
2.66327e-07
2.32278e-07
2.70764e-07
2.73444e-07
2.87913e-07
2.49715e-07
2.6736e-07
2.23623e-07
1.78448e-07
2.10495e-07
7.53632e-08
1.72102e-07
1.36546e-07
-3.26791e-09
-4.57286e-08
6.1618e-07
-7.26028e-08
3.70582e-07
-8.18698e-08
1.28202e-07
-8.35549e-08
-9.91663e-09
-7.47198e-08
-1.71477e-07
-5.3489e-08
-3.41666e-07
-2.22887e-08
-4.83716e-07
2.18899e-08
-6.2228e-07
6.7581e-08
-6.74815e-07
1.2265e-07
-7.23899e-07
1.76757e-07
-6.92228e-07
2.22854e-07
-6.60934e-07
2.93134e-07
-5.64026e-07
3.00711e-07
-4.21885e-07
3.18233e-07
-2.62669e-07
4.24606e-07
-1.10143e-08
4.46369e-07
7.6067e-08
4.87071e-07
2.52322e-07
4.83546e-07
4.76687e-07
4.8591e-07
5.45964e-07
4.81564e-07
4.91932e-07
4.52655e-07
4.49061e-07
4.11783e-07
3.26122e-07
3.5373e-07
2.90331e-07
3.13732e-07
3.13441e-07
2.38041e-07
3.25407e-07
1.18461e-07
3.43203e-07
2.83011e-08
3.00631e-07
1.90434e-09
1.98574e-07
1.3729e-07
1.18364e-09
-4.65652e-08
6.62745e-07
-7.37226e-08
3.9774e-07
-8.29524e-08
1.37432e-07
-8.50848e-08
-7.78424e-09
-7.68194e-08
-1.79742e-07
-5.5976e-08
-3.62509e-07
-2.51474e-08
-5.14545e-07
1.93794e-08
-6.66806e-07
6.47943e-08
-7.20229e-07
1.21756e-07
-7.80861e-07
1.74317e-07
-7.44788e-07
2.25689e-07
-7.12306e-07
2.71897e-07
-6.10235e-07
3.02067e-07
-4.52054e-07
3.58261e-07
-3.18863e-07
4.79945e-07
-1.32698e-07
4.81506e-07
7.45056e-08
4.60508e-07
2.7332e-07
4.26561e-07
5.10634e-07
3.79291e-07
5.93234e-07
2.77814e-07
5.9341e-07
1.14135e-07
6.12741e-07
-9.50435e-08
5.353e-07
-1.93467e-07
3.88754e-07
-1.6665e-07
2.86624e-07
-1.36655e-07
2.95409e-07
-1.33174e-07
3.39724e-07
-1.01791e-07
2.69315e-07
-5.02828e-08
1.47108e-07
8.63065e-08
7.015e-10
-4.7467e-08
7.10212e-07
-7.49211e-08
4.25194e-07
-8.40844e-08
1.46595e-07
-8.67111e-08
-5.15759e-09
-7.90669e-08
-1.87387e-07
-5.86445e-08
-3.82931e-07
-2.82155e-08
-5.44974e-07
1.66208e-08
-7.11643e-07
6.18244e-08
-7.65433e-07
1.20674e-07
-8.3971e-07
1.71282e-07
-7.95397e-07
2.2387e-07
-7.64893e-07
2.40059e-07
-6.26424e-07
3.37808e-07
-5.49804e-07
4.24573e-07
-4.05628e-07
4.34363e-07
-1.42488e-07
3.39012e-07
1.69857e-07
2.54221e-07
3.58111e-07
2.31974e-07
5.32881e-07
2.61107e-07
5.64101e-07
2.83627e-07
5.7089e-07
2.8679e-07
6.09578e-07
1.92455e-07
6.29634e-07
5.47762e-08
5.26434e-07
-3.9362e-08
3.80762e-07
-9.46887e-08
3.50738e-07
-8.76864e-08
3.32739e-07
-4.75257e-08
2.29154e-07
-1.87704e-08
1.18353e-07
6.82306e-08
-6.9828e-10
-4.84359e-08
7.58648e-07
-7.61989e-08
4.52957e-07
-8.52607e-08
1.55657e-07
-8.84325e-08
-1.98575e-09
-8.14628e-08
-1.94356e-07
-6.14967e-08
-4.02897e-07
-3.14907e-08
-5.7498e-07
1.35835e-08
-7.56717e-07
5.86818e-08
-8.10531e-07
1.19068e-07
-9.00096e-07
1.68844e-07
-8.45173e-07
2.12633e-07
-8.08683e-07
2.46981e-07
-6.60772e-07
3.54015e-07
-6.56837e-07
4.02705e-07
-4.54318e-07
3.80759e-07
-1.20542e-07
3.73717e-07
1.76896e-07
4.63899e-07
2.67929e-07
4.34091e-07
5.62689e-07
3.71238e-07
6.26954e-07
2.92144e-07
6.49984e-07
3.16681e-07
5.85041e-07
3.6418e-07
5.82135e-07
3.03518e-07
5.87096e-07
2.06833e-07
4.77447e-07
1.40115e-07
4.17458e-07
1.17794e-07
3.55063e-07
9.70014e-08
2.49946e-07
5.40385e-08
1.61315e-07
1.25785e-07
-3.52867e-09
-4.94741e-08
8.08122e-07
-7.7557e-08
4.8104e-07
-8.64789e-08
1.64579e-07
-9.02471e-08
1.78245e-09
-8.40087e-08
-2.00595e-07
-6.45358e-08
-4.2237e-07
-3.49697e-08
-6.04546e-07
1.02319e-08
-8.01918e-07
5.53358e-08
-8.55635e-07
1.16875e-07
-9.61635e-07
1.66993e-07
-8.95291e-07
1.98406e-07
-8.40095e-07
2.76564e-07
-7.3893e-07
3.3458e-07
-7.14854e-07
3.96584e-07
-5.16324e-07
5.15674e-07
-2.39646e-07
5.21735e-07
1.70833e-07
3.97658e-07
3.92007e-07
4.74207e-08
9.12926e-07
9.92624e-09
6.64449e-07
5.80818e-08
6.01828e-07
-3.88954e-08
6.82018e-07
-7.17229e-08
6.14963e-07
-2.23039e-08
5.37677e-07
6.21434e-08
3.93e-07
1.31474e-07
3.48127e-07
1.7242e-07
3.14116e-07
1.56426e-07
2.6594e-07
8.83749e-08
2.29366e-07
2.15889e-07
-1.73408e-09
-5.05841e-08
8.58706e-07
-7.8996e-08
5.09452e-07
-8.77365e-08
1.73319e-07
-9.21532e-08
6.19912e-09
-8.67049e-08
-2.06043e-07
-6.77645e-08
-4.41311e-07
-3.86469e-08
-6.33663e-07
6.52023e-09
-8.47086e-07
5.17532e-08
-9.00868e-07
1.14422e-07
-1.0243e-06
1.64721e-07
-9.4559e-07
1.93755e-07
-8.6913e-07
2.61899e-07
-8.07073e-07
3.25945e-07
-7.78893e-07
4.78799e-07
-6.69178e-07
5.27374e-07
-2.2664e-07
3.48624e-07
2.94405e-07
4.40949e-07
2.67033e-07
4.15888e-07
9.38467e-07
4.76144e-07
6.04192e-07
5.87363e-07
4.90609e-07
3.85447e-07
8.83935e-07
1.12708e-07
8.87702e-07
4.78615e-09
6.45598e-07
2.07463e-08
3.77039e-07
8.4973e-08
2.83899e-07
1.32509e-07
2.66579e-07
1.3115e-07
2.67299e-07
7.61188e-08
2.84396e-07
2.88633e-07
3.36896e-09
-5.17684e-08
9.10474e-07
-8.05172e-08
5.38201e-07
-8.90405e-08
1.81843e-07
-9.41488e-08
1.13074e-08
-8.95522e-08
-2.1064e-07
-7.11876e-08
-4.59675e-07
-4.25124e-08
-6.62338e-07
2.39192e-09
-8.9199e-07
4.79763e-08
-9.46453e-07
1.11638e-07
-1.08797e-06
1.59985e-07
-9.93937e-07
1.90281e-07
-8.99425e-07
2.23488e-07
-8.40271e-07
3.24575e-07
-8.79759e-07
2.13827e-07
-1.71018e-07
1.56877e-07
-6.2496e-08
7.23155e-08
2.20403e-07
2.4523e-11
2.97908e-07
3.45883e-07
5.77972e-07
3.49155e-07
5.8179e-07
3.87123e-07
4.45668e-07
6.29261e-07
6.41796e-07
6.5528e-07
8.61683e-07
4.30446e-07
8.70432e-07
2.31999e-07
5.75487e-07
1.22557e-07
3.93341e-07
8.74412e-08
3.01695e-07
8.16046e-08
2.7302e-07
4.78319e-08
3.18145e-07
3.30238e-07
6.22241e-09
-5.30298e-08
9.63504e-07
-8.21215e-08
5.67292e-07
-9.04075e-08
1.90129e-07
-9.62319e-08
1.71318e-08
-9.25515e-08
-2.1432e-07
-7.48089e-08
-4.77418e-07
-4.65456e-08
-6.90602e-07
-1.19919e-09
-9.37336e-07
4.3966e-08
-9.91618e-07
1.06174e-07
-1.15017e-06
1.47726e-07
-1.03549e-06
1.76158e-07
-9.2785e-07
2.07906e-07
-8.71776e-07
1.83642e-07
-4.42845e-07
-1.36584e-08
-2.1812e-10
-1.99392e-07
6.18167e-09
-3.77851e-07
3.66306e-08
-3.63737e-07
1.60004e-07
-3.13548e-07
4.76733e-07
-3.30821e-07
5.48299e-07
-8.50268e-08
1.72044e-07
2.53997e-07
2.93546e-07
5.42902e-07
5.61986e-07
4.89116e-07
9.24205e-07
2.90226e-07
7.74377e-07
1.11267e-07
5.72299e-07
3.19931e-08
3.80968e-07
2.5313e-08
2.79665e-07
1.65147e-08
3.26882e-07
3.40087e-07
6.66826e-09
-5.43716e-08
1.01788e-06
-8.38103e-08
5.96731e-07
-9.18319e-08
1.9815e-07
-9.84005e-08
2.37004e-08
-9.57034e-08
-2.17017e-07
-7.86346e-08
-4.94487e-07
-5.07334e-08
-7.18503e-07
-4.87019e-09
-9.83199e-07
3.86275e-08
-1.03512e-06
9.10195e-08
-1.20257e-06
1.22116e-07
-1.06658e-06
1.71907e-07
-9.77427e-07
1.4475e-07
-3.98432e-07
2.01494e-08
-9.2331e-08
1.37744e-08
2.42498e-09
1.2091e-09
2.18162e-09
-1.10944e-07
-1.34112e-09
-3.81236e-07
1.30106e-07
-4.51799e-07
4.53356e-07
-2.16852e-07
3.25843e-07
-4.31515e-08
-1.71744e-09
1.10781e-08
2.39277e-07
3.19349e-07
2.55076e-07
4.61456e-07
7.8424e-07
3.28171e-07
9.07664e-07
1.69255e-07
7.31214e-07
7.03986e-08
4.79824e-07
2.17261e-08
3.28303e-07
6.486e-09
3.42091e-07
3.40016e-07
6.56447e-09
-5.57962e-08
1.07367e-06
-8.55842e-08
6.26519e-07
-9.3306e-08
2.05872e-07
-1.0065e-07
3.10441e-08
-9.90084e-08
-2.18659e-07
-8.26714e-08
-5.10824e-07
-5.5066e-08
-7.46108e-07
-9.08037e-09
-1.02919e-06
2.69764e-08
-1.07117e-06
5.45049e-08
-1.23009e-06
8.78084e-08
-1.09987e-06
1.05416e-07
-4.34509e-07
8.97325e-08
-5.0357e-08
1.06818e-09
-3.45032e-09
9.39069e-10
3.85412e-10
-1.54627e-08
1.62962e-08
-2.63081e-07
4.64874e-09
-3.23338e-07
-2.33237e-07
-2.22715e-07
1.1545e-07
-1.6534e-07
2.40662e-07
-1.93642e-08
-1.51278e-07
1.43643e-07
8.15338e-08
2.51836e-07
1.52689e-07
3.77572e-07
6.58551e-07
3.05666e-07
9.79539e-07
1.85497e-07
8.51336e-07
8.43746e-08
5.80951e-07
2.15741e-08
3.91069e-07
2.71079e-09
3.61057e-07
3.37791e-07
4.93393e-09
-5.73197e-08
1.13099e-06
-8.74467e-08
6.56646e-07
-9.48254e-08
2.13251e-07
-1.0298e-07
3.9199e-08
-1.0247e-07
-2.19169e-07
-8.69276e-08
-5.26366e-07
-5.95375e-08
-7.73498e-07
-1.44915e-08
-1.07423e-06
-5.37317e-09
-1.08029e-06
-8.72235e-09
-1.22674e-06
1.36652e-07
-8.21379e-07
4.89282e-08
-7.74494e-08
3.19336e-09
-4.3832e-09
9.12823e-11
-3.09022e-10
1.04644e-10
1.98002e-10
-1.50128e-09
3.79318e-09
-4.62362e-09
-6.84736e-10
-1.92992e-07
-2.8898e-08
-3.06739e-07
-6.85434e-08
-2.78231e-07
1.2758e-07
-2.08952e-07
-2.20268e-07
5.24871e-08
-1.79643e-07
1.28184e-07
7.60942e-08
2.0469e-07
5.70719e-07
2.01785e-07
9.8171e-07
1.41098e-07
9.12028e-07
7.18798e-08
6.50173e-07
1.58e-08
4.47115e-07
-1.62267e-10
3.77075e-07
3.3518e-07
2.38374e-09
-5.87715e-08
1.18976e-06
-8.93891e-08
6.87264e-07
-9.63776e-08
2.20239e-07
-1.05377e-07
4.81986e-08
-1.06074e-07
-2.18472e-07
-9.1407e-08
-5.41033e-07
-6.42134e-08
-8.00692e-07
-2.53985e-08
-1.11305e-06
-7.28152e-08
-1.0327e-06
1.95783e-10
-1.29949e-06
7.35902e-08
-2.71161e-07
4.12157e-09
-7.62989e-09
3.03262e-10
-5.36126e-10
2.8091e-11
-2.54592e-11
1.35763e-10
5.37751e-11
6.04253e-10
2.94421e-10
-7.01155e-10
-1.57627e-09
-1.96953e-08
-4.85011e-09
-3.53115e-07
-3.46134e-08
-3.99715e-07
-6.75828e-08
-3.48111e-07
-2.71583e-07
-1.20107e-07
-4.07349e-07
-1.08684e-08
-3.29974e-08
7.84082e-08
4.80132e-07
1.31661e-07
9.30241e-07
1.2065e-07
9.22896e-07
8.3672e-08
6.87155e-07
3.29335e-08
4.97981e-07
9.71805e-09
4.00279e-07
3.42028e-07
2.86321e-09
-6.20859e-08
1.25185e-06
-9.14575e-08
7.16635e-07
-9.79949e-08
2.26777e-07
-1.07875e-07
5.80782e-08
-1.09858e-07
-2.16489e-07
-9.62003e-08
-5.5469e-07
-6.98193e-08
-8.27073e-07
-5.67622e-08
-1.1261e-06
-1.30653e-07
-9.49624e-07
1.92465e-07
-6.4501e-07
8.0754e-09
-1.22082e-08
5.49594e-10
-3.08438e-10
2.71889e-11
-1.6679e-11
2.50841e-12
-1.90455e-12
3.2014e-11
1.94042e-11
2.16012e-10
8.31478e-11
1.1475e-09
2.2571e-11
1.1987e-09
5.05111e-11
-6.97808e-08
9.85252e-10
-4.10332e-07
-1.78234e-07
-4.46123e-07
-3.47751e-07
-3.02266e-07
-5.50881e-07
-1.53834e-07
-1.78011e-07
-7.88735e-08
4.03765e-07
2.476e-08
8.19799e-07
4.129e-08
9.06271e-07
4.62523e-08
6.82196e-07
3.00843e-08
5.1421e-07
7.17603e-09
4.23208e-07
3.48015e-07
1.18272e-09
-5.08713e-08
1.30272e-06
-9.35412e-08
7.59305e-07
-9.93164e-08
2.32552e-07
-1.10238e-07
6.89997e-08
-1.13746e-07
-2.12981e-07
-1.01675e-07
-5.66762e-07
-8.04812e-08
-8.48266e-07
-1.23985e-07
-1.0826e-06
2.48803e-07
-1.30387e-06
9.65528e-09
-1.24901e-07
2.31184e-10
-2.88037e-09
1.029e-11
-9.04347e-11
1.20384e-12
-7.36747e-12
3.61441e-13
-1.53223e-12
4.36753e-12
1.49842e-11
4.95057e-11
3.36719e-11
1.0062e-10
5.77951e-11
5.38509e-10
-1.46744e-11
-2.10617e-10
1.06912e-09
-3.60082e-07
-4.00085e-08
-5.03962e-07
-4.07304e-07
-4.53115e-07
-6.00784e-07
-3.30619e-07
-2.95934e-07
-2.36415e-07
3.08183e-07
-1.36938e-07
7.08661e-07
-7.58825e-08
8.45216e-07
-2.35667e-08
6.29881e-07
-2.1777e-09
4.92807e-07
-9.38947e-09
4.2909e-07
3.41656e-07
-3.01481e-09
-1.27721e-07
1.43044e-06
-9.44127e-08
7.25997e-07
-1.03297e-07
2.41436e-07
-1.14293e-07
7.99961e-08
-1.18608e-07
-2.08665e-07
-1.10946e-07
-5.74425e-07
-1.14309e-07
-8.44903e-07
-1.32137e-07
-1.06451e-06
1.38477e-07
-6.29335e-07
2.49382e-09
-1.19075e-08
7.90771e-11
-5.11707e-10
5.56366e-12
-7.93318e-12
5.12887e-13
-3.18681e-12
-5.98809e-14
-1.42823e-12
1.40949e-11
3.73118e-11
1.19945e-11
3.26833e-11
1.83343e-11
3.89425e-11
1.18748e-12
7.9438e-12
6.89727e-10
3.05829e-10
-1.24944e-08
-2.62827e-09
-4.26103e-07
-1.47606e-07
-5.74157e-07
-4.51266e-07
-4.80487e-07
-3.88284e-07
-3.20662e-07
1.59063e-07
-2.60274e-07
6.52114e-07
-1.57885e-07
7.42828e-07
-8.63551e-08
5.58352e-07
-3.91068e-08
4.456e-07
-2.16162e-08
4.11069e-07
3.24275e-07
-4.22062e-09
1.4202e-07
1.28842e-06
-1.07769e-07
9.75786e-07
-9.46213e-08
2.28288e-07
-1.11084e-07
9.64589e-08
-1.23601e-07
-1.96149e-07
-1.42612e-07
-5.55413e-07
-2.86692e-07
-6.98008e-07
4.12805e-07
-1.62703e-06
9.34215e-09
-8.49659e-08
4.24526e-10
-2.83054e-09
8.49875e-12
-9.11601e-11
6.98939e-13
-6.3734e-13
-1.18126e-14
-4.11798e-12
-7.2585e-12
-2.98317e-12
1.38878e-12
3.70784e-11
4.97824e-12
2.24141e-11
6.5853e-12
2.84515e-11
3.86466e-12
1.73111e-11
3.05625e-10
5.78952e-12
-4.56285e-09
2.08194e-09
-3.31886e-07
-5.91033e-08
-6.11189e-07
-3.27356e-07
-4.87096e-07
-5.12348e-07
-3.62937e-07
3.60107e-08
-3.26496e-07
6.19483e-07
-1.94582e-07
6.10914e-07
-1.18999e-07
4.8277e-07
-6.40913e-08
3.90002e-07
-2.50391e-08
3.72088e-07
-7.10731e-10
2.9876e-07
-8.00037e-08
8.20268e-08
-1.60697e-07
8.06937e-08
-1.97615e-07
3.51112e-08
-1.51912e-07
-4.74793e-08
-4.90988e-08
-1.02709e-07
9.03375e-08
-1.39557e-07
2.58348e-07
-1.68145e-07
3.18728e-07
-6.01077e-08
2.25507e-07
9.35169e-08
1.06378e-07
1.18516e-07
1.73601e-08
8.86857e-08
-7.22302e-08
8.97629e-08
-1.13184e-07
4.09538e-08
-1.50431e-07
3.72466e-08
-2.13801e-07
6.33706e-08
-1.87743e-07
-2.60581e-08
-1.9945e-07
1.17066e-08
-1.76665e-07
-2.27845e-08
-1.52976e-07
-2.36896e-08
-1.23487e-07
-2.94887e-08
-9.1268e-08
-3.2219e-08
-5.82953e-08
-3.29728e-08
-2.67802e-08
-3.15151e-08
7.27462e-10
-2.75077e-08
2.2683e-08
-2.19555e-08
3.71998e-08
-1.45169e-08
4.35948e-08
-6.39496e-09
4.19541e-08
1.64072e-09
2.74109e-08
1.45431e-08
2.7411e-08
-1.65106e-08
9.56182e-08
-2.63967e-08
9.05669e-08
-4.14772e-08
5.02964e-08
-2.35942e-08
-6.53635e-08
5.64611e-08
-1.82777e-07
1.55809e-07
-2.39194e-07
2.61113e-07
-2.73448e-07
3.37852e-07
-1.36506e-07
2.62312e-07
1.69083e-07
9.88957e-08
2.81464e-07
-8.52345e-08
2.7249e-07
-1.8514e-07
1.89668e-07
-1.99896e-07
5.571e-08
-2.37884e-07
7.52347e-08
-2.98111e-07
1.23598e-07
-2.497e-07
-7.44696e-08
-2.49469e-07
1.14761e-08
-2.17143e-07
-5.51104e-08
-1.77169e-07
-6.36637e-08
-1.35642e-07
-7.10155e-08
-8.99546e-08
-7.79064e-08
-4.56036e-08
-7.73238e-08
-5.20432e-09
-7.19143e-08
2.7955e-08
-6.06671e-08
5.21158e-08
-4.61163e-08
6.5595e-08
-2.79961e-08
6.826e-08
-9.06001e-09
6.08859e-08
9.01489e-09
3.80439e-08
3.73851e-08
6.54549e-08
-1.47191e-08
1.08874e-07
-8.00746e-09
8.48436e-08
1.53636e-08
2.69255e-08
5.57298e-08
-1.05731e-07
1.05425e-07
-2.32632e-07
1.60767e-07
-2.94931e-07
2.13979e-07
-3.27206e-07
2.48233e-07
-1.70845e-07
1.62883e-07
2.5446e-07
4.43007e-10
4.40421e-07
-1.40986e-07
4.13172e-07
-2.17627e-07
2.6631e-07
-2.30209e-07
6.8291e-08
-2.59491e-07
1.04517e-07
-2.99507e-07
1.63614e-07
-2.60669e-07
-1.13308e-07
-2.42493e-07
-6.70013e-09
-2.15403e-07
-8.22002e-08
-1.72699e-07
-1.06367e-07
-1.30386e-07
-1.13329e-07
-8.36174e-08
-1.24675e-07
-3.84137e-08
-1.22528e-07
2.52654e-09
-1.12854e-07
3.57046e-08
-9.38452e-08
5.93529e-08
-6.97645e-08
7.18305e-08
-4.04737e-08
7.31631e-08
-1.03926e-08
6.43547e-08
1.78234e-08
3.98975e-08
6.18422e-08
1.05352e-07
-5.97467e-10
1.1465e-07
3.49838e-08
4.96881e-08
7.91067e-08
-1.71962e-08
1.29869e-07
-1.56492e-07
1.51718e-07
-2.54789e-07
1.58093e-07
-3.01316e-07
1.52006e-07
-3.21131e-07
1.16924e-07
-1.35856e-07
5.03031e-08
3.21107e-07
-7.30649e-08
5.63456e-07
-1.83329e-07
5.22876e-07
-2.32724e-07
3.15705e-07
-2.60704e-07
9.62703e-08
-2.65828e-07
1.09641e-07
-2.8954e-07
1.87327e-07
-2.75426e-07
-1.27423e-07
-2.33751e-07
-4.83753e-08
-2.17501e-07
-9.84503e-08
-1.71748e-07
-1.5212e-07
-1.29445e-07
-1.55632e-07
-8.22627e-08
-1.71857e-07
-3.68078e-08
-1.67983e-07
4.34121e-09
-1.54003e-07
3.74922e-08
-1.26996e-07
6.09797e-08
-9.32521e-08
7.31718e-08
-5.26658e-08
7.4176e-08
-1.13968e-08
6.50927e-08
2.69067e-08
4.0318e-08
8.66169e-08
1.4567e-07
4.40535e-08
7.35323e-08
7.36813e-08
2.01103e-08
1.16302e-07
-5.98163e-08
1.60348e-07
-2.00537e-07
1.76799e-07
-2.71239e-07
1.56208e-07
-2.80771e-07
8.24139e-08
-2.47305e-07
3.21695e-09
-5.65913e-08
-6.05678e-08
3.84907e-07
-1.54726e-07
6.57286e-07
-2.08776e-07
5.76458e-07
-2.13399e-07
3.20328e-07
-2.72652e-07
1.55524e-07
-2.59728e-07
9.67173e-08
-2.59022e-07
1.8662e-07
-2.86438e-07
-1.00006e-07
-2.27105e-07
-1.07708e-07
-2.20087e-07
-1.05468e-07
-1.7177e-07
-2.00437e-07
-1.29297e-07
-1.98105e-07
-8.1778e-08
-2.19376e-07
-3.61626e-08
-2.13598e-07
5.15352e-09
-1.95319e-07
3.82765e-08
-1.60119e-07
6.16828e-08
-1.16658e-07
7.37296e-08
-6.47127e-08
7.45959e-08
-1.22631e-08
6.54549e-08
3.60478e-08
4.05611e-08
1.11511e-07
1.86232e-07
5.63783e-08
1.61253e-08
8.31612e-08
-6.67216e-09
1.38656e-07
-1.15311e-07
1.72011e-07
-2.33881e-07
1.43575e-07
-2.42782e-07
5.44079e-08
-1.91537e-07
-6.59163e-08
-1.2693e-07
-1.50631e-07
2.80117e-08
-1.88524e-07
4.24117e-07
-2.28323e-07
7.00953e-07
-2.59832e-07
6.08433e-07
-2.22326e-07
2.82823e-07
-2.80655e-07
2.13852e-07
-2.49083e-07
6.51449e-08
-2.40274e-07
1.77811e-07
-2.93e-07
-4.72798e-08
-2.2726e-07
-1.73448e-07
-2.21772e-07
-1.10957e-07
-1.72198e-07
-2.5001e-07
-1.29054e-07
-2.4125e-07
-8.12203e-08
-2.67209e-07
-3.54781e-08
-2.5934e-07
6.0017e-09
-2.36799e-07
3.90582e-08
-1.93176e-07
6.23639e-08
-1.39964e-07
7.42552e-08
-7.6604e-08
7.49912e-08
-1.29992e-08
6.58243e-08
4.52148e-08
4.08238e-08
1.36511e-07
2.27055e-07
4.21477e-08
-2.69647e-08
9.06409e-08
-5.5165e-08
1.56221e-07
-1.80881e-07
1.31274e-07
-2.08971e-07
2.71738e-08
-1.38553e-07
-1.3186e-07
-3.23866e-08
-2.13302e-07
-4.5523e-08
-2.54406e-07
6.90361e-08
-3.00532e-07
4.70962e-07
-3.15977e-07
7.18424e-07
-2.78652e-07
5.71107e-07
-2.39414e-07
2.43584e-07
-2.9585e-07
2.70288e-07
-2.43229e-07
1.25248e-08
-2.57776e-07
1.92358e-07
-3.01164e-07
-3.89205e-09
-2.36865e-07
-2.37747e-07
-2.21919e-07
-1.25903e-07
-1.7316e-07
-2.98769e-07
-1.28676e-07
-2.85734e-07
-8.05221e-08
-3.15363e-07
-3.46488e-08
-3.05214e-07
7.02557e-09
-2.78473e-07
3.99877e-08
-2.26138e-07
6.31652e-08
-1.63141e-07
7.48673e-08
-8.83061e-08
7.54493e-08
-1.35812e-08
6.62584e-08
5.44058e-08
4.11356e-08
1.61634e-07
2.68191e-07
2.74162e-08
-5.52996e-08
8.95137e-08
-1.17262e-07
9.65453e-08
-1.87897e-07
-7.68212e-09
-1.04725e-07
-1.37957e-07
-8.34033e-09
-2.37242e-07
6.7024e-08
-3.10366e-07
2.75526e-08
-3.71099e-07
1.29611e-07
-3.89385e-07
4.89245e-07
-3.49087e-07
6.7813e-07
-2.50406e-07
4.72426e-07
-2.59904e-07
2.53082e-07
-2.95494e-07
3.05878e-07
-2.56502e-07
-2.64676e-08
-3.0394e-07
2.39796e-07
-2.97581e-07
-1.02514e-08
-2.57664e-07
-2.77664e-07
-2.19333e-07
-1.64233e-07
-1.74617e-07
-3.43485e-07
-1.28162e-07
-3.32189e-07
-7.96692e-08
-3.63856e-07
-3.36557e-08
-3.51227e-07
8.24079e-09
-3.2037e-07
4.10836e-08
-2.58981e-07
6.41064e-08
-1.86164e-07
7.55822e-08
-9.97819e-08
7.59818e-08
-1.39808e-08
6.67655e-08
6.36221e-08
4.15011e-08
1.86898e-07
3.09692e-07
2.32864e-09
-5.74162e-08
-1.13764e-08
-1.03526e-07
-9.10258e-08
-1.08282e-07
-1.77591e-07
-1.82055e-08
-2.50727e-07
6.48037e-08
-2.92067e-07
1.08387e-07
-3.75749e-07
1.11227e-07
-4.44683e-07
1.98534e-07
-4.30869e-07
4.75427e-07
-3.29013e-07
5.76274e-07
-2.68872e-07
4.12286e-07
-3.38245e-07
3.22455e-07
-3.21149e-07
2.88781e-07
-3.12026e-07
-3.55906e-08
-3.19176e-07
2.46946e-07
-2.7473e-07
-5.46971e-08
-2.75621e-07
-2.76773e-07
-2.16551e-07
-2.23303e-07
-1.75834e-07
-3.84202e-07
-1.27573e-07
-3.8045e-07
-7.86409e-08
-4.12789e-07
-3.24963e-08
-3.97372e-07
9.65164e-09
-3.62518e-07
4.23488e-08
-2.91678e-07
6.51902e-08
-2.09005e-07
7.64017e-08
-1.10993e-07
7.65894e-08
-1.41686e-08
6.73471e-08
7.28645e-08
4.19215e-08
2.12324e-07
3.51614e-07
-6.33207e-08
6.65877e-09
-1.43126e-07
-2.37324e-08
-1.896e-07
-6.18696e-08
-1.99211e-07
-8.59427e-09
-2.59253e-07
1.24846e-07
-3.25456e-07
1.7459e-07
-3.61118e-07
1.46889e-07
-3.83502e-07
2.20918e-07
-3.50423e-07
4.42348e-07
-2.83564e-07
5.09415e-07
-3.01485e-07
4.30207e-07
-3.48699e-07
3.6967e-07
-3.31053e-07
2.71135e-07
-3.78513e-07
1.18693e-08
-3.23971e-07
1.92404e-07
-2.6834e-07
-1.10328e-07
-2.77602e-07
-2.67511e-07
-2.18757e-07
-2.82149e-07
-1.76036e-07
-4.26922e-07
-1.26972e-07
-4.29515e-07
-7.74091e-08
-4.62351e-07
-3.11686e-08
-4.43613e-07
1.12614e-08
-4.04948e-07
4.37845e-08
-3.24201e-07
6.64173e-08
-2.31638e-07
7.73253e-08
-1.21901e-07
7.72711e-08
-1.41144e-08
6.80034e-08
8.21322e-08
4.23976e-08
2.3793e-07
3.94011e-07
-1.07565e-08
2.25553e-08
-5.76625e-08
2.31701e-08
-1.74593e-07
5.49855e-08
-2.60178e-07
7.69904e-08
-2.53906e-07
1.18574e-07
-2.39788e-07
1.60472e-07
-2.62564e-07
1.69665e-07
-3.10249e-07
2.68604e-07
-3.00761e-07
4.3286e-07
-2.54755e-07
4.63408e-07
-3.06715e-07
4.82167e-07
-3.27792e-07
3.90746e-07
-3.17332e-07
2.60675e-07
-3.90772e-07
8.53091e-08
-3.51371e-07
1.53004e-07
-2.91408e-07
-1.70291e-07
-2.70742e-07
-2.88177e-07
-2.23842e-07
-3.29049e-07
-1.75795e-07
-4.74969e-07
-1.26285e-07
-4.79024e-07
-7.59514e-08
-5.12685e-07
-2.9669e-08
-4.89895e-07
1.30738e-08
-4.4769e-07
4.53919e-08
-3.56519e-07
6.77886e-08
-2.54035e-07
7.83525e-08
-1.32465e-07
7.80254e-08
-1.37873e-08
6.87349e-08
9.14227e-08
4.29305e-08
2.63734e-07
4.36942e-07
-1.09319e-08
3.1086e-08
-3.73813e-08
4.96133e-08
-1.26909e-07
1.44444e-07
-2.62329e-07
2.1241e-07
-3.50053e-07
2.06299e-07
-3.62905e-07
1.73324e-07
-3.22027e-07
1.28786e-07
-2.64039e-07
2.10616e-07
-2.66534e-07
4.35355e-07
-2.91819e-07
4.88693e-07
-3.08918e-07
4.99266e-07
-3.17288e-07
3.99116e-07
-3.34457e-07
2.77844e-07
-3.72786e-07
1.23637e-07
-3.57279e-07
1.37497e-07
-3.19969e-07
-2.07601e-07
-2.68294e-07
-3.39852e-07
-2.26518e-07
-3.70826e-07
-1.75994e-07
-5.25492e-07
-1.25426e-07
-5.29592e-07
-7.42374e-08
-5.63873e-07
-2.79917e-08
-5.36141e-07
1.50923e-08
-4.90774e-07
4.71724e-08
-3.886e-07
6.93044e-08
-2.76167e-07
7.94821e-08
-1.42643e-07
7.88504e-08
-1.31557e-08
6.9542e-08
1.00731e-07
4.35211e-08
2.89755e-07
4.80463e-07
-3.05607e-08
5.78018e-08
-5.04485e-08
6.94885e-08
-3.11276e-08
1.25109e-07
-2.6423e-08
2.07705e-07
-8.86954e-08
2.68572e-07
-1.93346e-07
2.77974e-07
-2.84602e-07
2.20042e-07
-3.22169e-07
2.48183e-07
-2.64775e-07
3.77961e-07
-2.62872e-07
4.86791e-07
-3.10996e-07
5.4739e-07
-3.30828e-07
4.18948e-07
-3.42094e-07
2.8911e-07
-3.64512e-07
1.46055e-07
-3.58212e-07
1.31197e-07
-3.25814e-07
-2.39999e-07
-2.79289e-07
-3.86377e-07
-2.25531e-07
-4.24584e-07
-1.76533e-07
-5.74491e-07
-1.24428e-07
-5.81697e-07
-7.22391e-08
-6.16062e-07
-2.61163e-08
-5.82264e-07
1.73192e-08
-5.3421e-07
4.91277e-08
-4.20408e-07
7.09657e-08
-2.98005e-07
8.07133e-08
-1.52391e-07
7.97439e-08
-1.21863e-08
7.0425e-08
1.1005e-07
4.41706e-08
3.16009e-07
5.24633e-07
-8.52001e-08
1.39771e-07
-1.90791e-07
1.75067e-07
-2.77745e-07
2.11982e-07
-2.95138e-07
2.25099e-07
-2.78233e-07
2.51667e-07
-2.76217e-07
2.75957e-07
-2.83056e-07
2.26882e-07
-3.14186e-07
2.79313e-07
-3.53147e-07
4.16923e-07
-3.49598e-07
4.83242e-07
-3.37918e-07
5.35709e-07
-3.74692e-07
4.55722e-07
-3.88466e-07
3.02885e-07
-3.60086e-07
1.17675e-07
-3.37324e-07
1.08435e-07
-3.26537e-07
-2.50786e-07
-2.86855e-07
-4.26058e-07
-2.24656e-07
-4.86783e-07
-1.76587e-07
-6.22559e-07
-1.23397e-07
-6.34887e-07
-6.99569e-08
-6.69503e-07
-2.40456e-08
-6.28175e-07
1.97564e-08
-5.78012e-07
5.1259e-08
-4.51911e-07
7.2773e-08
-3.19519e-07
8.20448e-08
-1.61662e-07
8.07029e-08
-1.08444e-08
7.13844e-08
1.19369e-07
4.48803e-08
3.42513e-07
5.69514e-07
-2.33232e-09
1.43314e-07
-3.52906e-08
2.08101e-07
-1.27747e-07
3.04406e-07
-2.44407e-07
3.41758e-07
-3.14559e-07
3.21819e-07
-3.44891e-07
3.0629e-07
-4.07181e-07
2.89171e-07
-4.65574e-07
3.37706e-07
-4.99581e-07
4.5093e-07
-4.87054e-07
4.70715e-07
-4.74591e-07
5.23246e-07
-4.78687e-07
4.59819e-07
-4.50288e-07
2.74486e-07
-4.24515e-07
9.19016e-08
-3.27904e-07
1.18232e-08
-2.98143e-07
-2.80547e-07
-2.92675e-07
-4.31526e-07
-2.2317e-07
-5.56288e-07
-1.7591e-07
-6.69819e-07
-1.2238e-07
-6.88417e-07
-6.74169e-08
-7.24466e-07
-2.1755e-08
-6.73837e-07
2.24049e-08
-6.22171e-07
5.3568e-08
-4.83074e-07
7.47273e-08
-3.40678e-07
8.34752e-08
-1.7041e-07
8.17237e-08
-9.09295e-09
7.24208e-08
1.28672e-07
4.56516e-08
3.69282e-07
6.15165e-07
5.15816e-08
9.24339e-08
1.00573e-07
1.59152e-07
1.28489e-07
2.76556e-07
1.25574e-07
3.44676e-07
1.49268e-07
2.98123e-07
1.7687e-07
2.78688e-07
8.32728e-08
3.82768e-07
-1.11241e-07
5.3222e-07
-2.62048e-07
6.01737e-07
-3.57588e-07
5.66255e-07
-3.98819e-07
5.64477e-07
-4.37139e-07
4.98139e-07
-4.82144e-07
3.1949e-07
-4.79991e-07
8.97488e-08
-3.72499e-07
-9.56684e-08
-2.95923e-07
-3.57123e-07
-2.71853e-07
-4.55597e-07
-2.2562e-07
-6.02522e-07
-1.73479e-07
-7.2196e-07
-1.21428e-07
-7.40468e-07
-6.46574e-08
-7.81236e-07
-1.92411e-08
-7.19254e-07
2.52648e-08
-6.66677e-07
5.60565e-08
-5.13866e-07
7.68291e-08
-3.61451e-07
8.50033e-08
-1.78585e-07
8.2801e-08
-6.89067e-09
7.35347e-08
1.37938e-07
4.64862e-08
3.96331e-07
6.61652e-07
1.92713e-08
7.24636e-08
5.07383e-08
1.27684e-07
9.13875e-08
2.35907e-07
9.78567e-08
3.38217e-07
3.80211e-08
3.57961e-07
-6.9095e-08
3.85804e-07
-2.23838e-07
5.37511e-07
-3.24566e-07
6.32947e-07
-3.23391e-07
6.00562e-07
-2.6512e-07
5.07984e-07
-2.14861e-07
5.14219e-07
-2.25414e-07
5.08691e-07
-3.36292e-07
4.30368e-07
-4.33415e-07
1.86872e-07
-4.4482e-07
-8.42636e-08
-3.31232e-07
-4.70711e-07
-2.4282e-07
-5.44008e-07
-2.23323e-07
-6.22018e-07
-1.70534e-07
-7.74749e-07
-1.20272e-07
-7.9073e-07
-6.17211e-08
-8.39787e-07
-1.64834e-08
-7.64491e-07
2.83348e-08
-7.11495e-07
5.8727e-08
-5.44258e-07
7.90799e-08
-3.81804e-07
8.66271e-08
-1.86132e-07
8.39267e-08
-4.19029e-09
7.47268e-08
1.47138e-07
4.73858e-08
4.23672e-07
7.09037e-07
-5.80421e-08
1.26977e-07
-9.4067e-08
1.63708e-07
-1.08837e-07
2.50677e-07
-1.28035e-07
3.57418e-07
-1.98685e-07
4.28611e-07
-3.05041e-07
4.92159e-07
-3.57286e-07
5.89757e-07
-3.06565e-07
5.82226e-07
-2.78175e-07
5.72172e-07
-3.24913e-07
5.54721e-07
-3.98759e-07
5.88065e-07
-4.13974e-07
5.23906e-07
-3.61649e-07
3.78044e-07
-3.79778e-07
2.05e-07
-4.22044e-07
-4.1997e-08
-3.47589e-07
-5.45166e-07
-2.52865e-07
-6.38732e-07
-2.11483e-07
-6.63401e-07
-1.68174e-07
-8.18058e-07
-1.18576e-07
-8.40328e-07
-5.86183e-08
-8.99745e-07
-1.34474e-08
-8.09662e-07
3.16125e-08
-7.56555e-07
6.15806e-08
-5.74226e-07
8.148e-08
-4.01703e-07
8.83456e-08
-1.92997e-07
8.50953e-08
-9.39946e-10
7.59977e-08
1.56235e-07
4.83524e-08
4.51317e-07
7.5739e-07
-8.94081e-08
2.1465e-07
-1.52326e-07
2.26626e-07
-1.66372e-07
2.64723e-07
-1.27344e-07
3.18388e-07
-6.23445e-08
3.63611e-07
7.43109e-09
4.22384e-07
3.40584e-08
5.6313e-07
-2.54851e-08
6.41769e-07
-1.68387e-07
7.15074e-07
-5.67895e-08
4.43124e-07
-7.7756e-08
6.09032e-07
-3.8602e-07
8.3217e-07
-5.27268e-07
5.19292e-07
-5.05622e-07
1.83354e-07
-4.0146e-07
-1.46164e-07
-3.27892e-07
-6.18731e-07
-2.84273e-07
-6.8235e-07
-1.96531e-07
-7.51143e-07
-1.66352e-07
-8.48237e-07
-1.16277e-07
-8.90403e-07
-5.5316e-08
-9.60706e-07
-1.00866e-08
-8.54892e-07
3.50951e-08
-8.01737e-07
6.46211e-08
-6.03752e-07
8.40306e-08
-4.21112e-07
9.0157e-08
-1.99124e-07
8.63055e-08
2.91154e-09
7.73483e-08
1.65193e-07
4.93882e-08
4.79277e-07
8.06778e-07
-6.81962e-08
2.86215e-07
-1.22848e-07
2.81278e-07
-1.2505e-07
2.66925e-07
-7.53261e-08
2.68663e-07
-8.20118e-09
2.96485e-07
2.32363e-08
3.90946e-07
-7.3267e-08
6.59633e-07
-3.53931e-07
9.22434e-07
-6.00775e-07
9.61919e-07
-4.59598e-07
3.01947e-07
-4.44991e-07
5.94425e-07
-4.12793e-07
7.99971e-07
-4.17718e-07
5.08914e-07
-5.40534e-07
2.08672e-07
-4.79393e-07
-1.93952e-07
-3.20922e-07
-7.77086e-07
-2.71703e-07
-7.31559e-07
-1.91132e-07
-8.31714e-07
-1.64167e-07
-8.75202e-07
-1.13712e-07
-9.40857e-07
-5.17835e-08
-1.02264e-06
-6.37873e-09
-9.00297e-07
3.87774e-08
-8.46893e-07
6.78511e-08
-6.32826e-07
8.67323e-08
-4.39994e-07
9.20593e-08
-2.04451e-07
8.75555e-08
7.41534e-09
7.87794e-08
1.73969e-07
5.04955e-08
5.07561e-07
8.57274e-07
-3.62313e-08
3.28669e-07
-7.21952e-08
3.17231e-07
-7.73665e-08
2.71978e-07
-1.04362e-07
2.95658e-07
-1.97983e-07
3.90105e-07
-3.80422e-07
5.73385e-07
-6.00428e-07
8.79639e-07
-6.01181e-07
9.23186e-07
-2.72487e-07
6.33224e-07
-8.62255e-08
1.01647e-07
-2.61124e-07
7.69315e-07
-5.52032e-08
5.61893e-07
-3.83214e-08
4.08333e-07
-1.42188e-07
1.21031e-07
-2.75037e-07
-2.53631e-08
-3.53696e-07
-3.47935e-07
-2.31874e-07
-8.53105e-07
-1.86625e-07
-8.76957e-07
-1.59677e-07
-9.0215e-07
-1.10867e-07
-9.89667e-07
-4.80666e-08
-1.08544e-06
-2.26368e-09
-9.46099e-07
4.26492e-08
-8.91806e-07
7.12751e-08
-6.61452e-07
8.95867e-08
-4.58305e-07
9.40506e-08
-2.08915e-07
8.88539e-08
1.2612e-08
8.02921e-08
1.82531e-07
5.16771e-08
5.36176e-07
9.08951e-07
-5.01959e-09
3.40341e-07
-1.85257e-08
3.3068e-07
-2.59454e-08
2.79366e-07
-9.90092e-08
3.68721e-07
-2.6851e-07
5.59606e-07
-4.72922e-07
7.77797e-07
-5.71787e-07
9.78504e-07
-2.98666e-07
6.35621e-07
1.32869e-07
1.9169e-07
2.81235e-07
-5.93416e-08
3.23403e-07
7.10515e-07
2.22403e-07
6.13994e-07
2.62821e-07
2.16881e-07
2.24368e-07
-1.65934e-07
3.27397e-08
-1.39005e-08
-1.24156e-07
-4.57354e-09
-2.10209e-07
-2.98535e-07
-1.69504e-07
-9.17427e-07
-1.47856e-07
-9.2379e-07
-1.05549e-07
-1.03197e-06
-4.41253e-08
-1.14686e-06
1.27477e-09
-9.915e-07
4.66915e-08
-9.37222e-07
7.48976e-08
-6.89658e-07
9.25946e-08
-4.76002e-07
9.61287e-08
-2.12449e-07
9.02155e-08
1.85253e-08
8.18874e-08
1.90859e-07
5.29356e-08
5.65128e-07
9.61886e-07
6.1033e-09
3.40794e-07
-1.15059e-08
3.48265e-07
-6.0402e-08
3.28231e-07
-1.56986e-07
4.65304e-07
-3.17543e-07
7.20161e-07
-4.58633e-07
9.18888e-07
-3.26227e-07
8.47826e-07
-3.97262e-08
3.54027e-07
7.23372e-09
1.50241e-07
8.49374e-08
-1.3828e-07
2.85111e-07
4.87401e-07
4.40929e-07
3.77283e-07
2.16513e-07
9.16588e-08
2.83972e-08
-1.47713e-07
1.16528e-08
-4.81279e-10
7.52839e-09
-1.50612e-10
-1.62823e-07
-9.48277e-09
-1.56737e-07
-4.83238e-07
-1.23013e-07
-9.5731e-07
-9.10218e-08
-1.06397e-06
-3.88606e-08
-1.19902e-06
4.92562e-09
-1.03529e-06
5.08915e-08
-9.83188e-07
7.87233e-08
-7.1749e-07
9.57576e-08
-4.93036e-07
9.82912e-08
-2.14982e-07
9.16335e-08
2.51829e-08
8.35665e-08
1.98926e-07
5.42742e-08
5.9442e-07
1.01616e-06
8.144e-09
3.37583e-07
-9.72544e-09
3.66174e-07
-7.3108e-08
3.91584e-07
-1.75297e-07
5.6749e-07
-2.94879e-07
8.39739e-07
-3.71554e-07
9.94337e-07
-2.29177e-07
7.04019e-07
-1.02753e-07
2.32317e-07
2.68966e-08
2.11829e-08
9.43567e-08
-2.11384e-07
1.47956e-07
4.22323e-07
3.15998e-07
2.23476e-08
1.38127e-07
-1.90219e-07
-1.69267e-10
-1.68662e-08
6.83061e-11
-1.79549e-10
2.1252e-11
-4.33829e-11
-7.26703e-09
-5.66707e-10
-1.38194e-07
-4.74034e-08
-8.69121e-08
-4.57224e-07
-5.57773e-08
-1.09508e-06
-2.73244e-08
-1.22747e-06
9.0994e-09
-1.07171e-06
5.52395e-08
-1.02933e-06
8.27597e-08
-7.4501e-07
9.90755e-08
-5.09352e-07
1.00534e-07
-2.1644e-07
9.31008e-08
3.26159e-08
8.53302e-08
2.06696e-07
5.56955e-08
6.24055e-07
1.07186e-06
5.53438e-09
3.34431e-07
-7.62934e-09
3.79381e-07
-6.18722e-08
4.45796e-07
-1.36262e-07
6.41877e-07
-1.98874e-07
9.02347e-07
-2.04892e-07
9.99695e-07
-1.13905e-07
6.03406e-07
-1.80762e-08
1.36523e-07
2.57419e-07
-2.54273e-07
2.14832e-07
-1.68754e-07
3.23243e-07
2.56171e-07
1.2692e-07
-7.09777e-08
1.59796e-08
-6.48516e-08
3.03369e-12
-4.55781e-10
-6.8154e-11
-9.31138e-11
-1.20386e-10
2.13104e-11
-6.18225e-10
-2.92224e-11
-4.36578e-08
-3.99632e-09
-1.32317e-07
-7.53863e-08
7.26434e-09
-8.26561e-07
4.59002e-09
-1.22479e-06
1.447e-08
-1.08159e-06
5.97317e-08
-1.07459e-06
8.70141e-08
-7.72292e-07
1.02552e-07
-5.24891e-07
1.02857e-07
-2.16745e-07
9.46127e-08
4.08605e-08
8.7182e-08
2.14127e-07
5.72156e-08
6.54021e-07
1.12907e-06
-4.18319e-09
3.41474e-07
-2.46793e-08
3.99893e-07
-7.38644e-08
4.94951e-07
-1.11532e-07
6.79543e-07
-1.23645e-07
9.14456e-07
-5.298e-08
9.31267e-07
1.86616e-08
5.30477e-07
1.32862e-07
2.24323e-08
3.61103e-07
-4.82476e-07
3.7881e-07
-1.86431e-07
4.36641e-07
-3.79347e-08
4.95317e-08
-5.27198e-08
-1.40758e-09
-1.4159e-08
2.74135e-11
6.94424e-11
-4.83632e-11
5.82308e-11
-3.11875e-11
6.75042e-12
-4.61057e-11
-1.51992e-12
-3.54984e-09
-4.58026e-10
-7.16749e-08
-6.9798e-09
3.37389e-09
-2.77019e-07
7.18892e-08
-1.29305e-06
2.5311e-08
-1.03485e-06
6.44367e-08
-1.11372e-06
9.14889e-08
-7.99344e-07
1.06176e-07
-5.39577e-07
1.05245e-07
-2.15815e-07
9.61567e-08
4.99487e-08
8.91129e-08
2.21171e-07
5.86634e-08
6.84471e-07
1.18774e-06
-5.74133e-09
3.48372e-07
-2.78536e-08
4.22018e-07
-4.28697e-08
5.10196e-07
-4.16475e-08
6.78319e-07
-3.11135e-08
9.03816e-07
8.01082e-08
8.13941e-07
1.85533e-07
4.23682e-07
3.38831e-07
-1.26045e-07
4.71903e-07
-6.15523e-07
4.15961e-07
-2.1854e-07
7.70186e-08
-4.04194e-08
1.39991e-08
-1.25158e-08
-1.52505e-10
-6.77143e-12
-4.74368e-11
-2.00713e-12
-6.31911e-12
1.36082e-11
-2.25308e-12
1.5901e-12
-3.87191e-12
8.63498e-14
-4.54889e-10
-9.041e-12
-7.33956e-09
-2.56916e-10
-1.97999e-07
-1.22155e-08
1.31785e-07
-6.4651e-07
5.65586e-08
-9.50529e-07
7.00657e-08
-1.12722e-06
9.62721e-08
-8.25551e-07
1.09983e-07
-5.53289e-07
1.0773e-07
-2.13561e-07
9.77644e-08
5.9914e-08
9.11695e-08
2.27766e-07
6.19778e-08
7.13662e-07
1.24971e-06
1.46987e-09
3.43861e-07
-4.93093e-09
4.27283e-07
1.8961e-08
4.86291e-07
6.70929e-08
6.30185e-07
1.14952e-07
8.55953e-07
2.21649e-07
6.95879e-07
3.37533e-07
3.06463e-07
4.77598e-07
-2.60936e-07
5.17265e-07
-6.54685e-07
3.18198e-07
-3.72107e-07
1.00819e-08
3.09392e-10
-2.31557e-12
-2.43021e-09
-8.67012e-12
-2.13621e-13
-1.07698e-11
8.32543e-13
-1.30471e-12
3.83836e-12
-1.55647e-13
3.11464e-13
-9.61041e-14
-4.76567e-15
-6.34478e-12
-2.19187e-12
-1.91232e-10
-7.39107e-11
-9.7372e-09
-2.75351e-09
-2.417e-07
-1.25888e-07
1.23601e-07
-1.29793e-06
8.06388e-08
-1.08426e-06
1.01705e-07
-8.46617e-07
1.13899e-07
-5.65483e-07
1.10084e-07
-2.09746e-07
9.90798e-08
7.09181e-08
9.32347e-08
2.33611e-07
5.07322e-08
7.56165e-07
1.30045e-06
1.32699e-08
3.25434e-07
3.24457e-08
4.07517e-07
7.93027e-08
4.39469e-07
1.54719e-07
5.54765e-07
2.55438e-07
7.5523e-07
2.93292e-07
6.62061e-07
4.56679e-07
1.54427e-07
5.89452e-07
-3.92868e-07
3.97154e-07
-4.61474e-07
8.12839e-08
-2.85963e-07
3.145e-09
7.46053e-09
-2.42502e-12
7.17408e-10
-2.55164e-12
-4.15263e-14
-1.98685e-12
3.65161e-13
-2.03469e-13
1.76513e-12
-3.90891e-14
1.437e-13
-3.36925e-14
-9.42053e-15
-2.01456e-12
-2.27243e-13
-6.8396e-11
-7.01923e-12
-2.37878e-09
-4.98372e-10
-1.40321e-07
-1.18338e-08
1.32462e-07
-6.32207e-07
1.13853e-07
-1.06536e-06
1.10815e-07
-8.43579e-07
1.18773e-07
-5.73441e-07
1.14108e-07
-2.0508e-07
1.03038e-07
8.19874e-08
9.41419e-08
2.42507e-07
1.27702e-07
7.22605e-07
1.42815e-06
2.37533e-08
3.00677e-07
6.38324e-08
3.67494e-07
1.15111e-07
3.87643e-07
1.89773e-07
4.80099e-07
3.1526e-07
6.29738e-07
3.55392e-07
6.26152e-07
4.65083e-07
4.5939e-08
5.64044e-07
-4.91797e-07
2.88147e-07
-3.40065e-07
-7.04283e-09
-3.12641e-08
-2.09122e-10
2.17593e-10
-5.00105e-13
6.91099e-11
-5.66361e-13
1.62847e-14
-4.74667e-13
2.9905e-13
-6.9098e-14
1.35482e-12
3.70013e-16
7.42524e-14
-7.11728e-15
-1.93645e-15
-1.60452e-13
-7.25815e-14
-6.60353e-12
-5.99642e-13
-4.08722e-10
-8.85232e-11
-9.23328e-09
-2.83754e-09
-4.13736e-07
-8.60531e-08
2.8554e-07
-1.63967e-06
1.41878e-07
-6.97408e-07
1.23709e-07
-5.55272e-07
1.10859e-07
-1.92231e-07
9.43004e-08
9.85464e-08
1.07237e-07
2.29571e-07
-1.42316e-07
9.72157e-07
1.28583e-06
-1.31183e-07
1.08886e-06
-2.64441e-08
8.71047e-07
-5.25646e-08
2.54408e-07
-5.95641e-08
1.03458e-07
-7.41392e-08
-1.81574e-07
-1.16458e-07
-5.13093e-07
-1.71397e-07
-5.89289e-07
5.52442e-08
-7.65059e-07
1.98294e-09
-1.39296e-08
7.44134e-11
-9.31114e-10
6.05065e-13
-2.37191e-11
4.27789e-14
-1.11754e-13
-1.25629e-13
-3.35396e-12
-4.87929e-12
-1.14578e-11
-4.13674e-13
3.69008e-11
2.18011e-12
1.58286e-11
2.20915e-12
2.53459e-11
2.67043e-15
1.97592e-11
2.54275e-12
5.13785e-12
4.86061e-10
5.29482e-10
-9.60083e-09
-1.39858e-08
-2.12584e-07
-1.19461e-07
-2.36618e-07
-4.88308e-07
-1.93117e-07
-7.4935e-09
-1.74931e-07
6.01292e-07
-1.03816e-07
5.39798e-07
-5.91377e-08
4.38091e-07
-3.51278e-08
3.65494e-07
-1.23459e-08
3.49347e-07
2.85998e-07
4.47908e-10
-2.46271e-07
4.70659e-07
8.16549e-09
6.16611e-07
-7.21773e-08
3.34751e-07
-8.05183e-08
1.11799e-07
-1.08384e-07
-1.53708e-07
-1.58329e-07
-4.63148e-07
1.08714e-07
-8.85441e-07
6.1855e-09
-2.94609e-07
5.03148e-10
-8.18495e-09
1.40823e-11
-4.40976e-10
8.39881e-14
-9.63034e-12
-3.28674e-15
-2.12846e-14
-9.12286e-13
-9.02216e-13
-3.10562e-12
-5.87799e-12
-2.46944e-12
1.90976e-13
8.52346e-12
7.76669e-11
2.49241e-12
3.16598e-11
-6.18987e-13
2.67996e-11
-4.09238e-12
1.3963e-11
-3.28142e-10
8.78072e-10
-8.77697e-09
-8.32008e-09
-1.26256e-07
-1.60482e-07
-2.31984e-07
-3.82587e-07
-2.32818e-07
-6.65742e-09
-1.88881e-07
5.57349e-07
-1.11965e-07
4.62881e-07
-5.94339e-08
3.84382e-07
-3.86596e-08
3.44739e-07
-1.1331e-08
3.22048e-07
2.73071e-07
1.6361e-09
-3.08484e-07
1.20376e-08
-9.55937e-08
2.18475e-07
-1.56138e-07
3.95295e-07
-1.55478e-07
1.11139e-07
-1.92086e-07
-1.17058e-07
-2.91224e-07
-3.63933e-07
2.33889e-07
-1.23696e-06
8.60829e-09
-8.00701e-10
4.47563e-10
-1.54801e-11
9.67015e-12
3.3174e-14
1.30802e-14
1.67231e-14
-1.94975e-15
-3.04083e-15
-5.98278e-13
-2.2175e-14
-7.73852e-13
-4.47984e-13
-4.63346e-12
7.71963e-13
1.70408e-11
6.52881e-11
1.03808e-11
1.22187e-10
-6.50561e-13
4.37121e-11
-3.02922e-12
2.4845e-11
-1.88879e-12
8.95002e-10
-3.74474e-09
-4.54297e-09
-9.46639e-08
-9.72891e-08
-2.69197e-07
-2.47722e-07
-2.69009e-07
-6.8388e-09
-1.6877e-07
4.5707e-07
-1.06227e-07
3.99125e-07
-6.64306e-08
3.44638e-07
-3.98481e-08
3.18187e-07
-6.63029e-09
2.88878e-07
2.63362e-07
3.11749e-09
-3.84561e-07
-7.45912e-08
-3.67044e-07
2.21399e-08
-3.34953e-07
3.13768e-07
-3.11197e-07
8.07489e-08
-3.42506e-07
-8.62661e-08
-3.13788e-07
-2.32477e-07
-4.03927e-11
-7.23127e-08
6.58285e-13
-8.24883e-10
3.14291e-13
-1.5156e-11
-5.24434e-15
2.45628e-13
-4.5137e-17
7.31591e-14
-1.8306e-16
1.4161e-15
-1.34057e-14
-4.95581e-15
-4.4209e-13
-1.6528e-14
-5.42003e-12
1.90701e-12
1.93072e-11
4.67228e-11
2.00874e-11
1.30136e-10
3.73939e-12
8.87273e-11
-1.56988e-11
1.29937e-11
4.44186e-10
6.03088e-10
3.27872e-09
-7.96025e-09
-1.01743e-07
-4.69681e-08
-2.87469e-07
-2.08267e-07
-2.84934e-07
-9.36957e-09
-1.47502e-07
3.19766e-07
-9.50756e-08
3.47766e-07
-7.66707e-08
3.26277e-07
-3.56866e-08
2.7725e-07
-4.46798e-09
2.57706e-07
2.56233e-07
3.21744e-09
-3.35011e-07
-4.69093e-08
-5.65962e-07
-7.59789e-08
-5.56041e-07
1.82384e-07
-5.20209e-07
2.117e-08
-4.96238e-07
-9.09268e-08
-4.11198e-09
-3.11596e-07
-5.9933e-11
-7.81646e-08
-2.94438e-12
-2.09232e-09
6.53471e-13
-5.40073e-11
-9.0673e-15
-2.90648e-13
-9.35619e-16
-1.44932e-14
-6.03321e-16
1.08477e-15
-6.60715e-16
-3.41803e-15
-2.90343e-14
-5.87047e-16
-2.15662e-13
5.00401e-14
5.10181e-12
3.54314e-13
2.30916e-11
1.23571e-10
9.43003e-12
3.39556e-11
-5.62234e-12
2.1426e-11
-3.87244e-10
9.59844e-10
-3.40226e-09
-5.28921e-09
-6.15426e-08
-9.00614e-09
-1.23526e-07
-2.29804e-07
-1.56131e-07
2.32405e-08
-1.2001e-07
2.83668e-07
-1.00156e-07
3.28878e-07
-8.89174e-08
3.15869e-07
-5.39297e-08
2.42309e-07
-1.95371e-08
2.23721e-07
2.3598e-07
1.06145e-09
-1.28668e-07
-9.51249e-09
-5.59364e-07
-5.72462e-08
-7.18968e-07
6.65309e-08
-6.58274e-07
-5.48913e-08
-5.0222e-07
-9.11018e-08
1.41664e-07
-2.26549e-08
1.20724e-09
-2.47722e-08
5.8472e-11
-1.02346e-09
2.87061e-13
6.03439e-15
-3.56118e-15
-6.33244e-16
-1.59253e-14
-2.12456e-15
-4.26345e-15
-9.30424e-14
-7.71672e-16
-3.03819e-14
-1.43679e-14
-4.11582e-15
-9.85739e-15
3.00805e-14
2.8645e-13
-2.45905e-14
6.5831e-12
2.51061e-12
5.16514e-12
7.01391e-12
2.07368e-11
2.78674e-12
4.81226e-10
5.9528e-10
6.98121e-09
-1.9023e-08
7.08909e-09
-1.03999e-08
-1.06876e-07
4.25644e-11
-1.05075e-07
-3.05519e-08
-1.16983e-07
2.95578e-07
-1.07034e-07
3.18933e-07
-8.30526e-08
2.92458e-07
-6.13222e-08
2.21412e-07
-3.03984e-08
1.93081e-07
2.04185e-07
1.39695e-09
-2.04889e-08
-1.08958e-10
-2.78187e-07
-9.41547e-09
-4.37709e-07
3.01563e-09
-3.83324e-07
-2.92837e-08
-9.0475e-10
3.24203e-19
6.99347e-11
5.79075e-16
8.42296e-10
6.48041e-16
2.29133e-16
-3.21048e-16
-3.7371e-17
-2.41471e-17
-7.75212e-18
-6.77663e-17
2.99958e-15
-2.92866e-16
-1.03868e-13
-5.50812e-14
-7.91439e-15
-6.33043e-13
-1.26049e-15
-2.93322e-14
-3.47095e-15
1.11145e-14
1.74601e-14
1.245e-15
5.04561e-13
2.04619e-12
1.2091e-12
5.5743e-12
2.1918e-12
1.04417e-12
1.78436e-09
6.50363e-10
1.44848e-12
-9.37466e-09
7.22726e-09
-1.16275e-09
-1.11317e-07
6.91502e-10
-3.37929e-07
-1.04428e-07
-1.75297e-07
1.32947e-07
-1.28767e-07
2.72405e-07
-3.22024e-08
1.95895e-07
-2.86673e-08
2.17876e-07
-2.07641e-08
1.85178e-07
1.79669e-07
3.75197e-09
-1.09753e-10
-1.41909e-12
-9.51422e-09
-1.10258e-11
-7.27561e-09
8.10096e-12
3.16406e-18
-5.14861e-13
1.30843e-16
4.81778e-17
3.48158e-17
7.77085e-16
-8.46303e-19
3.89776e-16
-1.52355e-18
-3.20369e-16
-4.31e-18
-6.35688e-17
-2.13609e-17
-5.1005e-17
-7.00265e-17
-1.14493e-16
-5.07786e-14
-4.20997e-15
-1.55034e-13
-1.97495e-13
-1.50713e-11
-6.35228e-13
-9.0462e-14
3.00864e-11
-8.38031e-14
1.20298e-14
7.02473e-14
1.87619e-12
4.30299e-13
4.75256e-12
2.44489e-13
3.38261e-13
4.91605e-10
1.58198e-10
-6.74076e-10
-4.92991e-12
-9.63328e-10
3.38007e-11
-2.52157e-09
1.5296e-09
-1.06768e-07
-2.48424e-09
-1.32044e-07
1.46475e-08
-1.0054e-07
2.40902e-07
9.48669e-10
9.44038e-08
1.21248e-08
2.06698e-07
4.08394e-09
1.93219e-07
1.76897e-07
6.85614e-09
-2.24003e-12
-3.51114e-13
-8.96978e-12
1.8527e-13
-6.25048e-15
-8.57332e-13
1.07179e-16
-5.21219e-13
7.39302e-17
6.08652e-17
2.4697e-17
6.11347e-16
-2.14355e-17
1.53773e-16
-2.61634e-18
-2.06982e-16
-3.89611e-18
-2.48954e-17
-1.34904e-17
-3.19574e-17
-1.5683e-16
-1.18143e-16
-3.88527e-15
-6.26162e-16
-9.82052e-14
-1.02142e-13
-6.87528e-12
-7.01153e-12
6.67308e-12
3.5421e-11
-2.92423e-14
6.74806e-12
3.43394e-14
1.51879e-12
3.63314e-11
2.0159e-10
1.08137e-11
2.49659e-11
1.19928e-10
3.71863e-11
1.35417e-09
2.7541e-09
1.25601e-09
-1.89349e-10
1.85575e-09
-3.55051e-11
9.42347e-10
-2.81756e-09
-9.98816e-08
9.02945e-10
-9.9306e-08
7.57545e-09
-9.9836e-08
3.64754e-08
-1.88858e-08
1.25748e-07
1.76455e-09
1.72568e-07
1.7079e-07
7.87173e-09
-8.43453e-13
-4.89578e-13
-9.25169e-14
2.65526e-12
-7.49502e-13
-1.07486e-14
4.44933e-17
-1.9128e-14
1.74034e-17
-5.42634e-18
5.50013e-18
2.49486e-16
-7.87522e-18
-2.04514e-17
-9.90169e-19
-9.99657e-17
-2.60794e-18
-1.38374e-17
-1.37322e-17
-1.92863e-17
-1.07766e-16
-6.4993e-17
-6.77595e-16
-7.35897e-17
-1.02737e-13
-1.13912e-16
1.05954e-11
-4.64011e-16
3.45451e-11
3.17248e-11
4.51533e-13
9.24989e-11
4.56811e-11
3.25656e-10
2.29141e-10
8.05736e-11
1.32703e-10
1.22353e-10
1.71952e-10
8.90194e-11
5.69829e-10
3.3687e-10
1.41455e-10
1.1085e-09
-1.05632e-09
3.00548e-11
-5.3626e-09
1.25895e-10
-4.89616e-09
6.2098e-11
-2.66064e-08
-2.12282e-11
-4.85495e-08
-2.41758e-09
-8.48364e-08
9.39328e-10
-4.78261e-08
6.61129e-09
1.47283e-08
-4.11995e-09
-2.17522e-12
-8.7676e-13
-1.89971e-13
1.53098e-11
-2.37544e-14
5.35749e-15
-1.898e-17
-6.35657e-16
1.07168e-19
-4.68283e-17
-2.49386e-19
-5.07535e-17
-3.24806e-18
-7.32807e-17
-5.47269e-19
-5.64284e-17
-1.67088e-18
-7.77466e-18
-7.31183e-18
-1.18356e-17
-1.2412e-17
-4.75066e-17
-1.08353e-17
-7.30772e-17
-7.55634e-18
-1.20009e-16
2.33306e-17
-4.96869e-16
1.33354e-11
1.43023e-12
3.05244e-11
1.01369e-10
1.32496e-10
2.4929e-10
2.43551e-10
-1.34692e-12
1.14771e-10
2.31142e-11
9.96332e-11
1.85909e-10
2.0982e-10
1.66858e-10
1.12125e-10
2.05432e-09
-1.09364e-10
5.04547e-10
-1.578e-10
-4.07158e-11
-5.92898e-11
-1.00471e-11
-7.91687e-11
-9.34786e-13
-2.49638e-09
-4.27073e-13
-1.55701e-09
-7.03295e-14
-1.42008e-09
-2.8878e-13
-3.0261e-12
-1.56634e-10
-2.76411e-12
-3.38262e-13
-7.48338e-16
1.54611e-11
-3.15991e-17
4.63427e-15
-9.08233e-18
-6.53415e-16
1.97135e-18
-4.77394e-17
1.36429e-19
-1.04594e-16
-1.15255e-18
-5.10721e-17
-3.03815e-19
-2.25657e-17
-1.07396e-18
-3.96972e-18
-5.14181e-18
-6.80834e-18
-1.19573e-17
-3.30734e-17
-1.97282e-17
-6.58298e-17
-1.08157e-16
-9.43857e-17
1.43829e-15
-2.03279e-15
1.45963e-12
-3.06455e-14
3.71535e-11
1.413e-11
7.10241e-11
3.72097e-11
2.14842e-11
2.86248e-11
4.18162e-11
-1.26676e-10
1.02209e-10
2.07918e-10
1.74227e-10
1.48755e-10
3.19134e-10
5.98777e-10
2.85742e-11
9.58233e-10
-4.93598e-11
3.43413e-10
-8.70999e-13
1.85969e-11
-5.19006e-13
-1.30198e-12
-5.67322e-13
-3.59324e-13
-4.36252e-13
-2.30654e-13
-4.67016e-13
-2.33244e-13
-2.02187e-13
-3.26413e-12
-1.96711e-12
-5.08603e-14
-3.62972e-12
2.02577e-11
-1.85918e-14
1.8572e-11
-5.41669e-18
-1.92371e-14
1.50712e-18
-4.49625e-17
1.31739e-18
-5.17486e-17
-3.11424e-19
-1.96225e-17
-1.60997e-19
-8.20267e-18
-6.48086e-19
-1.96053e-18
-3.48011e-18
-3.90544e-18
-1.03101e-17
-2.28694e-17
-1.46917e-17
-5.72144e-17
1.53241e-17
-1.35768e-16
3.1667e-15
-2.99437e-15
4.24474e-14
-1.12001e-13
1.84164e-12
3.1196e-14
3.75066e-11
2.29898e-12
6.27603e-11
1.04e-10
2.05419e-10
-2.37319e-10
1.05459e-10
3.27801e-10
1.12538e-10
1.70042e-10
4.39047e-10
2.78325e-10
5.7911e-10
6.54791e-10
2.3434e-10
5.02924e-10
-6.75592e-12
1.21727e-10
4.37018e-13
7.94095e-12
-1.46111e-13
1.83259e-13
-2.17852e-13
-1.23601e-13
-2.22851e-13
-1.64672e-13
-1.93355e-13
-2.06135e-13
-4.75345e-13
-1.85189e-15
-2.85824e-12
5.05549e-12
-4.75509e-13
1.65758e-11
-9.2121e-17
-4.94735e-13
1.38302e-18
-1.91137e-16
7.84959e-19
-4.04275e-17
-9.64635e-20
-9.60746e-18
-8.16062e-20
-3.44597e-18
-3.8013e-19
-9.67475e-19
-2.35393e-18
-2.24891e-18
-8.6412e-18
-1.52328e-17
-1.97049e-17
-4.69051e-17
-5.14339e-16
-1.03578e-16
2.6148e-16
-6.45728e-17
9.41776e-14
-1.20334e-13
3.76286e-13
-6.04695e-16
4.72051e-12
-1.95714e-12
2.47678e-10
4.66076e-11
2.32075e-10
-1.95915e-10
3.6818e-10
1.62118e-10
1.66342e-10
3.79151e-10
2.05845e-10
2.39217e-10
4.27465e-10
1.35771e-10
3.15581e-10
4.26068e-12
4.67202e-11
2.35127e-11
-6.9097e-12
2.88624e-11
1.24571e-12
9.48981e-12
2.20045e-13
8.83337e-13
-9.08647e-15
1.03148e-13
2.39223e-14
-1.95955e-13
-1.78035e-15
-1.1654e-18
-2.82984e-12
-9.80735e-14
-1.46e-13
1.44637e-11
-9.81409e-16
-1.10876e-12
7.51784e-18
-9.71843e-16
7.70233e-19
-4.51085e-17
-3.71519e-20
-4.12867e-18
-4.24485e-20
-1.30107e-18
-2.30407e-19
-4.24948e-19
-1.59167e-18
-1.16881e-18
-6.99386e-18
-9.14285e-18
-1.42405e-17
-3.44469e-17
-7.84145e-18
-8.93056e-17
4.69449e-17
-1.19714e-16
1.28055e-13
-1.64245e-13
1.02187e-11
-5.21258e-12
1.13825e-10
-6.53173e-12
2.75663e-10
1.39078e-11
2.06655e-10
-1.10787e-10
4.16836e-10
-2.92493e-11
3.91476e-10
3.86751e-10
1.09786e-10
4.87164e-10
8.34388e-11
1.05869e-10
4.35526e-11
1.50158e-11
2.7061e-11
6.58821e-12
2.48659e-11
2.13582e-12
2.31259e-11
1.68182e-11
9.10193e-13
6.8326e-12
2.11106e-13
8.17057e-13
3.57936e-13
-8.81046e-14
1.71104e-17
-1.46612e-18
-1.15551e-13
1.82949e-14
6.44755e-13
1.4313e-11
2.99531e-16
-9.74169e-13
4.94286e-17
-7.52109e-16
9.65571e-19
-2.46709e-17
-1.26097e-20
-1.50589e-18
-1.91841e-20
-3.95873e-19
-1.24382e-19
-1.54792e-19
-9.7893e-19
-5.8054e-19
-5.14289e-18
-5.26384e-18
-1.21563e-17
-2.456e-17
-1.26752e-17
-8.50854e-17
1.84983e-15
-1.97803e-15
7.53241e-14
-3.05835e-13
8.15803e-12
-8.52595e-13
3.63078e-12
-4.18292e-13
6.63082e-11
-5.8748e-14
2.11745e-10
-1.16259e-10
3.06001e-10
-1.07701e-10
5.08222e-10
1.94312e-10
2.85341e-10
4.43913e-10
3.23157e-11
2.38755e-10
1.21642e-11
2.55549e-11
7.36749e-12
7.41827e-12
6.29469e-12
1.58995e-12
8.20947e-12
1.59831e-12
3.05171e-12
1.54321e-12
5.06214e-13
2.10094e-12
7.65125e-13
9.43173e-14
2.40695e-17
-1.05939e-18
1.79922e-14
3.51946e-16
1.52601e-12
1.96863e-14
7.94988e-16
-1.93117e-14
4.65499e-17
-3.51827e-17
5.94334e-19
-4.03547e-18
-3.32329e-21
-4.62952e-19
-7.1656e-21
-9.34066e-20
-6.42514e-20
-4.94082e-20
-5.99702e-19
-3.24997e-19
-3.81922e-18
-3.46759e-18
-1.22293e-17
-2.66228e-17
1.15143e-16
-3.91125e-16
1.46364e-15
-7.81814e-15
9.86631e-14
-5.2321e-17
5.08378e-13
-1.23472e-14
1.08748e-13
-9.39014e-15
4.79241e-11
-2.7056e-12
2.74182e-10
-4.70755e-11
2.49987e-10
-7.08791e-11
3.72078e-10
8.35527e-11
4.856e-10
3.40475e-10
9.10509e-11
4.91027e-10
8.33086e-12
5.31024e-11
3.66588e-12
1.01096e-11
1.96787e-12
2.48352e-12
1.83652e-12
1.39519e-12
1.38524e-12
1.6669e-12
6.26596e-13
1.49358e-12
1.08863e-12
2.75979e-13
2.86456e-19
-4.18567e-19
1.02071e-16
2.98739e-16
1.92034e-14
5.82969e-16
3.88678e-17
-1.58635e-16
2.53595e-18
-1.27836e-17
1.09647e-19
-1.59905e-18
-6.23702e-22
-1.51443e-19
-2.31173e-21
-1.76691e-20
-3.66902e-20
-1.30156e-20
-4.15241e-19
-1.3385e-19
-4.27285e-18
-1.39458e-18
-6.15318e-17
-7.65897e-18
-1.06985e-15
-2.5903e-17
-2.94168e-18
-4.41942e-17
3.58149e-18
-8.10287e-17
1.5132e-16
-1.25159e-14
4.27236e-13
-4.36606e-13
1.19027e-11
-2.51235e-13
3.63515e-11
-7.90989e-13
1.94054e-10
-3.58515e-13
2.87998e-10
9.16343e-12
3.80029e-10
2.46826e-10
1.37228e-10
2.2045e-10
1.51823e-12
5.31726e-11
2.02291e-12
8.22276e-12
1.62189e-12
2.50895e-12
1.18656e-12
1.82866e-12
9.95921e-13
1.78832e-12
7.78828e-13
1.65324e-12
1.35613e-12
4.8566e-13
9.07844e-20
-1.27796e-19
1.81717e-17
7.65614e-17
1.71629e-16
2.41557e-16
1.35384e-17
-3.68437e-17
1.03762e-18
-4.15954e-18
4.88729e-20
-5.162e-19
-9.39673e-23
-4.2125e-20
-6.10353e-22
-2.74489e-21
-1.51804e-20
-3.50227e-21
-1.71075e-19
-5.43958e-20
-1.24105e-18
-6.74458e-19
-4.42887e-18
-4.85551e-18
-7.17253e-18
-2.51747e-17
-8.84249e-18
-1.05922e-16
7.55824e-17
-3.09007e-16
1.86239e-15
-3.68443e-14
1.81993e-13
-1.09727e-13
4.15298e-14
-9.43566e-14
7.68377e-14
-8.15977e-13
1.05281e-13
-3.58254e-13
1.74316e-11
-9.6598e-15
9.56132e-11
6.94145e-12
6.97532e-11
-1.44915e-11
-2.36402e-12
2.92252e-11
1.27795e-12
3.93571e-12
1.45178e-12
2.30897e-12
1.14869e-12
2.06947e-12
8.75412e-13
2.01786e-12
6.4577e-13
1.87132e-12
1.59086e-12
3.86388e-13
2.41131e-20
-2.089e-20
5.16266e-18
1.19038e-17
5.84861e-17
6.03375e-17
3.82534e-18
-1.04363e-17
3.69587e-19
-1.21205e-18
1.76307e-20
-1.2569e-19
-1.1486e-23
-8.83266e-21
-1.63427e-22
-3.54551e-22
-6.1669e-21
-9.31094e-22
-8.67263e-20
-1.9255e-20
-8.39785e-19
-2.75721e-19
-4.93261e-18
-2.50246e-18
-2.11297e-17
-1.7734e-17
-5.5613e-17
-1.25071e-16
5.63189e-16
-1.36703e-15
-6.29135e-15
-3.05096e-14
1.45869e-14
-7.26775e-14
1.78209e-14
-7.67417e-14
5.68796e-13
-8.17149e-14
8.55401e-13
-2.85393e-13
8.03749e-12
-6.25966e-13
1.41878e-11
2.11702e-11
1.87866e-11
1.05543e-10
1.27882e-12
4.69564e-11
9.24602e-13
4.05966e-12
8.66155e-13
2.29735e-12
6.04096e-13
2.27783e-12
4.61547e-13
2.16733e-12
3.91053e-13
2.03339e-12
1.63802e-12
3.33731e-13
3.79471e-21
-2.13959e-21
5.20065e-19
1.37533e-18
1.3703e-17
9.94045e-18
1.27343e-18
-2.44651e-18
1.14933e-19
-2.4865e-19
4.75336e-21
-2.06925e-20
-1.21061e-24
-1.25224e-21
-4.34667e-23
-3.60831e-23
-2.20942e-21
-2.78687e-22
-3.91176e-20
-7.08123e-21
-4.79841e-19
-1.10787e-19
-4.04796e-18
-1.0934e-18
-3.11474e-17
-7.60029e-18
-3.53274e-16
-3.61111e-17
-3.15287e-15
-1.06026e-16
-6.36331e-16
-1.30791e-15
-8.16387e-15
-7.21737e-15
-3.3144e-15
-4.17308e-14
3.14333e-14
-1.26759e-13
2.32112e-13
-3.43253e-12
-6.53259e-12
-4.46043e-12
-1.78511e-11
6.42809e-11
-2.11597e-11
1.31769e-10
-1.32405e-12
1.66435e-10
-3.014e-13
2.96503e-12
-2.70197e-13
2.19854e-12
-3.01073e-13
2.23689e-12
-1.74073e-13
5.89211e-12
4.89876e-14
2.89712e-12
1.49869e-12
1.87638e-13
3.9985e-22
-1.37739e-22
5.81588e-20
1.20851e-19
3.71494e-18
1.54032e-18
3.3953e-19
-4.02443e-19
2.45763e-20
-3.41659e-20
8.57527e-22
-2.19729e-21
-1.12278e-25
-1.10802e-22
-1.32652e-23
-2.6157e-24
-8.39104e-22
-5.4619e-23
-1.78636e-20
-1.72034e-21
-2.36595e-19
-3.1964e-20
-1.9746e-18
-3.58416e-19
-1.10562e-17
-2.57508e-18
-3.78682e-17
-1.24119e-17
-6.45035e-17
-4.15471e-17
-1.26851e-15
-1.05455e-16
9.51813e-17
-4.75084e-16
5.58351e-14
-6.46398e-15
1.1142e-13
-1.58631e-13
-2.6099e-11
-1.5782e-12
-1.32506e-10
5.82893e-12
-1.43864e-10
7.73228e-11
-1.47752e-10
1.37294e-10
-1.0136e-10
1.74313e-10
-4.19267e-12
4.08879e-11
-4.22248e-12
2.15738e-12
-2.15446e-12
4.75003e-12
-1.93415e-12
6.95952e-12
-1.57872e-13
2.26427e-12
1.22808e-12
1.12112e-13
2.74533e-23
-5.60463e-24
4.9e-21
7.39376e-21
7.74167e-19
6.21582e-20
6.14343e-20
-4.17827e-20
3.44152e-21
-2.96399e-21
9.87981e-23
-1.43343e-22
-9.64153e-27
-5.67348e-24
-2.67365e-24
-1.23721e-25
-2.05853e-22
-5.94167e-24
-5.51443e-21
-2.34581e-22
-8.81301e-20
-5.41461e-21
-8.44518e-19
-8.09566e-20
-5.07406e-18
-8.39708e-19
-2.04987e-17
-6.25971e-18
-6.35018e-17
-3.38984e-17
-2.0582e-16
-1.28007e-16
-5.31332e-16
-3.05757e-16
-6.34931e-15
-1.09546e-15
-1.54047e-13
-2.23198e-14
-6.91013e-12
-1.66968e-13
-2.16746e-10
6.07048e-12
-2.22073e-10
8.50693e-11
-2.11577e-10
1.28387e-10
-1.71809e-10
1.3652e-10
-3.42219e-11
6.91486e-11
-1.26438e-11
3.82464e-12
-3.30533e-12
8.20579e-12
-1.17352e-12
4.31347e-12
-1.95127e-13
1.28509e-12
9.70836e-13
6.11511e-14
1.20884e-24
-1.44431e-25
2.74833e-22
2.54811e-22
9.61927e-20
-1.94266e-21
6.77183e-21
-2.48645e-21
2.97428e-22
-1.50417e-22
6.88617e-24
-5.41664e-24
-4.5321e-28
-1.55444e-25
-3.04063e-25
-4.10784e-27
-2.90905e-23
-4.23956e-25
-1.02876e-21
-2.127e-23
-2.19757e-20
-6.03047e-22
-3.11532e-19
-1.07409e-20
-3.11157e-18
-1.26906e-19
-2.22423e-17
-1.02405e-18
-1.10038e-16
-5.6838e-18
-3.31373e-16
-2.15908e-17
-1.15324e-16
-7.20954e-17
-9.45926e-16
-2.06557e-16
-2.60731e-14
-1.14826e-15
-2.83661e-13
-5.64447e-15
-4.4687e-11
-1.03457e-13
-2.02435e-10
2.20749e-11
-1.59125e-10
8.74489e-11
-1.0007e-10
1.87947e-11
-2.52051e-11
5.84431e-12
-1.13414e-11
6.73638e-12
-4.60032e-12
2.46565e-12
-1.31154e-12
6.22513e-15
-5.43584e-13
2.08197e-12
2.29827e-12
-6.52812e-14
3.35118e-26
-2.36144e-27
8.66978e-24
2.91506e-24
6.19695e-21
-1.50219e-22
4.11166e-22
-7.51177e-23
1.4652e-23
-3.97522e-24
2.68111e-25
-1.09391e-25
-1.62005e-29
-2.13861e-27
-2.23568e-26
-8.55874e-29
-2.70748e-24
-1.43188e-26
-1.25403e-22
-9.35445e-25
-3.37103e-21
-3.44474e-23
-5.75372e-20
-7.93974e-22
-6.52835e-19
-1.1864e-20
-5.0429e-18
-1.17237e-19
-2.6922e-17
-7.679e-19
-1.0152e-16
-3.31079e-18
-2.94301e-16
-9.1725e-18
4.06126e-16
-1.50054e-17
-7.94161e-16
-1.5575e-17
-1.073e-14
2.85023e-17
-6.29002e-13
-1.85781e-14
-3.83225e-11
-3.56114e-13
-4.73421e-11
-3.23233e-12
-2.19957e-11
-1.65681e-12
-5.39018e-12
2.40402e-12
-1.16487e-12
1.03026e-12
4.6543e-14
1.85309e-13
-7.18303e-13
5.39245e-13
-7.74052e-13
2.5841e-12
2.22252e-12
-5.13612e-13
5.71242e-28
-2.44318e-29
1.1507e-25
-7.80061e-29
1.92097e-22
-3.44234e-24
1.20823e-23
-9.84807e-25
3.63229e-25
-4.54855e-26
5.26463e-27
-9.93573e-28
-3.85456e-31
-1.33398e-29
-7.66011e-28
-1.01e-30
-1.19416e-25
-2.39472e-28
-7.42155e-24
-2.10831e-26
-2.6804e-22
-1.02554e-24
-6.14683e-21
-3.0539e-23
-9.2259e-20
-5.78241e-22
-9.23208e-19
-7.03763e-21
-6.2591e-18
-5.42737e-20
-2.94904e-17
-2.5105e-19
-1.02242e-16
-5.56262e-19
-3.00519e-16
2.97923e-18
-4.24874e-17
3.81318e-17
-4.5863e-16
-2.93256e-17
-2.69009e-14
-3.32743e-16
-3.94471e-13
-3.80235e-15
-3.66141e-12
-3.21245e-14
-9.20386e-12
-1.39554e-13
-1.96069e-12
5.01373e-12
-4.9506e-13
1.2072e-12
-9.12975e-14
1.26937e-14
-4.69269e-13
1.36938e-13
-1.05373e-12
1.40498e-12
1.86041e-12
-5.19928e-13
5.80007e-30
-1.60876e-31
2.40579e-28
-9.00609e-32
2.50348e-24
-2.43691e-26
1.44617e-25
-4.39623e-27
3.70237e-27
-1.69221e-28
4.32592e-29
-2.95722e-30
-4.86411e-33
-2.94647e-32
-1.23965e-29
-4.16405e-33
-2.59673e-27
-1.39582e-30
-2.22811e-25
-1.78136e-28
-1.09443e-23
-1.24105e-26
-3.36808e-22
-5.18815e-25
-6.72994e-21
-1.3417e-23
-8.89378e-20
-2.13851e-22
-7.89217e-19
-1.9817e-21
-4.80437e-18
-8.02419e-21
-2.09241e-17
2.5036e-19
-6.70427e-17
3.47067e-18
-1.75602e-16
1.63682e-17
-5.63802e-16
5.30634e-17
-1.35783e-15
1.97236e-16
-4.40519e-15
-4.81224e-16
-3.73457e-14
-1.05245e-15
-1.49854e-12
-2.40974e-14
-1.80347e-12
6.90376e-15
-2.72632e-13
1.18387e-13
-5.42151e-15
5.63614e-15
-1.60838e-14
9.34533e-16
-1.4903e-13
-1.7026e-15
3.01945e-15
-1.54839e-13
3.37353e-32
-6.92725e-34
7.4234e-32
-3.14549e-34
1.086e-26
-4.45836e-29
5.35428e-28
-4.73725e-30
1.1229e-29
-1.29396e-31
1.05329e-31
-1.57658e-33
-2.04821e-35
-1.07483e-35
-6.42124e-32
-3.01517e-36
-1.93907e-29
-1.67622e-33
-2.46106e-27
-3.66343e-31
-1.77971e-25
-4.3109e-29
-8.00573e-24
-2.97756e-27
-2.32395e-22
-1.2317e-25
-4.44269e-21
-2.94294e-24
-5.669e-20
-3.33838e-23
-4.89598e-19
1.80026e-21
-2.75233e-18
9.8557e-20
-1.01254e-17
8.42621e-19
-2.76773e-17
3.80276e-18
-6.57649e-17
1.17888e-17
-1.34365e-16
3.07456e-17
-1.02956e-16
6.81626e-17
-9.6363e-16
-4.61755e-17
-2.52623e-14
-8.70256e-17
-2.00816e-14
5.5629e-16
-6.93108e-15
4.17878e-16
-1.3666e-15
1.22581e-15
-1.59219e-15
6.37246e-16
-3.88553e-15
1.52601e-16
2.8244e-16
-1.70239e-15
1.03743e-34
-2.16884e-36
1.14719e-34
-1.26205e-36
1.1314e-29
-2.26506e-32
3.98014e-31
-8.33581e-34
5.80214e-33
-8.73241e-36
3.79347e-35
-3.98504e-38
-1.3365e-38
-2.66292e-40
-5.71864e-35
-5.57547e-41
-2.94124e-32
-1.93037e-38
-6.49812e-30
-1.32085e-35
-8.12614e-28
-4.82402e-33
-6.26868e-26
-1.01273e-30
-3.09795e-24
-1.22278e-28
-9.98777e-23
-7.72966e-27
-2.11746e-21
-1.40406e-25
-2.87706e-20
4.46422e-22
-2.09575e-19
1.19476e-20
-9.21332e-19
1.10635e-19
-2.78056e-18
5.49002e-19
-6.79755e-18
1.78819e-18
-1.61738e-17
4.64239e-18
-4.63426e-17
1.17025e-17
-8.21044e-17
3.57145e-17
-2.94674e-16
6.80935e-17
-1.76347e-16
2.66808e-16
-5.96461e-17
1.77723e-16
-5.68052e-17
6.81262e-17
-5.25775e-17
7.80579e-17
-5.61509e-17
9.18654e-17
1.40478e-16
-1.89143e-17
1.21074e-37
1.41499e-37
1.99092e-33
2.66974e-35
1.38703e-37
3.51668e-40
-1.25044e-43
-2.63485e-40
-4.21301e-37
-2.96192e-34
-1.17405e-31
-2.84589e-29
-4.3575e-27
-4.25337e-25
-2.6328e-23
-6.30031e-22
-6.55923e-21
-3.66676e-20
-1.27283e-19
-3.20687e-19
-7.38126e-19
-1.95072e-18
-4.33011e-18
-1.01977e-17
-8.41587e-18
-4.814e-18
-3.19965e-18
-2.74738e-18
-2.68753e-18
-1.06131e-18
1.33463e-08
2.87807e-07
3.55903e-08
3.4528e-07
6.04487e-08
3.62108e-07
1.02897e-07
4.37649e-07
1.71e-07
5.61632e-07
1.80736e-07
6.16411e-07
2.17292e-07
9.39307e-09
1.76119e-07
-4.50599e-07
6.10007e-08
-3.70042e-07
8.95807e-11
-6.21319e-09
-6.84604e-11
3.56089e-10
-5.81722e-14
9.24543e-12
-8.03488e-14
3.47505e-14
-1.16669e-13
3.4181e-13
-2.06491e-14
1.23508e-12
3.81421e-15
4.97825e-14
1.34108e-15
5.20684e-16
-4.99115e-15
-6.61745e-14
-4.12405e-13
-1.94115e-13
-7.06563e-11
-2.26658e-11
-1.98598e-09
-9.30091e-10
-5.65888e-08
-1.41778e-08
1.75481e-07
-7.85106e-07
1.15698e-07
-5.84934e-07
7.41244e-08
-5.13698e-07
5.95509e-08
-1.77657e-07
5.25255e-08
1.05572e-07
2.6163e-08
2.55933e-07
1.31026e-07
8.67294e-07
1.08597e-06
1.4763e-08
2.74712e-07
4.12502e-08
3.18824e-07
6.22479e-08
3.41147e-07
1.13731e-07
3.8501e-07
1.94585e-07
4.80775e-07
2.17749e-07
5.93255e-07
2.28405e-07
-1.25741e-09
1.76138e-07
-3.98322e-07
6.71689e-09
-2.51902e-07
-2.66949e-10
-6.60698e-10
-6.20719e-12
6.26297e-11
-3.56608e-14
1.87456e-12
-6.57803e-14
5.88399e-14
-6.67528e-14
3.38209e-13
-1.90185e-14
1.18619e-12
5.06648e-15
2.56938e-14
3.56385e-15
2.01965e-15
4.44851e-15
-6.69433e-14
-3.04968e-14
-2.05487e-13
-1.34856e-11
-9.11278e-12
-4.93291e-10
-4.4946e-10
-6.26588e-09
-8.32794e-09
-1.02238e-07
-3.04343e-07
1.5626e-07
-8.70757e-07
1.08267e-07
-4.65704e-07
8.0739e-08
-1.50129e-07
7.24423e-08
1.13869e-07
-8.0875e-09
3.36463e-07
2.46526e-07
6.12681e-07
4.68209e-07
1.18978e-08
2.65968e-07
4.3655e-08
2.87109e-07
7.15289e-08
3.13315e-07
1.11334e-07
3.45247e-07
1.88097e-07
4.03239e-07
2.58637e-07
5.22648e-07
2.41995e-07
1.53938e-08
1.10514e-07
-3.19346e-07
-4.92696e-10
-8.88144e-08
-1.66236e-11
-8.44437e-10
-1.13461e-12
4.68784e-11
-3.94727e-14
7.73192e-13
-7.24762e-14
8.55557e-14
-3.3974e-13
5.97727e-13
-7.83124e-12
1.09981e-11
2.39487e-12
-3.90072e-13
4.35811e-13
1.64248e-12
2.44126e-13
-4.22955e-12
4.94762e-14
-5.01911e-14
-9.08948e-12
1.75093e-14
-4.54891e-10
1.35372e-14
-8.73745e-09
-1.3209e-11
-2.38476e-07
-7.67039e-10
2.87901e-07
-1.24435e-06
1.91935e-07
-3.69668e-07
1.56245e-07
-1.14399e-07
1.5719e-07
1.12924e-07
9.6716e-08
3.96937e-07
3.08785e-07
2.14501e-07
1.20708e-08
8.42345e-09
2.61605e-07
3.89809e-08
2.56593e-07
8.26599e-08
2.69664e-07
1.02187e-07
3.25744e-07
1.61007e-07
3.44575e-07
2.84269e-07
3.99689e-07
2.67545e-07
3.21308e-08
7.8774e-08
-1.98421e-07
-4.19201e-10
-4.48542e-08
-1.55764e-10
-1.00334e-09
-5.48559e-13
1.51917e-10
-3.43579e-14
2.44688e-13
-1.56065e-13
1.884e-13
-6.81013e-13
1.10507e-12
-1.58884e-11
2.01742e-11
5.80613e-12
-1.95827e-11
2.48509e-12
2.72334e-12
1.41651e-14
-1.12052e-11
3.09069e-15
-3.90591e-14
2.12191e-15
8.77488e-14
-2.68891e-13
3.6406e-13
-1.80377e-13
-1.33904e-11
3.76621e-11
-7.6452e-10
3.19378e-07
-6.60112e-08
3.42609e-07
-2.40362e-07
3.12538e-07
-8.48588e-08
3.36418e-07
8.20631e-08
3.68436e-07
3.1436e-07
3.88959e-07
1.93991e-08
-7.66664e-08
2.20832e-08
2.40704e-07
5.73472e-08
2.21928e-07
9.74848e-08
2.2956e-07
1.07424e-07
3.16655e-07
1.45614e-07
3.07656e-07
2.05291e-07
3.40082e-07
1.62475e-07
7.49616e-08
3.18353e-08
-9.4438e-08
2.20188e-09
-1.33466e-08
6.00117e-11
1.00023e-09
-2.80987e-12
2.44855e-10
-3.36521e-12
1.56544e-12
-1.95368e-13
1.62242e-11
-4.53669e-13
1.19865e-12
-9.16286e-12
1.53622e-11
5.9924e-12
-3.1824e-11
6.03492e-12
1.04874e-12
2.52443e-14
-3.53997e-13
4.88924e-15
-1.85766e-14
1.25694e-14
-3.24316e-15
-5.57113e-13
-2.40289e-13
4.05113e-12
-5.20592e-11
1.41383e-10
-2.08492e-09
4.5614e-09
-7.22873e-08
4.97292e-07
-2.31102e-07
5.21765e-07
-9.05327e-08
5.57515e-07
2.23273e-08
5.68214e-07
1.82191e-07
3.36655e-07
-7.89509e-08
-4.6436e-08
3.50263e-08
2.07075e-07
6.82463e-08
1.88855e-07
9.14463e-08
2.07147e-07
1.16493e-07
2.92109e-07
1.40721e-07
2.8343e-07
1.12841e-07
3.67964e-07
1.81873e-07
-4.65845e-08
-1.81139e-09
-1.69883e-08
-5.2236e-10
-1.61983e-08
1.2681e-10
-6.36667e-10
-1.05562e-12
3.24674e-10
-3.65552e-12
1.2654e-11
-1.34582e-13
3.77573e-11
-3.57104e-13
9.61203e-13
5.39063e-14
1.44458e-11
4.42932e-12
-2.02253e-11
3.4112e-13
-4.68653e-15
1.63451e-15
-2.40594e-14
1.98886e-15
-3.25138e-15
6.16567e-16
-1.86806e-15
-2.40333e-13
4.80954e-16
-6.12879e-11
5.27167e-15
-1.43687e-09
-7.89076e-10
-1.45317e-07
-2.34689e-08
5.03689e-07
-1.14158e-07
6.58124e-07
-9.2455e-08
7.17174e-07
-5.36852e-08
5.56327e-07
6.53919e-08
1.2548e-07
-5.67673e-08
-8.99619e-09
2.97433e-08
1.81084e-07
4.26389e-08
1.7596e-07
4.38427e-08
2.05943e-07
1.27089e-07
2.08863e-07
1.63172e-07
2.47348e-07
3.13234e-07
2.17903e-07
2.02162e-07
-1.30819e-07
1.34943e-08
-1.88137e-08
-2.11016e-09
-2.10467e-09
1.51407e-10
-5.74486e-10
-1.46676e-11
9.34588e-10
-2.75135e-11
3.88628e-11
-7.96061e-13
1.88767e-10
-6.19011e-12
5.80788e-12
5.79325e-12
7.77145e-11
1.30248e-13
-6.9932e-12
-1.43214e-15
-2.94739e-15
9.03889e-16
-3.5542e-14
2.70269e-16
-1.84161e-15
2.28467e-16
-5.92852e-16
5.97322e-17
-3.27485e-16
-2.59945e-16
-1.5802e-16
-7.6058e-10
-6.60326e-16
-2.5296e-10
-6.34087e-16
4.83065e-09
-3.28176e-16
3.77748e-07
-2.76827e-18
4.30929e-07
-2.85168e-08
2.69914e-07
2.47367e-09
1.88985e-08
-7.79602e-09
-9.0519e-11
1.18042e-08
1.76136e-07
5.51112e-09
1.82253e-07
8.76856e-09
2.02686e-07
1.17094e-07
1.00538e-07
1.37132e-07
2.27311e-07
1.79086e-07
3.49206e-08
1.65668e-08
-1.17028e-08
2.12883e-10
-1.12233e-09
3.45401e-10
-1.53807e-09
-7.58152e-10
6.12215e-10
-4.63303e-11
2.42543e-10
-6.75917e-11
7.46832e-11
-1.14538e-12
1.69752e-10
-1.83006e-13
1.53255e-11
1.74114e-11
1.0782e-10
-3.24974e-13
4.09252e-13
4.34318e-15
-4.84823e-16
6.30487e-15
-1.34861e-13
1.80263e-16
-8.72965e-16
4.32049e-17
-1.90794e-16
7.21455e-18
-7.07018e-17
3.61596e-18
-6.80981e-17
3.74079e-18
-5.17215e-16
7.28475e-18
-5.64612e-16
1.99614e-17
-3.44673e-16
2.22335e-17
-9.27629e-18
5.49376e-09
-3.50877e-13
7.88046e-09
7.03316e-12
9.22657e-11
-9.07041e-12
-1.13781e-12
1.26001e-08
1.71407e-07
3.85713e-08
1.56281e-07
1.17449e-07
1.23808e-07
1.24536e-07
4.75152e-08
9.55656e-08
5.43326e-08
1.00105e-08
-3.98017e-09
1.18746e-09
-2.07381e-09
8.78972e-10
-7.61154e-10
1.08086e-11
2.05291e-10
-1.98362e-10
1.43278e-09
-4.98436e-11
1.06239e-10
-1.13583e-10
1.56294e-10
-6.0908e-11
1.22196e-10
1.62697e-12
2.49513e-10
-2.19115e-12
5.27485e-11
1.90068e-13
-2.61589e-12
1.86158e-13
-1.36617e-13
8.96645e-16
-3.5513e-14
1.624e-16
-2.15455e-16
2.69173e-17
-1.19762e-16
6.23347e-18
-3.52889e-17
3.15325e-18
-2.38745e-17
3.40207e-17
-1.21587e-16
3.90001e-17
-3.51855e-16
3.4534e-17
-3.7706e-16
1.97799e-17
-3.00157e-17
4.3159e-15
-3.55212e-13
7.47043e-12
-4.29327e-13
2.02049e-12
3.0019e-13
-1.25631e-12
3.29969e-08
1.96188e-08
7.91157e-08
5.75321e-09
7.24447e-08
2.09963e-09
3.86977e-08
-8.83103e-10
6.89395e-09
1.72586e-12
2.85925e-09
-1.75401e-11
8.43707e-10
-3.08185e-10
-2.92639e-10
2.25166e-10
-1.22134e-09
1.36683e-09
-1.634e-10
1.43711e-09
-1.17634e-10
5.73857e-11
-5.74648e-11
1.59999e-10
-9.10526e-11
1.61326e-10
-1.44311e-12
1.6306e-10
3.92644e-13
2.40963e-11
2.65271e-12
-5.47837e-12
2.49982e-14
-4.06241e-14
-2.28781e-16
-1.03321e-14
4.50563e-17
-5.20069e-16
1.66698e-17
-1.31977e-16
3.33779e-18
-2.35422e-17
1.06378e-18
-8.75659e-18
4.67235e-18
-4.58819e-17
1.47998e-17
-1.96692e-16
1.20089e-17
-3.07234e-16
2.16059e-17
-4.0106e-17
5.19336e-13
-5.86341e-15
7.41523e-14
2.72844e-14
8.98647e-13
2.65206e-12
-1.69332e-13
1.95283e-09
3.04161e-12
7.32932e-10
-1.16858e-13
9.00384e-10
-3.55182e-14
1.66132e-11
-2.45923e-13
8.76133e-12
-8.67881e-16
-1.07508e-10
5.83448e-14
-1.05973e-09
-6.88786e-11
-1.56034e-09
6.47642e-10
-1.16151e-09
1.23149e-09
-8.02744e-11
4.12405e-10
-5.36447e-11
2.20044e-11
1.58829e-12
1.61503e-11
-4.47707e-11
2.13684e-10
-2.25311e-11
-6.06214e-12
-1.51538e-12
1.04312e-11
3.88733e-13
-1.85176e-17
-2.36377e-15
-4.89639e-14
-1.28606e-16
-1.87586e-14
1.05479e-16
-2.23023e-16
1.78081e-17
-9.03774e-17
2.36067e-18
-1.44898e-17
3.89252e-19
-5.41449e-18
1.52414e-18
-2.51263e-17
3.00097e-18
-1.06387e-16
-3.68288e-19
-1.95802e-16
1.37878e-17
-5.08588e-17
7.1979e-15
-5.74852e-16
3.40746e-14
4.29502e-16
2.20704e-12
1.62898e-11
-9.46855e-13
-8.79763e-15
-1.73904e-13
2.86456e-14
-9.93787e-14
2.33212e-14
3.7264e-14
-1.17186e-12
1.92319e-13
-2.47232e-12
2.11803e-13
-3.12335e-11
1.89976e-11
-9.34668e-10
1.1368e-10
-2.10289e-09
1.06525e-10
-3.26593e-10
1.45037e-11
-2.98452e-11
1.07292e-10
-1.87303e-11
1.40827e-12
-4.51291e-11
1.02675e-11
-1.14028e-11
2.94717e-11
-1.96578e-11
7.57607e-12
-2.03594e-16
8.0044e-12
6.66691e-19
-1.66327e-17
1.9385e-14
-3.68059e-17
-1.01608e-16
-4.15243e-17
4.34164e-17
-3.88464e-16
1.16743e-17
-7.89409e-17
1.52407e-18
-8.93493e-18
2.39839e-19
-3.35773e-18
5.47213e-19
-1.55733e-17
2.77288e-20
-5.30199e-17
-1.68236e-18
-1.11251e-16
9.82307e-18
-4.70762e-17
3.3859e-17
-5.95659e-16
1.07451e-16
3.53326e-16
3.30256e-12
1.72066e-11
-3.48991e-13
-2.2802e-13
-1.06735e-13
-3.28122e-13
5.12053e-14
-4.87493e-13
2.29337e-13
-5.48903e-13
1.22672e-12
-1.13989e-11
5.97153e-12
-1.93402e-10
4.99053e-11
-2.97587e-10
2.53167e-11
-2.72016e-10
-7.64463e-12
-1.29361e-10
-4.49989e-11
-1.99572e-10
2.4692e-10
-1.12241e-11
-4.85841e-12
-1.26762e-11
3.98707e-12
-1.93765e-12
1.31402e-11
-1.8647e-12
1.96623e-12
-8.75357e-18
8.46754e-13
4.56076e-19
-4.44131e-17
1.06246e-17
-1.10499e-16
6.98678e-18
-3.70736e-17
7.13082e-17
-3.82505e-17
9.85382e-18
-1.28103e-17
9.86974e-19
-2.50097e-18
1.5472e-19
-1.74829e-18
2.52758e-19
-8.03283e-18
-1.20052e-18
-2.40457e-17
-1.13894e-18
-5.99732e-17
5.41178e-18
-4.43032e-17
1.61992e-14
-1.6782e-14
3.35049e-12
1.68356e-11
2.40645e-12
2.26103e-11
-5.24724e-14
-3.61059e-13
9.1256e-14
-5.91479e-13
3.15525e-13
-1.02541e-12
6.99733e-13
-1.39746e-12
1.57896e-12
-6.75956e-12
5.5714e-12
3.00529e-12
2.07728e-11
-6.02201e-11
6.96093e-11
-1.34502e-10
1.38302e-10
-3.4004e-10
3.00171e-10
-3.77652e-10
3.2215e-10
-3.41134e-10
-9.80458e-13
-7.78809e-12
2.80408e-11
-1.18802e-11
1.31793e-11
-6.5988e-13
7.04211e-12
-1.15518e-15
1.88063e-13
-4.97271e-18
-1.19485e-15
2.23053e-17
-4.56367e-16
6.75675e-18
-6.42233e-17
4.8572e-18
-2.45262e-17
1.55541e-18
-8.18735e-18
2.82817e-19
-1.32764e-18
8.29884e-20
-8.81809e-19
1.13408e-19
-3.52718e-18
-8.97935e-19
-1.02047e-17
-1.1119e-18
-3.80492e-17
1.07497e-17
-5.89009e-17
4.28677e-13
-4.45465e-13
7.01337e-12
1.50928e-11
8.71076e-13
9.1783e-12
-2.38482e-15
-3.79861e-13
3.86614e-13
-7.06578e-13
6.53858e-13
-1.18065e-12
1.15457e-12
-2.48978e-12
2.84579e-12
-7.40215e-12
9.95202e-12
-1.48611e-10
1.26244e-10
-4.3299e-10
2.42528e-10
-5.48544e-10
2.62345e-10
-5.19028e-10
2.74459e-10
-3.91696e-10
1.99215e-10
-4.19221e-10
3.52156e-11
-4.08501e-10
2.43839e-11
-1.43819e-10
4.37981e-11
-1.35344e-11
1.46295e-13
-8.46292e-14
-4.77415e-12
-1.90463e-16
-8.56164e-14
6.65677e-17
-2.36643e-15
1.09622e-17
-4.84096e-17
4.25281e-18
-2.18733e-17
1.003e-18
-5.9854e-18
1.57667e-19
-7.99248e-19
4.41405e-20
-3.91067e-19
4.84009e-20
-1.30563e-18
-6.61779e-19
-4.18482e-18
-2.0546e-18
-3.53379e-17
1.76773e-16
-6.03731e-16
2.02488e-13
-9.05384e-13
3.42437e-12
1.25474e-11
7.06673e-15
-3.575e-13
-5.74538e-19
-2.49475e-13
7.22786e-13
-5.98155e-13
1.00202e-12
-1.23239e-12
1.79464e-12
-5.08077e-12
6.43553e-12
-5.65836e-11
3.59551e-11
-4.62371e-10
4.1825e-10
-5.30476e-10
3.18531e-10
-5.29518e-10
2.65227e-10
-4.66358e-10
2.13924e-10
-3.66239e-10
1.00927e-10
-1.55204e-10
1.81247e-12
-1.88259e-11
-2.28849e-13
-1.76192e-11
-7.84969e-14
-1.47055e-11
-6.36979e-15
-3.62228e-14
-9.08463e-15
-5.92283e-15
-1.84006e-13
2.8726e-18
-8.42789e-15
7.95553e-18
-5.33292e-17
3.76653e-18
-1.97322e-17
7.46632e-19
-4.5537e-18
9.82319e-20
-5.26949e-19
2.01834e-20
-1.50431e-19
1.68843e-20
-3.90327e-19
-6.90749e-19
-1.51307e-18
-2.83933e-17
-2.11799e-17
-4.29465e-17
-6.03537e-16
-2.83489e-13
-8.68538e-13
3.74327e-13
1.26197e-11
-1.26553e-17
1.74801e-14
-9.07757e-19
-6.18045e-14
1.0442e-12
-3.72164e-13
1.30053e-12
-5.67024e-13
1.96259e-12
-1.2511e-12
6.7471e-12
-1.15479e-10
4.85244e-11
-4.36779e-10
2.95527e-10
-4.72404e-10
3.63022e-10
-4.88486e-10
2.86894e-10
-3.77164e-10
1.08794e-10
-1.10249e-10
2.16202e-11
-2.34625e-11
-6.06718e-12
-3.97244e-12
-7.09426e-12
-2.93158e-16
-2.8459e-12
-6.60965e-15
-6.02991e-17
-3.87754e-14
-1.56491e-16
-2.41424e-16
-9.82524e-17
2.57702e-17
-6.67994e-17
8.81361e-18
-3.84014e-17
3.49147e-18
-1.37841e-17
5.9898e-19
-3.00435e-18
6.70008e-20
-3.22642e-19
7.97651e-21
-5.00542e-20
4.60333e-21
-9.06828e-20
-4.65228e-19
-4.68865e-19
-3.53064e-17
-3.90539e-18
-6.26478e-16
-3.07867e-17
-1.37841e-12
-1.58523e-14
-1.72532e-14
1.60783e-14
-1.28306e-17
2.53808e-16
-8.33552e-19
8.27537e-14
1.69062e-12
-2.16616e-13
1.59193e-12
-3.62425e-13
2.06471e-12
3.09829e-12
3.16052e-12
-2.8318e-11
2.69059e-11
-1.64588e-10
4.24766e-11
-3.77642e-10
6.88187e-11
-1.4812e-10
8.92437e-12
-3.13147e-11
-3.68289e-12
-3.50843e-11
3.07566e-15
-3.7276e-11
-1.30304e-11
-1.69142e-11
-1.69635e-11
-7.19215e-17
-1.11575e-11
-3.37314e-17
-1.05558e-16
-9.97676e-18
-1.87454e-16
4.24842e-18
-1.2005e-16
5.10937e-18
-5.6051e-17
6.74011e-18
-2.67148e-17
2.50026e-18
-8.14338e-18
4.12574e-19
-1.52784e-18
4.16904e-20
-1.47911e-19
2.69352e-21
-1.39518e-20
9.76903e-22
-1.70647e-20
-9.64957e-20
-1.51221e-19
-2.12528e-18
-1.5616e-18
-2.88158e-17
-1.18166e-17
-1.57391e-14
-1.46462e-16
-6.77886e-17
3.81337e-16
-2.9251e-19
2.07947e-16
-3.68293e-19
2.24961e-13
2.19516e-12
-5.76832e-14
1.87205e-12
-3.99625e-13
2.38798e-12
-1.07305e-12
3.67395e-12
-1.13984e-11
5.81712e-12
-1.76612e-11
5.07488e-12
-1.10629e-11
2.96149e-12
-4.48779e-12
2.70913e-12
-9.71852e-12
1.2205e-12
-3.87695e-11
-6.68255e-14
-3.04801e-11
-1.27538e-11
-1.58598e-11
-2.11733e-11
-5.07296e-16
-2.6537e-15
-3.1703e-17
-5.89149e-16
1.09635e-18
-5.29117e-16
1.33335e-17
-1.95819e-16
9.57666e-18
-5.3641e-17
5.05828e-18
-1.38849e-17
1.48022e-18
-3.01958e-18
2.13383e-19
-4.69389e-19
1.91426e-20
-4.12118e-20
7.5708e-22
-2.91311e-21
1.72493e-22
-2.65495e-21
-4.32455e-20
-4.19614e-20
-9.25997e-19
-5.11458e-19
-1.10018e-17
-4.07847e-18
-1.30092e-16
-3.90815e-17
-1.75706e-17
1.62324e-16
-9.41186e-20
7.70231e-17
-1.11619e-19
3.12095e-13
2.18743e-12
1.91384e-13
2.00192e-12
1.46943e-13
2.52924e-12
5.30796e-14
3.86607e-12
-4.14345e-13
4.62096e-12
-1.31004e-12
4.68866e-12
-1.44554e-12
2.91188e-12
-1.1068e-12
2.21646e-12
-9.87728e-13
1.09514e-12
-7.09858e-12
-3.44129e-13
-1.07729e-11
-1.39116e-11
-8.43025e-16
-2.28836e-12
-8.5883e-17
-5.65735e-15
1.92884e-17
-3.19291e-15
6.70044e-17
-2.74948e-15
3.48113e-17
-4.23238e-16
1.11612e-17
-7.20376e-17
2.9715e-18
-1.14038e-17
5.81707e-19
-1.65124e-18
6.83023e-20
-1.89137e-19
5.3202e-21
-1.36577e-20
1.58841e-22
-6.99158e-22
2.56456e-23
-3.48078e-22
-1.57565e-20
-8.88422e-21
-3.51464e-19
-1.26798e-19
-3.61758e-18
-1.21356e-18
-5.16811e-17
-1.12257e-17
-6.49571e-18
4.67504e-17
-2.30152e-20
1.57229e-17
-1.8612e-20
7.57562e-13
1.55357e-12
4.44257e-12
8.26699e-12
3.73831e-12
1.86561e-11
3.15929e-12
1.60544e-11
9.50088e-13
5.86452e-12
1.44514e-12
3.81918e-12
1.08628e-12
3.10786e-12
9.71685e-13
2.22639e-12
8.60002e-13
1.19861e-12
4.29029e-12
3.72383e-12
9.65704e-13
-1.27644e-11
-1.37408e-15
-1.32666e-12
3.64925e-17
-1.36925e-14
6.6221e-16
-3.27128e-15
7.32927e-16
-3.11503e-15
1.12502e-16
-6.46237e-16
1.88256e-17
-8.78183e-17
2.81629e-18
-1.07559e-17
3.51606e-19
-1.22215e-18
3.02725e-20
-1.13413e-19
1.78257e-21
-7.00604e-21
3.85721e-23
-2.78433e-22
3.36056e-24
-3.67065e-23
-4.30214e-21
-1.28373e-21
-1.11851e-19
-2.14731e-20
-1.23451e-18
-2.58183e-19
-1.34588e-17
-2.73729e-18
-7.54502e-19
8.4027e-18
-3.52318e-21
2.09646e-18
-1.92387e-21
4.45145e-13
1.21943e-12
6.80574e-12
8.36551e-12
1.2133e-11
1.64479e-11
1.10187e-11
1.96956e-11
4.31602e-12
1.79177e-11
3.10875e-12
4.93348e-12
2.79003e-12
3.48298e-12
2.6605e-12
2.41438e-12
2.32375e-12
1.47388e-12
3.75719e-11
8.80991e-12
5.53443e-12
-9.61289e-12
-3.02656e-14
-5.78739e-13
-6.49214e-15
-3.57438e-14
7.75309e-16
-9.58597e-16
1.23257e-15
-3.14877e-16
2.40258e-16
-3.43998e-17
2.86507e-17
-1.14015e-17
3.04886e-18
-2.50744e-18
2.93532e-19
-3.53029e-19
2.05474e-20
-3.13181e-20
9.43154e-22
-1.67571e-21
1.57739e-23
-5.41722e-23
3.54244e-25
-2.74329e-24
-7.93405e-22
-1.16638e-22
-2.48143e-20
-2.35989e-21
-3.4588e-19
-3.68293e-20
-3.90864e-18
-4.62302e-19
-8.73932e-20
1.31333e-18
-3.63611e-22
1.94108e-19
-1.24503e-22
3.09837e-13
9.70059e-13
5.94368e-12
1.57077e-12
9.30373e-12
9.57449e-12
1.49684e-11
1.67665e-11
1.22781e-11
2.36414e-11
4.38459e-12
1.3517e-11
3.68969e-12
4.59699e-12
3.68193e-12
2.48624e-12
5.12026e-11
2.51786e-11
6.1997e-11
1.48114e-11
3.74396e-12
-1.87463e-12
2.75483e-14
-1.21386e-13
1.28596e-16
-9.68279e-15
3.30882e-17
-4.38418e-16
5.13092e-17
-8.27149e-17
1.7981e-17
-2.33124e-17
5.00902e-18
-5.00533e-18
8.96285e-19
-7.5221e-19
9.59167e-20
-7.73351e-20
6.05196e-21
-5.34273e-21
2.27876e-22
-2.35819e-22
3.17187e-24
-6.15264e-24
2.68736e-26
-1.35041e-25
-9.39731e-23
-6.17757e-24
-3.60441e-21
-1.59935e-22
-6.48853e-20
-3.31453e-21
-8.37339e-19
-4.90263e-20
-7.41388e-21
1.7187e-20
-2.4592e-23
1.23295e-20
-5.07353e-24
2.54545e-13
1.84962e-12
1.06564e-12
2.58509e-12
3.83418e-12
7.16149e-13
9.48248e-12
2.12399e-12
2.71437e-11
1.01702e-11
5.15442e-11
3.78637e-11
8.54868e-11
3.41343e-11
6.72793e-11
3.83516e-11
7.48952e-11
3.10689e-11
2.90951e-11
1.09033e-11
1.57207e-13
7.77972e-14
1.11739e-14
-7.96542e-15
9.35979e-16
-4.26963e-16
3.86525e-16
-6.76486e-17
7.61853e-17
-2.2424e-17
1.65061e-17
-5.76822e-18
2.7113e-18
-1.03595e-18
3.07766e-19
-1.28355e-19
2.33849e-20
-1.08815e-20
1.14044e-21
-6.1353e-22
3.32797e-23
-2.18592e-23
3.78137e-25
-4.48065e-25
1.42742e-27
-4.68432e-27
-6.77571e-24
-1.77467e-25
-3.22559e-22
-6.31748e-24
-7.3733e-21
-1.74467e-22
-1.0572e-19
-2.97792e-21
-4.27646e-22
-2.53328e-21
-1.0684e-24
4.6602e-22
-1.30756e-25
9.58362e-15
2.48092e-12
2.66277e-13
2.15088e-12
7.43977e-13
6.14718e-13
3.0465e-12
7.59107e-13
2.8051e-11
7.89111e-12
4.36143e-11
2.77785e-11
5.19477e-11
3.06031e-11
6.41751e-11
3.15949e-11
1.73983e-11
1.11708e-11
-2.68405e-14
5.30066e-14
1.13661e-14
1.8125e-15
1.43693e-15
8.4277e-17
4.51413e-16
-1.30174e-17
1.36699e-16
-8.4167e-18
3.10808e-17
-3.12502e-18
5.66731e-18
-7.38263e-19
7.32064e-19
-1.14354e-19
6.47354e-20
-1.17034e-20
3.81493e-21
-7.91696e-22
1.43449e-22
-3.47576e-23
3.17102e-24
-9.59742e-25
2.8475e-26
-1.51732e-26
5.34733e-29
-9.96259e-29
-2.76313e-25
-2.57997e-27
-1.64455e-23
-1.3319e-25
-4.60923e-22
-4.76877e-24
-6.98995e-21
-9.17909e-23
-1.44595e-23
-1.81602e-22
-2.92854e-26
7.31739e-24
-2.13846e-27
1.3457e-15
1.17173e-12
4.25281e-14
1.03679e-12
5.97524e-13
4.50625e-13
1.8956e-12
5.05616e-13
1.33057e-11
1.0574e-12
3.71065e-11
3.00048e-12
1.49617e-11
3.81584e-12
2.28616e-12
7.10705e-13
-4.48849e-14
-1.57885e-13
3.25974e-16
-8.42455e-15
1.00453e-15
9.32332e-17
6.61654e-16
1.18539e-16
1.39088e-16
1.22131e-17
3.46541e-17
-2.24687e-19
7.02692e-18
-1.98313e-19
1.02377e-18
-4.83337e-20
1.02311e-19
-6.58628e-21
6.85174e-21
-5.56919e-22
3.014e-22
-3.0054e-23
8.46518e-24
-1.02961e-24
1.40082e-25
-2.16645e-26
9.80016e-28
-2.55367e-28
1.19123e-30
-1.1868e-30
-5.68999e-27
-1.68237e-29
-4.20759e-25
-1.25573e-27
-1.39284e-23
-5.64537e-26
-2.22035e-22
-1.23243e-24
-2.24134e-25
-4.15633e-24
-4.95096e-28
-7.71585e-29
-2.21542e-29
1.22629e-16
2.29562e-15
2.87054e-14
1.19536e-15
1.17999e-13
3.17807e-16
2.37712e-13
1.66631e-14
1.9737e-13
-2.76784e-16
4.83062e-13
6.29769e-15
5.03553e-13
1.92106e-15
1.67627e-13
-7.19696e-15
8.37471e-15
-2.14135e-15
5.05639e-16
-3.91123e-16
3.47568e-16
1.23671e-16
9.63755e-17
2.88052e-17
2.57927e-17
5.82787e-18
5.43262e-18
6.70836e-19
8.74032e-19
-2.34888e-21
9.80612e-20
-1.52505e-21
7.43257e-21
-1.88106e-22
3.74108e-22
-1.24327e-23
1.22814e-23
-4.95346e-25
2.54357e-25
-1.21308e-26
3.0614e-27
-1.78645e-28
1.59752e-29
-1.45637e-30
1.426e-32
-4.78985e-33
-4.86626e-29
-3.88821e-32
-4.42875e-27
-3.96942e-30
-1.71933e-25
-2.25884e-28
-2.96948e-24
-5.95381e-27
-6.83258e-28
-3.20284e-26
-4.99645e-30
-1.35611e-31
-1.45519e-31
5.39884e-17
1.9438e-16
8.40261e-16
1.33019e-16
8.75497e-16
1.21393e-16
3.94703e-15
1.8067e-16
3.32757e-15
1.01887e-16
8.73938e-15
2.73425e-16
9.5751e-15
2.2612e-16
2.13106e-15
2.91934e-17
1.44852e-16
-1.2035e-16
1.11183e-16
5.94544e-17
4.00069e-17
1.9542e-17
1.24388e-17
5.45277e-18
3.19447e-18
1.19568e-18
5.71745e-19
1.60629e-19
6.33938e-20
8.45591e-21
4.89806e-21
-1.82579e-23
2.54947e-22
-2.53404e-24
8.787e-24
-1.15092e-25
1.96498e-25
-2.86835e-27
2.75609e-27
-4.23137e-29
2.24063e-29
-3.67247e-31
8.1009e-32
-1.74223e-33
5.32957e-35
-3.44425e-36
-1.25834e-31
-1.54393e-35
-1.44255e-29
-2.31159e-33
-6.9284e-28
-1.89372e-31
-1.41825e-26
-7.02722e-30
-1.40255e-31
-6.4271e-29
-2.88131e-32
-2.53428e-34
-6.27089e-34
2.54593e-18
1.0086e-16
1.70479e-17
7.22989e-17
2.81139e-17
6.61119e-17
5.67752e-17
9.53519e-17
5.02004e-17
6.70989e-17
1.09634e-16
1.23921e-16
1.23552e-16
1.22776e-16
6.09857e-17
5.47459e-17
2.94833e-17
2.43917e-17
9.72174e-18
7.51496e-18
3.36499e-18
2.44564e-18
1.04591e-18
7.10962e-19
2.39553e-19
1.48275e-19
3.42838e-20
1.79172e-20
2.69427e-21
9.44458e-22
1.20398e-22
5.46058e-24
3.617e-24
-6.80369e-27
7.16748e-26
-1.22248e-28
9.19179e-28
-1.03297e-30
7.36445e-30
-4.91225e-33
3.41025e-32
-1.34682e-35
7.18434e-35
-2.00773e-38
3.06501e-38
-7.23536e-41
-4.93257e-35
-3.5555e-40
-8.16552e-33
-6.70121e-38
-5.66366e-31
-1.48587e-35
-1.63024e-29
-1.43502e-33
-1.05731e-34
-3.77545e-32
-8.81758e-35
-1.0303e-36
-1.95537e-36
3.35477e-19
1.48512e-18
2.67502e-18
3.92175e-18
3.94688e-18
5.12957e-18
4.49536e-18
2.31333e-18
1.03149e-18
3.8129e-19
1.4104e-19
4.08652e-20
7.65453e-21
7.94041e-22
3.80845e-23
6.07338e-25
5.81642e-27
3.60374e-29
1.42519e-31
3.50259e-34
4.97828e-37
3.30492e-40
2.86527e-43
-5.22019e-40
-2.25504e-37
-4.40148e-35
-3.33251e-33
-1.28609e-37
-1.01744e-37
)
;

boundaryField
{
    leftWall
    {
        type            calculated;
        value           uniform 0;
    }
    rightWall
    {
        type            calculated;
        value           uniform 0;
    }
    lowerWall
    {
        type            calculated;
        value           uniform 0;
    }
    atmosphere
    {
        type            calculated;
        value           nonuniform List<scalar> 
120
(
3.30746e-07
6.74955e-07
3.746e-07
2.85472e-07
1.18601e-07
2.43187e-08
2.0194e-09
1.79388e-12
8.45032e-13
6.08328e-13
6.09988e-13
2.27658e-13
6.26867e-14
3.95729e-15
2.92944e-18
7.23968e-20
0
0
0
0
0
0
0
0
0
0
0
0
0
0
0
0
0
0
0
0
0
0
0
0
0
0
0
0
0
1.80794e-23
6.91561e-22
8.54312e-21
5.20988e-20
1.91319e-19
5.05341e-19
1.2214e-18
3.41649e-18
8.12688e-18
2.0854e-17
1.91687e-17
1.25863e-17
1.00346e-17
1.10894e-17
1.59365e-17
1.45586e-17
1.27152e-17
1.33076e-17
1.41936e-17
1.15013e-17
1.2761e-17
9.92302e-18
4.65801e-18
1.93402e-18
6.75695e-19
2.38254e-19
6.57681e-20
1.15342e-20
1.06019e-21
3.80974e-23
2.02435e-25
0
0
0
0
0
0
0
0
0
0
0
0
0
0
3.30891e-07
6.75309e-07
3.76496e-07
2.91719e-07
1.18192e-07
2.3337e-08
1.80533e-09
1.751e-12
9.11826e-13
7.33658e-13
7.49999e-13
3.02001e-13
9.64102e-14
9.2642e-15
3.00752e-17
1.29115e-19
1.50977e-20
0
0
0
0
0
0
0
0
0
0
0
0
0
)
;
    }
    defaultFaces
    {
        type            empty;
        value           nonuniform 0();
    }
}


// ************************************************************************* //
