/*--------------------------------*- C++ -*----------------------------------*\
| =========                 |                                                 |
| \\      /  F ield         | OpenFOAM: The Open Source CFD Toolbox           |
|  \\    /   O peration     | Version:  2.4.0                                 |
|   \\  /    A nd           | Web:      www.OpenFOAM.org                      |
|    \\/     M anipulation  |                                                 |
\*---------------------------------------------------------------------------*/
FoamFile
{
    version     2.0;
    format      ascii;
    class       surfaceScalarField;
    location    "0.164";
    object      phi;
}
// * * * * * * * * * * * * * * * * * * * * * * * * * * * * * * * * * * * * * //

dimensions      [0 3 -1 0 0 0 0];

internalField   nonuniform List<scalar> 
7080
(
1.80112e-08
-1.80112e-08
5.12122e-08
-3.3201e-08
8.26137e-08
-3.14015e-08
1.03207e-07
-2.05934e-08
1.16865e-07
-1.36575e-08
1.12477e-07
4.38728e-09
9.08191e-08
2.16583e-08
5.90057e-08
3.18133e-08
2.81852e-08
3.08205e-08
3.80639e-09
2.43788e-08
-1.16536e-08
1.546e-08
-3.01438e-08
1.84902e-08
-4.17319e-08
1.1588e-08
-5.78085e-08
1.60766e-08
-6.54767e-08
7.66819e-09
-5.43839e-08
-1.10929e-08
-2.85077e-08
-2.58763e-08
-1.03397e-08
-1.8168e-08
-1.27288e-08
2.38913e-09
-4.25922e-08
2.98634e-08
-1.37089e-07
9.44972e-08
-2.2646e-07
8.9371e-08
-2.36448e-07
9.98752e-09
-1.86448e-07
-4.99998e-08
-1.41332e-07
-4.5116e-08
-1.15166e-07
-2.61659e-08
-8.97356e-08
-2.54307e-08
-5.35151e-08
-3.62206e-08
-2.90667e-08
-2.44484e-08
-1.94948e-08
-9.5719e-09
8.58328e-09
-2.65945e-08
4.8645e-08
-7.32628e-08
9.51095e-08
-7.7866e-08
1.29651e-07
-5.51352e-08
1.57719e-07
-4.17256e-08
1.67136e-07
-5.02943e-09
1.54256e-07
3.45381e-08
1.29843e-07
5.62269e-08
9.72586e-08
6.34046e-08
7.20286e-08
4.96088e-08
5.38298e-08
3.36588e-08
2.6149e-08
4.6171e-08
1.53629e-08
2.23741e-08
-2.46028e-08
5.60423e-08
-4.19237e-08
2.4989e-08
-5.23402e-08
-6.76405e-10
-7.20813e-08
-6.13522e-09
-6.98575e-08
-2.03918e-08
-9.03489e-08
2.28806e-08
-1.63634e-07
1.03149e-07
-2.67714e-07
1.98577e-07
-3.26099e-07
1.47756e-07
-3.08018e-07
-8.09374e-09
-2.70705e-07
-8.73131e-08
-2.2466e-07
-9.11607e-08
-1.77555e-07
-7.32716e-08
-1.31432e-07
-7.15529e-08
-8.33492e-08
-8.43037e-08
-3.84383e-08
-6.93593e-08
-5.69233e-08
-1.00967e-09
2.47158e-09
-2.9066e-08
4.17097e-08
-1.12501e-07
8.9913e-08
-1.26069e-07
1.26636e-07
-9.18578e-08
1.57609e-07
-7.26987e-08
1.70958e-07
-1.83785e-08
1.61826e-07
4.367e-08
1.43435e-07
7.46178e-08
1.1318e-07
9.3659e-08
9.4931e-08
6.78583e-08
7.91343e-08
4.94554e-08
5.52766e-08
7.00287e-08
5.80054e-08
1.96453e-08
1.80657e-08
9.59819e-08
3.4206e-09
3.96342e-08
-1.20205e-08
1.47646e-08
-6.27459e-08
4.45902e-08
-1.01184e-07
1.80468e-08
-1.55955e-07
7.76514e-08
-2.41548e-07
1.88741e-07
-3.136e-07
2.70629e-07
-3.30627e-07
1.64784e-07
-3.07407e-07
-3.13145e-08
-2.65761e-07
-1.28959e-07
-2.20962e-07
-1.35959e-07
-1.56363e-07
-1.37871e-07
-1.00612e-07
-1.27304e-07
-7.3882e-08
-1.11033e-07
-3.76005e-08
-1.05641e-07
-9.53623e-08
8.38481e-10
4.38239e-10
-2.95043e-08
3.94919e-08
-1.51555e-07
8.79392e-08
-1.74516e-07
1.24987e-07
-1.28906e-07
1.56566e-07
-1.04278e-07
1.70594e-07
-3.24064e-08
1.6191e-07
5.23543e-08
1.44824e-07
9.17035e-08
1.14044e-07
1.24439e-07
1.00275e-07
8.16268e-08
8.04259e-08
6.93049e-08
6.62771e-08
8.41775e-08
8.29993e-08
2.92312e-09
4.70927e-08
1.31888e-07
3.49383e-08
5.17885e-08
1.94728e-08
3.023e-08
-5.37835e-08
1.17847e-07
-1.28661e-07
9.29242e-08
-2.03914e-07
1.52905e-07
-2.61307e-07
2.46134e-07
-2.79662e-07
2.88984e-07
-2.62613e-07
1.47735e-07
-2.31974e-07
-6.1953e-08
-2.20688e-07
-1.40245e-07
-2.00087e-07
-1.56561e-07
-1.51744e-07
-1.86214e-07
-9.78581e-08
-1.8119e-07
-6.95661e-08
-1.39325e-07
-3.85431e-08
-1.36664e-07
-1.27892e-07
-6.01298e-09
-2.53056e-10
-2.92512e-08
3.88874e-08
-1.90695e-07
8.75926e-08
-2.23222e-07
1.24909e-07
-1.66222e-07
1.56959e-07
-1.36328e-07
1.71296e-07
-4.67431e-08
1.62514e-07
6.11365e-08
1.45192e-07
1.09025e-07
1.12992e-07
1.5664e-07
1.01828e-07
9.2791e-08
7.2509e-08
9.86236e-08
7.14359e-08
8.52506e-08
9.51647e-08
-2.08057e-08
6.41829e-08
1.6287e-07
6.29497e-08
5.30217e-08
5.12866e-08
4.18931e-08
-2.48681e-08
1.94001e-07
-1.15765e-07
1.83821e-07
-1.93613e-07
2.30752e-07
-2.28352e-07
2.80874e-07
-2.11849e-07
2.72481e-07
-1.68014e-07
1.039e-07
-1.45054e-07
-8.49132e-08
-1.41693e-07
-1.43606e-07
-1.3702e-07
-1.61233e-07
-1.13243e-07
-2.09991e-07
-7.96758e-08
-2.14757e-07
-4.6302e-08
-1.72699e-07
-2.74241e-08
-1.55542e-07
-1.44104e-07
-1.12127e-08
-8.03349e-10
-2.84478e-08
3.8542e-08
-2.30041e-07
8.7559e-08
-2.72239e-07
1.25202e-07
-2.03866e-07
1.57818e-07
-1.68944e-07
1.72526e-07
-6.14516e-08
1.63691e-07
6.99717e-08
1.45622e-07
1.27094e-07
1.12506e-07
1.89756e-07
1.02361e-07
1.02936e-07
6.47357e-08
1.36249e-07
7.31153e-08
7.6871e-08
8.67673e-08
-3.44578e-08
6.954e-08
1.80097e-07
8.9258e-08
3.33037e-08
7.78429e-08
5.33082e-08
1.56139e-08
2.5623e-07
-6.55312e-08
2.64967e-07
-1.27255e-07
2.92476e-07
-1.38644e-07
2.92263e-07
-1.17335e-07
2.51172e-07
-7.65544e-08
6.31189e-08
-4.60853e-08
-1.15382e-07
-4.20921e-08
-1.47599e-07
-2.95139e-08
-1.73812e-07
-1.82246e-08
-2.21281e-07
-1.46353e-08
-2.18346e-07
-6.52693e-09
-1.80808e-07
-7.22317e-09
-1.54846e-07
-1.4203e-07
-9.29663e-09
-1.42345e-09
-2.70244e-08
3.81675e-08
-2.69631e-07
8.75534e-08
-3.21625e-07
1.25594e-07
-2.41906e-07
1.58886e-07
-2.02236e-07
1.74048e-07
-7.66138e-08
1.65246e-07
7.87739e-08
1.4601e-07
1.46329e-07
1.12892e-07
2.22874e-07
1.02639e-07
1.13189e-07
6.23688e-08
1.76519e-07
7.19234e-08
6.73163e-08
5.38619e-08
-1.63963e-08
5.72791e-08
1.7668e-07
9.95032e-08
-8.92048e-09
7.80963e-08
7.47151e-08
3.79443e-08
2.96382e-07
-1.05477e-08
3.13459e-07
-4.71882e-08
3.29116e-07
-4.41387e-08
2.89213e-07
-9.38875e-09
2.16422e-07
3.42295e-08
1.95006e-08
6.37945e-08
-1.44947e-07
8.28718e-08
-1.66677e-07
8.50027e-08
-1.75943e-07
6.57985e-08
-2.02077e-07
3.78741e-08
-1.90422e-07
2.1051e-08
-1.63984e-07
3.3466e-09
-1.37141e-07
-1.25523e-07
-1.31604e-08
-2.16184e-09
-2.48625e-08
3.77173e-08
-3.09511e-07
8.75351e-08
-3.71442e-07
1.26045e-07
-2.80416e-07
1.60134e-07
-2.36325e-07
1.75843e-07
-9.23223e-08
1.6713e-07
8.74868e-08
1.46268e-07
1.67191e-07
1.14222e-07
2.5492e-07
1.02718e-07
1.24693e-07
6.63392e-08
2.12898e-07
7.34956e-08
6.01598e-08
2.29796e-08
3.41196e-08
3.09818e-08
1.68678e-07
7.47071e-08
-5.26459e-08
5.38954e-08
9.55268e-08
4.00014e-08
3.10276e-07
4.70135e-08
3.06447e-07
6.93185e-08
3.06811e-07
7.69294e-08
2.81602e-07
1.11731e-07
1.81621e-07
1.43241e-07
-1.20092e-08
1.65907e-07
-1.67614e-07
1.82175e-07
-1.82944e-07
1.61902e-07
-1.5567e-07
1.26021e-07
-1.66196e-07
8.15634e-08
-1.45964e-07
3.90471e-08
-1.21468e-07
9.4292e-09
-1.07523e-07
-1.03962e-07
-1.21324e-08
-3.0296e-09
-2.18329e-08
3.71828e-08
-3.49723e-07
8.74951e-08
-4.21755e-07
1.26553e-07
-3.19474e-07
1.61562e-07
-2.71334e-07
1.77935e-07
-1.08696e-07
1.69284e-07
9.61383e-08
1.46444e-07
1.9003e-07
1.1631e-07
2.85055e-07
1.00778e-07
1.40226e-07
7.55866e-08
2.38089e-07
8.28406e-08
5.29057e-08
1.90054e-08
9.79547e-08
1.14201e-08
1.76263e-07
3.22881e-08
-7.35138e-08
4.03637e-08
8.74512e-08
6.10453e-08
2.89595e-07
8.07264e-08
2.86766e-07
1.40011e-07
2.47527e-07
1.6945e-07
2.52163e-07
2.00787e-07
1.50285e-07
2.14969e-07
-2.61911e-08
2.18341e-07
-1.70987e-07
2.20264e-07
-1.84867e-07
1.98122e-07
-1.33527e-07
1.56918e-07
-1.24992e-07
1.10247e-07
-9.92933e-08
5.96824e-08
-7.09037e-08
2.07293e-08
-6.85703e-08
-7.86085e-08
-4.62409e-09
-4.031e-09
-1.78019e-08
3.65597e-08
-3.90314e-07
8.74254e-08
-4.7262e-07
1.27121e-07
-3.59169e-07
1.6317e-07
-3.07384e-07
1.8035e-07
-1.25875e-07
1.71635e-07
1.04853e-07
1.46856e-07
2.14809e-07
1.1794e-07
3.13971e-07
9.63662e-08
1.61799e-07
8.43497e-08
2.50105e-07
8.91849e-08
4.80705e-08
2.77549e-08
1.59385e-07
1.24217e-08
1.91596e-07
2.02613e-08
-8.13535e-08
4.08553e-08
6.68571e-08
7.52048e-08
2.55245e-07
8.07572e-08
2.81213e-07
1.2647e-07
2.01814e-07
1.73398e-07
2.05235e-07
2.17932e-07
1.05751e-07
2.27204e-07
-3.54636e-08
2.15448e-07
-1.59231e-07
1.99458e-07
-1.68877e-07
1.76028e-07
-1.10097e-07
1.41883e-07
-9.08465e-08
1.028e-07
-6.02107e-08
5.88949e-08
-2.69987e-08
2.31742e-08
-3.28496e-08
-5.44429e-08
-9.91424e-10
-5.16832e-09
-1.26336e-08
3.58438e-08
-4.31326e-07
8.73158e-08
-5.24092e-07
1.27749e-07
-3.99603e-07
1.64964e-07
-3.44598e-07
1.83093e-07
-1.44004e-07
1.74214e-07
1.13732e-07
1.47642e-07
2.41381e-07
1.18402e-07
3.43211e-07
9.20183e-08
1.88183e-07
8.9108e-08
2.53016e-07
8.35379e-08
5.36405e-08
3.68913e-08
2.06031e-07
2.96484e-08
1.98839e-07
2.70931e-08
-7.87982e-08
3.3889e-08
6.00612e-08
6.44313e-08
2.24703e-07
7.82215e-08
2.67423e-07
9.61563e-08
1.83879e-07
1.34064e-07
1.67327e-07
1.69468e-07
7.0347e-08
1.83872e-07
-4.98673e-08
1.82442e-07
-1.57802e-07
1.65016e-07
-1.5145e-07
1.44718e-07
-8.97993e-08
1.0863e-07
-5.47576e-08
7.36526e-08
-2.52338e-08
4.66478e-08
5.97212e-12
2.21699e-08
-8.37174e-09
-3.39939e-08
1.72096e-09
-6.445e-09
-6.18863e-09
3.50306e-08
-4.72802e-07
8.71532e-08
-5.76215e-07
1.28438e-07
-4.40887e-07
1.66946e-07
-3.83106e-07
1.86179e-07
-1.63237e-07
1.77088e-07
1.22823e-07
1.48651e-07
2.69818e-07
1.17965e-07
3.73897e-07
9.02625e-08
2.15885e-07
8.96783e-08
2.536e-07
7.38858e-08
6.94329e-08
4.47534e-08
2.35164e-07
4.7606e-08
1.95986e-07
4.53146e-08
-7.65067e-08
3.90151e-08
6.63606e-08
4.93403e-08
2.14378e-07
8.26758e-08
2.34087e-07
9.76546e-08
1.68901e-07
1.24722e-07
1.4026e-07
1.49086e-07
4.59828e-08
1.76427e-07
-7.72086e-08
1.75139e-07
-1.56513e-07
1.41899e-07
-1.18211e-07
1.21298e-07
-6.9199e-08
8.21003e-08
-1.55596e-08
5.00294e-08
6.83707e-09
3.84827e-08
1.15527e-08
1.72516e-08
1.28592e-08
-2.51607e-08
8.4184e-09
-7.86582e-09
1.6772e-09
3.4115e-08
-5.14782e-07
8.69375e-08
-6.29037e-07
1.29187e-07
-4.83136e-07
1.69117e-07
-4.23037e-07
1.89633e-07
-1.83752e-07
1.80281e-07
1.32175e-07
1.49617e-07
3.00481e-07
1.17725e-07
4.05789e-07
8.87685e-08
2.44842e-07
8.97943e-08
2.52574e-07
7.22583e-08
8.69688e-08
5.27233e-08
2.54699e-07
5.94553e-08
1.89254e-07
5.80158e-08
-7.50672e-08
5.63552e-08
6.80212e-08
4.70964e-08
2.23637e-07
8.25866e-08
1.98597e-07
1.12688e-07
1.38799e-07
1.35097e-07
1.17851e-07
1.55813e-07
2.52665e-08
1.71866e-07
-9.32617e-08
1.53684e-07
-1.3833e-07
1.1638e-07
-8.09066e-08
9.6758e-08
-4.95772e-08
8.51795e-08
-3.98111e-09
6.20487e-08
2.99678e-08
2.65919e-08
4.70093e-08
1.06314e-08
2.88197e-08
-2.92113e-08
1.4682e-08
-9.4374e-09
1.11146e-08
3.30907e-08
-5.5731e-07
8.66808e-08
-6.82627e-07
1.29993e-07
-5.26448e-07
1.71482e-07
-4.64526e-07
1.93487e-07
-2.05757e-07
1.8374e-07
1.41921e-07
1.50715e-07
3.33507e-07
1.17623e-07
4.38881e-07
8.61467e-08
2.76318e-07
9.01191e-08
2.48602e-07
7.66621e-08
1.00426e-07
5.09304e-08
2.8043e-07
5.85478e-08
1.81637e-07
4.797e-08
-6.44894e-08
7.46647e-08
4.13266e-08
7.86325e-08
2.19669e-07
8.35686e-08
1.93661e-07
1.08492e-07
1.13876e-07
1.32848e-07
9.34951e-08
1.44073e-07
1.40413e-08
1.32211e-07
-8.13998e-08
1.15848e-07
-1.21966e-07
1.06982e-07
-7.20411e-08
9.28248e-08
-3.54199e-08
7.05557e-08
1.82879e-08
2.53811e-08
7.51424e-08
-1.81395e-08
9.05298e-08
-4.2946e-09
1.49747e-08
-4.54154e-08
1.19095e-08
-1.1166e-08
2.22806e-08
3.19509e-08
-6.00427e-07
8.63966e-08
-7.37073e-07
1.30853e-07
-5.70904e-07
1.74049e-07
-5.07723e-07
1.97746e-07
-2.29453e-07
1.87496e-07
1.52171e-07
1.52095e-07
3.68908e-07
1.17672e-07
4.73305e-07
8.08575e-08
3.13132e-07
9.22843e-08
2.37175e-07
9.0261e-08
1.02449e-07
6.19198e-08
3.08772e-07
5.98309e-08
1.83726e-07
4.76202e-08
-5.22787e-08
8.86442e-08
3.026e-10
9.46722e-08
2.13641e-07
8.52892e-08
2.03044e-07
1.00911e-07
9.8254e-08
1.02342e-07
9.20636e-08
8.91862e-08
2.71972e-08
7.52338e-08
-6.74474e-08
5.3586e-08
-1.00319e-07
1.6039e-08
-3.44941e-08
-2.69519e-08
7.57095e-09
-4.78036e-08
3.91396e-08
-5.37537e-08
8.10924e-08
-3.75051e-08
7.42812e-08
-1.37472e-08
-8.78317e-09
-4.75704e-08
-1.15923e-08
-1.3059e-08
3.53396e-08
3.06874e-08
-6.44174e-07
8.60957e-08
-7.92481e-07
1.31763e-07
-6.16571e-07
1.76818e-07
-5.52778e-07
2.0243e-07
-2.55064e-07
1.91608e-07
1.62992e-07
1.5406e-07
4.06455e-07
1.16717e-07
5.10648e-07
7.56605e-08
3.54188e-07
9.66089e-08
2.16226e-07
9.26081e-08
1.0645e-07
8.88139e-09
3.92498e-07
7.38749e-09
1.8522e-07
4.86826e-08
-9.35737e-08
1.13607e-07
-6.46216e-08
1.40514e-07
1.86733e-07
1.16408e-07
2.2715e-07
9.2402e-08
1.2226e-07
7.78996e-08
1.06566e-07
9.49384e-08
1.01584e-08
9.9618e-08
-7.2127e-08
7.02754e-08
-7.09762e-08
4.00955e-08
-4.31431e-09
7.05692e-09
4.06095e-08
-1.80651e-08
6.42615e-08
-2.22958e-08
8.53231e-08
-1.07586e-08
6.2744e-08
-2.14487e-08
1.9069e-09
-2.43363e-08
-4.46828e-08
-1.51244e-08
5.0464e-08
2.92915e-08
-6.8859e-07
8.57836e-08
-8.48973e-07
1.32719e-07
-6.63506e-07
1.79771e-07
-5.9983e-07
2.07588e-07
-2.82881e-07
1.96255e-07
1.74325e-07
1.56239e-07
4.46472e-07
1.1484e-07
5.52047e-07
7.37838e-08
3.95245e-07
1.02256e-07
1.87754e-07
9.90396e-08
1.09666e-07
5.74842e-08
4.34054e-07
5.77673e-08
1.84936e-07
7.03615e-08
-1.06168e-07
1.25974e-07
-1.20234e-07
1.32351e-07
1.80357e-07
9.16908e-08
2.6781e-07
5.40215e-08
1.5993e-07
6.90747e-08
9.15128e-08
1.03342e-07
-2.41087e-08
7.43514e-08
-4.31367e-08
3.48458e-08
-3.14707e-08
3.54078e-08
-4.8763e-09
5.07235e-08
2.52937e-08
4.85848e-08
6.64002e-08
5.01883e-08
8.37195e-08
5.16387e-08
6.12935e-08
2.64951e-08
2.70505e-08
1.96932e-08
-1.75345e-08
-1.73712e-08
6.78351e-08
2.77532e-08
-7.33714e-07
8.54621e-08
-9.06682e-07
1.33717e-07
-7.11761e-07
1.82845e-07
-6.48959e-07
2.13367e-07
-3.13403e-07
2.01405e-07
1.86286e-07
1.58296e-07
4.89581e-07
1.11725e-07
5.98619e-07
6.98392e-08
4.3713e-07
1.07953e-07
1.4964e-07
7.71494e-08
1.4047e-07
-1.62076e-08
5.27411e-07
-1.73255e-08
1.86054e-07
3.37618e-08
-1.57255e-07
9.74315e-08
-1.83904e-07
6.59179e-08
2.1187e-07
6.5582e-08
2.68145e-07
8.15768e-08
1.43935e-07
7.12508e-08
1.01839e-07
3.64168e-08
1.07253e-08
-4.06489e-08
3.3929e-08
-6.56869e-08
-6.43278e-09
-3.55709e-08
-3.49924e-08
1.6284e-08
-2.65613e-08
5.02905e-08
3.23937e-08
6.86832e-08
6.53268e-08
7.85269e-08
5.14498e-08
5.85861e-08
4.69913e-08
5.78126e-08
2.04667e-08
-1.98092e-08
8.76443e-08
2.606e-08
-7.79583e-07
8.51274e-08
-9.6575e-07
1.34741e-07
-7.61374e-07
1.85925e-07
-7.00144e-07
2.19841e-07
-3.47319e-07
2.06902e-07
1.99225e-07
1.57974e-07
5.38509e-07
1.19204e-07
6.37389e-07
6.65935e-08
4.89741e-07
1.05645e-07
1.10589e-07
7.73364e-08
1.68778e-07
-3.38186e-08
6.38566e-07
-2.0988e-08
1.73224e-07
3.65396e-08
-2.14783e-07
1.05758e-07
-2.53122e-07
9.44328e-08
2.23196e-07
7.56342e-08
2.86944e-07
6.67701e-08
1.52799e-07
4.25168e-08
1.26092e-07
-3.2034e-08
8.5276e-08
-1.28892e-07
1.30787e-07
-1.40939e-07
5.61365e-09
-1.08817e-07
-6.71145e-08
-6.45258e-08
-7.08523e-08
-2.63538e-08
-5.77834e-09
1.84092e-09
3.7132e-08
2.23443e-08
3.09464e-08
2.53257e-08
4.40099e-08
6.97139e-08
1.34244e-08
-2.2444e-08
1.10088e-07
2.41923e-08
-8.26219e-07
8.47669e-08
-1.02632e-06
1.35701e-07
-8.12308e-07
1.88764e-07
-7.53207e-07
2.26305e-07
-3.84859e-07
2.09621e-07
2.15909e-07
1.62896e-07
5.85234e-07
9.33847e-08
7.069e-07
3.86267e-08
5.44499e-07
1.2242e-07
2.67961e-08
9.53105e-08
1.95887e-07
1.05603e-08
7.23316e-07
5.55992e-10
1.83228e-07
2.5245e-08
-2.39472e-07
1.12028e-07
-3.39905e-07
1.16796e-07
2.18427e-07
7.36672e-08
3.30073e-07
-5.98969e-09
2.32456e-07
6.43905e-09
1.13663e-07
3.03267e-08
6.13883e-08
-7.7658e-08
2.38772e-07
-1.40076e-07
6.80313e-08
-1.49075e-07
-5.8115e-08
-1.29819e-07
-9.0109e-08
-9.83137e-08
-3.72832e-08
-7.22921e-08
1.11104e-08
-4.08462e-08
-4.99561e-10
-1.58652e-08
1.90289e-08
5.29386e-08
9.10047e-10
-2.53291e-08
1.35417e-07
2.21004e-08
-8.73649e-07
8.43269e-08
-1.08855e-06
1.36255e-07
-8.64236e-07
1.90431e-07
-8.07383e-07
2.27347e-07
-4.21776e-07
2.03158e-07
2.40099e-07
1.45683e-07
6.42708e-07
1.44015e-07
7.08568e-07
4.71116e-08
6.41402e-07
1.00038e-07
-2.61306e-08
1.51165e-07
1.4476e-07
3.95764e-08
8.34904e-07
-2.36407e-08
2.46445e-07
-1.06341e-08
-2.52479e-07
1.22486e-07
-4.73025e-07
1.60974e-07
1.79939e-07
6.9049e-08
4.21999e-07
-1.53735e-08
3.16878e-07
-4.15308e-08
1.39821e-07
4.45449e-08
-2.46875e-08
4.14063e-08
2.41911e-07
-2.09396e-08
1.30377e-07
-5.74917e-08
-2.15628e-08
-8.70741e-08
-6.05267e-08
-8.87788e-08
-3.55786e-08
-7.01974e-08
-7.47111e-09
-5.67897e-08
-1.39073e-08
-3.62854e-08
-1.47542e-09
2.08352e-08
-4.18197e-09
-2.80173e-08
1.63435e-07
1.96073e-08
-9.21274e-07
8.35453e-08
-1.15249e-06
1.35281e-07
-9.15972e-07
1.86154e-07
-8.58256e-07
2.09837e-07
-4.4546e-07
1.61166e-07
2.8877e-07
1.45115e-07
6.5876e-07
8.70678e-08
7.66615e-07
3.10613e-08
6.97409e-07
1.23566e-07
-1.18635e-07
1.12567e-07
1.55758e-07
1.77895e-08
9.29682e-07
-1.62409e-08
2.80476e-07
-1.17466e-08
-2.56973e-07
5.66021e-08
-5.41374e-07
5.89438e-08
1.77597e-07
-8.82054e-09
4.89763e-07
6.22537e-08
2.45804e-07
1.6898e-08
1.85176e-07
2.26922e-08
-3.04816e-08
7.84539e-08
1.86149e-07
3.47329e-08
1.74098e-07
7.47794e-09
5.69207e-09
-1.67206e-08
-3.63282e-08
-2.83657e-08
-2.39335e-08
-2.29299e-08
-1.29069e-08
-2.25261e-08
-1.43112e-08
-2.15345e-08
-2.46699e-09
7.13836e-09
-7.83765e-09
-3.30102e-08
1.96445e-07
1.61372e-08
-9.70421e-07
8.13506e-08
-1.2177e-06
1.29111e-07
-9.63732e-07
1.63361e-07
-8.92506e-07
1.54698e-07
-4.36797e-07
8.46011e-08
3.58866e-07
2.6903e-08
7.16458e-07
5.98094e-09
7.87537e-07
1.20561e-08
6.91334e-07
-1.04076e-07
-2.503e-09
-1.25487e-07
1.77169e-07
-6.13251e-08
8.65521e-07
-2.33454e-08
2.42496e-07
8.75285e-09
-2.89071e-07
-6.44277e-09
-5.26178e-07
-6.4636e-08
2.3579e-07
-9.37355e-08
5.18862e-07
3.33979e-08
1.18671e-07
2.83353e-08
1.90239e-07
9.08237e-09
-1.12287e-08
7.03256e-08
1.24906e-07
6.13182e-08
1.83106e-07
2.10338e-08
4.59765e-08
-4.54794e-09
-1.07465e-08
1.48966e-09
-2.99711e-08
8.47029e-09
-1.98875e-08
5.58087e-09
-1.14217e-08
-4.97188e-09
8.08576e-09
1.84769e-08
-1.63104e-08
-2.76907e-08
2.24136e-07
9.80981e-09
-1.00792e-06
7.41171e-08
-1.28201e-06
1.08254e-07
-9.97869e-07
1.1191e-07
-8.96162e-07
8.32458e-08
-4.08133e-07
3.93334e-09
4.38179e-07
6.75027e-08
6.52889e-07
1.00976e-07
7.54064e-07
-1.43157e-07
9.35467e-07
-2.16119e-07
7.04594e-08
-1.10373e-07
7.14229e-08
-1.8979e-07
9.44938e-07
-1.05599e-07
1.58305e-07
4.22668e-08
-4.36937e-07
-2.61617e-08
-4.5775e-07
-9.58128e-08
3.05441e-07
-1.36437e-07
5.59487e-07
-1.69103e-08
-8.56146e-10
5.23686e-08
1.2096e-07
-1.13808e-08
5.25207e-08
2.37133e-08
8.98117e-08
3.16218e-08
1.75197e-07
-1.87149e-08
9.6313e-08
-2.54839e-08
-3.97754e-09
-5.7902e-09
-4.96648e-08
-4.03503e-09
-2.16427e-08
-4.08769e-09
-1.13691e-08
-1.09769e-08
1.4975e-08
2.95448e-08
-2.20448e-08
-5.28131e-08
2.76949e-07
-3.13639e-09
-1.0576e-06
5.25609e-08
-1.33771e-06
6.29412e-08
-1.00825e-06
6.16995e-08
-8.9492e-07
3.59552e-09
-3.50029e-07
-3.11314e-07
7.53088e-07
-2.26823e-07
5.68398e-07
-5.4971e-08
5.82212e-07
-1.77486e-07
1.05798e-06
-2.7421e-07
1.67184e-07
-2.2262e-07
1.98324e-08
-3.10325e-07
1.03264e-06
-2.28814e-07
7.67938e-08
-4.8101e-08
-6.17649e-07
-6.68098e-08
-4.39041e-07
-1.73249e-08
2.55956e-07
5.08696e-09
5.37075e-07
2.94172e-08
-2.51864e-08
2.9981e-08
1.20396e-07
-7.32773e-08
1.55779e-07
-6.51279e-08
8.16623e-08
-2.80659e-08
1.38135e-07
-5.47655e-08
1.23013e-07
-5.06575e-08
-8.08553e-09
-3.63448e-08
-6.39775e-08
-3.57428e-08
-2.22447e-08
-2.33704e-08
-2.37415e-08
-1.60195e-08
7.62414e-09
2.41837e-08
-1.06584e-08
2.25535e-10
2.76723e-07
-2.94661e-08
-1.02791e-06
3.20056e-09
-1.37037e-06
9.53017e-09
-1.01458e-06
1.67037e-07
-1.05243e-06
1.30955e-07
-3.13947e-07
-3.97411e-07
1.28145e-06
-5.85532e-07
7.56518e-07
-2.81405e-07
2.78085e-07
-5.37098e-08
8.30286e-07
-3.25083e-07
4.38557e-07
-2.85809e-07
-1.94409e-08
-2.03355e-07
9.50188e-07
-2.20421e-07
9.38596e-08
-1.18306e-07
-7.19764e-07
-1.2995e-07
-4.27397e-07
-3.58623e-08
1.61869e-07
2.60489e-08
4.75164e-07
-6.81262e-08
6.89887e-08
-1.39858e-07
1.92128e-07
-1.88791e-07
2.04711e-07
-1.03263e-07
-3.86506e-09
-1.47658e-08
4.96375e-08
-5.25929e-08
1.6084e-07
-6.87958e-08
8.11736e-09
-5.72282e-08
-7.55452e-08
-4.12504e-08
-3.82225e-08
-2.99823e-08
-3.50096e-08
-1.63766e-08
-5.9815e-09
9.09308e-09
-1.28601e-09
-7.95613e-08
3.56284e-07
-7.4213e-08
-1.03325e-06
-7.37864e-08
-1.3708e-06
1.19098e-07
-1.20746e-06
4.05031e-07
-1.33836e-06
-3.39196e-07
4.3028e-07
-7.87804e-07
1.73006e-06
-6.69865e-07
6.38579e-07
-4.79288e-07
8.75075e-08
-1.6211e-07
5.13108e-07
-3.83648e-07
6.60095e-07
-2.95129e-07
-1.07959e-07
-4.46066e-08
6.99665e-07
-1.45572e-07
1.94825e-07
-2.3191e-07
-6.33426e-07
-2.80348e-07
-3.7896e-07
-1.91555e-07
7.30763e-08
-1.46423e-07
4.30032e-07
-2.24632e-07
1.47197e-07
-2.18494e-07
1.8599e-07
-1.76786e-07
1.63003e-07
-9.83878e-08
-8.22633e-08
-6.6918e-09
-4.20584e-08
-1.10461e-08
1.65194e-07
-3.59317e-08
3.30029e-08
-3.19969e-08
-7.948e-08
-2.24439e-08
-4.77754e-08
-2.3573e-08
-3.38805e-08
-1.39729e-08
-1.55816e-08
-1.6882e-09
-3.19152e-09
-3.61628e-09
3.59901e-07
-1.26077e-07
-9.10794e-07
-1.02937e-07
-1.39394e-06
7.36131e-07
-2.04653e-06
-1.56894e-08
-5.86539e-07
-1.62856e-06
2.04315e-06
-8.83681e-07
9.85181e-07
-6.9394e-07
4.48839e-07
-6.53129e-07
4.6696e-08
-3.46013e-07
2.05992e-07
-4.35621e-07
7.49703e-07
-3.80696e-07
-1.62884e-07
-6.73501e-08
3.86319e-07
-1.25706e-07
2.53182e-07
-3.30645e-07
-4.28487e-07
-4.25929e-07
-2.83676e-07
-3.26323e-07
-2.65301e-08
-2.52928e-07
3.56637e-07
-2.51388e-07
1.45657e-07
-1.89019e-07
1.23621e-07
-9.73057e-08
7.12899e-08
-1.11983e-07
-6.75856e-08
-1.00345e-07
-5.36972e-08
6.21955e-09
5.86298e-08
3.42079e-08
5.01448e-09
3.06723e-09
-4.83393e-08
-1.13216e-08
-3.33866e-08
-1.89001e-08
-2.6302e-08
-1.80412e-08
-1.64405e-08
-9.6249e-09
-1.01045e-08
-1.26611e-07
4.86511e-07
-1.08349e-07
-9.29056e-07
3.29461e-07
-1.83175e-06
5.59027e-07
-2.2761e-06
1.04594e-07
-1.32107e-07
-7.78585e-07
2.92633e-06
-8.38483e-07
1.04508e-06
-8.56909e-07
4.67265e-07
-7.8175e-07
-2.84636e-08
-5.63437e-07
-1.23206e-08
-5.31188e-07
7.17453e-07
-4.96327e-07
-1.97745e-07
-2.11272e-07
1.01265e-07
-1.44151e-07
1.86061e-07
-3.32988e-07
-2.39651e-07
-4.50945e-07
-1.65719e-07
-3.83877e-07
-9.35982e-08
-2.42526e-07
2.15287e-07
-1.79454e-07
8.2584e-08
-8.69918e-08
3.11596e-08
2.61981e-08
-4.18999e-08
-3.11538e-08
-1.02337e-08
-9.84539e-08
1.36029e-08
1.66283e-08
-5.64524e-08
6.68755e-08
-4.52327e-08
2.16936e-08
-3.15736e-09
-1.21693e-08
4.76284e-10
-3.27574e-08
-5.71375e-09
-3.33002e-08
-1.58976e-08
-2.56376e-08
-1.72873e-08
6.52237e-08
4.21288e-07
5.25341e-07
-1.38917e-06
2.58119e-06
-3.8876e-06
1.39941e-06
-1.09431e-06
6.74504e-07
5.92797e-07
1.50269e-07
3.45056e-06
-6.90798e-07
1.88614e-06
-8.98232e-07
6.74701e-07
-8.42644e-07
-8.40516e-08
-6.66851e-07
-1.88114e-07
-6.12682e-07
6.63284e-07
-5.7621e-07
-2.34217e-07
-3.22896e-07
-1.5205e-07
-1.73793e-07
3.69577e-08
-3.1326e-07
-1.00184e-07
-4.51668e-07
-2.73099e-08
-4.54076e-07
-9.11901e-08
-2.87935e-07
4.91456e-08
-1.0951e-07
-9.58412e-08
4.62916e-08
-1.24641e-07
1.80411e-07
-1.7602e-07
1.43792e-07
2.63854e-08
3.33094e-07
-1.75698e-07
4.67367e-07
-1.90725e-07
2.22136e-07
1.99998e-07
9.84785e-08
1.205e-07
4.32463e-08
5.57093e-08
-9.34889e-10
3.84677e-08
-1.44635e-08
-2.36885e-09
-1.19076e-08
-2.8192e-08
1.21273e-08
-2.16992e-08
4.46259e-08
-3.24986e-08
8.06296e-08
-3.60037e-08
9.62623e-08
-1.56327e-08
1.31155e-07
-3.48926e-08
1.89686e-07
-5.85314e-08
2.42163e-07
-5.24765e-08
2.36305e-07
5.85739e-09
1.5261e-07
8.36952e-08
5.40349e-08
9.85753e-08
2.02004e-08
3.38345e-08
1.67627e-08
3.43781e-09
3.50941e-08
-1.83314e-08
6.35065e-08
-2.84124e-08
7.48982e-08
-1.13917e-08
6.45822e-08
1.0316e-08
4.49454e-08
1.96368e-08
3.19515e-08
1.29939e-08
7.88284e-09
2.40686e-08
-1.19394e-08
1.98222e-08
-3.84138e-08
2.64743e-08
-6.46754e-08
2.62617e-08
-9.17243e-08
2.70489e-08
-1.11256e-07
1.95312e-08
-1.16494e-07
5.23852e-09
-1.02722e-07
-1.37716e-08
-8.27324e-08
-1.999e-08
-5.11089e-08
-3.16235e-08
-1.80661e-08
-3.30428e-08
-1.80661e-08
3.70841e-08
-5.97929e-08
7.86656e-08
-7.40802e-08
1.26113e-07
-8.3451e-08
1.63178e-07
-5.2698e-08
2.1453e-07
-8.62442e-08
2.65236e-07
-1.09238e-07
3.04437e-07
-9.16767e-08
3.26388e-07
-1.60937e-08
2.80374e-07
1.29709e-07
1.81288e-07
1.97661e-07
1.04487e-07
1.10636e-07
8.0772e-08
2.71524e-08
8.45377e-08
-2.20971e-08
6.73564e-08
-1.1231e-08
5.498e-08
9.84659e-10
3.24039e-08
3.28921e-08
-1.1751e-08
6.37917e-08
-2.54065e-08
2.66494e-08
-6.06973e-08
5.93594e-08
-8.29133e-08
4.20382e-08
-1.09324e-07
5.28847e-08
-1.3578e-07
5.27182e-08
-1.55011e-07
4.62796e-08
-1.65955e-07
3.04756e-08
-1.57541e-07
-3.17556e-09
-1.29295e-07
-4.20184e-08
-9.53372e-08
-5.39474e-08
-4.86116e-08
-7.83491e-08
-8.63517e-09
-7.30192e-08
-2.67013e-08
3.64763e-08
-9.54307e-08
6.38089e-08
-1.01413e-07
8.77353e-08
-1.07377e-07
1.53383e-07
-1.18346e-07
2.07804e-07
-1.40665e-07
2.58189e-07
-1.59623e-07
2.99509e-07
-1.32997e-07
3.2705e-07
-4.36346e-08
3.21838e-07
1.3492e-07
2.61197e-07
2.58303e-07
1.75807e-07
1.96026e-07
1.18959e-07
8.40007e-08
7.9876e-08
1.6986e-08
2.87871e-08
3.98578e-08
1.01003e-08
1.96714e-08
-1.01371e-08
5.31294e-08
-5.52507e-08
1.08905e-07
-5.53641e-08
2.67628e-08
-8.7319e-08
9.13142e-08
-1.06263e-07
6.09826e-08
-1.25129e-07
7.17506e-08
-1.49084e-07
7.66728e-08
-1.62412e-07
5.96078e-08
-1.69739e-07
3.78029e-08
-1.57462e-07
-1.54525e-08
-1.26299e-07
-7.31817e-08
-9.01656e-08
-9.00809e-08
-4.17017e-08
-1.26813e-07
-2.51461e-09
-1.12206e-07
-2.92159e-08
2.58316e-08
-1.27275e-07
5.43164e-08
-1.29898e-07
8.3407e-08
-1.36468e-07
1.41482e-07
-1.76421e-07
1.85416e-07
-1.846e-07
1.98225e-07
-1.72432e-07
2.15248e-07
-1.5002e-07
2.5009e-07
-7.84769e-08
2.76507e-07
1.08504e-07
2.69698e-07
2.65112e-07
2.1966e-07
2.46064e-07
1.46405e-07
1.57255e-07
7.28671e-08
9.05239e-08
-1.49352e-09
1.14218e-07
-2.19636e-08
4.01416e-08
-3.93565e-08
7.05223e-08
-8.1444e-08
1.50993e-07
-6.71765e-08
1.24952e-08
-8.96613e-08
1.13799e-07
-1.11948e-07
8.32694e-08
-1.26132e-07
8.59343e-08
-1.5044e-07
1.00981e-07
-1.6228e-07
7.14482e-08
-1.69282e-07
4.48046e-08
-1.56417e-07
-2.83172e-08
-1.2466e-07
-1.04939e-07
-8.82051e-08
-1.26536e-07
-3.94927e-08
-1.75525e-07
-4.64435e-10
-1.51235e-07
-2.96803e-08
6.91573e-09
-1.45404e-07
2.54387e-08
-1.48421e-07
5.70174e-08
-1.68047e-07
9.29816e-08
-2.12385e-07
1.14919e-07
-2.06537e-07
1.16623e-07
-1.74137e-07
1.24237e-07
-1.57633e-07
1.53405e-07
-1.07645e-07
2.05316e-07
5.65923e-08
2.28616e-07
2.41812e-07
2.02618e-07
2.72062e-07
1.31131e-07
2.28742e-07
4.42579e-08
1.77397e-07
-3.33456e-08
1.91822e-07
-4.9436e-08
5.62319e-08
-5.66596e-08
7.77458e-08
-9.54681e-08
1.89801e-07
-7.27774e-08
-1.01955e-08
-8.24946e-08
1.23516e-07
-1.13981e-07
1.14756e-07
-1.25509e-07
9.74618e-08
-1.50904e-07
1.26376e-07
-1.62582e-07
8.31266e-08
-1.69855e-07
5.20773e-08
-1.56803e-07
-4.13694e-08
-1.2459e-07
-1.37152e-07
-8.78722e-08
-1.63254e-07
-3.88923e-08
-2.24505e-07
2.15268e-10
-1.90342e-07
-2.9465e-08
-1.44795e-08
-1.40221e-07
-1.64708e-08
-1.46429e-07
-6.791e-09
-1.77727e-07
-6.07982e-09
-2.13096e-07
3.81127e-09
-2.16428e-07
1.22245e-08
-1.8255e-07
1.8025e-08
-1.63434e-07
5.79573e-08
-1.47577e-07
1.06448e-07
8.10194e-09
1.34459e-07
2.13801e-07
1.31646e-07
2.74875e-07
7.74593e-08
2.82929e-07
2.29046e-11
2.54833e-07
-6.12605e-08
2.53106e-07
-7.57752e-08
7.07466e-08
-6.29819e-08
6.49525e-08
-8.98235e-08
2.16643e-07
-7.44106e-08
-2.56085e-08
-7.49065e-08
1.24012e-07
-1.15114e-07
1.54963e-07
-1.25624e-07
1.07972e-07
-1.51449e-07
1.52201e-07
-1.63367e-07
9.50444e-08
-1.70924e-07
5.9635e-08
-1.57657e-07
-5.46371e-08
-1.24896e-07
-1.69913e-07
-8.78555e-08
-2.00294e-07
-3.85506e-08
-2.7381e-07
7.4632e-10
-2.29639e-07
-2.87187e-08
-3.08532e-08
-1.22528e-07
-4.7545e-08
-1.29738e-07
-6.57996e-08
-1.59472e-07
-9.36956e-08
-1.852e-07
-1.09351e-07
-2.00773e-07
-1.08318e-07
-1.83583e-07
-8.84899e-08
-1.83262e-07
-5.42143e-08
-1.81853e-07
-4.33779e-09
-4.17746e-08
3.80346e-08
1.71429e-07
5.01557e-08
2.62754e-07
2.12415e-08
3.11843e-07
-2.45249e-08
3.006e-07
-6.50587e-08
2.93639e-07
-8.89959e-08
9.46837e-08
-5.29588e-08
2.89154e-08
-5.93692e-08
2.23053e-07
-7.28292e-08
-1.21485e-08
-7.18248e-08
1.23008e-07
-1.16098e-07
1.99236e-07
-1.26761e-07
1.18635e-07
-1.51944e-07
1.77383e-07
-1.64428e-07
1.07528e-07
-1.72247e-07
6.74534e-08
-1.58723e-07
-6.81605e-08
-1.25302e-07
-2.03333e-07
-8.7871e-08
-2.37725e-07
-3.81802e-08
-3.23501e-07
1.35278e-09
-2.69172e-07
-2.73659e-08
-3.48443e-08
-9.98162e-08
-6.31514e-08
-1.0143e-07
-1.06189e-07
-1.16434e-07
-1.46045e-07
-1.45344e-07
-1.78437e-07
-1.68382e-07
-1.97252e-07
-1.64767e-07
-1.80284e-07
-2.00231e-07
-1.54691e-07
-2.07445e-07
-1.22323e-07
-7.41428e-08
-8.30978e-08
1.32204e-07
-6.55713e-08
2.45227e-07
-3.80046e-08
2.84277e-07
-2.7805e-08
2.904e-07
-4.30904e-08
3.08925e-07
-6.94164e-08
1.2101e-07
-2.80411e-08
-1.24599e-08
-2.67904e-08
2.21802e-07
-7.31198e-08
3.41809e-08
-7.4435e-08
1.24323e-07
-1.17081e-07
2.41883e-07
-1.29026e-07
1.3058e-07
-1.52306e-07
2.00662e-07
-1.65705e-07
1.20928e-07
-1.73799e-07
7.55481e-08
-1.59976e-07
-8.19838e-08
-1.25775e-07
-2.37535e-07
-8.7879e-08
-2.75621e-07
-3.77347e-08
-3.73645e-07
2.07913e-09
-3.08986e-07
-2.52867e-08
-2.95619e-08
-7.48784e-08
-6.87867e-08
-6.22058e-08
-1.18145e-07
-6.70757e-08
-1.6247e-07
-1.01019e-07
-1.98503e-07
-1.32348e-07
-2.17177e-07
-1.46093e-07
-2.16025e-07
-2.01383e-07
-2.12349e-07
-2.11122e-07
-2.0068e-07
-8.58108e-08
-1.6515e-07
9.66735e-08
-1.34279e-07
2.14355e-07
-7.24139e-08
2.22412e-07
-4.68581e-08
2.64844e-07
-2.65374e-08
2.88604e-07
-2.53279e-08
1.198e-07
-6.30545e-09
-3.14824e-08
-1.85993e-08
2.34096e-07
-8.00675e-08
9.56489e-08
-8.29517e-08
1.27207e-07
-1.1627e-07
2.75201e-07
-1.32313e-07
1.46623e-07
-1.52617e-07
2.20967e-07
-1.67116e-07
1.35426e-07
-1.75604e-07
8.40358e-08
-1.61417e-07
-9.61704e-08
-1.26311e-07
-2.7264e-07
-8.78715e-08
-3.14061e-07
-3.72054e-08
-4.24311e-07
2.93658e-09
-3.49128e-07
-2.23501e-08
-2.48512e-08
-5.10186e-08
-5.93384e-08
-2.77186e-08
-1.00336e-07
-2.60779e-08
-1.35391e-07
-6.59646e-08
-1.64243e-07
-1.03496e-07
-1.84361e-07
-1.25975e-07
-1.99707e-07
-1.86037e-07
-2.11616e-07
-1.99213e-07
-2.0313e-07
-9.4297e-08
-1.59755e-07
5.32986e-08
-1.16803e-07
1.71404e-07
-7.05799e-08
1.76189e-07
-6.1855e-08
2.5612e-07
-2.35829e-08
2.50332e-07
-6.54822e-09
1.02766e-07
-3.77092e-09
-3.42597e-08
-2.41951e-08
2.54521e-07
-8.38301e-08
1.55284e-07
-9.20398e-08
1.35417e-07
-1.12988e-07
2.96149e-07
-1.3541e-07
1.69044e-07
-1.53235e-07
2.38793e-07
-1.68564e-07
1.50755e-07
-1.77677e-07
9.31487e-08
-1.63052e-07
-1.10795e-07
-1.26913e-07
-3.0878e-07
-8.78421e-08
-3.53132e-07
-3.65879e-08
-4.75565e-07
3.92964e-09
-3.89646e-07
-1.84205e-08
-1.84889e-08
-3.08088e-08
-4.2009e-08
-4.19852e-09
-6.97577e-08
1.67082e-09
-1.02738e-07
-3.29843e-08
-1.27646e-07
-7.85879e-08
-1.45224e-07
-1.08398e-07
-1.66146e-07
-1.65115e-07
-1.67246e-07
-1.98113e-07
-1.51424e-07
-1.10119e-07
-1.1583e-07
1.77049e-08
-8.22594e-08
1.37833e-07
-6.24558e-08
1.56385e-07
-5.02185e-08
2.43882e-07
-1.27285e-08
2.12842e-07
-6.08479e-09
9.61218e-08
-1.84721e-08
-2.18725e-08
-3.2707e-08
2.68755e-07
-7.64638e-08
1.99041e-07
-9.73824e-08
1.56335e-07
-1.09737e-07
3.08504e-07
-1.37525e-07
1.96832e-07
-1.54281e-07
2.55549e-07
-1.7006e-07
1.66533e-07
-1.80017e-07
1.03106e-07
-1.64891e-07
-1.25921e-07
-1.27581e-07
-3.46089e-07
-8.77829e-08
-3.9293e-07
-3.58782e-08
-5.2747e-07
5.06157e-09
-4.30586e-07
-1.33589e-08
-5.43385e-09
-1.69566e-08
-3.54432e-08
2.58108e-08
-5.39409e-08
2.01684e-08
-7.89219e-08
-8.00329e-09
-1.03382e-07
-5.41276e-08
-1.15036e-07
-9.67444e-08
-1.46736e-07
-1.33414e-07
-1.57517e-07
-1.87332e-07
-1.37682e-07
-1.29954e-07
-1.05429e-07
-1.45481e-08
-8.15316e-08
1.13936e-07
-6.76561e-08
1.42509e-07
-3.5127e-08
2.11353e-07
-9.02824e-09
1.86743e-07
-1.95692e-08
1.06663e-07
-3.65099e-08
-4.93178e-09
-4.45162e-08
2.76762e-07
-6.73459e-08
2.2187e-07
-9.79177e-08
1.86907e-07
-1.09505e-07
3.20091e-07
-1.38919e-07
2.26246e-07
-1.5557e-07
2.722e-07
-1.71642e-07
1.82606e-07
-1.82628e-07
1.14092e-07
-1.66944e-07
-1.41604e-07
-1.28317e-07
-3.84717e-07
-8.76834e-08
-4.33563e-07
-3.50713e-08
-5.80082e-07
6.3373e-09
-4.71994e-07
-7.02157e-09
1.5034e-08
-1.73087e-08
-1.43197e-08
5.51645e-08
-5.63198e-08
6.21685e-08
-8.10634e-08
1.67403e-08
-8.75401e-08
-4.76511e-08
-9.66584e-08
-8.76261e-08
-1.16861e-07
-1.13212e-07
-1.40513e-07
-1.6368e-07
-1.43033e-07
-1.27434e-07
-1.15704e-07
-4.18775e-08
-9.91024e-08
9.73348e-08
-6.92892e-08
1.12696e-07
-2.76549e-08
1.69719e-07
-2.41079e-08
1.83196e-07
-3.26538e-08
1.15209e-07
-4.91431e-08
1.15575e-08
-5.74907e-08
2.85109e-07
-6.62153e-08
2.30595e-07
-9.69824e-08
2.17674e-07
-1.1042e-07
3.33529e-07
-1.40814e-07
2.5664e-07
-1.56846e-07
2.88232e-07
-1.733e-07
1.99059e-07
-1.85522e-07
1.26314e-07
-1.6922e-07
-1.57907e-07
-1.29118e-07
-4.24819e-07
-8.75281e-08
-4.75153e-07
-3.41622e-08
-6.33448e-07
7.75973e-09
-5.13916e-07
7.3818e-10
2.6377e-08
-3.17762e-08
4.01047e-08
4.14368e-08
1.58463e-08
8.64269e-08
-1.32998e-08
4.58863e-08
-5.02156e-08
-1.07353e-08
-7.90695e-08
-5.87722e-08
-8.07495e-08
-1.11532e-07
-9.86676e-08
-1.45762e-07
-1.23627e-07
-1.02474e-07
-1.16641e-07
-4.88635e-08
-1.00315e-07
8.10081e-08
-7.44867e-08
8.68684e-08
-5.60074e-08
1.5124e-07
-4.6519e-08
1.73708e-07
-3.43579e-08
1.03048e-07
-5.00776e-08
2.72772e-08
-6.12782e-08
2.9631e-07
-7.06123e-08
2.39929e-07
-9.55097e-08
2.42572e-07
-1.11072e-07
3.49092e-07
-1.43187e-07
2.88755e-07
-1.58319e-07
3.03363e-07
-1.74949e-07
2.1569e-07
-1.88715e-07
1.4008e-07
-1.71731e-07
-1.74891e-07
-1.29984e-07
-4.66566e-07
-8.73057e-08
-5.17831e-07
-3.31448e-08
-6.87609e-07
9.33363e-09
-5.56395e-07
1.00718e-08
-7.81e-09
-3.55585e-08
1.22292e-08
2.13976e-08
2.6027e-08
7.2629e-08
1.59557e-08
5.59576e-08
-1.64081e-08
2.16285e-08
-3.09151e-08
-4.42653e-08
-3.64949e-08
-1.05952e-07
-5.60106e-08
-1.26246e-07
-7.05821e-08
-8.79023e-08
-7.60347e-08
-4.3411e-08
-8.10036e-08
8.59771e-08
-5.84892e-08
6.4354e-08
-6.80352e-08
1.60786e-07
-5.39447e-08
1.59617e-07
-1.68151e-08
6.5918e-08
-5.7576e-08
6.8038e-08
-7.23722e-08
3.11106e-07
-7.92598e-08
2.46816e-07
-9.59986e-08
2.59311e-07
-1.09207e-07
3.623e-07
-1.46122e-07
3.25671e-07
-1.60104e-07
3.17344e-07
-1.76611e-07
2.32197e-07
-1.92199e-07
1.55668e-07
-1.74496e-07
-1.92594e-07
-1.30911e-07
-5.10151e-07
-8.70308e-08
-5.61712e-07
-3.20122e-08
-7.42627e-07
1.10645e-08
-5.99471e-07
2.11363e-08
-6.00199e-08
-2.02214e-08
-6.13641e-08
2.27417e-08
-5.97012e-08
7.09661e-08
-7.27745e-08
6.90309e-08
-6.39033e-08
1.27573e-08
-3.7248e-08
-7.09206e-08
-4.8818e-08
-9.43825e-08
-8.23901e-08
-9.26739e-08
-9.73206e-08
-7.29718e-08
-7.16896e-08
-6.9042e-08
-8.31358e-08
9.74234e-08
-1.0672e-07
8.79379e-08
-1.03423e-07
1.57489e-07
-7.19436e-08
1.28138e-07
-1.17888e-08
5.76306e-09
1.04512e-08
4.5798e-08
-1.91416e-08
3.40699e-07
-8.24961e-08
3.10171e-07
-9.77681e-08
2.74582e-07
-1.07211e-07
3.71742e-07
-1.48221e-07
3.66681e-07
-1.62406e-07
3.31529e-07
-1.78335e-07
2.48126e-07
-1.95968e-07
1.73301e-07
-1.77533e-07
-2.11028e-07
-1.31898e-07
-5.55786e-07
-8.67229e-08
-6.06887e-07
-3.07566e-08
-7.98594e-07
1.29591e-08
-6.43187e-07
3.40954e-08
-5.98311e-08
2.20751e-08
-8.15822e-08
4.44928e-08
-8.11691e-08
7.0553e-08
-7.03211e-08
5.81829e-08
-3.19385e-08
-2.56254e-08
1.08827e-09
-1.03947e-07
-1.78565e-08
-7.54378e-08
-5.67392e-08
-5.37913e-08
-7.25419e-08
-5.71692e-08
-3.70801e-08
-1.04504e-07
-2.10167e-08
8.136e-08
-8.64349e-08
1.53356e-07
-1.26797e-07
1.97851e-07
-7.33933e-08
7.47344e-08
-4.93589e-08
-1.82713e-08
-8.01355e-08
7.65746e-08
-4.58006e-08
3.06364e-07
-6.72998e-08
3.3167e-07
-1.03815e-07
3.11098e-07
-1.05958e-07
3.73885e-07
-1.49955e-07
4.10678e-07
-1.64747e-07
3.46321e-07
-1.80235e-07
2.63614e-07
-2.00021e-07
1.93087e-07
-1.80855e-07
-2.30195e-07
-1.32941e-07
-6.03699e-07
-8.63969e-08
-6.53432e-07
-2.93692e-08
-8.55621e-07
1.50256e-08
-6.87582e-07
4.91211e-08
-2.36264e-08
6.61681e-08
-4.71731e-08
6.80396e-08
-3.84356e-08
6.18153e-08
-1.07406e-08
3.04879e-08
2.94559e-08
-6.58219e-08
4.65145e-08
-1.21006e-07
2.99381e-08
-5.88614e-08
-2.54754e-08
1.62226e-09
-5.00187e-08
-3.2626e-08
-2.85975e-08
-1.25925e-07
-4.58703e-08
9.86327e-08
-4.75281e-08
1.55014e-07
-4.13484e-08
1.91671e-07
-5.16749e-08
8.50609e-08
-4.5416e-09
-6.54045e-08
1.68836e-08
5.51494e-08
-2.84383e-08
3.51686e-07
-8.91582e-08
3.9239e-07
-1.01489e-07
3.23428e-07
-1.11597e-07
3.83993e-07
-1.51338e-07
4.50419e-07
-1.66827e-07
3.6181e-07
-1.82198e-07
2.78985e-07
-2.04367e-07
2.15256e-07
-1.84454e-07
-2.50108e-07
-1.34037e-07
-6.54116e-07
-8.60601e-08
-7.01409e-07
-2.78401e-08
-9.13841e-07
1.72734e-08
-7.32695e-07
6.63944e-08
3.61408e-09
7.59784e-08
1.47486e-08
5.6905e-08
4.03048e-08
3.62591e-08
6.57244e-08
5.06817e-09
9.47542e-08
-9.48517e-08
8.53341e-08
-1.11586e-07
5.20535e-08
-2.55808e-08
-2.73164e-08
8.09921e-08
-5.74518e-08
-2.4906e-09
-6.19356e-08
-1.21441e-07
-1.13018e-07
1.49715e-07
-8.51669e-08
1.27163e-07
-6.12262e-08
1.6773e-07
-5.78358e-08
8.16706e-08
-1.7894e-08
-1.05346e-07
2.28133e-08
1.44421e-08
2.64385e-08
3.48061e-07
-3.18041e-08
4.50632e-07
-7.95566e-08
3.71181e-07
-1.19346e-07
4.23783e-07
-1.57464e-07
4.88538e-07
-1.69168e-07
3.73513e-07
-1.84013e-07
2.9383e-07
-2.08876e-07
2.40119e-07
-1.88254e-07
-2.70731e-07
-1.35174e-07
-7.07195e-07
-8.57123e-08
-7.50871e-07
-2.61567e-08
-9.73397e-07
1.9712e-08
-7.78564e-07
8.61065e-08
2.07819e-08
5.61065e-08
5.03184e-08
2.73685e-08
8.08142e-08
5.76327e-09
1.02801e-07
-1.69187e-08
8.8423e-08
-8.04737e-08
3.20955e-08
-5.52585e-08
-4.52123e-08
5.1727e-08
-1.15796e-07
1.51576e-07
-6.47397e-08
-5.35471e-08
-4.22418e-08
-1.43939e-07
-8.11631e-08
1.88637e-07
-6.47135e-08
1.10713e-07
-6.60623e-08
1.69079e-07
-2.26005e-08
3.82088e-08
1.30235e-08
-1.4097e-07
-5.73423e-08
8.48079e-08
-1.19619e-07
4.10337e-07
-1.74008e-07
5.05021e-07
-1.30129e-07
3.27301e-07
-9.06243e-08
3.84278e-07
-1.56126e-07
5.54039e-07
-1.7052e-07
3.87907e-07
-1.8422e-07
3.07531e-07
-2.12924e-07
2.68823e-07
-1.91896e-07
-2.9176e-07
-1.36284e-07
-7.62807e-07
-8.5341e-08
-8.01814e-07
-2.42992e-08
-1.03444e-06
2.23473e-08
-8.25211e-07
1.08454e-07
2.9766e-08
2.21585e-08
5.16272e-08
5.50728e-09
6.10789e-08
-3.68839e-09
5.40643e-08
-9.9042e-09
6.80745e-09
-3.32169e-08
-5.08594e-08
2.40829e-09
-9.18296e-08
9.26972e-08
-6.23918e-08
1.22138e-07
-3.06092e-08
-8.53296e-08
-5.15724e-08
-1.22976e-07
2.36078e-08
1.13456e-07
3.57115e-08
9.86094e-08
1.177e-08
1.93021e-07
2.25676e-09
4.77221e-08
1.62076e-08
-1.54921e-07
-1.86685e-08
1.19684e-07
-3.2903e-09
3.94959e-07
3.2979e-08
4.68752e-07
-5.25872e-08
4.12868e-07
-1.46801e-07
4.78492e-07
-1.86329e-07
5.93567e-07
-1.62133e-07
3.6371e-07
-1.77437e-07
3.22835e-07
-2.12925e-07
3.04311e-07
-1.93991e-07
-3.10693e-07
-1.3704e-07
-8.19758e-07
-8.48899e-08
-8.53964e-07
-2.22171e-08
-1.09711e-06
2.52316e-08
-8.72659e-07
1.33685e-07
5.67322e-09
8.64767e-09
4.60312e-09
6.57737e-09
-6.41466e-09
7.32939e-09
-3.16741e-08
1.53552e-08
-5.29653e-08
-1.19257e-08
-7.62168e-08
2.56599e-08
-1.06639e-07
1.23119e-07
-2.86227e-08
4.41222e-08
-5.27306e-09
-1.08679e-07
-3.44065e-08
-9.38424e-08
-2.6039e-09
8.16538e-08
1.91371e-08
7.68684e-08
1.41713e-08
1.97986e-07
-4.55549e-08
1.07448e-07
7.84365e-09
-2.0832e-07
3.68799e-08
9.06477e-08
-4.7064e-08
4.78903e-07
-9.95131e-08
5.21201e-07
-5.36448e-08
3.66999e-07
9.9905e-09
4.14857e-07
-4.08748e-08
6.44432e-07
-1.21008e-07
4.43844e-07
-1.44379e-07
3.46206e-07
-1.9744e-07
3.57372e-07
-1.89435e-07
-3.18698e-07
-1.36183e-07
-8.7301e-07
-8.4097e-08
-9.0605e-07
-1.97302e-08
-1.16148e-06
2.79266e-08
-9.20316e-07
1.61612e-07
-2.50621e-08
1.73994e-08
-3.32723e-08
1.47875e-08
-3.92751e-08
1.33322e-08
-5.11703e-08
2.72504e-08
-4.87987e-08
-1.42974e-08
-5.52772e-08
3.21383e-08
-5.98294e-08
1.27671e-07
-3.88237e-09
-1.18248e-08
-2.22817e-08
-9.02799e-08
-9.25011e-08
-2.3623e-08
-8.26525e-08
7.18053e-08
-1.61848e-08
1.04007e-08
-5.78591e-08
2.39661e-07
-1.00335e-07
1.49924e-07
4.27962e-08
-3.51451e-07
1.26094e-07
7.34945e-09
-7.09377e-08
6.75935e-07
-1.4933e-07
5.99593e-07
-6.70645e-08
2.84733e-07
-1.78639e-07
5.26431e-07
-1.91074e-07
6.56868e-07
-7.02431e-08
3.23013e-07
-7.36213e-08
3.49584e-07
-1.4619e-07
4.29941e-07
-1.6546e-07
-2.99428e-07
-1.29502e-07
-9.08967e-07
-8.18917e-08
-9.53661e-07
-1.6255e-08
-1.22711e-06
3.2889e-08
-9.6946e-07
1.94501e-07
-3.19024e-08
2.72571e-08
-3.93592e-08
2.22443e-08
-3.8321e-08
1.2294e-08
-3.04297e-08
1.93591e-08
-3.01785e-09
-4.17093e-08
-1.73195e-08
4.644e-08
-1.12659e-08
1.21618e-07
3.93732e-08
-6.2464e-08
-8.60303e-10
-5.00464e-08
-8.91664e-08
6.46831e-08
-3.19894e-08
1.46282e-08
5.44661e-08
-7.60548e-08
-3.75827e-08
3.31709e-07
-6.2006e-08
1.74348e-07
5.72856e-08
-4.70743e-07
1.81195e-07
-1.1656e-07
-1.0634e-08
8.67764e-07
-4.37889e-08
6.32748e-07
8.87549e-08
1.5219e-07
-9.1694e-09
6.24356e-07
1.13455e-07
5.34243e-07
1.62652e-07
2.73816e-07
1.06866e-08
5.01549e-07
-6.30404e-08
5.03668e-07
-1.0917e-07
-2.53298e-07
-1.06771e-07
-9.11367e-07
-7.45857e-08
-9.85846e-07
-9.90288e-09
-1.2918e-06
2.76666e-08
-1.00703e-06
2.22168e-07
-1.01112e-08
2.67099e-08
-1.03296e-08
2.24627e-08
-1.128e-08
1.32445e-08
-1.78137e-09
9.86048e-09
3.19673e-08
-7.54579e-08
2.51454e-08
5.3262e-08
-2.39013e-09
1.49153e-07
6.7884e-08
-1.32738e-07
7.96546e-08
-6.1817e-08
-1.82098e-08
1.62547e-07
1.55624e-08
-1.9144e-08
3.86627e-08
-9.91551e-08
2.51706e-09
3.67855e-07
1.57648e-08
1.611e-07
3.01379e-08
-4.85116e-07
1.80452e-07
-2.66874e-07
1.31285e-07
9.16931e-07
9.45497e-08
6.69483e-07
1.10677e-07
1.36063e-07
1.09228e-07
6.25804e-07
4.2971e-07
2.13761e-07
5.85592e-07
1.17934e-07
2.53223e-07
8.33918e-07
-1.2327e-08
7.69218e-07
-4.85564e-08
-2.17069e-07
-5.99095e-08
-9.00014e-07
-5.25685e-08
-9.93187e-07
3.11486e-09
-1.34748e-06
5.25847e-08
-1.0565e-06
2.74752e-07
9.19891e-09
1.62249e-08
1.95842e-08
1.20773e-08
2.90521e-08
3.77648e-09
4.03888e-08
-1.47634e-09
6.71935e-08
-1.02263e-07
6.56486e-08
5.48068e-08
2.88513e-08
1.85951e-07
6.95947e-08
-1.73481e-07
1.62432e-07
-1.54654e-07
1.47941e-07
1.77039e-07
7.73859e-08
5.1411e-08
-2.84006e-08
6.63135e-09
-1.02336e-08
3.49688e-07
4.9734e-08
1.01132e-07
8.68875e-09
-4.44071e-07
3.48821e-08
-2.93067e-07
1.90574e-07
7.61239e-07
3.27583e-07
5.32474e-07
2.56108e-07
2.07538e-07
2.81472e-07
6.00441e-07
4.61727e-07
3.35063e-08
4.5236e-07
1.273e-07
5.34564e-07
7.51714e-07
1.38693e-07
1.16509e-06
-1.18129e-07
3.97535e-08
-1.36548e-08
-1.00449e-06
-1.73534e-09
-1.00511e-06
2.9595e-08
-1.37881e-06
-1.20093e-10
-1.02678e-06
2.74632e-07
7.66496e-09
5.36847e-09
2.21698e-08
-2.42749e-09
3.62917e-08
-1.03454e-08
6.42542e-08
-2.94387e-08
7.94932e-08
-1.17502e-07
9.58419e-08
3.8458e-08
1.11127e-07
1.70666e-07
9.2342e-08
-1.54697e-07
1.08539e-07
-1.70852e-07
1.88422e-07
9.71559e-08
1.95946e-07
4.38866e-08
7.8582e-08
1.23996e-07
7.759e-08
3.5068e-07
1.49126e-07
2.95961e-08
9.63292e-08
-3.91274e-07
-6.20537e-08
-1.34684e-07
1.77673e-07
5.21513e-07
4.95714e-07
2.14433e-07
4.06485e-07
2.96767e-07
5.35781e-07
4.71144e-07
6.54214e-07
-8.49269e-08
5.73998e-07
2.07517e-07
8.2676e-07
4.98952e-07
5.94129e-07
1.39772e-06
-2.13884e-07
8.47766e-07
-1.45503e-07
-1.07287e-06
7.78793e-08
-1.22849e-06
7.42939e-08
-1.37523e-06
7.9491e-08
-1.03198e-06
3.54123e-07
2.89849e-09
-7.6346e-09
1.84108e-08
-1.79398e-08
3.8941e-08
-3.08756e-08
5.40737e-08
-4.45714e-08
6.28195e-09
-6.97098e-08
4.47567e-08
-1.67343e-11
1.64031e-07
5.13911e-08
1.13586e-07
-1.04252e-07
5.21175e-08
-1.09383e-07
1.32271e-07
1.70025e-08
1.72337e-07
3.82021e-09
1.60191e-07
1.36142e-07
2.45889e-07
2.64982e-07
3.13526e-07
-3.80408e-08
2.04233e-07
-2.81981e-07
8.72736e-08
-1.77245e-08
2.9951e-07
3.09277e-07
5.31975e-07
-1.80318e-08
5.19553e-07
3.09188e-07
6.91706e-07
2.98991e-07
8.44676e-07
-2.37897e-07
8.04345e-07
2.47848e-07
7.88844e-07
5.14453e-07
1.22342e-06
9.63146e-07
5.50773e-08
2.01611e-06
-6.47137e-07
-3.70654e-07
1.04583e-07
-1.98021e-06
1.25231e-07
-1.39587e-06
3.37452e-09
-9.10125e-07
3.57498e-07
5.42213e-09
-3.03439e-08
2.04411e-08
-3.29586e-08
1.40677e-08
-2.45022e-08
-5.29976e-09
-2.52039e-08
-6.49417e-08
-1.0068e-08
2.30572e-09
-6.72641e-08
1.3078e-07
-7.70828e-08
2.20283e-08
4.49956e-09
-3.46543e-08
-5.27001e-08
6.64672e-08
-8.4119e-08
1.34988e-07
-6.47007e-08
2.21527e-07
4.96036e-08
3.70368e-07
1.16141e-07
3.96916e-07
-6.45888e-08
2.47225e-07
-1.3229e-07
2.54003e-07
-2.45025e-08
4.85162e-07
7.81178e-08
5.89535e-07
-1.22405e-07
6.38227e-07
2.60496e-07
7.85731e-07
1.51488e-07
8.90043e-07
-3.42209e-07
9.21936e-07
2.15955e-07
8.25847e-07
6.10541e-07
8.72204e-07
9.16789e-07
-1.91492e-10
2.88851e-06
-7.12929e-07
3.42083e-07
-3.64097e-07
-2.32905e-06
1.04806e-07
-1.86477e-06
1.26603e-07
-9.31923e-07
4.841e-07
-5.98061e-09
-3.62689e-08
-8.58855e-09
-3.03479e-08
-2.64799e-08
-6.60779e-09
-3.94346e-08
-1.22504e-08
-1.6081e-07
1.11304e-07
-6.00516e-07
3.72442e-07
-3.62966e-07
-3.14633e-07
-1.83681e-07
-1.74784e-07
-1.06223e-07
-1.30158e-07
-2.64749e-08
-1.63866e-07
7.30606e-08
-1.64235e-07
2.68227e-07
-1.45561e-07
4.4744e-07
-6.30726e-08
4.02531e-07
-1.96794e-08
2.44938e-07
2.53032e-08
3.36195e-07
-1.1576e-07
5.66942e-07
-1.52629e-07
6.22146e-07
-1.77608e-07
6.80416e-07
2.02226e-07
7.92239e-07
3.96647e-08
9.05564e-07
-4.55534e-07
9.15982e-07
2.05536e-07
7.30408e-07
7.96114e-07
-3.38329e-08
1.68103e-06
-7.32095e-07
3.58677e-06
-1.67359e-06
1.28358e-06
-2.70179e-06
-1.30086e-06
-5.23487e-07
-4.04307e-06
-6.51178e-08
-1.39029e-06
4.18983e-07
-1.14686e-07
1.32382e-07
4.05369e-07
-1.90922e-06
5.74646e-07
-4.05687e-06
4.90499e-07
-1.01017e-06
3.93256e-07
6.90038e-07
2.84407e-07
3.55941e-06
-9.9524e-08
2.27007e-06
-2.89848e-07
8.65027e-07
-4.3763e-07
6.37275e-08
-3.44946e-07
-2.80797e-07
-3.14707e-07
6.33045e-07
-2.88725e-07
-2.60199e-07
-1.98701e-07
-2.42074e-07
-1.29006e-07
-3.27368e-08
-1.53659e-07
-7.55308e-08
-1.59863e-07
-2.11063e-08
-2.28267e-07
-2.27856e-08
-2.24403e-07
4.52814e-08
-5.49039e-08
-2.65339e-07
6.92442e-08
-2.4879e-07
9.81787e-08
-2.04952e-07
1.07243e-07
1.73204e-08
1.25947e-07
-1.94399e-07
8.04809e-08
-1.45259e-07
3.39711e-08
2.46507e-07
-3.24483e-09
1.57717e-07
-1.09145e-08
6.33807e-08
-7.64826e-09
3.52012e-08
-1.23886e-08
2.36951e-09
-1.97878e-08
-2.07961e-08
3.95014e-08
-7.7375e-07
9.83275e-07
-2.853e-06
8.51769e-07
-3.92536e-06
3.80247e-07
-5.38643e-07
4.01613e-07
6.68672e-07
4.15065e-07
3.54596e-06
9.50981e-08
2.59004e-06
-2.10747e-07
1.17087e-06
-4.57717e-07
3.10695e-07
-3.73193e-07
-3.65324e-07
-3.2478e-07
5.84632e-07
-2.98201e-07
-2.86777e-07
-2.38554e-07
-3.01721e-07
-1.91113e-07
-8.0177e-08
-1.73642e-07
-9.30023e-08
-1.94276e-07
-4.7115e-10
-2.32914e-07
1.58517e-08
-1.98634e-07
1.10021e-08
-4.70146e-08
-4.16956e-07
1.15825e-07
-4.11632e-07
1.05754e-07
-1.94874e-07
1.00385e-07
2.26911e-08
6.99451e-08
-1.63957e-07
-1.31086e-09
-7.40012e-08
-2.57571e-08
2.70955e-07
-2.63032e-08
1.58264e-07
-2.55681e-08
6.26479e-08
-2.1024e-08
3.066e-08
-2.45825e-08
5.93046e-09
-9.76037e-09
-3.46068e-08
8.79623e-08
-2.28806e-06
1.26571e-06
-4.03075e-06
6.89845e-07
-3.3495e-06
2.32737e-07
-8.15343e-08
3.44793e-07
5.56617e-07
5.17206e-07
3.37355e-06
3.10818e-07
2.79643e-06
-8.81063e-08
1.56979e-06
-4.22231e-07
6.44823e-07
-4.30645e-07
-3.56912e-07
-3.63141e-07
5.17132e-07
-3.10528e-07
-3.39387e-07
-2.90427e-07
-3.21823e-07
-2.86171e-07
-8.44332e-08
-2.68546e-07
-1.10628e-07
-2.56423e-07
-1.25911e-08
-2.66535e-07
2.5963e-08
-1.97113e-07
-5.84205e-08
-1.30726e-07
-4.83339e-07
-5.40706e-08
-4.8829e-07
3.33182e-08
-2.82256e-07
4.92955e-08
6.71365e-09
-9.5125e-10
-1.13709e-07
-7.0196e-08
-4.75481e-09
-5.72034e-08
2.57964e-07
-4.10732e-08
1.42134e-07
-3.96125e-08
6.1188e-08
-3.91164e-08
3.01641e-08
-4.44042e-08
1.12173e-08
-2.95512e-10
-5.38693e-08
-3.42298e-07
-3.32908e-06
4.7729e-07
-4.85033e-06
2.3523e-07
-3.10744e-06
7.19499e-08
8.17464e-08
2.29937e-07
3.98631e-07
5.74637e-07
3.02886e-06
5.41383e-07
2.82969e-06
6.69237e-08
2.04425e-06
-3.8217e-07
1.09392e-06
-4.88632e-07
-2.50449e-07
-4.21708e-07
4.50209e-07
-3.58228e-07
-4.02867e-07
-3.56014e-07
-3.24039e-07
-4.14217e-07
-2.623e-08
-4.89343e-07
-3.55063e-08
-3.19126e-07
-1.82805e-07
-2.28875e-07
-6.4288e-08
-2.22462e-07
-6.48341e-08
-1.97451e-07
-5.08346e-07
-1.9612e-07
-4.89623e-07
-7.04834e-08
-4.07886e-07
-2.60783e-08
-3.76899e-08
-5.94632e-08
-8.03232e-08
-1.08574e-07
4.43571e-08
-7.55768e-08
2.24967e-07
-5.59856e-08
1.22544e-07
-5.7844e-08
6.30477e-08
-6.32672e-08
3.55878e-08
-7.13791e-08
1.93297e-08
9.00578e-09
-8.06788e-08
-3.03324e-07
-3.66163e-06
-2.80719e-08
-5.12558e-06
-4.52806e-08
-3.09023e-06
-4.59445e-08
8.24102e-08
9.30675e-08
2.59621e-07
5.90177e-07
2.53175e-06
7.58138e-07
2.66173e-06
2.29927e-07
2.57246e-06
-3.20367e-07
1.64422e-06
-5.28407e-07
-4.24083e-08
-4.91385e-07
4.13186e-07
-4.63745e-07
-4.30508e-07
-4.76141e-07
-3.11648e-07
-4.94663e-07
-7.7055e-09
-4.17522e-07
-1.12652e-07
-2.85312e-07
-3.15012e-07
-2.33956e-07
-1.15644e-07
-2.50741e-07
-4.80494e-08
-2.55026e-07
-5.04057e-07
-2.8334e-07
-4.6131e-07
-2.0968e-07
-4.81541e-07
-1.11048e-07
-1.36321e-07
-1.20867e-07
-7.05034e-08
-1.35429e-07
5.89192e-08
-9.40503e-08
1.8359e-07
-8.01055e-08
1.08602e-07
-8.62159e-08
6.91596e-08
-9.69278e-08
4.63002e-08
-1.07861e-07
3.02633e-08
1.85243e-08
-1.17379e-07
-2.46694e-07
-3.67439e-06
-2.34327e-07
-5.13795e-06
-1.99051e-07
-3.12552e-06
-1.16704e-07
6.35092e-11
-1.34825e-08
1.56401e-07
5.59361e-07
1.95891e-06
8.97253e-07
2.32384e-06
3.84158e-07
3.08556e-06
-2.34361e-07
2.26275e-06
-5.32278e-07
2.55509e-07
-5.44506e-07
4.25412e-07
-5.63148e-07
-4.11867e-07
-5.76653e-07
-2.98148e-07
-5.39775e-07
-4.45801e-08
-4.75313e-07
-1.77119e-07
-4.06681e-07
-3.8364e-07
-3.57425e-07
-1.64899e-07
-2.81913e-07
-1.23562e-07
-2.92504e-07
-4.93462e-07
-3.82256e-07
-3.71559e-07
-3.57591e-07
-5.06202e-07
-1.94972e-07
-2.98939e-07
-1.7027e-07
-9.52056e-08
-1.64665e-07
5.33135e-08
-1.26095e-07
1.4502e-07
-1.21084e-07
1.03592e-07
-1.31205e-07
7.92808e-08
-1.44999e-07
6.00954e-08
-1.56886e-07
4.21519e-08
2.73603e-08
-1.65721e-07
-1.71444e-07
-3.56007e-06
-2.87094e-07
-5.02231e-06
-2.64179e-07
-3.14843e-06
-1.55905e-07
-1.08212e-07
-6.17776e-08
6.22746e-08
4.44428e-07
1.4527e-06
8.89594e-07
1.87868e-06
5.19673e-07
3.45547e-06
-1.17048e-07
2.89947e-06
-4.8158e-07
6.20042e-07
-5.65548e-07
5.09377e-07
-6.30164e-07
-3.4725e-07
-6.47092e-07
-2.81224e-07
-5.80662e-07
-1.11007e-07
-5.19099e-07
-2.38687e-07
-4.80988e-07
-4.21748e-07
-4.15243e-07
-2.30642e-07
-3.0288e-07
-2.35927e-07
-2.92663e-07
-5.03676e-07
-3.12785e-07
-3.51438e-07
-3.35174e-07
-4.83809e-07
-2.45137e-07
-3.88976e-07
-2.20594e-07
-1.19748e-07
-2.05543e-07
3.82611e-08
-1.78836e-07
1.18314e-07
-1.81897e-07
1.06652e-07
-1.9673e-07
9.41143e-08
-2.10192e-07
7.35594e-08
-2.1958e-07
5.15415e-08
3.44586e-08
-2.26676e-07
-1.04352e-07
-3.39113e-06
-2.77383e-07
-4.84928e-06
-2.82465e-07
-3.14336e-06
-1.7602e-07
-2.14658e-07
-7.65794e-08
-3.71658e-08
2.22803e-07
1.15331e-06
7.5192e-07
1.34956e-06
6.55196e-07
3.5522e-06
4.19962e-08
3.51267e-06
-3.66209e-07
1.02825e-06
-5.35418e-07
6.78583e-07
-6.40155e-07
-2.4251e-07
-6.89503e-07
-2.31879e-07
-6.1804e-07
-1.82468e-07
-5.55435e-07
-3.01297e-07
-5.2255e-07
-4.5463e-07
-4.53676e-07
-2.99515e-07
-3.20718e-07
-3.68887e-07
-2.89699e-07
-5.34692e-07
-2.8723e-07
-3.53907e-07
-2.8746e-07
-4.83576e-07
-2.82765e-07
-3.9367e-07
-2.75194e-07
-1.27319e-07
-2.66401e-07
2.94674e-08
-2.55825e-07
1.07738e-07
-2.67217e-07
1.18045e-07
-2.78564e-07
1.05462e-07
-2.85924e-07
8.09208e-08
-2.92492e-07
5.81104e-08
3.82709e-08
-2.96301e-07
-4.49589e-08
-3.19923e-06
-2.48021e-07
-4.64622e-06
-2.80624e-07
-3.11076e-06
-1.85607e-07
-3.09674e-07
-9.21216e-08
-1.30653e-07
-1.70309e-08
1.07821e-06
6.22289e-07
7.10243e-07
8.3367e-07
3.34081e-06
2.45144e-07
4.1012e-06
-2.11308e-07
1.4847e-06
-4.38821e-07
9.06097e-07
-6.29053e-07
-5.22754e-08
-7.0532e-07
-1.55617e-07
-6.54572e-07
-2.33213e-07
-5.93556e-07
-3.62316e-07
-5.49379e-07
-4.98806e-07
-4.76723e-07
-3.72171e-07
-3.5352e-07
-4.92091e-07
-3.20106e-07
-5.68105e-07
-2.97381e-07
-3.76632e-07
-2.99524e-07
-4.8143e-07
-3.29424e-07
-3.63771e-07
-3.42379e-07
-1.14366e-07
-3.49412e-07
3.64994e-08
-3.54292e-07
1.12618e-07
-3.63662e-07
1.27415e-07
-3.68873e-07
1.10672e-07
-3.7122e-07
8.32687e-08
-3.70957e-07
5.7849e-08
3.80048e-08
-3.70687e-07
1.00082e-08
-2.99415e-06
-2.10354e-07
-4.42585e-06
-2.70482e-07
-3.05063e-06
-1.89062e-07
-3.91093e-07
-1.04466e-07
-2.1525e-07
-9.59519e-08
1.06969e-06
6.07005e-07
7.28429e-09
1.0446e-06
2.90321e-06
4.83993e-07
4.66181e-06
5.69545e-09
1.963e-06
-2.79322e-07
1.19112e-06
-5.36923e-07
2.05327e-07
-6.8111e-07
-1.14365e-08
-6.82435e-07
-2.31887e-07
-6.37634e-07
-4.07121e-07
-5.94068e-07
-5.42371e-07
-5.27053e-07
-4.39185e-07
-4.03633e-07
-6.15512e-07
-3.66627e-07
-6.05109e-07
-3.32229e-07
-4.11029e-07
-3.48375e-07
-4.65282e-07
-3.9243e-07
-3.19719e-07
-4.20095e-07
-8.67041e-08
-4.4237e-07
5.87728e-08
-4.5507e-07
1.25318e-07
-4.61896e-07
1.3424e-07
-4.61175e-07
1.0995e-07
-4.56719e-07
7.88125e-08
-4.51134e-07
5.2266e-08
3.14554e-08
-4.4458e-07
7.20727e-08
-2.79603e-06
-1.66448e-07
-4.18733e-06
-2.55177e-07
-2.96191e-06
-1.88592e-07
-4.57675e-07
-1.09758e-07
-2.94087e-07
-4.72235e-08
1.00716e-06
5.87849e-07
-6.27789e-07
1.13647e-06
2.35459e-06
7.21847e-07
5.07644e-06
2.35561e-07
2.44928e-06
-7.11093e-08
1.49779e-06
-3.72277e-07
5.06496e-07
-6.01562e-07
2.17842e-07
-6.79719e-07
-1.53729e-07
-6.62123e-07
-4.24719e-07
-6.47087e-07
-5.57406e-07
-5.90034e-07
-4.96238e-07
-4.53797e-07
-7.51751e-07
-3.86877e-07
-6.72027e-07
-3.70875e-07
-4.27031e-07
-4.12547e-07
-4.2361e-07
-4.64515e-07
-2.67754e-07
-5.09975e-07
-4.12468e-08
-5.37816e-07
8.66121e-08
-5.49943e-07
1.37444e-07
-5.49671e-07
1.33966e-07
-5.42098e-07
1.02378e-07
-5.31701e-07
6.84146e-08
-5.22583e-07
4.31506e-08
2.43256e-08
-5.15449e-07
1.30285e-07
-2.61009e-06
-1.20185e-07
-3.93686e-06
-2.36626e-07
-2.84547e-06
-1.85543e-07
-5.08755e-07
-1.15709e-07
-3.63922e-07
1.16004e-08
8.79846e-07
3.65891e-07
-9.82078e-07
9.55982e-07
1.7645e-06
8.90804e-07
5.14162e-06
4.84222e-07
2.85586e-06
2.1976e-07
1.76225e-06
-1.2195e-07
8.48207e-07
-4.35849e-07
5.31734e-07
-6.04781e-07
1.52042e-08
-6.49158e-07
-3.80342e-07
-6.42402e-07
-5.64161e-07
-6.21362e-07
-5.17279e-07
-4.80606e-07
-8.92509e-07
-4.12454e-07
-7.40178e-07
-3.86854e-07
-4.52631e-07
-4.63452e-07
-3.47012e-07
-5.33294e-07
-1.97914e-07
-5.84861e-07
1.0318e-08
-6.16315e-07
1.18065e-07
-6.24819e-07
1.45948e-07
-6.18058e-07
1.27206e-07
-6.05642e-07
8.99617e-08
-5.93885e-07
5.66576e-08
-5.82951e-07
3.222e-08
1.49852e-08
-5.73608e-07
1.82722e-07
-2.44014e-06
-7.43733e-08
-3.67976e-06
-2.16271e-07
-2.70357e-06
-1.80658e-07
-5.44364e-07
-1.2419e-07
-4.2039e-07
2.42959e-08
7.31363e-07
2.26168e-08
-9.80396e-07
6.53147e-07
1.13397e-06
1.01348e-06
4.78129e-06
7.26497e-07
3.14284e-06
5.72582e-07
1.91616e-06
2.23437e-07
1.19735e-06
-1.63059e-07
9.18224e-07
-4.06698e-07
2.58844e-07
-4.88621e-07
-2.9842e-07
-4.91652e-07
-5.61131e-07
-5.43634e-07
-4.65298e-07
-4.46612e-07
-9.89533e-07
-4.11272e-07
-7.75517e-07
-3.76726e-07
-4.87177e-07
-4.8226e-07
-2.41479e-07
-5.71099e-07
-1.09077e-07
-6.24926e-07
6.41433e-08
-6.57242e-07
1.5038e-07
-6.66416e-07
1.55123e-07
-6.58078e-07
1.1887e-07
-6.46157e-07
7.80412e-08
-6.34353e-07
4.48545e-08
-6.23057e-07
2.09269e-08
4.58532e-09
-6.12654e-07
2.2564e-07
-2.28795e-06
-3.40206e-08
-3.42009e-06
-1.96131e-07
-2.54145e-06
-1.74438e-07
-5.66052e-07
-1.326e-07
-4.62226e-07
1.12643e-08
5.87503e-07
-1.83933e-07
-7.85193e-07
4.95099e-07
4.54943e-07
1.1934e-06
4.083e-06
1.01887e-06
3.31737e-06
9.75786e-07
1.95924e-06
6.50111e-07
1.52303e-06
2.06381e-07
1.36195e-06
-1.07107e-07
5.72332e-07
-1.9818e-07
-2.07348e-07
-1.06577e-07
-6.52734e-07
-1.40117e-07
-4.3176e-07
-3.12777e-07
-8.16876e-07
-3.62381e-07
-7.25913e-07
-3.46951e-07
-5.02607e-07
-4.37953e-07
-1.50478e-07
-5.43632e-07
-3.40052e-09
-6.09698e-07
1.30207e-07
-6.44803e-07
1.85484e-07
-6.59865e-07
1.70186e-07
-6.60044e-07
1.1905e-07
-6.54036e-07
7.20338e-08
-6.46383e-07
3.72021e-08
-6.37235e-07
1.17817e-08
-5.66048e-09
-6.26987e-07
2.56822e-07
-2.15278e-06
-4.13469e-09
-3.15913e-06
-1.77826e-07
-2.36776e-06
-1.67457e-07
-5.76416e-07
-1.38817e-07
-4.90863e-07
8.07811e-09
4.40613e-07
-1.69218e-07
-6.07889e-07
4.65221e-07
-1.79498e-07
1.24673e-06
3.30149e-06
1.19119e-06
3.37291e-06
1.38535e-06
1.76508e-06
1.18322e-06
1.72515e-06
7.02881e-07
1.84229e-06
2.86354e-07
9.88858e-07
9.78698e-08
-1.88648e-08
1.78565e-07
-7.3343e-07
2.92482e-07
-5.45679e-07
-1.89223e-08
-5.05473e-07
-1.57672e-07
-5.87164e-07
-2.09275e-07
-4.51004e-07
-3.44065e-07
-1.56892e-08
-4.57279e-07
1.09811e-07
-5.31151e-07
2.04076e-07
-5.72767e-07
2.27098e-07
-6.0417e-07
2.01589e-07
-6.15054e-07
1.29935e-07
-6.18284e-07
7.52652e-08
-6.19851e-07
3.87697e-08
-6.1774e-07
9.67206e-09
-1.24553e-08
-6.10943e-07
2.75215e-07
-2.03078e-06
2.42389e-08
-2.90815e-06
-1.62657e-07
-2.18086e-06
-1.6033e-07
-5.7874e-07
-1.42896e-07
-5.08292e-07
-1.91159e-09
2.99633e-07
-1.08657e-07
-5.01137e-07
3.0648e-07
-5.9464e-07
8.91146e-07
2.71682e-06
8.70886e-07
3.39317e-06
1.39548e-06
1.24048e-06
1.6317e-06
1.48893e-06
1.23583e-06
2.23816e-06
7.4943e-07
1.47526e-06
3.90221e-07
3.40343e-07
3.00676e-07
-6.43886e-07
4.67484e-07
-7.12488e-07
1.8576e-07
-2.23749e-07
4.9549e-08
-4.50954e-07
-3.80346e-08
-3.63421e-07
-1.99025e-07
1.453e-07
-3.36807e-07
2.47591e-07
-4.10217e-07
2.77484e-07
-4.55137e-07
2.72017e-07
-4.83714e-07
2.30167e-07
-5.08053e-07
1.54276e-07
-5.20836e-07
8.80507e-08
-5.38291e-07
5.62257e-08
-5.4841e-07
1.97921e-08
-1.01644e-08
-5.507e-07
2.81212e-07
-1.91543e-06
3.71588e-08
-2.6641e-06
-1.51354e-07
-1.99235e-06
-1.53507e-07
-5.76585e-07
-1.45516e-07
-5.1628e-07
-1.80001e-08
1.72118e-07
-1.03973e-07
-4.15159e-07
-2.30232e-09
-6.96317e-07
2.68549e-07
2.44597e-06
1.56585e-07
3.50513e-06
9.12527e-07
4.84533e-07
1.81682e-06
5.84639e-07
1.63229e-06
2.4227e-06
1.19661e-06
1.91093e-06
7.50171e-07
7.86785e-07
3.42216e-07
-2.35931e-07
6.85739e-08
-4.38847e-07
-6.07033e-08
-9.44727e-08
-1.85483e-07
-3.26175e-07
-4.64147e-08
-5.0249e-07
-5.02404e-08
1.49126e-07
-1.4673e-07
3.4408e-07
-2.34181e-07
3.64933e-07
-3.18362e-07
3.56198e-07
-3.75725e-07
2.87532e-07
-4.07704e-07
1.86256e-07
-4.15508e-07
9.58579e-08
-4.03144e-07
4.38635e-08
-3.99423e-07
1.60715e-08
-1.03352e-08
-3.99252e-07
2.76788e-07
-1.79949e-06
3.79033e-08
-2.42522e-06
-1.43489e-07
-1.81096e-06
-1.47071e-07
-5.73003e-07
-1.46871e-07
-5.16476e-07
-4.36721e-08
6.89175e-08
-1.31077e-07
-3.27752e-07
-2.64685e-07
-5.62715e-07
-8.83161e-08
2.2696e-06
3.01256e-08
3.38669e-06
6.34259e-07
-1.19602e-07
1.72564e-06
-5.06742e-07
1.8569e-06
2.29143e-06
1.56893e-06
2.19889e-06
1.15827e-06
1.19745e-06
6.93611e-07
2.28728e-07
3.42791e-07
-8.80293e-08
1.81368e-07
6.69492e-08
1.28549e-07
-2.73356e-07
2.25818e-07
-5.99759e-07
2.43074e-07
1.3187e-07
2.18907e-07
3.68245e-07
1.97598e-07
3.86241e-07
4.72195e-08
5.06575e-07
-1.05594e-07
4.40345e-07
-2.13878e-07
2.94544e-07
-2.19704e-07
1.01686e-07
-2.13063e-07
3.72255e-08
-2.10993e-07
1.40023e-08
-6.73411e-09
-2.14593e-07
2.65053e-07
-1.67788e-06
3.07196e-08
-2.19088e-06
-1.37478e-07
-1.64277e-06
-1.40807e-07
-5.69676e-07
-1.46837e-07
-5.10443e-07
-6.97221e-08
-8.201e-09
-1.54118e-07
-2.43355e-07
-3.64266e-07
-3.5257e-07
-4.67114e-08
1.95204e-06
5.56653e-07
2.78333e-06
7.79252e-07
-3.42204e-07
1.48425e-06
-1.21175e-06
1.95461e-06
1.82108e-06
1.8973e-06
2.2562e-06
1.60982e-06
1.48493e-06
1.16455e-06
6.73995e-07
7.00262e-07
3.76262e-07
4.38064e-07
3.29145e-07
2.95492e-07
-1.30785e-07
1.86003e-07
-4.90271e-07
3.49898e-07
-3.20254e-08
3.97539e-07
3.20602e-07
4.23348e-07
3.60428e-07
3.91295e-07
5.38624e-07
3.33147e-07
4.98492e-07
2.65051e-07
3.62641e-07
2.22192e-07
1.44548e-07
1.7714e-07
8.22798e-08
1.50429e-07
4.07157e-08
1.21273e-08
1.31568e-07
2.49379e-07
-1.54981e-06
2.08271e-08
-1.96233e-06
-1.31448e-07
-1.49049e-06
-1.34329e-07
-5.66796e-07
-1.44867e-07
-4.99903e-07
-8.84475e-08
-6.46247e-08
-1.57919e-07
-1.73883e-07
-3.66876e-07
-1.43614e-07
1.68488e-07
1.41668e-06
9.64544e-07
1.98727e-06
8.83747e-07
-2.6141e-07
1.23123e-06
-1.55924e-06
1.88566e-06
1.16665e-06
2.06172e-06
2.08013e-06
1.8663e-06
1.68034e-06
1.42692e-06
1.11338e-06
9.79425e-07
8.23758e-07
7.56028e-07
5.52539e-07
7.1435e-07
-8.91061e-08
5.39434e-07
-3.15354e-07
5.25251e-07
-1.7844e-08
4.00626e-07
4.45224e-07
1.81469e-07
5.79579e-07
1.93957e-07
5.2613e-07
1.79678e-07
5.12768e-07
2.28614e-07
3.13705e-07
1.83735e-07
1.89429e-07
1.18272e-07
1.47745e-07
9.15883e-08
6.74012e-08
-3.1825e-08
1.35542e-07
2.3238e-07
-1.4184e-06
1.25068e-08
-1.74246e-06
-1.24004e-07
-1.35399e-06
-1.27345e-07
-5.63456e-07
-1.40904e-07
-4.8634e-07
-9.84921e-08
-1.07039e-07
-1.43642e-07
-1.28729e-07
-2.57746e-07
-2.95069e-08
2.78673e-07
8.80262e-07
1.01687e-06
1.24908e-06
9.6826e-07
-2.12807e-07
1.10187e-06
-1.69286e-06
1.60454e-06
6.63986e-07
1.80247e-06
1.88221e-06
1.59626e-06
1.88655e-06
1.25973e-06
1.4499e-06
1.07598e-06
1.0075e-06
1.07453e-06
5.53989e-07
8.87312e-07
9.81188e-08
4.86641e-07
8.53186e-08
2.96327e-07
1.7247e-07
3.10019e-07
4.31528e-07
3.64893e-07
5.247e-07
4.09025e-07
4.81992e-07
4.80717e-07
4.41072e-07
5.75299e-07
2.19119e-07
6.14396e-07
1.50332e-07
4.54965e-07
3.07177e-07
3.71701e-07
1.50667e-07
-6.58894e-08
4.05767e-07
2.15189e-07
-1.28822e-06
7.61582e-09
-1.53488e-06
-1.1459e-07
-1.23178e-06
-1.19671e-07
-5.58373e-07
-1.35162e-07
-4.70845e-07
-1.02634e-07
-1.39565e-07
-1.27218e-07
-1.04141e-07
-1.39105e-07
-1.76142e-08
2.06586e-07
5.34573e-07
8.72718e-07
5.82942e-07
1.0542e-06
-3.94289e-07
1.0016e-06
-1.64027e-06
1.13671e-06
5.28875e-07
1.11112e-06
1.9078e-06
9.32884e-07
2.06478e-06
8.69816e-07
1.51297e-06
8.93061e-07
9.8426e-07
8.96141e-07
5.5091e-07
6.59019e-07
3.35245e-07
4.50906e-07
2.93437e-07
3.22279e-07
3.011e-07
3.69254e-07
3.84552e-07
4.79227e-07
4.14723e-07
5.64446e-07
3.96768e-07
6.46872e-07
3.58642e-07
6.21369e-07
2.44618e-07
5.69396e-07
2.02303e-07
6.42299e-07
2.34275e-07
6.16797e-07
1.7617e-07
7.19747e-08
4.78934e-07
1.9766e-07
-1.16331e-06
5.8776e-09
-1.3431e-06
-1.03477e-07
-1.12243e-06
-1.11299e-07
-5.50547e-07
-1.27853e-07
-4.54286e-07
-1.03323e-07
-1.64091e-07
-1.14768e-07
-9.269e-08
-8.62927e-08
-4.60844e-08
1.11786e-07
3.36496e-07
6.34811e-07
5.99134e-08
8.00589e-07
-5.60069e-07
6.46305e-07
-1.48599e-06
4.31035e-07
7.44146e-07
2.11009e-07
2.12783e-06
3.04656e-07
1.97113e-06
5.06511e-07
1.31111e-06
6.24441e-07
8.66331e-07
6.03421e-07
5.71933e-07
5.06104e-07
4.32568e-07
4.32563e-07
3.66985e-07
3.98841e-07
3.34827e-07
4.4229e-07
3.41105e-07
5.18132e-07
3.38879e-07
5.91233e-07
3.23665e-07
6.51211e-07
2.9866e-07
6.41461e-07
2.54365e-07
6.16223e-07
2.27539e-07
6.35304e-07
2.15193e-07
6.26439e-07
1.85035e-07
1.52145e-07
5.46269e-07
1.79229e-07
-1.04683e-06
6.04484e-09
-1.16991e-06
-9.11948e-08
-1.02519e-06
-1.02174e-07
-5.39562e-07
-1.19157e-07
-4.37299e-07
-1.01589e-07
-1.81652e-07
-1.05422e-07
-8.88513e-08
-7.40586e-08
-7.74447e-08
5.15446e-08
2.10894e-07
3.44641e-07
-2.33185e-07
3.11078e-07
-5.26508e-07
-4.14339e-08
-1.13347e-06
-5.17447e-07
1.22016e-06
-5.08415e-07
2.1188e-06
1.09747e-09
1.46162e-06
2.79214e-07
1.03299e-06
4.16859e-07
7.28685e-07
4.46671e-07
5.42125e-07
4.44769e-07
4.34477e-07
4.47775e-07
3.63985e-07
4.62464e-07
3.20143e-07
5.02515e-07
3.01056e-07
5.51329e-07
2.90065e-07
5.94893e-07
2.80099e-07
6.26134e-07
2.67416e-07
6.30297e-07
2.50199e-07
6.22908e-07
2.34925e-07
6.16696e-07
2.21403e-07
5.95536e-07
2.06194e-07
1.92778e-07
5.54903e-07
1.59383e-07
-9.41373e-07
6.73234e-09
-1.01725e-06
-7.82843e-08
-9.40172e-07
-9.21891e-08
-5.25651e-07
-1.09141e-07
-4.20345e-07
-9.81622e-08
-1.92626e-07
-9.88651e-08
-8.81453e-08
-8.42096e-08
-9.20994e-08
-1.93338e-08
1.46019e-07
4.56297e-08
-2.9815e-07
-1.91901e-07
-2.88975e-07
-6.82377e-07
-6.42993e-07
-9.57833e-07
1.49562e-06
-5.85264e-07
1.74622e-06
-6.53216e-08
9.4167e-07
1.76758e-07
7.90909e-07
3.04414e-07
6.01027e-07
3.69017e-07
4.77524e-07
4.14259e-07
3.89238e-07
4.53503e-07
3.24746e-07
4.9126e-07
2.8239e-07
5.31968e-07
2.60349e-07
5.69787e-07
2.52247e-07
5.97548e-07
2.52337e-07
6.11444e-07
2.53517e-07
6.10948e-07
2.50693e-07
5.99977e-07
2.45894e-07
5.8133e-07
2.40048e-07
5.51099e-07
2.36423e-07
2.36971e-07
5.06905e-07
1.37612e-07
-8.49296e-07
7.10577e-09
-8.86736e-07
-6.51263e-08
-8.67942e-07
-8.1083e-08
-5.09691e-07
-9.754e-08
-4.0389e-07
-9.24307e-08
-1.97734e-07
-9.31359e-08
-8.74394e-08
-1.02052e-07
-8.31842e-08
-7.59687e-08
1.19936e-07
-1.81115e-07
-1.93001e-07
-4.29991e-07
-4.00943e-08
-9.16822e-07
-1.56159e-07
-7.80367e-07
1.35916e-06
-2.61149e-07
1.227e-06
-7.41415e-09
6.87929e-07
1.52433e-07
6.31057e-07
2.48852e-07
5.04605e-07
3.18584e-07
4.07791e-07
3.77196e-07
3.30628e-07
4.27601e-07
2.74342e-07
4.68907e-07
2.41086e-07
4.99111e-07
2.30147e-07
5.13848e-07
2.37511e-07
5.09576e-07
2.56608e-07
4.84786e-07
2.78306e-07
4.39968e-07
2.95509e-07
3.81592e-07
3.04268e-07
3.16574e-07
3.05064e-07
2.50842e-07
3.02155e-07
2.98873e-07
1.88939e-07
1.13358e-07
-7.73024e-07
7.47494e-09
-7.80848e-07
-5.19427e-08
-8.08529e-07
-6.84134e-08
-4.93221e-07
-8.36528e-08
-3.88657e-07
-8.29787e-08
-1.9841e-07
-8.54736e-08
-8.49457e-08
-1.10205e-07
-5.8454e-08
-1.08562e-07
1.18297e-07
-2.48534e-07
-5.30248e-08
-4.38971e-07
1.50349e-07
-7.57936e-07
1.62808e-07
-4.53986e-07
1.05521e-06
-6.279e-08
8.358e-07
2.44165e-08
6.00716e-07
1.2344e-07
5.32028e-07
1.96214e-07
4.31827e-07
2.60731e-07
3.43272e-07
3.22468e-07
2.68889e-07
3.80799e-07
2.16012e-07
4.31765e-07
1.90121e-07
4.69618e-07
1.92295e-07
4.88572e-07
2.18557e-07
4.84779e-07
2.60401e-07
4.54384e-07
3.08701e-07
3.96147e-07
3.53746e-07
3.12173e-07
3.88241e-07
2.09059e-07
4.08178e-07
9.75429e-08
4.1367e-07
4.07962e-07
-1.15459e-08
8.59135e-08
-7.15461e-07
7.07686e-09
-7.02011e-07
-3.87723e-08
-7.62687e-07
-5.34193e-08
-4.78577e-07
-6.6302e-08
-3.7578e-07
-6.82877e-08
-1.96428e-07
-7.26556e-08
-8.05788e-08
-1.01919e-07
-2.91903e-08
-1.11078e-07
1.2746e-07
-2.25472e-07
6.13747e-08
-3.4131e-07
2.66191e-07
-4.9141e-07
3.1291e-07
-2.43272e-07
8.07071e-07
-4.09803e-08
6.33505e-07
1.15025e-08
5.48229e-07
7.29812e-08
4.70545e-07
1.25962e-07
3.78844e-07
1.8095e-07
2.88282e-07
2.44799e-07
2.05039e-07
3.18182e-07
1.42629e-07
3.97093e-07
1.1121e-07
4.75769e-07
1.1362e-07
5.48458e-07
1.45868e-07
6.09335e-07
1.99524e-07
6.53303e-07
2.64733e-07
6.72379e-07
3.34671e-07
6.63161e-07
3.97459e-07
6.26063e-07
4.45277e-07
5.63639e-07
4.76094e-07
4.89523e-07
4.82079e-07
5.42849e-08
-6.8022e-07
5.3606e-09
-6.53088e-07
-2.51532e-08
-7.3218e-07
-3.49018e-08
-4.68833e-07
-4.40079e-08
-3.66679e-07
-4.69063e-08
-1.93532e-07
-5.16747e-08
-7.58102e-08
-7.54935e-08
-5.36954e-09
-8.64822e-08
1.38453e-07
-1.60847e-07
1.35744e-07
-2.21637e-07
3.26984e-07
-2.82171e-07
3.73444e-07
-1.37976e-07
6.62874e-07
-5.8747e-08
5.54274e-07
-3.38955e-08
5.23375e-07
-1.17544e-08
4.48402e-07
4.75285e-09
3.62335e-07
3.11126e-08
2.61921e-07
7.4465e-08
1.61686e-07
1.39914e-07
7.71797e-08
2.30768e-07
2.03566e-08
3.46779e-07
-2.39141e-09
4.88759e-07
3.8889e-09
6.48951e-07
3.93338e-08
8.22205e-07
9.1479e-08
9.96997e-07
1.59879e-07
1.16281e-06
2.31649e-07
1.31533e-06
2.92759e-07
1.45113e-06
3.40294e-07
3.73213e-07
1.56744e-06
1.75524e-08
2.38935e-09
-9.29841e-09
-1.19519e-08
-1.58522e-08
-1.79665e-08
-2.14314e-08
-3.40225e-08
-4.33835e-08
-7.28022e-08
-9.24297e-08
-1.06942e-07
-4.87445e-08
-1.61338e-08
5.33316e-09
2.75975e-08
5.25627e-08
8.36139e-08
1.23315e-07
1.74991e-07
2.42974e-07
3.34714e-07
4.52549e-07
6.01176e-07
7.7531e-07
9.63215e-07
1.1528e-06
1.33678e-06
1.50938e-06
1.6681e-06
-3.09448e-08
-2.61237e-08
-3.99635e-08
-2.13324e-08
-4.11876e-08
-5.38581e-09
-4.23629e-08
-1.10732e-08
-4.27662e-08
1.11705e-07
-3.53753e-08
3.6505e-07
-1.2745e-07
-2.2256e-07
-8.66393e-08
-2.15592e-07
-3.08636e-08
-1.8594e-07
2.83149e-09
-1.9756e-07
6.06378e-08
-2.22048e-07
1.42329e-07
-2.27253e-07
2.22287e-07
-1.43027e-07
1.50245e-07
5.23636e-08
1.3518e-07
4.03681e-08
2.14322e-07
-1.94902e-07
2.86096e-07
-2.24402e-07
3.07434e-07
-1.98946e-07
3.49485e-07
1.60174e-07
3.79684e-07
9.46594e-09
3.91076e-07
-4.66926e-07
3.46455e-07
2.50155e-07
1.23072e-07
1.0195e-06
-2.85212e-07
2.08931e-06
-4.52318e-07
3.75387e-06
-5.39515e-07
1.37079e-06
-4.98065e-07
-1.3423e-06
-3.73058e-07
-4.16807e-06
1.13333e-07
-1.87668e-06
1.26668e-07
-4.61823e-08
-1.45446e-08
-5.47692e-08
-1.27457e-08
-5.60014e-08
-4.1577e-09
-6.04256e-08
-6.64994e-09
-2.90642e-08
8.03389e-08
2.90453e-08
3.06942e-07
-4.61085e-08
-1.47414e-07
-4.1387e-08
-2.20303e-07
1.53737e-08
-2.42704e-07
7.64187e-08
-2.58596e-07
1.50305e-07
-2.95931e-07
2.22e-07
-2.98949e-07
2.45003e-07
-1.66034e-07
1.85454e-07
1.11913e-07
2.22027e-07
3.79593e-09
2.69359e-07
-2.42233e-07
2.97199e-07
-2.52241e-07
3.1689e-07
-2.18638e-07
3.87118e-07
8.99448e-08
3.85377e-07
1.12062e-08
3.71757e-07
-4.53307e-07
2.48667e-07
3.73245e-07
-4.9316e-08
1.31749e-06
-4.41415e-07
2.48141e-06
-4.83399e-07
3.79585e-06
-4.04838e-07
1.29223e-06
-7.95031e-07
-9.52101e-07
-1.02309e-06
-3.94e-06
-4.09405e-08
-2.85883e-06
-7.85823e-07
-6.37902e-08
-4.62274e-09
-7.11954e-08
-5.33852e-09
-7.43671e-08
-9.89085e-10
-7.8208e-08
-2.81163e-09
-4.89444e-08
5.10747e-08
3.79882e-08
2.20012e-07
4.30842e-09
-1.13747e-07
5.4565e-09
-2.21446e-07
4.43169e-08
-2.8157e-07
1.1579e-07
-3.30068e-07
2.00818e-07
-3.80961e-07
2.87943e-07
-3.86068e-07
3.33755e-07
-2.11849e-07
2.91462e-07
1.54209e-07
2.74623e-07
2.06328e-08
2.78446e-07
-2.46055e-07
2.74147e-07
-2.47942e-07
3.04649e-07
-2.49141e-07
3.66379e-07
2.82105e-08
3.70994e-07
6.59032e-09
3.1386e-07
-3.96173e-07
1.12839e-07
5.74265e-07
-2.4681e-07
1.67714e-06
-5.57252e-07
2.79185e-06
-4.41777e-07
3.68037e-06
-2.53117e-07
1.10357e-06
-6.33544e-07
-5.71673e-07
-1.27698e-06
-3.29657e-06
-8.50496e-08
-4.05076e-06
-2.30625e-06
-8.91575e-08
3.858e-09
-9.52542e-08
7.60069e-10
-9.79833e-08
1.73673e-09
-1.00741e-07
-5.59663e-11
-7.87157e-08
2.9049e-08
5.37521e-09
1.3593e-07
5.91517e-09
-1.14297e-07
1.57448e-08
-2.31272e-07
5.66977e-08
-3.22528e-07
1.28663e-07
-4.02031e-07
2.22295e-07
-4.74602e-07
3.21555e-07
-4.85321e-07
3.89316e-07
-2.79613e-07
3.84525e-07
1.59003e-07
3.31721e-07
7.34341e-08
2.61654e-07
-1.75991e-07
2.40518e-07
-2.26808e-07
2.47255e-07
-2.55875e-07
3.0403e-07
-2.85655e-08
3.08964e-07
1.65573e-09
2.15504e-07
-3.02714e-07
-6.63608e-08
8.5613e-07
-4.75293e-07
2.08607e-06
-6.13159e-07
2.92972e-06
-3.21201e-07
3.38841e-06
-9.5438e-08
8.778e-07
-2.11363e-07
-4.55748e-07
-5.18112e-07
-2.98983e-06
3.72622e-07
-4.94149e-06
-3.32082e-06
-1.2504e-07
1.15206e-08
-1.30353e-07
6.07706e-09
-1.29339e-07
7.2051e-10
-1.27095e-07
-2.29948e-09
-1.1439e-07
1.63404e-08
-3.51963e-08
5.67435e-08
-2.61226e-08
-1.23377e-07
-3.06143e-09
-2.54329e-07
4.13928e-08
-3.66985e-07
1.1501e-07
-4.75641e-07
2.15476e-07
-5.75075e-07
3.21058e-07
-5.909e-07
4.12063e-07
-3.70616e-07
4.45953e-07
1.25111e-07
3.75567e-07
1.43818e-07
2.59137e-07
-5.95637e-08
1.95402e-07
-1.63074e-07
1.66043e-07
-2.26514e-07
2.10791e-07
-7.33135e-08
2.08737e-07
3.70878e-09
7.72306e-08
-1.71207e-07
-2.8612e-07
1.21948e-06
-7.26678e-07
2.52663e-06
-6.18881e-07
2.82192e-06
-1.42635e-07
2.91217e-06
2.13997e-08
7.13761e-07
5.07837e-08
-4.85132e-07
2.97579e-09
-2.94203e-06
3.26651e-07
-5.26516e-06
-3.62713e-06
-1.72006e-07
1.78067e-08
-1.7486e-07
8.93558e-09
-1.72026e-07
-2.11676e-09
-1.66e-07
-8.32335e-09
-1.46552e-07
-3.11261e-09
-8.30806e-08
-6.7227e-09
-6.68049e-08
-1.39656e-07
-4.35757e-08
-2.77555e-07
2.88966e-09
-4.13452e-07
7.70598e-08
-5.49805e-07
1.80512e-07
-6.78528e-07
2.88863e-07
-6.99251e-07
3.95401e-07
-4.77152e-07
4.60816e-07
5.96934e-08
3.86016e-07
2.18617e-07
2.42689e-07
8.37629e-08
1.30123e-07
-5.05091e-08
5.42835e-08
-1.50674e-07
8.90825e-08
-1.08114e-07
7.19635e-08
2.08272e-08
-9.83565e-08
-8.87773e-10
-5.26262e-07
1.64738e-06
-9.60868e-07
2.96124e-06
-6.03621e-07
2.46467e-06
2.78028e-08
2.28074e-06
9.51453e-08
6.46415e-07
1.9461e-07
-5.84598e-07
2.03883e-07
-2.95131e-06
2.5395e-07
-5.31523e-06
-3.62816e-06
-2.30977e-07
2.21073e-08
-2.32677e-07
1.06394e-08
-2.31679e-07
-3.11618e-09
-2.23615e-07
-1.63849e-08
-1.99677e-07
-2.70548e-08
-1.50795e-07
-5.56013e-08
-1.2743e-07
-1.63023e-07
-1.03257e-07
-3.01728e-07
-5.85297e-08
-4.58179e-07
1.63481e-08
-6.24682e-07
1.19355e-07
-7.81533e-07
2.29291e-07
-8.09191e-07
3.40594e-07
-5.88456e-07
4.19586e-07
-1.92975e-08
3.50573e-07
2.87629e-07
1.91641e-07
2.42696e-07
2.75239e-08
1.13606e-07
-9.07346e-08
-3.24155e-08
-5.33746e-08
-1.45476e-07
-8.05714e-08
4.80233e-08
-3.00237e-07
2.18778e-07
-7.52912e-07
2.10006e-06
-1.08477e-06
3.29309e-06
-5.64315e-07
1.94422e-06
1.1299e-07
1.60343e-06
1.40939e-07
6.18462e-07
2.54714e-07
-6.98374e-07
2.62693e-07
-2.9593e-06
1.69401e-07
-5.22195e-06
-3.5088e-06
-2.98193e-07
2.39996e-08
-2.98421e-07
1.08701e-08
-2.9532e-07
-6.21486e-09
-2.86399e-07
-2.53035e-08
-2.65907e-07
-4.75512e-08
-2.30581e-07
-9.09246e-08
-2.06679e-07
-1.86926e-07
-1.81231e-07
-3.2718e-07
-1.37903e-07
-5.01509e-07
-6.49369e-08
-6.97651e-07
3.23239e-08
-8.78794e-07
1.40259e-07
-9.17126e-07
2.45655e-07
-6.93857e-07
3.21549e-07
-9.51881e-08
2.63301e-07
3.45877e-07
9.59933e-08
4.10002e-07
-1.16367e-07
3.25964e-07
-2.6189e-07
1.13107e-07
-1.95696e-07
-2.11674e-07
-2.35882e-07
8.82084e-08
-5.15514e-07
4.9841e-07
-9.30764e-07
2.5153e-06
-1.01937e-06
3.3817e-06
-4.41772e-07
1.36663e-06
1.02056e-07
1.05961e-06
1.68334e-07
5.52182e-07
2.68631e-07
-7.98672e-07
2.5702e-07
-2.94769e-06
9.81506e-08
-5.06308e-06
-3.33543e-06
-3.68728e-07
2.20408e-08
-3.65565e-07
7.70888e-09
-3.61549e-07
-1.02259e-08
-3.54428e-07
-3.24221e-08
-3.39667e-07
-6.23163e-08
-3.1662e-07
-1.13969e-07
-2.96362e-07
-2.07184e-07
-2.72802e-07
-3.50745e-07
-2.33295e-07
-5.41018e-07
-1.66999e-07
-7.6395e-07
-8.00962e-08
-9.657e-07
1.03617e-08
-1.00758e-06
1.07103e-07
-7.90607e-07
1.70801e-07
-1.58883e-07
1.23384e-07
3.93295e-07
-5.45863e-08
5.87967e-07
-3.06109e-07
5.77484e-07
-4.29216e-07
2.36214e-07
-2.94734e-07
-3.4616e-07
-3.87412e-07
1.80886e-07
-7.40903e-07
8.51901e-07
-1.0656e-06
2.84e-06
-8.18004e-07
3.1341e-06
-2.19977e-07
7.68604e-07
7.3677e-08
7.65953e-07
1.8365e-07
4.4221e-07
2.62069e-07
-8.77091e-07
2.27472e-07
-2.91309e-06
3.63085e-08
-4.87192e-06
-3.13892e-06
-4.40245e-07
1.77051e-08
-4.35811e-07
3.27435e-09
-4.31531e-07
-1.45009e-08
-4.25887e-07
-3.8063e-08
-4.16894e-07
-7.13148e-08
-4.03777e-07
-1.27083e-07
-3.89594e-07
-2.21368e-07
-3.71684e-07
-3.68657e-07
-3.40637e-07
-5.72067e-07
-2.87808e-07
-8.16781e-07
-2.18278e-07
-1.03524e-06
-1.39401e-07
-1.08645e-06
-7.37117e-08
-8.56304e-07
-2.47837e-08
-2.07812e-07
-7.15216e-08
4.40034e-07
-2.73126e-07
7.89566e-07
-5.29434e-07
8.33787e-07
-5.41703e-07
2.48486e-07
-3.14612e-07
-5.73255e-07
-5.28662e-07
3.94935e-07
-9.81434e-07
1.30467e-06
-1.19365e-06
3.05221e-06
-6.43735e-07
2.58419e-06
-1.04177e-08
1.3529e-07
6.73795e-08
6.88156e-07
1.89736e-07
3.19856e-07
2.47724e-07
-9.35079e-07
1.88694e-07
-2.85406e-06
-2.13345e-08
-4.6619e-06
-2.92952e-06
-5.0869e-07
1.09448e-08
-5.03042e-07
-2.37547e-09
-4.9831e-07
-1.92289e-08
-4.94321e-07
-4.20508e-08
-4.89331e-07
-7.63097e-08
-4.83429e-07
-1.32983e-07
-4.77554e-07
-2.27242e-07
-4.69776e-07
-3.76437e-07
-4.53015e-07
-5.8883e-07
-4.22241e-07
-8.47555e-07
-3.78677e-07
-1.0788e-06
-3.24975e-07
-1.14015e-06
-2.89329e-07
-8.91955e-07
-2.7077e-07
-2.26377e-07
-3.32773e-07
5.0204e-07
-5.43068e-07
9.99854e-07
-7.61102e-07
1.05182e-06
-5.60902e-07
4.82916e-08
-2.56597e-07
-8.77563e-07
-6.52265e-07
7.90601e-07
-1.20383e-06
1.85624e-06
-1.25239e-06
3.10076e-06
-5.45039e-07
1.87683e-06
2.38839e-08
-4.3363e-07
6.708e-08
6.4496e-07
1.89104e-07
1.97836e-07
2.28832e-07
-9.74807e-07
1.44655e-07
-2.76987e-06
-8.45661e-08
-4.43268e-06
-2.72458e-06
-5.65478e-07
2.81498e-09
-5.58177e-07
-9.67868e-09
-5.52171e-07
-2.52323e-08
-5.4783e-07
-4.63915e-08
-5.44848e-07
-7.92963e-08
-5.44548e-07
-1.33282e-07
-5.47782e-07
-2.24007e-07
-5.53993e-07
-3.70227e-07
-5.59505e-07
-5.8332e-07
-5.60583e-07
-8.46478e-07
-5.53485e-07
-1.0859e-06
-5.3627e-07
-1.15737e-06
-5.32479e-07
-8.9575e-07
-5.48801e-07
-2.10062e-07
-6.37296e-07
5.90538e-07
-8.38062e-07
1.20062e-06
-9.39065e-07
1.15281e-06
-5.1932e-07
-3.71448e-07
-2.11453e-07
-1.18543e-06
-7.51511e-07
1.33066e-06
-1.33374e-06
2.43847e-06
-1.09458e-06
2.8616e-06
-3.81174e-07
1.16343e-06
-2.35013e-08
-7.91301e-07
6.60303e-08
5.55428e-07
1.8414e-07
7.97305e-08
2.06956e-07
-9.97623e-07
9.77728e-08
-2.66069e-06
-1.4452e-07
-4.19038e-06
-2.53022e-06
-6.02543e-07
-7.29496e-09
-5.92175e-07
-2.00481e-08
-5.82478e-07
-3.49269e-08
-5.74788e-07
-5.40821e-08
-5.71293e-07
-8.27954e-08
-5.74488e-07
-1.30087e-07
-5.86961e-07
-2.11536e-07
-6.10603e-07
-3.46586e-07
-6.45361e-07
-5.48565e-07
-6.87543e-07
-8.043e-07
-7.28398e-07
-1.04505e-06
-7.60686e-07
-1.12509e-06
-7.93351e-07
-8.63088e-07
-8.48277e-07
-1.55144e-07
-9.58578e-07
7.00841e-07
-1.10665e-06
1.34869e-06
-1.02135e-06
1.06751e-06
-5.19447e-07
-8.7335e-07
-3.16744e-07
-1.38814e-06
-8.44125e-07
1.85803e-06
-1.35463e-06
2.94897e-06
-7.78323e-07
2.2853e-06
-1.3744e-07
5.22544e-07
-5.77576e-08
-8.70981e-07
6.70222e-08
4.30647e-07
1.76483e-07
-2.9726e-08
1.83126e-07
-1.00427e-06
5.14506e-08
-2.52901e-06
-1.99392e-07
-3.93954e-06
-2.35073e-06
-6.15069e-07
-1.92112e-08
-6.00972e-07
-3.4144e-08
-5.86197e-07
-4.96995e-08
-5.73212e-07
-6.70676e-08
-5.65443e-07
-9.05685e-08
-5.67835e-07
-1.27698e-07
-5.86376e-07
-1.92997e-07
-6.26937e-07
-3.06027e-07
-6.92879e-07
-4.82629e-07
-7.81286e-07
-7.159e-07
-8.80018e-07
-9.46317e-07
-9.73196e-07
-1.03191e-06
-1.06048e-06
-7.75812e-07
-1.15306e-06
-6.25671e-08
-1.25695e-06
8.04737e-07
-1.29465e-06
1.38639e-06
-1.03485e-06
8.07697e-07
-6.02069e-07
-1.30612e-06
-5.63179e-07
-1.42703e-06
-9.46146e-07
2.241e-06
-1.26163e-06
3.26446e-06
-4.85551e-07
1.50921e-06
-3.16218e-09
4.01536e-08
-5.23954e-08
-8.21747e-07
6.88824e-08
3.09366e-07
1.67124e-07
-1.27965e-07
1.59764e-07
-9.96908e-07
1.32161e-08
-2.38245e-06
-2.4448e-07
-3.68184e-06
-2.18773e-06
-5.99631e-07
-3.05217e-08
-5.83597e-07
-5.01756e-08
-5.65018e-07
-6.8276e-08
-5.4701e-07
-8.50763e-08
-5.33247e-07
-1.04334e-07
-5.29983e-07
-1.30964e-07
-5.47106e-07
-1.75877e-07
-5.96194e-07
-2.56942e-07
-6.86172e-07
-3.92655e-07
-8.16982e-07
-5.85098e-07
-9.73714e-07
-7.89586e-07
-1.12931e-06
-8.7632e-07
-1.26518e-06
-6.39945e-07
-1.38351e-06
5.57506e-08
-1.45518e-06
8.76415e-07
-1.36563e-06
1.29684e-06
-1.00571e-06
4.47775e-07
-7.22247e-07
-1.58959e-06
-8.16327e-07
-1.33295e-06
-1.04533e-06
2.46999e-06
-1.06233e-06
3.28147e-06
-2.43694e-07
6.90577e-07
1.89474e-08
-2.2249e-07
-4.03956e-08
-7.62404e-07
6.98739e-08
1.99094e-07
1.56764e-07
-2.14855e-07
1.38672e-07
-9.78818e-07
-2.35071e-08
-2.22027e-06
-2.77394e-07
-3.42795e-06
-2.04074e-06
-5.45228e-07
-3.59925e-08
-5.31687e-07
-6.37151e-08
-5.15352e-07
-8.46087e-08
-4.9864e-07
-1.01788e-07
-4.83355e-07
-1.19621e-07
-4.74906e-07
-1.39415e-07
-4.84658e-07
-1.66126e-07
-5.28883e-07
-2.12718e-07
-6.24258e-07
-2.97285e-07
-7.78304e-07
-4.31059e-07
-9.78996e-07
-5.88895e-07
-1.18831e-06
-6.67008e-07
-1.36444e-06
-4.63825e-07
-1.47815e-06
1.69464e-07
-1.50556e-06
9.03819e-07
-1.31102e-06
1.10229e-06
-9.32029e-07
6.87816e-08
-8.37256e-07
-1.68436e-06
-9.79469e-07
-1.19074e-06
-1.03591e-06
2.52642e-06
-7.84761e-07
3.03033e-06
-5.14467e-08
-4.27375e-08
6.13375e-09
-2.80071e-07
-2.72121e-08
-7.29059e-07
6.97766e-08
1.02101e-07
1.46022e-07
-2.91102e-07
1.21399e-07
-9.54196e-07
-5.15291e-08
-2.04735e-06
-2.97214e-07
-3.18226e-06
-1.90668e-06
-4.0258e-07
-3.26647e-08
-4.1148e-07
-5.4814e-08
-4.16601e-07
-7.94863e-08
-4.17486e-07
-1.00903e-07
-4.15335e-07
-1.21772e-07
-4.12776e-07
-1.41973e-07
-4.19017e-07
-1.59884e-07
-4.51124e-07
-1.80611e-07
-5.30216e-07
-2.18196e-07
-6.74372e-07
-2.86908e-07
-8.82305e-07
-3.80963e-07
-1.11539e-06
-4.33919e-07
-1.29762e-06
-2.8161e-07
-1.36375e-06
2.3559e-07
-1.33791e-06
8.77981e-07
-1.11848e-06
8.82862e-07
-7.938e-07
-2.55902e-07
-8.48685e-07
-1.62948e-06
-1.03616e-06
-1.00327e-06
-8.48684e-07
2.33894e-06
-4.25412e-07
2.60706e-06
4.34191e-08
-5.11568e-07
1.34396e-08
-2.50093e-07
-1.35006e-08
-7.02121e-07
6.90327e-08
1.95639e-08
1.35295e-07
-3.57368e-07
1.08611e-07
-9.27514e-07
-6.4677e-08
-1.87407e-06
-3.04548e-07
-2.94239e-06
-1.78e-06
-2.23758e-07
-2.35007e-08
-2.42195e-07
-3.63775e-08
-2.66172e-07
-5.55082e-08
-2.87453e-07
-7.96213e-08
-3.11213e-07
-9.80117e-08
-3.32291e-07
-1.20894e-07
-3.5166e-07
-1.40513e-07
-3.81057e-07
-1.51212e-07
-4.39547e-07
-1.59708e-07
-5.48298e-07
-1.78161e-07
-7.20751e-07
-2.08512e-07
-9.33914e-07
-2.20754e-07
-1.09384e-06
-1.21694e-07
-1.08279e-06
2.24538e-07
-9.22194e-07
7.17386e-07
-7.03238e-07
6.63902e-07
-5.36822e-07
-4.22322e-07
-7.48007e-07
-1.4183e-06
-1.00229e-06
-7.4899e-07
-6.2343e-07
1.96008e-06
-1.10296e-07
2.09392e-06
6.76612e-08
-6.89525e-07
2.04701e-08
-2.02903e-07
-6.19557e-09
-6.75458e-07
6.78246e-08
-5.44596e-08
1.24709e-07
-4.14257e-07
9.9761e-08
-9.02567e-07
-6.57398e-08
-1.70857e-06
-3.01691e-07
-2.70644e-06
-1.6543e-06
1.19401e-07
-1.13336e-08
8.0083e-08
2.93984e-09
1.72333e-08
7.34139e-09
-5.70571e-08
-5.33053e-09
-1.36838e-07
-1.823e-08
-2.07886e-07
-4.98433e-08
-2.6471e-07
-8.36865e-08
-3.12335e-07
-1.03586e-07
-3.6492e-07
-1.07125e-07
-4.40571e-07
-1.02514e-07
-5.5438e-07
-9.47037e-08
-7.0342e-07
-7.17125e-08
-8.26301e-07
1.18211e-09
-8.02864e-07
2.01095e-07
-5.6349e-07
4.78013e-07
-3.05857e-07
4.06265e-07
-2.71831e-07
-4.56351e-07
-6.05288e-07
-1.08484e-06
-8.78414e-07
-4.75868e-07
-4.53509e-07
1.53517e-06
3.67857e-08
1.60363e-06
6.14595e-08
-7.14198e-07
2.3254e-08
-1.64698e-07
-2.17506e-10
-6.51988e-07
6.63019e-08
-1.20981e-07
1.14177e-07
-4.62136e-07
9.30856e-08
-8.81477e-07
-5.90311e-08
-1.55646e-06
-2.92014e-07
-2.47345e-06
-1.52504e-06
1.78138e-07
-5.39292e-08
2.07828e-07
-2.67512e-08
1.75797e-07
3.93726e-08
9.61643e-08
7.43027e-08
6.14737e-09
7.17882e-08
-8.79295e-08
4.4236e-08
-1.75048e-07
3.43449e-09
-2.44711e-07
-3.39217e-08
-3.04795e-07
-4.70436e-08
-3.65133e-07
-4.21799e-08
-4.3447e-07
-2.53681e-08
-5.1216e-07
5.97839e-09
-5.77313e-07
6.63305e-08
-5.49997e-07
1.73772e-07
-3.60599e-07
2.88615e-07
-1.423e-07
1.87963e-07
-1.90648e-07
-4.08007e-07
-5.19691e-07
-7.55794e-07
-7.09145e-07
-2.86417e-07
-3.02045e-07
1.12807e-06
1.06263e-07
1.19532e-06
5.18501e-08
-6.59785e-07
2.91419e-08
-1.41991e-07
4.84415e-09
-6.27692e-07
6.45608e-08
-1.80699e-07
1.03558e-07
-5.01135e-07
8.65689e-08
-8.64488e-07
-4.98793e-08
-1.42001e-06
-2.78801e-07
-2.24453e-06
-1.39167e-06
4.51779e-07
-9.99403e-08
4.81004e-07
-5.59756e-08
4.31444e-07
8.89329e-08
3.34775e-07
1.70973e-07
2.05656e-07
2.00909e-07
7.03992e-08
1.79495e-07
-5.32594e-08
1.27096e-07
-1.61768e-07
7.45877e-08
-2.4953e-07
4.07169e-08
-3.18333e-07
2.66187e-08
-3.72592e-07
2.88899e-08
-4.12987e-07
4.63743e-08
-4.26911e-07
8.02516e-08
-3.82314e-07
1.29169e-07
-2.52867e-07
1.59168e-07
-1.23225e-07
5.83186e-08
-2.10206e-07
-3.21028e-07
-4.58579e-07
-5.0742e-07
-5.5771e-07
-1.87287e-07
-1.86131e-07
7.56492e-07
1.43934e-07
8.65255e-07
4.59661e-08
-5.61817e-07
3.68483e-08
-1.32874e-07
8.75434e-09
-5.99599e-07
6.24755e-08
-2.34419e-07
9.27637e-08
-5.31423e-07
7.87335e-08
-8.50456e-07
-4.24785e-08
-1.29879e-06
-2.64238e-07
-2.02277e-06
-1.2574e-06
3.40671e-07
3.83247e-08
2.14268e-07
7.04282e-08
1.5829e-07
1.44913e-07
1.10845e-07
2.1842e-07
4.94897e-08
2.62266e-07
-2.75499e-08
2.56538e-07
-1.12832e-07
2.12381e-07
-1.98143e-07
1.599e-07
-2.72801e-07
1.15373e-07
-3.31372e-07
8.51861e-08
-3.72296e-07
6.98136e-08
-3.92899e-07
6.69795e-08
-3.85148e-07
7.24992e-08
-3.36571e-07
8.05876e-08
-2.47071e-07
6.96664e-08
-1.73065e-07
-1.56886e-08
-2.48699e-07
-2.45396e-07
-4.10244e-07
-3.45872e-07
-4.48589e-07
-1.48942e-07
-1.35723e-07
4.43624e-07
1.35508e-07
5.94022e-07
3.79013e-08
-4.64211e-07
4.17453e-08
-1.36721e-07
1.06643e-08
-5.68518e-07
5.97452e-08
-2.83499e-07
8.18341e-08
-5.53509e-07
6.91287e-08
-8.37749e-07
-3.82323e-08
-1.19143e-06
-2.4901e-07
-1.812e-06
-1.12686e-06
4.36752e-07
1.47843e-07
3.31111e-07
1.7607e-07
2.4486e-07
2.31166e-07
1.3888e-07
3.24402e-07
4.59532e-08
3.55196e-07
-2.5847e-08
3.28342e-07
-1.04717e-07
2.91255e-07
-1.9254e-07
2.47724e-07
-2.80435e-07
2.03267e-07
-3.53908e-07
1.58657e-07
-4.03076e-07
1.18982e-07
-4.23612e-07
8.7518e-08
-4.1309e-07
6.1978e-08
-3.70615e-07
3.8109e-08
-3.03684e-07
2.73321e-09
-2.51806e-07
-6.75672e-08
-2.90522e-07
-2.06681e-07
-3.75794e-07
-2.60598e-07
-3.75849e-07
-1.48887e-07
-1.32496e-07
2.0027e-07
9.31427e-08
3.6838e-07
2.54179e-08
-3.96488e-07
4.1524e-08
-1.52831e-07
1.15493e-08
-5.38544e-07
5.61077e-08
-3.28055e-07
7.09705e-08
-5.68368e-07
5.82405e-08
-8.25017e-07
-3.58644e-08
-1.09732e-06
-2.32712e-07
-1.61515e-06
-1.004e-06
4.96072e-07
2.06675e-07
4.17288e-07
2.54855e-07
3.1167e-07
3.36785e-07
1.80656e-07
4.55419e-07
5.28788e-08
4.82976e-07
-7.23666e-08
4.53591e-07
-1.89337e-07
4.08229e-07
-3.02299e-07
3.60688e-07
-3.99724e-07
3.00691e-07
-4.702e-07
2.29132e-07
-5.10934e-07
1.59718e-07
-5.17756e-07
9.43443e-08
-4.9375e-07
3.79738e-08
-4.47091e-07
-8.55175e-09
-3.82876e-07
-6.14836e-08
-3.30215e-07
-1.20228e-07
-3.30503e-07
-2.06394e-07
-3.54294e-07
-2.36805e-07
-3.2817e-07
-1.7501e-07
-1.49215e-07
2.13127e-08
4.27065e-08
1.76454e-07
1.09357e-08
-3.64719e-07
3.65313e-08
-1.78432e-07
1.1313e-08
-5.13326e-07
5.13966e-08
-3.68137e-07
6.0322e-08
-5.77289e-07
4.68083e-08
-8.11502e-07
-3.40407e-08
-1.01646e-06
-2.14651e-07
-1.43454e-06
-8.91718e-07
4.49718e-07
2.63862e-07
3.59197e-07
3.45377e-07
2.23368e-07
4.72615e-07
1.08843e-07
5.69945e-07
1.51922e-08
5.7663e-07
-9.94166e-08
5.68204e-07
-2.34608e-07
5.43424e-07
-3.81389e-07
5.07471e-07
-5.02164e-07
4.21465e-07
-5.97597e-07
3.24564e-07
-6.54676e-07
2.16798e-07
-6.55047e-07
9.47184e-08
-6.0799e-07
-9.08073e-09
-5.44852e-07
-7.16894e-08
-4.69337e-07
-1.37e-07
-4.01011e-07
-1.88555e-07
-3.64802e-07
-2.42603e-07
-3.42289e-07
-2.59315e-07
-2.94945e-07
-2.22353e-07
-1.60586e-07
-1.13049e-07
-3.33146e-09
1.91952e-08
-4.50525e-09
-3.63547e-07
2.84964e-08
-2.11438e-07
1.00052e-08
-4.94835e-07
4.56259e-08
-4.03756e-07
5.00859e-08
-5.81746e-07
3.5639e-08
-7.97055e-07
-3.32703e-08
-9.47544e-07
-1.94205e-07
-1.27361e-06
-7.92206e-07
1.22125e-07
3.30675e-07
5.18821e-08
4.1562e-07
-5.66616e-10
5.25065e-07
-7.66798e-08
6.4606e-07
-1.90275e-07
6.90228e-07
-3.18559e-07
6.96491e-07
-4.63414e-07
6.88281e-07
-6.08825e-07
6.52882e-07
-7.63498e-07
5.76137e-07
-8.92662e-07
4.53726e-07
-9.52522e-07
2.76658e-07
-9.13855e-07
5.60545e-08
-7.97178e-07
-1.25755e-07
-6.76828e-07
-1.9204e-07
-5.60226e-07
-2.53602e-07
-4.61908e-07
-2.86871e-07
-3.90846e-07
-3.13664e-07
-3.34127e-07
-3.16033e-07
-2.70213e-07
-2.86265e-07
-1.63717e-07
-2.19547e-07
-2.89409e-08
-1.15586e-07
-2.45006e-08
-3.67988e-07
1.96184e-08
-2.5556e-07
7.84791e-09
-4.83064e-07
3.8945e-08
-4.34851e-07
4.04056e-08
-5.83205e-07
2.5406e-08
-7.82057e-07
-3.22052e-08
-8.8993e-07
-1.70682e-07
-1.13513e-06
-7.0728e-07
-1.17475e-07
4.36605e-07
-2.12308e-07
5.10452e-07
-2.87081e-07
5.99839e-07
-3.17996e-07
6.76977e-07
-3.78608e-07
7.50842e-07
-4.79105e-07
7.96989e-07
-6.32301e-07
8.41478e-07
-8.23026e-07
8.43606e-07
-1.00949e-06
7.62593e-07
-1.15063e-06
5.94867e-07
-1.23067e-06
3.56697e-07
-1.15721e-06
-1.74014e-08
-9.86488e-07
-2.96477e-07
-8.02875e-07
-3.75651e-07
-6.35545e-07
-4.20931e-07
-5.00384e-07
-4.22032e-07
-3.98946e-07
-4.15102e-07
-3.18347e-07
-3.96632e-07
-2.44714e-07
-3.599e-07
-1.56907e-07
-3.07356e-07
-4.58176e-08
-2.26678e-07
-3.42247e-08
-3.7958e-07
1.11481e-08
-3.00934e-07
5.50901e-09
-4.77424e-07
3.15135e-08
-4.60855e-07
3.13284e-08
-5.83022e-07
1.67238e-08
-7.67455e-07
-2.98205e-08
-8.43385e-07
-1.43208e-07
-1.02175e-06
-6.3862e-07
3.72719e-07
5.45965e-07
2.23005e-07
6.60168e-07
4.25601e-08
7.80285e-07
-1.0695e-07
8.26488e-07
-3.02612e-07
9.46505e-07
-6.01255e-07
1.09563e-06
-8.71026e-07
1.11125e-06
-1.1201e-06
1.09268e-06
-1.29168e-06
9.34173e-07
-1.4262e-06
7.2938e-07
-1.51018e-06
4.4068e-07
-1.43559e-06
-9.19917e-08
-1.21196e-06
-5.20109e-07
-9.07527e-07
-6.80077e-07
-6.6719e-07
-6.61266e-07
-4.946e-07
-5.94623e-07
-3.71973e-07
-5.3773e-07
-2.81231e-07
-4.87378e-07
-2.07648e-07
-4.33484e-07
-1.36393e-07
-3.78612e-07
-5.04852e-08
-3.12585e-07
-3.54239e-08
-3.94636e-07
4.1421e-09
-3.40499e-07
3.27313e-09
-4.76556e-07
2.33226e-08
-4.80905e-07
2.26413e-08
-5.82346e-07
1.01049e-08
-7.54921e-07
-2.5199e-08
-8.08082e-07
-1.10683e-07
-9.36268e-07
-5.88131e-07
1.67458e-06
4.38826e-07
1.77116e-06
5.6358e-07
1.83495e-06
7.16496e-07
1.76969e-06
8.91748e-07
1.68465e-06
1.03155e-06
1.57196e-06
1.20832e-06
1.32762e-06
1.35559e-06
9.82297e-07
1.43799e-06
5.11417e-07
1.40505e-06
-2.52954e-08
1.26609e-06
-4.95211e-07
9.10593e-07
-8.73793e-07
2.86592e-07
-9.05231e-07
-4.88666e-07
-6.94074e-07
-8.91232e-07
-5.00422e-07
-8.54918e-07
-3.63206e-07
-7.31841e-07
-2.67238e-07
-6.33703e-07
-1.98338e-07
-5.56281e-07
-1.44022e-07
-4.87799e-07
-9.6069e-08
-4.26562e-07
-4.03658e-08
-3.68285e-07
-2.73913e-08
-4.07605e-07
8.05498e-10
-3.68696e-07
1.38323e-09
-4.77137e-07
1.42403e-08
-4.93763e-07
1.37556e-08
-5.81866e-07
5.56881e-09
-7.46737e-07
-1.74498e-08
-7.85064e-07
-7.16254e-08
-8.82093e-07
-5.58115e-07
1.82805e-06
2.00406e-06
2.19162e-06
2.37616e-06
2.52642e-06
2.59265e-06
2.51263e-06
2.21172e-06
1.78059e-06
1.30289e-06
8.47736e-07
3.27748e-07
5.16793e-08
-4.62388e-08
-7.94042e-08
-8.58038e-08
-7.81757e-08
-6.52762e-08
-5.05301e-08
-3.51771e-08
-1.6192e-08
-1.07204e-08
8.85815e-11
4.51701e-10
4.6573e-09
4.31809e-09
1.76004e-09
-6.31428e-09
-2.45047e-08
)
;

boundaryField
{
    leftWall
    {
        type            calculated;
        value           uniform 0;
    }
    rightWall
    {
        type            calculated;
        value           uniform 0;
    }
    lowerWall
    {
        type            calculated;
        value           uniform 0;
    }
    atmosphere
    {
        type            calculated;
        value           nonuniform List<scalar> 
120
(
4.03592e-07
8.66631e-07
1.42635e-06
1.38331e-06
6.35877e-07
2.59451e-07
5.71262e-08
-6.45821e-08
-1.46943e-07
-2.15093e-07
-2.70194e-07
-3.16233e-07
-3.5267e-07
-3.77826e-07
-3.91991e-07
-3.97218e-07
-3.9656e-07
-3.92728e-07
-3.86669e-07
-3.77449e-07
-3.63794e-07
-3.45377e-07
-3.22569e-07
-2.95713e-07
-2.64841e-07
-2.2969e-07
-1.89632e-07
-1.43479e-07
-8.95294e-08
-2.75775e-08
-6.70198e-07
-6.37928e-07
-7.20497e-07
-4.66183e-07
-3.6278e-07
-1.91419e-07
-7.23443e-08
7.22366e-09
1.47816e-07
1.65165e-07
3.46612e-07
3.87956e-07
6.04676e-07
5.21662e-07
5.01907e-07
4.26137e-07
3.37369e-07
2.30869e-07
1.21984e-07
2.55037e-08
-4.76263e-08
-9.41312e-08
-1.13945e-07
-1.09293e-07
-8.26545e-08
-2.80264e-08
4.20687e-08
1.08779e-07
1.67693e-07
2.14493e-07
2.78874e-07
3.87567e-07
5.28936e-07
7.07212e-07
8.81293e-07
1.14209e-06
1.43562e-06
1.7389e-06
1.83618e-06
1.74379e-06
1.36575e-06
8.06583e-07
-2.12594e-07
-7.93312e-07
-8.21755e-07
-7.25446e-07
-6.41334e-07
-5.6918e-07
-5.02542e-07
-4.41911e-07
-3.87268e-07
-4.13074e-07
-3.79506e-07
-4.77504e-07
-4.97969e-07
-5.81529e-07
-7.4418e-07
-7.7699e-07
-8.63903e-07
-5.49946e-07
4.05647e-07
8.71551e-07
1.43537e-06
1.3872e-06
6.32956e-07
2.54978e-07
5.0042e-08
-7.52105e-08
-1.60203e-07
-2.30731e-07
-2.89507e-07
-3.38882e-07
-3.78879e-07
-4.07489e-07
-4.24384e-07
-4.31279e-07
-4.31232e-07
-4.27389e-07
-4.21278e-07
-4.12171e-07
-3.98497e-07
-3.79549e-07
-3.55568e-07
-3.26931e-07
-2.93714e-07
-2.55608e-07
-2.11868e-07
-1.61172e-07
-1.01641e-07
-3.26733e-08
)
;
    }
    defaultFaces
    {
        type            empty;
        value           nonuniform 0();
    }
}


// ************************************************************************* //
