/*--------------------------------*- C++ -*----------------------------------*\
| =========                 |                                                 |
| \\      /  F ield         | OpenFOAM: The Open Source CFD Toolbox           |
|  \\    /   O peration     | Version:  2.4.0                                 |
|   \\  /    A nd           | Web:      www.OpenFOAM.org                      |
|    \\/     M anipulation  |                                                 |
\*---------------------------------------------------------------------------*/
FoamFile
{
    version     2.0;
    format      ascii;
    class       surfaceScalarField;
    location    "0.163";
    object      phi;
}
// * * * * * * * * * * * * * * * * * * * * * * * * * * * * * * * * * * * * * //

dimensions      [0 3 -1 0 0 0 0];

internalField   nonuniform List<scalar> 
7080
(
1.70424e-08
-1.70424e-08
4.99154e-08
-3.2873e-08
8.17618e-08
-3.18464e-08
1.02851e-07
-2.1089e-08
1.17469e-07
-1.46184e-08
1.14463e-07
3.00657e-09
9.39434e-08
2.05192e-08
6.23239e-08
3.16195e-08
3.08633e-08
3.14606e-08
5.46687e-09
2.53964e-08
-1.08118e-08
1.62786e-08
-2.98995e-08
1.90877e-08
-4.19556e-08
1.20561e-08
-5.87776e-08
1.6822e-08
-6.68902e-08
8.11255e-09
-5.63912e-08
-1.0499e-08
-3.13413e-08
-2.50499e-08
-1.28916e-08
-1.84496e-08
-1.50039e-08
2.11221e-09
-4.30554e-08
2.80515e-08
-1.3508e-07
9.20244e-08
-2.25343e-07
9.02631e-08
-2.38723e-07
1.33804e-08
-1.89869e-07
-4.88546e-08
-1.42073e-07
-4.77959e-08
-1.13481e-07
-2.85916e-08
-8.81947e-08
-2.52866e-08
-5.2641e-08
-3.55537e-08
-2.86389e-08
-2.40022e-08
-1.89509e-08
-9.68802e-09
7.24825e-09
-2.42907e-08
4.66215e-08
-7.22462e-08
9.3314e-08
-7.85389e-08
1.28267e-07
-5.6042e-08
1.57318e-07
-4.36694e-08
1.68271e-07
-7.94657e-09
1.56885e-07
3.19049e-08
1.33125e-07
5.53799e-08
1.00182e-07
6.44037e-08
7.4453e-08
5.11252e-08
5.56109e-08
3.51205e-08
2.73914e-08
4.73071e-08
1.64173e-08
2.30301e-08
-2.42699e-08
5.75093e-08
-4.1979e-08
2.58216e-08
-5.31065e-08
6.28618e-10
-7.45094e-08
-3.64713e-09
-7.35278e-08
-1.94312e-08
-9.31511e-08
2.17355e-08
-1.63601e-07
9.85016e-08
-2.656e-07
1.94023e-07
-3.25067e-07
1.4973e-07
-3.07448e-07
-4.23883e-09
-2.71366e-07
-8.49365e-08
-2.25463e-07
-9.3699e-08
-1.79141e-07
-7.49133e-08
-1.32177e-07
-7.22506e-08
-8.38652e-08
-8.38659e-08
-3.86062e-08
-6.92612e-08
-5.65002e-08
-1.05694e-09
1.10265e-09
-2.53933e-08
3.96034e-08
-1.10747e-07
8.79606e-08
-1.26896e-07
1.25038e-07
-9.31192e-08
1.56933e-07
-7.55648e-08
1.71742e-07
-2.27557e-08
1.64074e-07
3.95728e-08
1.46283e-07
7.31712e-08
1.15696e-07
9.49902e-08
9.70409e-08
6.97808e-08
8.05905e-08
5.15708e-08
5.63491e-08
7.15486e-08
5.90498e-08
2.03292e-08
1.85277e-08
9.80314e-08
3.65651e-09
4.06927e-08
-1.20639e-08
1.63491e-08
-6.37264e-08
4.80153e-08
-1.03269e-07
2.01114e-08
-1.58048e-07
7.65144e-08
-2.42201e-07
1.82655e-07
-3.13192e-07
2.65014e-07
-3.32567e-07
1.69105e-07
-3.08e-07
-2.88056e-08
-2.6785e-07
-1.25087e-07
-2.23258e-07
-1.38291e-07
-1.58148e-07
-1.40023e-07
-1.02367e-07
-1.28032e-07
-7.40451e-08
-1.12188e-07
-3.74767e-08
-1.0583e-07
-9.52897e-08
1.31265e-09
-8.34638e-10
-2.45587e-08
3.73807e-08
-1.48962e-07
8.59748e-08
-1.7549e-07
1.23364e-07
-1.30509e-07
1.55857e-07
-1.08058e-07
1.71344e-07
-3.8242e-08
1.64136e-07
4.67806e-08
1.47583e-07
8.97238e-08
1.16447e-07
1.26127e-07
1.02241e-07
8.39873e-08
8.16305e-08
7.21808e-08
6.72265e-08
8.59526e-08
8.37758e-08
3.77979e-09
4.73172e-08
1.3449e-07
3.52278e-08
5.27821e-08
1.99263e-08
3.16507e-08
-5.34888e-08
1.2143e-07
-1.29317e-07
9.59394e-08
-2.05532e-07
1.5273e-07
-2.63983e-07
2.41106e-07
-2.82607e-07
2.83638e-07
-2.64715e-07
1.51214e-07
-2.34379e-07
-5.91424e-08
-2.20534e-07
-1.38931e-07
-2.01034e-07
-1.57791e-07
-1.5126e-07
-1.89797e-07
-9.78604e-08
-1.81432e-07
-7.01377e-08
-1.3991e-07
-3.85892e-08
-1.37378e-07
-1.28525e-07
-5.35386e-09
-1.59688e-09
-2.29619e-08
3.67649e-08
-1.87324e-07
8.56198e-08
-2.24345e-07
1.23266e-07
-1.68155e-07
1.56232e-07
-1.41023e-07
1.72054e-07
-5.40647e-08
1.64799e-07
5.4036e-08
1.47983e-07
1.0654e-07
1.15419e-07
1.58691e-07
1.0378e-07
9.56262e-08
7.36635e-08
1.02297e-07
7.2391e-08
8.72252e-08
9.54897e-08
-1.9319e-08
6.41039e-08
1.65876e-07
6.32905e-08
5.35954e-08
5.19383e-08
4.3003e-08
-2.3445e-08
1.96814e-07
-1.14378e-07
1.86872e-07
-1.9311e-07
2.31462e-07
-2.30019e-07
2.78015e-07
-2.16105e-07
2.69724e-07
-1.71129e-07
1.06238e-07
-1.45575e-07
-8.46965e-08
-1.42507e-07
-1.42e-07
-1.39463e-07
-1.60835e-07
-1.16842e-07
-2.12418e-07
-8.2902e-08
-2.15372e-07
-4.91023e-08
-1.7371e-07
-2.8649e-08
-1.57832e-07
-1.46373e-07
-1.08007e-08
-2.17575e-09
-2.07861e-08
3.64034e-08
-2.25903e-07
8.55741e-08
-2.73516e-07
1.23531e-07
-2.06113e-07
1.57062e-07
-1.74554e-07
1.73293e-07
-7.0295e-08
1.6605e-07
6.12785e-08
1.48468e-07
1.24122e-07
1.14984e-07
1.92176e-07
1.04333e-07
1.06277e-07
6.59738e-08
1.40656e-07
7.40875e-08
7.91115e-08
8.6442e-08
-3.16737e-08
6.91246e-08
1.83193e-07
8.95519e-08
3.31681e-08
7.79019e-08
5.4653e-08
1.6655e-08
2.5806e-07
-6.33472e-08
2.66874e-07
-1.25329e-07
2.93443e-07
-1.37595e-07
2.90281e-07
-1.18141e-07
2.5027e-07
-7.68034e-08
6.48998e-08
-4.87636e-08
-1.12736e-07
-4.56177e-08
-1.45146e-07
-3.39751e-08
-1.72478e-07
-2.22201e-08
-2.24174e-07
-1.59392e-08
-2.21653e-07
-7.73531e-09
-1.81914e-07
-7.76675e-09
-1.578e-07
-1.45308e-07
-8.83241e-09
-2.81923e-09
-1.79669e-08
3.60093e-08
-2.64732e-07
8.55543e-08
-3.23061e-07
1.23889e-07
-2.44447e-07
1.58094e-07
-2.08759e-07
1.74821e-07
-8.70223e-08
1.6769e-07
6.84092e-08
1.48919e-07
1.42893e-07
1.15423e-07
2.25672e-07
1.04623e-07
1.17076e-07
6.36697e-08
1.8161e-07
7.29339e-08
6.98473e-08
5.32825e-08
-1.20225e-08
5.66541e-08
1.79822e-07
9.91124e-08
-9.29017e-09
7.68595e-08
7.69059e-08
3.74378e-08
2.97482e-07
-8.03226e-09
3.12344e-07
-4.29107e-08
3.28322e-07
-4.16015e-08
2.88972e-07
-8.45649e-09
2.17125e-07
3.45173e-08
2.1926e-08
6.16563e-08
-1.39875e-07
7.83288e-08
-1.61818e-07
8.11199e-08
-1.75269e-07
6.29739e-08
-2.06028e-07
3.71633e-08
-1.95842e-07
2.16608e-08
-1.66412e-07
4.10927e-09
-1.40249e-07
-1.28852e-07
-1.23466e-08
-3.58022e-09
-1.43867e-08
3.55367e-08
-3.03848e-07
8.55202e-08
-3.73044e-07
1.24299e-07
-2.83226e-07
1.59298e-07
-2.43758e-07
1.76624e-07
-1.04348e-07
1.69675e-07
7.53583e-08
1.49249e-07
1.63318e-07
1.16806e-07
2.58115e-07
1.04668e-07
1.29213e-07
6.76471e-08
2.18631e-07
7.47426e-08
6.27518e-08
2.29457e-08
3.97743e-08
3.04293e-08
1.72338e-07
7.34804e-08
-5.23413e-08
5.24876e-08
9.78987e-08
3.95827e-08
3.10387e-07
4.91808e-08
3.02746e-07
7.44453e-08
3.03057e-07
8.08946e-08
2.82522e-07
1.1346e-07
1.8456e-07
1.44648e-07
-9.26187e-09
1.66845e-07
-1.62072e-07
1.81422e-07
-1.76395e-07
1.60175e-07
-1.54022e-07
1.24272e-07
-1.70126e-07
7.89844e-08
-1.50554e-07
3.85746e-08
-1.26002e-07
9.52695e-09
-1.11201e-07
-1.07328e-07
-1.19976e-08
-4.47082e-09
-9.91593e-09
3.49767e-08
-3.43296e-07
8.54638e-08
-4.23532e-07
1.2476e-07
-3.22522e-07
1.60673e-07
-2.79671e-07
1.78725e-07
-1.22399e-07
1.71945e-07
8.21383e-08
1.49517e-07
1.85745e-07
1.18932e-07
2.887e-07
1.02633e-07
1.45513e-07
7.6898e-08
2.44366e-07
8.42059e-08
5.5444e-08
1.95698e-08
1.0441e-07
1.12928e-08
1.80615e-07
3.12427e-08
-7.22913e-08
3.96421e-08
8.94993e-08
6.16773e-08
2.88352e-07
8.09348e-08
2.83489e-07
1.40116e-07
2.43876e-07
1.697e-07
2.52939e-07
2.01612e-07
1.52648e-07
2.1685e-07
-2.45e-08
2.22321e-07
-1.67543e-07
2.24249e-07
-1.78324e-07
2.00071e-07
-1.29844e-07
1.57381e-07
-1.27436e-07
1.09226e-07
-1.024e-07
5.81596e-08
-7.49353e-08
1.97651e-08
-7.2807e-08
-8.24324e-08
-5.13024e-09
-5.49588e-09
-4.42007e-09
3.43253e-08
-3.83117e-07
8.53778e-08
-4.74584e-07
1.25275e-07
-3.62419e-07
1.6222e-07
-3.16617e-07
1.81149e-07
-1.41328e-07
1.74433e-07
8.88539e-08
1.50041e-07
2.10137e-07
1.20573e-07
3.18169e-07
9.81855e-08
1.679e-07
8.56157e-08
2.56935e-07
9.02247e-08
5.0835e-08
2.84649e-08
1.6617e-07
1.26803e-08
1.964e-07
1.98114e-08
-7.94224e-08
3.95959e-08
6.97147e-08
7.43098e-08
2.53638e-07
7.89418e-08
2.78857e-07
1.23099e-07
1.99718e-07
1.71143e-07
2.04895e-07
2.17551e-07
1.0624e-07
2.2822e-07
-3.51689e-08
2.18555e-07
-1.57878e-07
2.0395e-07
-1.63719e-07
1.80511e-07
-1.06405e-07
1.45071e-07
-9.19953e-08
1.04484e-07
-6.18123e-08
5.89163e-08
-2.93682e-08
2.26952e-08
-3.65859e-08
-5.85185e-08
-1.21877e-09
-6.65875e-09
2.23867e-09
3.35783e-08
-4.23354e-07
8.5254e-08
-5.2626e-07
1.25844e-07
-4.03009e-07
1.63942e-07
-3.54715e-07
1.83901e-07
-1.61287e-07
1.77175e-07
9.55798e-08
1.50949e-07
2.36363e-07
1.21043e-07
3.48075e-07
9.39391e-08
1.95004e-07
9.02706e-08
2.60604e-07
8.41001e-08
5.70056e-08
3.75411e-08
2.12729e-07
3.00992e-08
2.03842e-07
2.65354e-08
-7.58587e-08
3.18483e-08
6.44018e-08
6.22554e-08
2.23231e-07
7.64402e-08
2.64672e-07
9.31609e-08
1.82998e-07
1.31332e-07
1.66725e-07
1.68548e-07
6.90228e-08
1.84295e-07
-5.09162e-08
1.84354e-07
-1.57937e-07
1.68446e-07
-1.47811e-07
1.47965e-07
-8.59237e-08
1.11021e-07
-5.5052e-08
7.56564e-08
-2.64475e-08
4.80435e-08
-1.75534e-09
2.24396e-08
-1.09821e-08
-3.75364e-08
1.45728e-09
-7.96443e-09
1.02031e-08
3.27313e-08
-4.6405e-07
8.50806e-08
-5.78609e-07
1.26466e-07
-4.44394e-07
1.65839e-07
-3.94089e-07
1.86999e-07
-1.82446e-07
1.8024e-07
1.02338e-07
1.52078e-07
2.64525e-07
1.20639e-07
3.79514e-07
9.23128e-08
2.23331e-07
9.06887e-08
2.62228e-07
7.4506e-08
7.31883e-08
4.54215e-08
2.41813e-07
4.78497e-08
2.01414e-07
4.46193e-08
-7.26284e-08
3.74269e-08
7.15941e-08
4.7456e-08
2.13202e-07
8.15191e-08
2.30609e-07
9.66693e-08
1.67848e-07
1.23641e-07
1.39753e-07
1.48659e-07
4.40046e-08
1.76632e-07
-7.88899e-08
1.74978e-07
-1.56283e-07
1.42701e-07
-1.15534e-07
1.23153e-07
-6.63759e-08
8.33732e-08
-1.52719e-08
5.15162e-08
5.4094e-09
3.97738e-08
9.98694e-09
1.75261e-08
1.12655e-08
-2.82908e-08
8.28042e-09
-9.41816e-09
1.96212e-08
3.17793e-08
-5.05247e-07
8.48484e-08
-6.31678e-07
1.2714e-07
-4.86686e-07
1.67913e-07
-4.34862e-07
1.90467e-07
-2.05e-07
1.83652e-07
1.09154e-07
1.53173e-07
2.95004e-07
1.20454e-07
4.12233e-07
9.08542e-08
2.52931e-07
9.06848e-08
2.62397e-07
7.32998e-08
9.05734e-08
5.33606e-08
2.61752e-07
5.92625e-08
1.95512e-07
5.70043e-08
-7.03702e-08
5.56338e-08
7.29646e-08
4.66608e-08
2.22175e-07
8.19961e-08
1.95273e-07
1.12456e-07
1.37388e-07
1.3501e-07
1.17199e-07
1.55648e-07
2.33671e-08
1.72014e-07
-9.52559e-08
1.53039e-07
-1.37308e-07
1.15707e-07
-7.82025e-08
9.78578e-08
-4.85263e-08
8.69431e-08
-4.35731e-09
6.32911e-08
2.90613e-08
2.65906e-08
4.66874e-08
1.04733e-08
2.73828e-08
-3.22842e-08
1.44666e-08
-1.10259e-08
3.06472e-08
3.07162e-08
-5.46989e-07
8.4564e-08
-6.85526e-07
1.27865e-07
-5.29987e-07
1.70167e-07
-4.77164e-07
1.94338e-07
-2.29171e-07
1.87361e-07
1.16131e-07
1.54421e-07
3.27943e-07
1.20415e-07
4.46239e-07
8.82056e-08
2.8514e-07
9.09259e-08
2.59677e-07
7.81574e-08
1.03342e-07
5.15447e-08
2.88365e-07
5.79764e-08
1.8908e-07
4.65665e-08
-5.89604e-08
7.43146e-08
4.52165e-08
7.90879e-08
2.17402e-07
8.30209e-08
1.9134e-07
1.08027e-07
1.12382e-07
1.3264e-07
9.25859e-08
1.43537e-07
1.24701e-08
1.31879e-07
-8.35984e-08
1.162e-07
-1.21629e-07
1.07757e-07
-6.976e-08
9.35819e-08
-3.43511e-08
7.07295e-08
1.84951e-08
2.41013e-08
7.56894e-08
-1.96852e-08
9.04738e-08
-4.93992e-09
1.26374e-08
-4.8364e-08
1.11399e-08
-1.27944e-08
4.34416e-08
2.95355e-08
-5.89319e-07
8.42394e-08
-7.4023e-07
1.28637e-07
-5.74384e-07
1.72605e-07
-5.21132e-07
1.98618e-07
-2.55184e-07
1.91405e-07
1.23344e-07
1.5598e-07
3.63369e-07
1.20522e-07
4.81697e-07
8.28864e-08
3.22775e-07
9.31249e-08
2.49438e-07
9.19774e-08
1.04489e-07
6.20776e-08
3.18265e-07
5.86165e-08
1.92541e-07
4.62352e-08
-4.65791e-08
8.78527e-08
3.599e-09
9.509e-08
2.10164e-07
8.52755e-08
2.01155e-07
9.99217e-08
9.7736e-08
1.00526e-07
9.19813e-08
8.67119e-08
2.62845e-08
7.26599e-08
-6.95465e-08
5.18843e-08
-1.00853e-07
1.4951e-08
-3.28268e-08
-2.83768e-08
8.97663e-09
-4.96667e-08
3.97848e-08
-5.46841e-08
8.07068e-08
-3.72876e-08
7.30772e-08
-1.39857e-08
-1.06646e-08
-5.00819e-08
-1.22679e-08
-1.4731e-08
5.81726e-08
2.82292e-08
-6.3228e-07
8.38857e-08
-7.95886e-07
1.2945e-07
-6.19949e-07
1.75226e-07
-5.66908e-07
2.0333e-07
-2.83287e-07
1.95856e-07
1.30818e-07
1.58133e-07
4.01092e-07
1.19619e-07
5.20211e-07
7.77693e-08
3.64625e-07
9.75057e-08
2.29702e-07
9.42241e-08
1.07771e-07
8.65361e-09
4.03835e-07
5.4793e-09
1.95715e-07
4.69781e-08
-8.80779e-08
1.13059e-07
-6.24822e-08
1.41065e-07
1.82158e-07
1.15357e-07
2.26862e-07
8.98225e-08
1.23271e-07
7.6208e-08
1.05596e-07
9.32611e-08
9.23134e-09
9.72473e-08
-7.35328e-08
6.84245e-08
-7.20306e-08
3.94706e-08
-3.87297e-09
7.54642e-09
4.09007e-08
-1.68682e-08
6.41994e-08
-2.06495e-08
8.4488e-08
-8.90847e-09
6.13361e-08
-2.02423e-08
6.69164e-10
-2.56834e-08
-4.46409e-08
-1.68439e-08
7.50166e-08
2.67888e-08
-6.75912e-07
8.35108e-08
-8.52608e-07
1.30302e-07
-6.6674e-07
1.78008e-07
-6.14614e-07
2.08529e-07
-3.13808e-07
2.00894e-07
1.38453e-07
1.6048e-07
4.41506e-07
1.17847e-07
5.62844e-07
7.59537e-08
4.06518e-07
1.03076e-07
2.0258e-07
9.99536e-08
1.10893e-07
5.82513e-08
4.45537e-07
5.8006e-08
1.95961e-07
6.90299e-08
-9.91019e-08
1.23811e-07
-1.17263e-07
1.28688e-07
1.77281e-07
8.79531e-08
2.67598e-07
5.219e-08
1.59034e-07
6.88401e-08
8.89458e-08
1.02597e-07
-2.4526e-08
7.2619e-08
-4.35544e-08
3.36325e-08
-3.30441e-08
3.51081e-08
-5.34859e-09
5.17502e-08
2.42585e-08
5.12867e-08
6.46628e-08
5.34724e-08
8.23021e-08
5.4792e-08
6.00165e-08
2.9122e-08
2.6339e-08
1.97011e-08
-1.62626e-08
-1.91424e-08
9.41589e-08
2.52044e-08
-7.20259e-07
8.31191e-08
-9.10523e-07
1.31188e-07
-7.14809e-07
1.8089e-07
-6.64317e-07
2.14371e-07
-3.47289e-07
2.06477e-07
1.46347e-07
1.62633e-07
4.8535e-07
1.15135e-07
6.10342e-07
7.21731e-08
4.4948e-07
1.08481e-07
1.66272e-07
7.73509e-08
1.42023e-07
-1.84214e-08
5.4131e-07
-2.00956e-08
1.97635e-07
3.08995e-08
-1.50097e-07
9.44208e-08
-1.80785e-07
6.31899e-08
2.08512e-07
6.47928e-08
2.65995e-07
8.16165e-08
1.4221e-07
7.10049e-08
9.95573e-08
3.45353e-08
1.19436e-08
-4.32797e-08
3.42606e-08
-6.78381e-08
-8.48569e-09
-3.72916e-08
-3.58952e-08
1.56858e-08
-2.87189e-08
5.09652e-08
2.93834e-08
6.95967e-08
6.36705e-08
7.9558e-08
5.00551e-08
5.9314e-08
4.65829e-08
5.83369e-08
2.06782e-08
-2.16362e-08
1.15795e-07
2.34637e-08
-7.65359e-07
8.27103e-08
-9.6977e-07
1.32094e-07
-7.64193e-07
1.83756e-07
-7.15979e-07
2.20938e-07
-3.84471e-07
2.12382e-07
1.54903e-07
1.62628e-07
5.35103e-07
1.22463e-07
6.50506e-07
6.82305e-08
5.03713e-07
1.05984e-07
1.28519e-07
7.92742e-08
1.68732e-07
-3.2392e-08
6.52976e-07
-2.1979e-08
1.87222e-07
3.3465e-08
-2.05541e-07
1.03687e-07
-2.51007e-07
9.6596e-08
2.15603e-07
7.67174e-08
2.85873e-07
6.41238e-08
1.54804e-07
4.13613e-08
1.2232e-07
-3.21904e-08
8.54953e-08
-1.31024e-07
1.33094e-07
-1.44322e-07
4.81225e-09
-1.11711e-07
-6.85064e-08
-6.65944e-08
-7.38355e-08
-2.82951e-08
-8.91592e-09
-2.2034e-10
3.55956e-08
2.02548e-08
2.95799e-08
2.38403e-08
4.29973e-08
6.94847e-08
1.26924e-08
-2.43313e-08
1.40126e-07
2.15483e-08
-8.11239e-07
8.22751e-08
-1.0305e-06
1.32942e-07
-8.14859e-07
1.86371e-07
-7.69408e-07
2.2748e-07
-4.2558e-07
2.15422e-07
1.66962e-07
1.67184e-07
5.83341e-07
9.77324e-08
7.19958e-07
4.17343e-08
5.59711e-07
1.23624e-07
4.66289e-08
1.00159e-07
1.92198e-07
1.50669e-08
7.38068e-07
1.11939e-09
2.01169e-07
2.29236e-08
-2.27345e-07
1.11285e-07
-3.39368e-07
1.19824e-07
2.07064e-07
7.40686e-08
3.31629e-07
-9.2601e-09
2.38132e-07
4.30312e-09
1.08757e-07
3.30219e-08
5.67765e-08
-7.45119e-08
2.40628e-07
-1.40555e-07
7.08555e-08
-1.51214e-07
-5.78477e-08
-1.32454e-07
-9.25953e-08
-1.0127e-07
-4.01006e-08
-7.54407e-08
9.7667e-09
-4.35253e-08
-2.33565e-09
-1.75545e-08
1.70265e-08
5.13181e-08
6.12023e-10
-2.72847e-08
1.67411e-07
1.94144e-08
-8.57938e-07
8.17698e-08
-1.09285e-06
1.33423e-07
-8.66513e-07
1.87875e-07
-8.2386e-07
2.28526e-07
-4.66232e-07
2.08499e-07
1.86989e-07
1.50271e-07
6.41569e-07
1.48967e-07
7.21263e-07
4.84611e-08
6.60217e-07
9.96728e-08
-4.58284e-09
1.56279e-07
1.35591e-07
4.28951e-08
8.51452e-07
-2.75412e-08
2.71606e-07
-1.31916e-08
-2.41695e-07
1.24533e-07
-4.77093e-07
1.58931e-07
1.72667e-07
6.32763e-08
4.27283e-07
-1.71643e-08
3.18573e-07
-4.21343e-08
1.33727e-07
4.47845e-08
-3.01423e-08
4.43366e-08
2.41076e-07
-1.94391e-08
1.34631e-07
-5.72101e-08
-2.00768e-08
-8.80657e-08
-6.17398e-08
-9.05634e-08
-3.76029e-08
-7.17507e-08
-9.04603e-09
-5.826e-08
-1.58265e-08
-3.73768e-08
-3.85671e-09
1.81715e-08
-4.2302e-09
-3.00399e-08
1.97451e-07
1.69077e-08
-9.04885e-07
8.09713e-08
-1.15692e-06
1.32526e-07
-9.18067e-07
1.83727e-07
-8.75061e-07
2.10803e-07
-4.93308e-07
1.65429e-07
2.32363e-07
1.46258e-07
6.6074e-07
8.52421e-08
7.82279e-07
3.00283e-08
7.15431e-07
1.23391e-07
-9.79458e-08
1.12549e-07
1.46434e-07
1.64677e-08
9.47533e-07
-2.37769e-08
3.1185e-07
-1.85905e-08
-2.46881e-07
5.3402e-08
-5.49086e-07
4.88906e-08
1.77178e-07
-1.96305e-08
4.95804e-07
6.16086e-08
2.37334e-07
1.70861e-08
1.78249e-07
2.05389e-08
-3.3595e-08
7.78268e-08
1.83788e-07
3.51514e-08
1.77307e-07
7.38233e-09
7.69224e-09
-1.70299e-08
-3.73276e-08
-2.92756e-08
-2.53573e-08
-2.35517e-08
-1.47699e-08
-2.26446e-08
-1.67337e-08
-2.15059e-08
-4.99539e-09
4.56432e-09
-7.89882e-09
-3.5192e-08
2.32643e-07
1.35256e-08
-9.53603e-07
7.8945e-08
-1.22233e-06
1.26872e-07
-9.65994e-07
1.61568e-07
-9.09757e-07
1.55473e-07
-4.87213e-07
8.69857e-08
3.0085e-07
2.94185e-08
7.18307e-07
1.19017e-08
7.99796e-07
1.4795e-08
7.12538e-07
-1.07979e-07
2.48282e-08
-1.30552e-07
1.69007e-07
-6.53738e-08
8.82354e-07
-3.2169e-08
2.78646e-07
-3.32488e-09
-2.75726e-07
-1.59208e-08
-5.3649e-07
-6.91471e-08
2.30404e-07
-9.72218e-08
5.23879e-07
3.09536e-08
1.09159e-07
2.71173e-08
1.82085e-07
6.07439e-09
-1.25521e-08
6.79053e-08
1.21957e-07
6.087e-08
1.84342e-07
1.99731e-08
4.85891e-08
-5.82118e-09
-1.15334e-08
3.52509e-10
-3.1531e-08
8.08747e-09
-2.25049e-08
5.61011e-09
-1.42563e-08
-4.77496e-09
5.38966e-09
1.61483e-08
-1.6359e-08
-2.98738e-08
2.62517e-07
7.55077e-09
-9.91027e-07
7.24298e-08
-1.28721e-06
1.07327e-07
-1.00089e-06
1.10447e-07
-9.12877e-07
8.35423e-08
-4.60308e-07
4.82339e-09
3.79569e-07
7.18535e-08
6.51277e-07
1.07115e-07
7.64534e-07
-1.48594e-07
9.68247e-07
-2.24002e-07
1.00236e-07
-1.18732e-07
6.37372e-08
-1.9634e-07
9.59962e-07
-1.13798e-07
1.96103e-07
3.21908e-08
-4.21714e-07
-3.37332e-08
-4.70566e-07
-8.50644e-08
2.81735e-07
-1.26174e-07
5.64989e-07
-1.77679e-08
7.5224e-10
5.12323e-08
1.13085e-07
-1.58136e-08
5.44938e-08
1.78396e-08
8.83034e-08
2.83225e-08
1.73859e-07
-2.1493e-08
9.84046e-08
-2.79169e-08
-5.10948e-09
-7.09169e-09
-5.23562e-08
-4.7597e-09
-2.48369e-08
-4.57026e-09
-1.44458e-08
-1.11881e-08
1.20074e-08
2.70401e-08
-2.20799e-08
-5.57657e-08
3.18283e-07
-4.11535e-09
-1.04268e-06
5.27146e-08
-1.34404e-06
6.31449e-08
-1.01132e-06
5.68593e-08
-9.06592e-07
1.14112e-08
-4.1486e-07
-3.12877e-07
7.03857e-07
-2.58229e-07
5.96629e-07
-6.9455e-08
5.7576e-07
-1.73096e-07
1.07189e-06
-2.74068e-07
2.01209e-07
-2.18602e-07
8.27096e-09
-3.06009e-07
1.04737e-06
-2.3424e-07
1.24334e-07
-5.54747e-08
-6.0048e-07
-7.20032e-08
-4.54037e-07
-5.28518e-09
2.15017e-07
1.75172e-08
5.42186e-07
2.87168e-08
-1.04473e-08
2.49058e-08
1.16896e-07
-8.07295e-08
1.60129e-07
-7.28107e-08
8.03846e-08
-3.25781e-08
1.33626e-07
-5.76506e-08
1.23477e-07
-5.31363e-08
-9.62372e-09
-3.78906e-08
-6.7602e-08
-3.7433e-08
-2.52945e-08
-2.46599e-08
-2.72189e-08
-1.68993e-08
4.24681e-09
2.1062e-08
-1.09212e-08
-1.77457e-09
3.20057e-07
-2.88133e-08
-1.01564e-06
6.01088e-09
-1.37887e-06
5.32856e-09
-1.01064e-06
1.56115e-07
-1.05738e-06
1.59604e-07
-4.18349e-07
-3.68337e-07
1.2318e-06
-6.12388e-07
8.4068e-07
-3.08658e-07
2.7203e-07
-5.07509e-08
8.1398e-07
-3.1992e-07
4.70378e-07
-2.79662e-07
-3.1987e-08
-1.91798e-07
9.59506e-07
-2.20968e-07
1.53504e-07
-1.20179e-07
-7.01269e-07
-1.29327e-07
-4.44889e-07
-3.75032e-08
1.23194e-07
2.40333e-08
4.8065e-07
-7.4686e-08
8.82719e-08
-1.47696e-07
1.89906e-07
-1.96842e-07
2.09276e-07
-1.12058e-07
-4.39972e-09
-1.84462e-08
4.00144e-08
-5.46806e-08
1.59711e-07
-7.13909e-08
7.08659e-09
-5.95926e-08
-7.94003e-08
-4.36697e-08
-4.12175e-08
-3.19859e-08
-3.89027e-08
-1.77981e-08
-9.94102e-09
5.34845e-09
-2.08455e-09
-8.32077e-08
4.03265e-07
-7.25507e-08
-1.0263e-06
-7.19145e-08
-1.3795e-06
8.55404e-08
-1.16809e-06
4.47805e-07
-1.41964e-06
-2.68937e-07
2.98394e-07
-8.13559e-07
1.77642e-06
-6.82403e-07
7.09524e-07
-5.06733e-07
9.63608e-08
-1.73379e-07
4.80626e-07
-3.79507e-07
6.76506e-07
-3.03639e-07
-1.07856e-07
-4.76434e-08
7.03511e-07
-1.43928e-07
2.49788e-07
-2.26115e-07
-6.19082e-07
-2.78303e-07
-3.92701e-07
-2.03365e-07
4.82564e-08
-1.56238e-07
4.33523e-07
-2.3305e-07
1.65084e-07
-2.28e-07
1.84855e-07
-1.85326e-07
1.66602e-07
-1.05252e-07
-8.44736e-08
-1.10776e-08
-5.41601e-08
-1.34008e-08
1.62035e-07
-3.90789e-08
3.27647e-08
-3.46854e-08
-8.37939e-08
-2.48133e-08
-5.10895e-08
-2.59733e-08
-3.77427e-08
-1.57454e-08
-2.0169e-08
-6.04158e-09
-4.35541e-09
-3.80902e-09
4.07074e-07
-1.28124e-07
-9.01981e-07
-1.06886e-07
-1.40074e-06
6.66467e-07
-1.94145e-06
3.38606e-07
-1.09178e-06
-1.31182e-06
1.94882e-06
-9.3682e-07
1.40142e-06
-6.97553e-07
4.70258e-07
-6.69665e-07
6.84724e-08
-3.62923e-07
1.73884e-07
-4.44456e-07
7.58039e-07
-4.00176e-07
-1.52136e-07
-8.35334e-08
3.86869e-07
-1.2357e-07
2.89824e-07
-3.23044e-07
-4.19608e-07
-4.27509e-07
-2.88235e-07
-3.41432e-07
-3.78204e-08
-2.64268e-07
3.56358e-07
-2.6117e-07
1.61986e-07
-1.99898e-07
1.23583e-07
-1.03234e-07
6.99384e-08
-1.15615e-07
-7.20932e-08
-1.08038e-07
-6.1737e-08
2.13864e-10
5.37829e-08
3.09035e-08
2.07504e-09
3.25229e-10
-5.32156e-08
-1.46365e-08
-3.61278e-08
-2.1885e-08
-3.04941e-08
-2.09054e-08
-2.11486e-08
-1.4756e-08
-1.21909e-08
-1.27851e-07
5.34924e-07
-1.27405e-07
-9.02426e-07
4.88522e-07
-2.01667e-06
7.12052e-07
-2.16498e-06
2.75197e-07
-6.54931e-07
-6.45328e-07
2.86934e-06
-8.45917e-07
1.602e-06
-8.64809e-07
4.89149e-07
-7.95553e-07
-7.84161e-10
-5.93397e-07
-2.82722e-08
-5.47938e-07
7.1258e-07
-5.13543e-07
-1.8653e-07
-2.30347e-07
1.03672e-07
-1.49391e-07
2.08868e-07
-3.29751e-07
-2.39248e-07
-4.54243e-07
-1.63743e-07
-3.97631e-07
-9.44324e-08
-2.54452e-07
2.13179e-07
-1.88617e-07
9.61509e-08
-9.59964e-08
3.09629e-08
2.43771e-08
-5.0435e-08
-3.28543e-08
-1.48618e-08
-1.10244e-07
1.56525e-08
3.89415e-09
-6.0355e-08
6.11149e-08
-5.51457e-08
1.59754e-08
-8.07611e-09
-1.76263e-08
-2.52617e-09
-3.246e-08
-1.56605e-08
-3.70253e-08
-1.65837e-08
-3.18713e-08
-1.99104e-08
6.66135e-08
4.68311e-07
4.67394e-07
-1.30321e-06
2.03878e-06
-3.58805e-06
1.05208e-06
-1.17828e-06
7.45636e-07
-3.48485e-07
2.98405e-07
3.31658e-06
-6.28709e-07
2.52912e-06
-8.59689e-07
7.20129e-07
-8.5812e-07
-2.35376e-09
-6.8336e-07
-2.03032e-07
-6.28657e-07
6.57877e-07
-5.9078e-07
-2.24407e-07
-3.38228e-07
-1.4888e-07
-1.82822e-07
5.3463e-08
-3.09151e-07
-1.12919e-07
-4.51636e-07
-2.12574e-08
-4.63516e-07
-8.25529e-08
-3.01942e-07
5.16051e-08
-1.27036e-07
-7.87552e-08
3.00819e-08
-1.26156e-07
1.8422e-07
-2.04574e-07
1.63845e-07
5.51325e-09
3.42184e-07
-1.62687e-07
4.26818e-07
-1.44989e-07
1.59015e-07
2.12657e-07
4.72568e-08
1.03681e-07
1.84583e-08
2.62723e-08
-8.10819e-09
1.09062e-08
-1.27338e-08
-1.19606e-08
-1.05212e-08
-3.40871e-08
1.16841e-08
-2.13721e-08
4.41477e-08
-3.24637e-08
7.8927e-08
-3.47793e-08
9.5446e-08
-1.6519e-08
1.32998e-07
-3.75521e-08
1.94247e-07
-6.12495e-08
2.43266e-07
-4.90188e-08
2.34504e-07
8.76226e-09
1.50163e-07
8.43411e-08
5.41199e-08
9.60429e-08
2.24231e-08
3.16968e-08
1.93331e-08
3.09005e-09
3.79456e-08
-1.86126e-08
6.55547e-08
-2.76091e-08
7.62647e-08
-1.071e-08
6.53712e-08
1.08935e-08
4.50051e-08
2.03662e-08
3.15679e-08
1.34372e-08
6.95073e-09
2.46171e-08
-1.35706e-08
2.05213e-08
-4.0692e-08
2.71214e-08
-6.74964e-08
2.68043e-08
-9.46891e-08
2.71927e-08
-1.13451e-07
1.87623e-08
-1.17279e-07
3.828e-09
-1.02483e-07
-1.4796e-08
-8.19172e-08
-2.05662e-08
-4.98391e-08
-3.20781e-08
-1.70908e-08
-3.27483e-08
-1.70908e-08
3.72497e-08
-5.96788e-08
7.93828e-08
-7.45969e-08
1.27035e-07
-8.24313e-08
1.64737e-07
-5.42209e-08
2.15563e-07
-8.83785e-08
2.65182e-07
-1.10868e-07
3.04446e-07
-8.8283e-08
3.25462e-07
-1.22535e-08
2.78761e-07
1.31042e-07
1.8118e-07
1.93624e-07
1.07016e-07
1.0586e-07
8.43631e-08
2.5743e-08
8.6908e-08
-2.11576e-08
6.79411e-08
-8.64219e-09
5.47923e-08
2.4388e-09
3.17545e-08
3.39313e-08
-1.30573e-08
6.51779e-08
-2.67636e-08
2.71434e-08
-6.25158e-08
6.03693e-08
-8.51764e-08
4.31819e-08
-1.11733e-07
5.36784e-08
-1.3847e-07
5.35412e-08
-1.57487e-07
4.62096e-08
-1.67321e-07
2.85962e-08
-1.57331e-07
-6.16226e-09
-1.28034e-07
-4.40929e-08
-9.35793e-08
-5.50208e-08
-4.66173e-08
-7.90401e-08
-7.29502e-09
-7.20705e-08
-2.43859e-08
3.69444e-08
-9.53106e-08
6.43511e-08
-1.02004e-07
9.00447e-08
-1.08125e-07
1.54985e-07
-1.19161e-07
2.10277e-07
-1.43671e-07
2.60626e-07
-1.61217e-07
3.02166e-07
-1.29823e-07
3.29007e-07
-3.90947e-08
3.22156e-07
1.37892e-07
2.61802e-07
2.53979e-07
1.77346e-07
1.90317e-07
1.2072e-07
8.23688e-08
8.05776e-08
1.89846e-08
2.85054e-08
4.343e-08
9.52005e-09
2.14241e-08
-1.09452e-08
5.43966e-08
-5.65616e-08
1.10794e-07
-5.65092e-08
2.7091e-08
-8.8752e-08
9.26121e-08
-1.08194e-07
6.26241e-08
-1.27123e-07
7.26075e-08
-1.51342e-07
7.77596e-08
-1.6452e-07
5.93881e-08
-1.70767e-07
3.48422e-08
-1.56978e-07
-1.99505e-08
-1.24824e-07
-7.62477e-08
-8.82494e-08
-9.15951e-08
-3.96247e-08
-1.27665e-07
-1.13728e-09
-1.10558e-07
-2.55231e-08
2.71201e-08
-1.27785e-07
5.5853e-08
-1.30737e-07
8.44974e-08
-1.3677e-07
1.41583e-07
-1.76247e-07
1.86431e-07
-1.88519e-07
1.99036e-07
-1.73822e-07
2.18262e-07
-1.4905e-07
2.5365e-07
-7.44822e-08
2.8031e-07
1.11232e-07
2.72658e-07
2.61631e-07
2.21035e-07
2.4194e-07
1.46676e-07
1.56728e-07
7.21586e-08
9.3502e-08
-2.34841e-09
1.17937e-07
-2.2543e-08
4.16187e-08
-3.99019e-08
7.17555e-08
-8.24741e-08
1.53366e-07
-6.81542e-08
1.2771e-08
-9.0793e-08
1.15251e-07
-1.13735e-07
8.55655e-08
-1.2801e-07
8.68828e-08
-1.526e-07
1.0235e-07
-1.64366e-07
7.11533e-08
-1.7029e-07
4.07663e-08
-1.55903e-07
-3.43372e-08
-1.23159e-07
-1.08991e-07
-8.62754e-08
-1.28479e-07
-3.74107e-08
-1.7653e-07
7.75541e-10
-1.48744e-07
-2.47476e-08
9.17768e-09
-1.47763e-07
2.9022e-08
-1.50581e-07
6.08998e-08
-1.68647e-07
9.78579e-08
-2.13205e-07
1.18527e-07
-2.09188e-07
1.18441e-07
-1.73735e-07
1.27027e-07
-1.57636e-07
1.56809e-07
-1.04264e-07
2.09222e-07
5.88188e-08
2.3001e-07
2.40844e-07
2.02037e-07
2.69912e-07
1.29497e-07
2.29268e-07
4.24122e-08
1.80587e-07
-3.44262e-08
1.94776e-07
-5.0062e-08
5.72545e-08
-5.68659e-08
7.85594e-08
-9.6006e-08
1.92507e-07
-7.37327e-08
-9.50235e-09
-8.35452e-08
1.25063e-07
-1.15757e-07
1.17777e-07
-1.27398e-07
9.85238e-08
-1.53075e-07
1.28027e-07
-1.64723e-07
8.28015e-08
-1.70893e-07
4.69362e-08
-1.56275e-07
-4.89556e-08
-1.23069e-07
-1.42196e-07
-8.59321e-08
-1.65617e-07
-3.67988e-08
-2.25663e-07
1.52577e-09
-1.87069e-07
-2.32218e-08
-1.27684e-08
-1.43827e-07
-1.38644e-08
-1.49485e-07
-3.96416e-09
-1.78548e-07
-1.33096e-09
-2.15838e-07
9.64024e-09
-2.2016e-07
1.80941e-08
-1.82189e-07
2.14147e-08
-1.60957e-07
5.99956e-08
-1.42845e-07
1.0725e-07
1.1564e-08
1.33579e-07
2.14515e-07
1.29976e-07
2.73515e-07
7.52507e-08
2.83994e-07
-1.16337e-09
2.57001e-07
-6.17451e-08
2.55357e-07
-7.63654e-08
7.18748e-08
-6.27612e-08
6.49552e-08
-8.95738e-08
2.19319e-07
-7.53738e-08
-2.37024e-08
-7.60474e-08
1.25737e-07
-1.16915e-07
1.58645e-07
-1.27547e-07
1.09155e-07
-1.53646e-07
1.54126e-07
-1.65575e-07
9.47303e-08
-1.71997e-07
5.33582e-08
-1.57106e-07
-6.38467e-08
-1.23347e-07
-1.75955e-07
-8.59006e-08
-2.03063e-07
-3.64403e-08
-2.75123e-07
2.09806e-09
-2.25607e-07
-2.11237e-08
-3.04293e-08
-1.25745e-07
-4.76465e-08
-1.32268e-07
-6.38194e-08
-1.62375e-07
-8.91459e-08
-1.90512e-07
-1.04437e-07
-2.04868e-07
-1.02976e-07
-1.83651e-07
-8.58862e-08
-1.78047e-07
-5.36394e-08
-1.75092e-07
-4.74238e-09
-3.73331e-08
3.6268e-08
1.73504e-07
4.66062e-08
2.63177e-07
1.88585e-08
3.11742e-07
-2.43903e-08
3.00249e-07
-6.41949e-08
2.95162e-07
-8.89066e-08
9.65865e-08
-5.23837e-08
2.84323e-08
-5.86779e-08
2.25613e-07
-7.38292e-08
-8.55106e-09
-7.30855e-08
1.24993e-07
-1.17922e-07
2.03481e-07
-1.28716e-07
1.1995e-07
-1.54172e-07
1.79583e-07
-1.66716e-07
1.07274e-07
-1.7336e-07
6.00029e-08
-1.58143e-07
-7.90639e-08
-1.23719e-07
-2.1038e-07
-8.58984e-08
-2.40884e-07
-3.60498e-08
-3.24972e-07
2.73632e-09
-2.64393e-07
-1.83874e-08
-3.46064e-08
-1.03136e-07
-6.17792e-08
-1.05095e-07
-1.03444e-07
-1.2071e-07
-1.44156e-07
-1.498e-07
-1.76679e-07
-1.72345e-07
-1.96768e-07
-1.63562e-07
-1.81539e-07
-1.93275e-07
-1.55848e-07
-2.00783e-07
-1.23293e-07
-6.98878e-08
-8.58634e-08
1.36074e-07
-6.98617e-08
2.47176e-07
-4.00233e-08
2.81903e-07
-2.74701e-08
2.87696e-07
-4.18092e-08
3.09501e-07
-6.83183e-08
1.23096e-07
-2.75143e-08
-1.23716e-08
-2.66893e-08
2.24788e-07
-7.43649e-08
3.91245e-08
-7.5803e-08
1.26431e-07
-1.18882e-07
2.4656e-07
-1.31012e-07
1.3208e-07
-1.54571e-07
2.03142e-07
-1.68085e-07
1.20788e-07
-1.74963e-07
6.68805e-08
-1.5936e-07
-9.46663e-08
-1.2415e-07
-2.4559e-07
-8.58862e-08
-2.79147e-07
-3.5581e-08
-3.75277e-07
3.49251e-09
-3.03467e-07
-1.48949e-08
-2.95063e-08
-7.87598e-08
-6.82367e-08
-6.63649e-08
-1.18136e-07
-7.08113e-08
-1.64067e-07
-1.03868e-07
-2.01811e-07
-1.34601e-07
-2.22083e-07
-1.43291e-07
-2.20294e-07
-1.95063e-07
-2.14508e-07
-2.0657e-07
-2.01227e-07
-8.31686e-08
-1.64777e-07
9.96236e-08
-1.34109e-07
2.16508e-07
-7.25868e-08
2.20381e-07
-4.755e-08
2.62659e-07
-2.58958e-08
2.87847e-07
-2.42753e-08
1.21475e-07
-6.40235e-09
-3.02446e-08
-1.93816e-08
2.37768e-07
-8.14591e-08
1.01202e-07
-8.44241e-08
1.29396e-07
-1.1797e-07
2.80106e-07
-1.34308e-07
1.48418e-07
-1.54934e-07
2.23768e-07
-1.69605e-07
1.35459e-07
-1.76826e-07
7.41008e-08
-1.60758e-07
-1.10734e-07
-1.24638e-07
-2.8171e-07
-8.58563e-08
-3.1793e-07
-3.50253e-08
-4.26108e-07
4.37939e-09
-3.42871e-07
-1.05155e-08
-2.49852e-08
-5.49935e-08
-6.01143e-08
-3.12359e-08
-1.02861e-07
-2.80644e-08
-1.39432e-07
-6.72982e-08
-1.6933e-07
-1.04703e-07
-1.89428e-07
-1.23193e-07
-2.03331e-07
-1.81161e-07
-2.13249e-07
-1.96651e-07
-2.03296e-07
-9.31217e-08
-1.57779e-07
5.41058e-08
-1.13557e-07
1.72286e-07
-6.86935e-08
1.75518e-07
-6.11598e-08
2.55126e-07
-2.26657e-08
2.49353e-07
-6.32119e-09
1.0513e-07
-4.63217e-09
-3.19336e-08
-2.53699e-08
2.58505e-07
-8.48212e-08
1.60653e-07
-9.3515e-08
1.3809e-07
-1.14648e-07
3.01239e-07
-1.37375e-07
1.71145e-07
-1.55618e-07
2.42011e-07
-1.71185e-07
1.51025e-07
-1.78967e-07
8.18834e-08
-1.62343e-07
-1.27358e-07
-1.25185e-07
-3.18868e-07
-8.58031e-08
-3.57311e-07
-3.43785e-08
-4.77532e-07
5.40214e-09
-3.82652e-07
-5.11334e-09
-1.9424e-08
-3.41123e-08
-4.38912e-08
-6.76877e-09
-7.22803e-08
3.24563e-10
-1.0544e-07
-3.41387e-08
-1.31229e-07
-7.89138e-08
-1.48908e-07
-1.05514e-07
-1.68477e-07
-1.61592e-07
-1.68324e-07
-1.96804e-07
-1.50967e-07
-1.10479e-07
-1.1342e-07
1.65588e-08
-7.93058e-08
1.38172e-07
-6.05801e-08
1.56792e-07
-4.82482e-08
2.42794e-07
-1.10709e-08
2.12175e-07
-6.04326e-09
1.00103e-07
-1.97026e-08
-1.82743e-08
-3.4023e-08
2.72826e-07
-7.68697e-08
2.035e-07
-9.87696e-08
1.5999e-07
-1.11525e-07
3.13994e-07
-1.39453e-07
1.99073e-07
-1.56729e-07
2.59286e-07
-1.72841e-07
1.67138e-07
-1.81387e-07
9.04288e-08
-1.64123e-07
-1.44622e-07
-1.25791e-07
-3.572e-07
-8.57196e-08
-3.97383e-07
-3.36366e-08
-5.29615e-07
6.56452e-09
-4.22853e-07
1.4512e-09
-5.88736e-09
-1.99446e-08
-3.69037e-08
2.42475e-08
-5.54227e-08
1.88436e-08
-8.06587e-08
-8.90281e-09
-1.05741e-07
-5.38312e-08
-1.16244e-07
-9.50119e-08
-1.47103e-07
-1.30732e-07
-1.57673e-07
-1.86234e-07
-1.3705e-07
-1.31102e-07
-1.04471e-07
-1.60202e-08
-8.04092e-08
1.14111e-07
-6.64878e-08
1.4287e-07
-3.34161e-08
2.09722e-07
-7.84629e-09
1.86606e-07
-1.95544e-08
1.11811e-07
-3.75022e-08
-3.26485e-10
-4.60266e-08
2.8135e-07
-6.7746e-08
2.25219e-07
-9.91752e-08
1.91419e-07
-1.11474e-07
3.26293e-07
-1.40851e-07
2.2845e-07
-1.58069e-07
2.76505e-07
-1.74617e-07
1.83686e-07
-1.84089e-07
9.99008e-08
-1.66107e-07
-1.62604e-07
-1.26456e-07
-3.96851e-07
-8.55968e-08
-4.38242e-07
-3.27948e-08
-5.82417e-07
7.87209e-09
-4.6352e-07
9.3233e-09
1.48344e-08
-2.03124e-08
-1.45334e-08
5.36153e-08
-5.74891e-08
6.17991e-08
-8.28759e-08
1.6484e-08
-8.8847e-08
-4.78602e-08
-9.6754e-08
-8.71049e-08
-1.16958e-07
-1.10529e-07
-1.40492e-07
-1.627e-07
-1.42573e-07
-1.29021e-07
-1.15517e-07
-4.30761e-08
-9.88352e-08
9.74285e-08
-6.87036e-08
1.12739e-07
-2.70903e-08
1.68109e-07
-2.37678e-08
1.83283e-07
-3.23626e-08
1.20406e-07
-4.97126e-08
1.70235e-08
-5.896e-08
2.90597e-07
-6.69643e-08
2.33224e-07
-9.81605e-08
2.22615e-07
-1.1247e-07
3.40602e-07
-1.42789e-07
2.5877e-07
-1.59395e-07
2.93111e-07
-1.76503e-07
2.00793e-07
-1.8709e-07
1.10488e-07
-1.68302e-07
-1.81393e-07
-1.27179e-07
-4.37973e-07
-8.54218e-08
-4.8e-07
-3.1848e-08
-6.35991e-07
9.32819e-09
-5.04696e-07
1.86515e-08
2.57582e-08
-3.49309e-08
4.05706e-08
3.88029e-08
1.66809e-08
8.56887e-08
-1.26963e-08
4.58611e-08
-5.00938e-08
-1.04627e-08
-7.98709e-08
-5.73279e-08
-8.14281e-08
-1.08972e-07
-9.83429e-08
-1.45785e-07
-1.23084e-07
-1.0428e-07
-1.16251e-07
-4.99086e-08
-9.97999e-08
8.0977e-08
-7.38751e-08
8.68141e-08
-5.6394e-08
1.50628e-07
-4.65552e-08
1.73444e-07
-3.37459e-08
1.07596e-07
-5.01157e-08
3.33933e-08
-6.26936e-08
3.03175e-07
-7.16218e-08
2.42152e-07
-9.6674e-08
2.47668e-07
-1.13105e-07
3.57033e-07
-1.45207e-07
2.90871e-07
-1.60925e-07
3.08829e-07
-1.78405e-07
2.18273e-07
-1.90404e-07
1.22488e-07
-1.7072e-07
-2.01077e-07
-1.27958e-07
-4.80735e-07
-8.51793e-08
-5.22778e-07
-3.07904e-08
-6.9038e-07
1.09379e-08
-5.46425e-07
2.95894e-08
-8.89057e-09
-3.83082e-08
1.13755e-08
1.85368e-08
2.61272e-08
7.09369e-08
1.66158e-08
5.53724e-08
-1.58602e-08
2.20133e-08
-3.07505e-08
-4.24377e-08
-3.50729e-08
-1.04649e-07
-5.35326e-08
-1.27325e-07
-6.80981e-08
-8.97145e-08
-7.38847e-08
-4.4122e-08
-7.97673e-08
8.68597e-08
-5.76668e-08
6.47135e-08
-6.78382e-08
1.60799e-07
-5.33403e-08
1.58946e-07
-1.57476e-08
7.00036e-08
-5.67267e-08
7.43723e-08
-7.26368e-08
3.19085e-07
-8.02523e-08
2.49767e-07
-9.72516e-08
2.64667e-07
-1.11213e-07
3.70995e-07
-1.48146e-07
3.27804e-07
-1.62771e-07
3.23454e-07
-1.80342e-07
2.35844e-07
-1.94026e-07
1.36171e-07
-1.73378e-07
-2.21724e-07
-1.2879e-07
-5.25324e-07
-8.48717e-08
-5.66696e-07
-2.96153e-08
-7.45636e-07
1.27081e-08
-5.88748e-07
4.22975e-08
-6.12419e-08
-2.17073e-08
-6.35576e-08
2.08523e-08
-6.18334e-08
6.92127e-08
-7.44007e-08
6.79395e-08
-6.48923e-08
1.25048e-08
-3.7086e-08
-7.02441e-08
-4.67417e-08
-9.49937e-08
-7.99016e-08
-9.41656e-08
-9.58097e-08
-7.38064e-08
-6.99454e-08
-6.99863e-08
-8.11343e-08
9.80485e-08
-1.06699e-07
9.02784e-08
-1.04318e-07
1.58418e-07
-7.17065e-08
1.26335e-07
-1.11939e-08
9.49111e-09
1.15937e-08
5.15847e-08
-1.87899e-08
3.49469e-07
-8.27723e-08
3.1375e-07
-9.91779e-08
2.81072e-07
-1.09312e-07
3.81129e-07
-1.50211e-07
3.68703e-07
-1.65118e-07
3.38361e-07
-1.82362e-07
2.53088e-07
-1.97952e-07
1.51762e-07
-1.76292e-07
-2.43384e-07
-1.29671e-07
-5.71945e-07
-8.45159e-08
-6.11851e-07
-2.83149e-08
-8.01837e-07
1.46463e-08
-6.31709e-07
5.69439e-08
-6.02315e-08
2.22616e-08
-8.31816e-08
4.38023e-08
-8.30358e-08
6.90667e-08
-7.18264e-08
5.67301e-08
-3.2568e-08
-2.67537e-08
1.63377e-09
-1.04446e-07
-1.6541e-08
-7.6819e-08
-5.51441e-08
-5.55625e-08
-7.16951e-08
-5.72554e-08
-3.61418e-08
-1.0554e-07
-1.82142e-08
8.0121e-08
-8.27385e-08
1.54803e-07
-1.25105e-07
2.00784e-07
-7.23227e-08
7.35533e-08
-4.85194e-08
-1.43121e-08
-8.21257e-08
8.5191e-08
-4.83639e-08
3.15707e-07
-6.78068e-08
3.33193e-07
-1.05111e-07
3.18376e-07
-1.08392e-07
3.84411e-07
-1.51946e-07
4.12256e-07
-1.67466e-07
3.53881e-07
-1.84566e-07
2.70188e-07
-2.02188e-07
1.69383e-07
-1.79473e-07
-2.66098e-07
-1.30597e-07
-6.20821e-07
-8.41275e-08
-6.58321e-07
-2.68809e-08
-8.59084e-07
1.67608e-08
-6.75351e-07
7.37046e-08
-2.38395e-08
6.67792e-08
-4.75724e-08
6.75352e-08
-3.8886e-08
6.03802e-08
-1.10821e-08
2.89262e-08
2.96582e-08
-6.74941e-08
4.82564e-08
-1.23044e-07
3.18574e-08
-6.04201e-08
-2.39081e-08
2.02976e-10
-4.88493e-08
-3.23142e-08
-2.80688e-08
-1.2632e-07
-4.66154e-08
9.86676e-08
-4.60524e-08
1.5424e-07
-3.78105e-08
1.92542e-07
-4.89675e-08
8.47103e-08
-2.17229e-09
-6.11073e-08
2.03725e-08
6.26461e-08
-2.7395e-08
3.63475e-07
-8.93297e-08
3.95127e-07
-1.02022e-07
3.31069e-07
-1.14397e-07
3.96786e-07
-1.53534e-07
4.51393e-07
-1.69545e-07
3.69892e-07
-1.86825e-07
2.87469e-07
-2.06745e-07
1.89303e-07
-1.82914e-07
-2.89929e-07
-1.31566e-07
-6.72169e-07
-8.37165e-08
-7.06171e-07
-2.53035e-08
-9.17497e-07
1.90607e-08
-7.19715e-07
9.27653e-08
3.93371e-09
7.55377e-08
1.60743e-08
5.53946e-08
4.19067e-08
3.45477e-08
6.71244e-08
3.70836e-09
9.65762e-08
-9.69459e-08
8.79087e-08
-1.14377e-07
5.51389e-08
-2.76502e-08
-2.53012e-08
8.0643e-08
-5.65608e-08
-1.05457e-09
-5.99503e-08
-1.22931e-07
-1.13581e-07
1.52298e-07
-8.64266e-08
1.27085e-07
-6.16199e-08
1.67735e-07
-5.65261e-08
7.96166e-08
-1.71118e-08
-1.00522e-07
2.09023e-08
2.4632e-08
2.15937e-08
3.62783e-07
-3.46488e-08
4.5137e-07
-8.0745e-08
3.77165e-07
-1.21292e-07
4.37333e-07
-1.59781e-07
4.89883e-07
-1.71885e-07
3.81995e-07
-1.88903e-07
3.04487e-07
-2.11502e-07
2.11902e-07
-1.86541e-07
-3.1489e-07
-1.32565e-07
-7.26145e-07
-8.32868e-08
-7.5545e-07
-2.35702e-08
-9.77213e-07
2.1556e-08
-7.64842e-07
1.14321e-07
2.18952e-08
5.42545e-08
5.23886e-08
2.49013e-08
8.3029e-08
3.90721e-09
1.0496e-07
-1.82223e-08
9.0659e-08
-8.26453e-08
3.40624e-08
-5.77801e-08
-4.34632e-08
4.98754e-08
-1.14657e-07
1.51837e-07
-6.3806e-08
-5.19057e-08
-3.84615e-08
-1.48275e-07
-7.80613e-08
1.91898e-07
-6.20166e-08
1.11041e-07
-6.46834e-08
1.70402e-07
-1.96853e-08
3.46184e-08
1.60416e-08
-1.36249e-07
-5.96238e-08
1.00297e-07
-1.23079e-07
4.26238e-07
-1.7468e-07
5.02971e-07
-1.3251e-07
3.34995e-07
-9.38781e-08
3.98701e-07
-1.5903e-07
5.55035e-07
-1.73063e-07
3.96028e-07
-1.89289e-07
3.20712e-07
-2.15825e-07
2.38438e-07
-1.90022e-07
-3.40693e-07
-1.33534e-07
-7.82633e-07
-8.28309e-08
-8.06153e-07
-2.16627e-08
-1.03838e-06
2.42526e-08
-8.10757e-07
1.38574e-07
3.0589e-08
1.94352e-08
5.27836e-08
2.70661e-09
6.2376e-08
-5.6852e-09
5.58732e-08
-1.17195e-08
8.83004e-09
-3.56022e-08
-4.96324e-08
6.82371e-10
-9.14746e-08
9.17175e-08
-6.25037e-08
1.22866e-07
-2.88511e-08
-8.55583e-08
-4.63782e-08
-1.30748e-07
2.87988e-08
1.16721e-07
3.95678e-08
1.00272e-07
1.53133e-08
1.94657e-07
6.36713e-09
4.35646e-08
2.14794e-08
-1.51361e-07
-1.64148e-08
1.38192e-07
-1.31815e-09
4.11142e-07
3.75562e-08
4.64096e-07
-4.97019e-08
4.22253e-07
-1.46238e-07
4.95238e-07
-1.85862e-07
5.94659e-07
-1.64168e-07
3.74334e-07
-1.82122e-07
3.38666e-07
-2.16066e-07
2.72382e-07
-1.92056e-07
-3.64703e-07
-1.34183e-07
-8.40506e-07
-8.23028e-08
-8.58033e-07
-1.95366e-08
-1.10115e-06
2.72064e-08
-8.575e-07
1.6578e-07
5.58021e-09
5.95618e-09
4.49905e-09
3.78772e-09
-5.74898e-09
4.56278e-09
-3.04733e-08
1.30047e-08
-5.16053e-08
-1.44703e-08
-7.44836e-08
2.35606e-08
-1.05632e-07
1.22866e-07
-2.77249e-08
4.4959e-08
-4.34272e-09
-1.0894e-07
-3.27795e-08
-1.02311e-07
4.97578e-10
8.34441e-08
2.09538e-08
7.98155e-08
1.46507e-08
2.0096e-07
-4.1907e-08
1.00122e-07
1.33732e-08
-2.06641e-07
4.08712e-08
1.10694e-07
-5.34445e-08
5.05457e-07
-1.10866e-07
5.21518e-07
-5.57339e-08
3.67121e-07
7.54662e-09
4.31957e-07
-4.22595e-08
6.44465e-07
-1.21564e-07
4.53638e-07
-1.47857e-07
3.64959e-07
-2.0057e-07
3.25094e-07
-1.87756e-07
-3.77517e-07
-1.33381e-07
-8.94881e-07
-8.14794e-08
-9.09934e-07
-1.70352e-08
-1.16559e-06
2.997e-08
-9.04505e-07
1.9575e-07
-2.53121e-08
1.49092e-08
-3.33394e-08
1.1815e-08
-3.87051e-08
9.92845e-09
-5.00062e-08
2.43058e-08
-4.76711e-08
-1.68055e-08
-5.36098e-08
2.94993e-08
-5.7878e-08
1.27134e-07
6.57906e-10
-1.35769e-08
-1.61772e-08
-9.21054e-08
-8.78684e-08
-3.062e-08
-7.78103e-08
7.33859e-08
-1.47701e-08
1.67754e-08
-5.92496e-08
2.45439e-07
-9.86728e-08
1.39546e-07
4.8092e-08
-3.53406e-07
1.33937e-07
2.48483e-08
-7.1012e-08
7.10406e-07
-1.53404e-07
6.03909e-07
-6.50147e-08
2.78732e-07
-1.84212e-07
5.51154e-07
-1.96051e-07
6.56304e-07
-6.97666e-08
3.27354e-07
-7.58758e-08
3.71069e-07
-1.49036e-07
3.98255e-07
-1.64546e-07
-3.62007e-07
-1.27247e-07
-9.3218e-07
-7.94265e-08
-9.57755e-07
-1.36495e-08
-1.23137e-06
3.5093e-08
-9.53248e-07
2.30843e-07
-3.1845e-08
2.46743e-08
-3.91468e-08
1.91168e-08
-3.76107e-08
8.39243e-09
-2.8695e-08
1.539e-08
-2.08768e-10
-4.52916e-08
-1.49763e-08
4.42669e-08
-7.4836e-09
1.19641e-07
4.57568e-08
-6.68173e-08
1.75601e-09
-4.81046e-08
-8.95012e-08
6.06372e-08
-3.0744e-08
1.46287e-08
5.42306e-08
-6.81993e-08
-3.86271e-08
3.38297e-07
-5.82425e-08
1.59161e-07
6.45307e-08
-4.76179e-07
1.92186e-07
-1.02807e-07
-4.75681e-10
9.03068e-07
-3.56919e-08
6.39126e-07
9.15102e-08
1.51529e-07
3.73496e-10
6.42291e-07
1.3185e-07
5.24828e-07
1.72007e-07
2.87197e-07
1.09688e-08
5.32107e-07
-6.56776e-08
4.74901e-07
-1.08952e-07
-3.18732e-07
-1.05831e-07
-9.353e-07
-7.28333e-08
-9.90753e-07
-7.65732e-09
-1.29654e-06
2.98734e-08
-9.90779e-07
2.60717e-07
-9.8658e-09
2.36188e-08
-9.69297e-09
1.89439e-08
-1.00979e-08
8.7973e-09
2.12072e-10
5.07991e-09
3.50613e-08
-8.0141e-08
2.81373e-08
5.11909e-08
3.68612e-09
1.44092e-07
7.67112e-08
-1.39842e-07
8.40684e-08
-5.54618e-08
-1.76373e-08
1.62343e-07
1.69438e-08
-1.99524e-08
3.50513e-08
-8.63067e-08
-9.22362e-10
3.74271e-07
2.0388e-08
1.37851e-07
4.04759e-08
-4.96267e-07
1.78915e-07
-2.41246e-07
1.37073e-07
9.44911e-07
1.12778e-07
6.6342e-07
1.14003e-07
1.50304e-07
1.23504e-07
6.3279e-07
4.4618e-07
2.02152e-07
5.9072e-07
1.42656e-07
2.41331e-07
8.81496e-07
-1.67638e-08
7.32996e-07
-4.61934e-08
-2.89303e-07
-5.96108e-08
-9.21883e-07
-5.27016e-08
-9.97662e-07
4.08378e-09
-1.35333e-06
5.55644e-08
-1.04226e-06
3.16281e-07
9.13884e-09
1.23955e-08
2.0201e-08
7.88182e-09
3.0442e-08
-1.44367e-09
4.26424e-08
-7.12049e-09
7.07607e-08
-1.08259e-07
6.68744e-08
5.50771e-08
3.00715e-08
1.80895e-07
7.7213e-08
-1.86984e-07
1.7283e-07
-1.51078e-07
1.51692e-07
1.8348e-07
7.88412e-08
5.28987e-08
-3.09087e-08
2.34432e-08
-1.19164e-08
3.55278e-07
5.23103e-08
7.36238e-08
1.0861e-08
-4.54818e-07
1.47996e-08
-2.45185e-07
1.88101e-07
7.71609e-07
3.50532e-07
5.00989e-07
2.66522e-07
2.34313e-07
2.96243e-07
6.0307e-07
4.7267e-07
2.57249e-08
4.52776e-07
1.6255e-07
5.25434e-07
8.08838e-07
1.18953e-07
1.13948e-06
-1.1751e-07
-5.28402e-08
-7.47775e-09
-1.03192e-06
-4.51226e-09
-1.00063e-06
2.89334e-08
-1.38678e-06
1.84982e-09
-1.01518e-06
3.18131e-07
7.1558e-09
8.84198e-10
2.28164e-08
-7.77881e-09
3.73684e-08
-1.59956e-08
6.68188e-08
-3.65709e-08
8.37921e-08
-1.25233e-07
9.84785e-08
4.03908e-08
1.13405e-07
1.65969e-07
9.83623e-08
-1.71941e-07
1.20221e-07
-1.72938e-07
1.94559e-07
1.09143e-07
1.99353e-07
4.81045e-08
7.95591e-08
1.43237e-07
7.94849e-08
3.55352e-07
1.51504e-07
1.60435e-09
9.76396e-08
-4.00953e-07
-6.17709e-08
-8.57744e-08
1.86982e-07
5.22856e-07
5.0461e-07
1.83362e-07
4.17762e-07
3.21161e-07
5.54847e-07
4.65985e-07
6.63993e-07
-8.34205e-08
5.95675e-07
2.30868e-07
8.6915e-07
5.35363e-07
5.45149e-07
1.46348e-06
-2.55452e-07
7.47761e-07
-1.14158e-07
-1.17321e-06
7.57532e-08
-1.19054e-06
7.26648e-08
-1.38369e-06
8.3175e-08
-1.02569e-06
4.01306e-07
1.67218e-09
-1.29789e-08
1.89226e-08
-2.50293e-08
4.10707e-08
-3.81437e-08
5.81586e-08
-5.36588e-08
1.15205e-08
-7.85945e-08
5.24756e-08
-5.64338e-10
1.72984e-07
4.54605e-08
1.2129e-07
-1.20247e-07
6.02066e-08
-1.11855e-07
1.41029e-07
2.83204e-08
1.79874e-07
9.25918e-09
1.70187e-07
1.52924e-07
2.54982e-07
2.70557e-07
3.12503e-07
-5.59159e-08
2.04414e-07
-2.92864e-07
1.03676e-07
1.49639e-08
3.22122e-07
3.0441e-07
5.37954e-07
-3.24701e-08
5.33936e-07
3.25179e-07
7.13178e-07
2.86743e-07
8.56111e-07
-2.26354e-07
8.10376e-07
2.76603e-07
8.0552e-07
5.40219e-07
1.24266e-06
1.02634e-06
4.34381e-08
1.94698e-06
-6.13904e-07
-5.15869e-07
1.1074e-07
-1.91518e-06
1.27468e-07
-1.40042e-06
3.59789e-09
-9.01816e-07
4.04904e-07
3.44066e-09
-3.63303e-08
1.88104e-08
-4.03994e-08
1.79348e-08
-3.72684e-08
1.56413e-09
-3.72886e-08
-5.92675e-08
-1.77629e-08
1.30363e-08
-7.28681e-08
1.45268e-07
-8.67708e-08
3.36102e-08
-8.58943e-09
-2.62321e-08
-5.20123e-08
7.25666e-08
-7.04783e-08
1.43861e-07
-6.20347e-08
2.36338e-07
6.04465e-08
3.82987e-07
1.23908e-07
3.97076e-07
-7.00048e-08
2.5051e-07
-1.46298e-07
2.70196e-07
-4.72277e-09
5.04529e-07
7.00776e-08
5.99379e-07
-1.2732e-07
6.5299e-07
2.71568e-07
7.99327e-07
1.40406e-07
9.01347e-07
-3.28374e-07
9.26986e-07
2.50964e-07
8.19211e-07
6.47994e-07
8.09698e-07
1.03585e-06
-1.00383e-07
2.85706e-06
-7.76531e-07
1.60272e-07
-4.20258e-07
-2.27146e-06
1.25449e-07
-1.94612e-06
1.27732e-07
-9.04098e-07
5.32636e-07
-6.53923e-09
-4.03146e-08
-1.04963e-08
-3.64432e-08
-2.53335e-08
-2.24325e-08
-1.79878e-08
-4.46353e-08
-2.37137e-08
-1.20335e-08
-3.74185e-07
2.77603e-07
-3.40523e-07
-1.20435e-07
-1.95621e-07
-1.53492e-07
-1.03863e-07
-1.43772e-07
-1.92922e-08
-1.5505e-07
8.65388e-08
-1.6787e-07
2.82176e-07
-1.35191e-07
4.54573e-07
-4.84886e-08
3.99536e-07
-1.49682e-08
2.50424e-07
2.81467e-09
3.4801e-07
-1.02309e-07
5.80105e-07
-1.62017e-07
6.32301e-07
-1.79517e-07
6.9006e-07
2.1381e-07
8.01319e-07
2.91461e-08
9.21972e-07
-4.49026e-07
9.21764e-07
2.51174e-07
6.71982e-07
8.97778e-07
-2.60688e-07
1.96853e-06
-8.5237e-07
3.44874e-06
-1.3306e-06
6.385e-07
-2.21784e-06
-1.38422e-06
-4.7828e-07
-3.68568e-06
-6.65433e-08
-1.31584e-06
4.66093e-07
-1.23963e-07
2.09022e-07
4.29224e-07
-1.8564e-06
6.7385e-07
-3.83268e-06
4.95663e-07
-1.00009e-06
4.06405e-07
-2.59231e-07
3.26479e-07
3.3965e-06
-2.675e-08
2.88235e-06
-2.44836e-07
9.38214e-07
-4.50926e-07
2.03737e-07
-3.48376e-07
-3.05582e-07
-3.23399e-07
6.32899e-07
-2.9504e-07
-2.52766e-07
-2.03665e-07
-2.40255e-07
-1.34007e-07
-1.61953e-08
-1.54816e-07
-9.21101e-08
-1.63891e-07
-1.21826e-08
-2.30754e-07
-1.56902e-08
-2.25862e-07
4.67132e-08
-6.12432e-08
-2.43374e-07
6.09989e-08
-2.48396e-07
9.17666e-08
-2.35343e-07
1.10292e-07
-1.30089e-08
1.28516e-07
-1.80912e-07
7.17157e-08
-8.81886e-08
2.10721e-08
2.63298e-07
-9.02273e-09
1.33774e-07
-1.24427e-08
2.96912e-08
-7.59684e-09
6.05879e-09
-8.82699e-09
-1.07319e-08
-2.64193e-08
-1.64939e-08
1.78683e-08
-6.33691e-07
9.89177e-07
-2.82771e-06
8.37003e-07
-3.68051e-06
4.00656e-07
-5.63745e-07
3.83058e-07
-2.41635e-07
4.37821e-07
3.34174e-06
1.7394e-07
3.14622e-06
-1.77089e-07
1.28924e-06
-4.85916e-07
5.12565e-07
-3.75959e-07
-4.15542e-07
-3.32497e-07
5.89437e-07
-3.04006e-07
-2.81258e-07
-2.4133e-07
-3.02931e-07
-1.99077e-07
-5.8448e-08
-1.7871e-07
-1.12478e-07
-1.97429e-07
6.53605e-09
-2.35194e-07
2.20746e-08
-1.98688e-07
1.02078e-08
-4.94608e-08
-3.92598e-07
1.09814e-07
-4.07664e-07
9.60757e-08
-2.21608e-07
9.45152e-08
-1.14461e-08
6.80503e-08
-1.5445e-07
-7.81287e-10
-1.93608e-08
-2.08113e-08
2.83326e-07
-1.94069e-08
1.32368e-07
-2.09675e-08
3.12492e-08
-1.85743e-08
3.66216e-09
-2.09103e-08
-8.40067e-09
-1.79716e-08
-2.93621e-08
1.17166e-07
-2.12319e-06
1.39723e-06
-4.10778e-06
7.05146e-07
-2.98842e-06
2.38738e-07
-9.73325e-08
2.91553e-07
-2.94453e-07
5.19418e-07
3.11387e-06
3.98559e-07
3.26708e-06
-4.64067e-08
1.73421e-06
-4.14825e-07
8.80984e-07
-4.36691e-07
-3.93679e-07
-3.63693e-07
5.16436e-07
-3.11199e-07
-3.3375e-07
-2.88206e-07
-3.25923e-07
-2.81115e-07
-6.554e-08
-2.66015e-07
-1.27578e-07
-2.44182e-07
-1.5298e-08
-2.42154e-07
2.00499e-08
-1.95065e-07
-3.68798e-08
-1.2459e-07
-4.63072e-07
-4.91369e-08
-4.8311e-07
2.4693e-08
-2.9544e-07
4.16479e-08
-2.83988e-08
-1.73037e-09
-1.11075e-07
-6.01767e-08
3.90818e-08
-4.06676e-08
2.63815e-07
-2.60338e-08
1.17734e-07
-3.01272e-08
3.53419e-08
-3.41681e-08
7.70243e-09
-3.96915e-08
-2.87618e-09
-9.72967e-09
-4.79307e-08
-2.5855e-07
-3.23375e-06
5.39732e-07
-4.90607e-06
2.36904e-07
-2.68559e-06
7.80539e-08
6.15198e-08
1.57537e-07
-3.73937e-07
5.63547e-07
2.70785e-06
6.30182e-07
3.20044e-06
1.10406e-07
2.25398e-06
-3.63423e-07
1.35481e-06
-4.95198e-07
-2.61901e-07
-4.26999e-07
4.48237e-07
-3.56027e-07
-4.04719e-07
-3.53388e-07
-3.28561e-07
-4.0934e-07
-9.58917e-09
-4.88293e-07
-4.86216e-08
-3.53866e-07
-1.49726e-07
-2.26543e-07
-1.07271e-07
-2.16858e-07
-4.65637e-08
-1.85043e-07
-4.94886e-07
-1.82619e-07
-4.85527e-07
-6.80663e-08
-4.09996e-07
-2.99567e-08
-6.65079e-08
-5.85968e-08
-8.24367e-08
-9.33581e-08
7.38404e-08
-5.34214e-08
2.23877e-07
-3.78047e-08
1.02116e-07
-4.54045e-08
4.29384e-08
-5.57355e-08
1.80296e-08
-6.5254e-08
6.6402e-09
-6.41503e-10
-7.43423e-08
-2.82394e-07
-3.6453e-06
7.12224e-09
-5.19558e-06
-3.35332e-08
-2.64493e-06
-3.34199e-08
6.14091e-08
3.11718e-08
-4.38529e-07
5.73779e-07
2.16525e-06
8.28743e-07
2.94548e-06
2.64687e-07
2.81803e-06
-2.9807e-07
1.91757e-06
-5.313e-07
-2.86654e-08
-4.98737e-07
4.15674e-07
-4.68938e-07
-4.34514e-07
-4.79889e-07
-3.17608e-07
-4.95407e-07
5.9266e-09
-4.31263e-07
-1.12763e-07
-2.83848e-07
-2.97144e-07
-2.27107e-07
-1.6401e-07
-2.43108e-07
-3.05611e-08
-2.36677e-07
-5.01315e-07
-2.4734e-07
-4.74859e-07
-1.9634e-07
-4.60998e-07
-1.13995e-07
-1.48853e-07
-1.19101e-07
-7.7332e-08
-1.18494e-07
7.32317e-08
-7.16951e-08
1.77077e-07
-6.19769e-08
9.23968e-08
-7.28124e-08
5.37718e-08
-8.76726e-08
3.28878e-08
-1.00753e-07
1.97206e-08
9.74867e-09
-1.11142e-07
-2.55033e-07
-3.68925e-06
-2.42245e-07
-5.20836e-06
-1.89376e-07
-2.6978e-06
-9.55679e-08
-3.23967e-08
-5.47024e-08
-4.79394e-07
5.30399e-07
1.58015e-06
9.24421e-07
2.55146e-06
4.05566e-07
3.33689e-06
-2.08699e-07
2.53183e-06
-5.26751e-07
2.8939e-07
-5.49507e-07
4.3843e-07
-5.71787e-07
-4.12232e-07
-5.85054e-07
-3.0434e-07
-5.42217e-07
-3.69136e-08
-4.75394e-07
-1.79585e-07
-3.96004e-07
-3.76538e-07
-3.52014e-07
-2.07997e-07
-2.74769e-07
-1.07803e-07
-2.76308e-07
-4.99775e-07
-3.57099e-07
-3.94062e-07
-3.73095e-07
-4.45003e-07
-2.03175e-07
-3.18773e-07
-1.68692e-07
-1.11817e-07
-1.48931e-07
5.34705e-08
-1.0626e-07
1.34406e-07
-1.04427e-07
9.05632e-08
-1.18468e-07
6.78118e-08
-1.3563e-07
5.00488e-08
-1.49899e-07
3.39882e-08
2.00939e-08
-1.60244e-07
-1.83445e-07
-3.58554e-06
-3.0899e-07
-5.08281e-06
-2.52538e-07
-2.75425e-06
-1.29949e-07
-1.54985e-07
-8.45381e-08
-5.24805e-07
3.8651e-07
1.10911e-06
8.68025e-07
2.06994e-06
5.33305e-07
3.67162e-06
-8.63796e-08
3.15151e-06
-4.64557e-07
6.6757e-07
-5.63112e-07
5.36984e-07
-6.38798e-07
-3.36546e-07
-6.58306e-07
-2.8483e-07
-5.8193e-07
-1.13293e-07
-5.13303e-07
-2.48211e-07
-4.65112e-07
-4.24732e-07
-4.0925e-07
-2.63856e-07
-2.97156e-07
-2.19893e-07
-2.85357e-07
-5.11573e-07
-3.32077e-07
-3.47338e-07
-3.50663e-07
-4.26418e-07
-2.47043e-07
-4.22393e-07
-2.1773e-07
-1.41132e-07
-1.91578e-07
2.73173e-08
-1.62147e-07
1.04974e-07
-1.67593e-07
9.60072e-08
-1.85437e-07
8.56543e-08
-2.02197e-07
6.68091e-08
-2.13719e-07
4.55087e-08
2.87685e-08
-2.22396e-07
-1.16085e-07
-3.42182e-06
-3.01821e-07
-4.89707e-06
-2.68265e-07
-2.78781e-06
-1.4807e-07
-2.7518e-07
-9.85503e-08
-5.74325e-07
1.41655e-07
8.68913e-07
7.13146e-07
1.49845e-06
6.77136e-07
3.70763e-06
8.52096e-08
3.74344e-06
-3.38009e-07
1.09079e-06
-5.22608e-07
7.2158e-07
-6.42871e-07
-2.16284e-07
-6.99123e-07
-2.28574e-07
-6.18827e-07
-1.93591e-07
-5.46706e-07
-3.20332e-07
-5.06193e-07
-4.65246e-07
-4.46729e-07
-3.23317e-07
-3.10587e-07
-3.56031e-07
-2.80489e-07
-5.41669e-07
-2.94478e-07
-3.33346e-07
-2.81195e-07
-4.39701e-07
-2.79714e-07
-4.23874e-07
-2.68955e-07
-1.51893e-07
-2.53456e-07
1.18185e-08
-2.41985e-07
9.35017e-08
-2.55743e-07
1.09764e-07
-2.706e-07
1.0051e-07
-2.80182e-07
7.63923e-08
-2.88712e-07
5.40396e-08
3.40236e-08
-2.9397e-07
-5.44089e-08
-3.23248e-06
-2.70505e-07
-4.68098e-06
-2.64378e-07
-2.79394e-06
-1.57395e-07
-3.82164e-07
-1.15991e-07
-6.15731e-07
-6.9587e-08
8.22515e-07
6.05925e-07
8.22938e-07
8.73469e-07
3.44009e-06
2.9963e-07
4.31728e-06
-1.7151e-07
1.56193e-06
-4.18856e-07
9.68925e-07
-6.25977e-07
-9.16233e-09
-7.11626e-07
-1.42922e-07
-6.55204e-07
-2.50014e-07
-5.83376e-07
-3.92159e-07
-5.3057e-07
-5.18054e-07
-4.58955e-07
-3.94928e-07
-3.40095e-07
-4.74887e-07
-3.09836e-07
-5.71927e-07
-2.98229e-07
-3.44951e-07
-2.87632e-07
-4.50298e-07
-3.20357e-07
-3.91148e-07
-3.32138e-07
-1.40111e-07
-3.37184e-07
1.6866e-08
-3.43734e-07
1.00053e-07
-3.56369e-07
1.22398e-07
-3.64246e-07
1.08388e-07
-3.69097e-07
8.12446e-08
-3.69968e-07
5.4912e-08
3.47002e-08
-3.70648e-07
-1.58805e-09
-3.02454e-06
-2.3126e-07
-4.45131e-06
-2.53039e-07
-2.77217e-06
-1.6148e-07
-4.73725e-07
-1.27034e-07
-6.50179e-07
-1.25564e-07
8.21049e-07
6.08036e-07
8.93365e-08
1.08193e-06
2.96619e-06
5.42531e-07
4.85667e-06
4.48597e-08
2.0596e-06
-2.52263e-07
1.26605e-06
-5.26375e-07
2.64951e-07
-6.81916e-07
1.26235e-08
-6.81829e-07
-2.50102e-07
-6.27828e-07
-4.4616e-07
-5.73354e-07
-5.72529e-07
-5.03169e-07
-4.6511e-07
-3.87297e-07
-5.90756e-07
-3.5764e-07
-6.01581e-07
-3.30987e-07
-3.71601e-07
-3.32423e-07
-4.48862e-07
-3.79714e-07
-3.43855e-07
-4.08653e-07
-1.1117e-07
-4.32346e-07
4.05612e-08
-4.48417e-07
1.16125e-07
-4.58268e-07
1.32249e-07
-4.60309e-07
1.1043e-07
-4.57762e-07
7.86986e-08
-4.52931e-07
5.00817e-08
2.83752e-08
-4.46608e-07
6.53702e-08
-2.82551e-06
-1.84912e-07
-4.20103e-06
-2.36911e-07
-2.72017e-06
-1.6219e-07
-5.4845e-07
-1.31713e-07
-6.8066e-07
-6.55656e-08
7.54902e-07
5.61015e-07
-5.37247e-07
1.13033e-06
2.39688e-06
7.67715e-07
5.21928e-06
2.76575e-07
2.55074e-06
-3.91218e-08
1.58174e-06
-3.53772e-07
5.79604e-07
-5.95804e-07
2.54658e-07
-6.77632e-07
-1.68275e-07
-6.53768e-07
-4.70025e-07
-6.28746e-07
-5.97551e-07
-5.68773e-07
-5.2508e-07
-4.41411e-07
-7.18114e-07
-3.84053e-07
-6.58937e-07
-3.62122e-07
-3.93528e-07
-3.98686e-07
-4.12299e-07
-4.51426e-07
-2.91114e-07
-5.00053e-07
-6.25413e-08
-5.32043e-07
7.25529e-08
-5.48356e-07
1.3244e-07
-5.50957e-07
1.34849e-07
-5.45032e-07
1.04506e-07
-5.35282e-07
6.89511e-08
-5.26429e-07
4.1229e-08
2.12076e-08
-5.19264e-07
1.2501e-07
-2.6382e-06
-1.36293e-07
-3.93973e-06
-2.17656e-07
-2.63881e-06
-1.60682e-07
-6.05427e-07
-1.37563e-07
-7.03782e-07
-1.59039e-08
6.3324e-07
2.98594e-07
-8.51748e-07
9.06379e-07
1.78908e-06
9.17706e-07
5.20795e-06
5.20877e-07
2.94757e-06
2.59823e-07
1.8428e-06
-9.96742e-08
9.39103e-07
-4.23618e-07
5.78605e-07
-5.9783e-07
5.9349e-09
-6.44242e-07
-4.23613e-07
-6.33536e-07
-6.08257e-07
-6.06074e-07
-5.52538e-07
-4.70347e-07
-8.53837e-07
-4.02555e-07
-7.26727e-07
-3.74832e-07
-4.21248e-07
-4.47305e-07
-3.39826e-07
-5.24665e-07
-2.13755e-07
-5.79314e-07
-7.89092e-09
-6.15878e-07
1.09119e-07
-6.28375e-07
1.44937e-07
-6.23683e-07
1.30159e-07
-6.11723e-07
9.2549e-08
-5.99674e-07
5.6904e-08
-5.88725e-07
3.02799e-08
1.1755e-08
-5.79275e-07
1.79314e-07
-2.46676e-06
-8.73484e-08
-3.67307e-06
-1.96696e-07
-2.52946e-06
-1.57554e-07
-6.44573e-07
-1.45068e-07
-7.1627e-07
-1.428e-08
5.02446e-07
-4.48956e-08
-8.21134e-07
6.13966e-07
1.13022e-06
1.04149e-06
4.78043e-06
7.64497e-07
3.22457e-06
6.18655e-07
1.98864e-06
2.52176e-07
1.30558e-06
-1.48803e-07
9.79584e-07
-3.97666e-07
2.54797e-07
-4.88685e-07
-3.32593e-07
-5.07933e-07
-5.89008e-07
-5.46369e-07
-5.14098e-07
-4.46304e-07
-9.53895e-07
-4.03667e-07
-7.6936e-07
-3.62932e-07
-4.6198e-07
-4.69083e-07
-2.33674e-07
-5.64306e-07
-1.18531e-07
-6.24337e-07
5.21427e-08
-6.60849e-07
1.45634e-07
-6.73821e-07
1.5791e-07
-6.6633e-07
1.2267e-07
-6.54078e-07
8.03012e-08
-6.41875e-07
4.47039e-08
-6.30501e-07
1.89054e-08
1.44674e-09
-6.20196e-07
2.2409e-07
-2.31341e-06
-4.40694e-08
-3.40491e-06
-1.76145e-07
-2.39738e-06
-1.53248e-07
-6.67473e-07
-1.51535e-07
-7.17983e-07
-2.08411e-08
3.71746e-07
-2.03722e-07
-6.38253e-07
4.89878e-07
4.36619e-07
1.22448e-06
4.04583e-06
1.05907e-06
3.38999e-06
1.02135e-06
2.02636e-06
6.75889e-07
1.65104e-06
2.2242e-07
1.43305e-06
-9.71498e-08
5.74368e-07
-2.01179e-07
-2.28562e-07
-1.38708e-07
-6.51479e-07
-2.09796e-07
-4.43006e-07
-3.26528e-07
-8.37159e-07
-3.59312e-07
-7.36573e-07
-3.41661e-07
-4.79629e-07
-4.33241e-07
-1.42093e-07
-5.42269e-07
-9.50012e-09
-6.12791e-07
1.22669e-07
-6.5059e-07
1.83435e-07
-6.67506e-07
1.74828e-07
-6.68536e-07
1.23701e-07
-6.62139e-07
7.39075e-08
-6.54231e-07
3.6798e-08
-6.45362e-07
1.0036e-08
-8.18445e-09
-6.35733e-07
2.56857e-07
-2.17764e-06
-5.87832e-09
-3.14218e-06
-1.57695e-07
-2.24556e-06
-1.48314e-07
-6.76856e-07
-1.55645e-07
-7.1065e-07
-2.3242e-08
2.39339e-07
-1.74262e-07
-4.8723e-07
4.5008e-07
-1.87719e-07
1.21378e-06
3.28212e-06
1.1889e-06
3.41487e-06
1.42205e-06
1.79321e-06
1.20659e-06
1.86649e-06
7.18773e-07
1.92087e-06
2.9686e-07
9.96282e-07
1.11606e-07
-4.3307e-08
1.89523e-07
-7.29395e-07
2.68404e-07
-5.21885e-07
-3.73407e-08
-5.3141e-07
-1.67985e-07
-6.05926e-07
-2.16084e-07
-4.31529e-07
-3.47279e-07
-1.08968e-08
-4.62331e-07
1.05555e-07
-5.36545e-07
1.96886e-07
-5.78305e-07
2.25197e-07
-6.11386e-07
2.07908e-07
-6.22539e-07
1.34853e-07
-6.24712e-07
7.60818e-08
-6.2579e-07
3.78772e-08
-6.24439e-07
8.68571e-09
-1.35474e-08
-6.19077e-07
2.76338e-07
-2.05551e-06
2.29616e-08
-2.8888e-06
-1.4276e-07
-2.07983e-06
-1.43333e-07
-6.76282e-07
-1.57913e-07
-6.96067e-07
-3.39774e-08
1.15403e-07
-1.23266e-07
-3.97938e-07
2.50914e-07
-5.61893e-07
7.69879e-07
2.76316e-06
8.00639e-07
3.38411e-06
1.40481e-06
1.18904e-06
1.64576e-06
1.62554e-06
1.24606e-06
2.32057e-06
7.56449e-07
1.4859e-06
3.99455e-07
3.13688e-07
3.23943e-07
-6.53883e-07
4.90929e-07
-6.88867e-07
1.79169e-07
-2.19646e-07
3.48282e-08
-4.61582e-07
-5.11802e-08
-3.4552e-07
-2.0774e-07
1.45663e-07
-3.44744e-07
2.4256e-07
-4.18033e-07
2.70176e-07
-4.63183e-07
2.70346e-07
-4.88237e-07
2.3296e-07
-5.11587e-07
1.58201e-07
-5.2367e-07
8.81636e-08
-5.40056e-07
5.42635e-08
-5.50792e-07
1.94215e-08
-9.34296e-09
-5.54996e-07
2.82903e-07
-1.94025e-06
3.7617e-08
-2.64351e-06
-1.32065e-07
-1.91015e-06
-1.38685e-07
-6.6966e-07
-1.59154e-07
-6.75594e-07
-5.7591e-08
1.38434e-08
-1.2652e-07
-3.29005e-07
-7.68772e-08
-6.11529e-07
1.45298e-07
2.54098e-06
8.20175e-08
3.44739e-06
9.12055e-07
3.58998e-07
1.83308e-06
7.04515e-07
1.63621e-06
2.51744e-06
1.19709e-06
1.92502e-06
7.55136e-07
7.55643e-07
3.65026e-07
-2.63771e-07
1.0273e-07
-4.26566e-07
-3.42297e-08
-8.26807e-08
-1.56854e-07
-3.38954e-07
-3.01952e-08
-4.72178e-07
-4.89102e-08
1.64378e-07
-1.47357e-07
3.41007e-07
-2.39626e-07
3.62446e-07
-3.26845e-07
3.57564e-07
-3.81762e-07
2.87876e-07
-4.06223e-07
1.82659e-07
-4.13462e-07
9.54016e-08
-4.03065e-07
4.38667e-08
-4.00594e-07
1.69519e-08
-8.39761e-09
-4.01538e-07
2.78583e-07
-1.82425e-06
3.97711e-08
-2.4047e-06
-1.25165e-07
-1.74521e-06
-1.34382e-07
-6.6044e-07
-1.59266e-07
-6.50706e-07
-8.43598e-08
-6.10561e-08
-1.52436e-07
-2.60927e-07
-3.00428e-07
-4.63532e-07
-1.18722e-07
2.35927e-06
2.40163e-08
3.30464e-06
6.58178e-07
-2.75163e-07
1.766e-06
-4.03306e-07
1.86683e-06
2.41662e-06
1.57362e-06
2.21822e-06
1.16815e-06
1.16112e-06
6.95809e-07
2.08571e-07
3.36019e-07
-6.67686e-08
1.62471e-07
9.08732e-08
1.29568e-07
-3.06047e-07
2.24935e-07
-5.67544e-07
2.26932e-07
1.62379e-07
2.21513e-07
3.46427e-07
2.16462e-07
3.67499e-07
5.44142e-08
5.19614e-07
-1.03805e-07
4.46097e-07
-2.008e-07
2.79654e-07
-2.07611e-07
1.02212e-07
-2.03302e-07
3.95576e-08
-2.03147e-07
1.67973e-08
-4.40683e-09
-2.07137e-07
2.66635e-07
-1.70206e-06
3.34531e-08
-2.17151e-06
-1.20386e-07
-1.59137e-06
-1.30145e-07
-6.50678e-07
-1.57906e-07
-6.22944e-07
-1.06297e-07
-1.12657e-07
-1.71965e-07
-1.95258e-07
-3.77396e-07
-2.58101e-07
-1.86561e-08
2.00053e-06
5.99881e-07
2.6861e-06
8.09459e-07
-4.84739e-07
1.53718e-06
-1.13102e-06
1.9847e-06
1.9691e-06
1.92597e-06
2.27694e-06
1.63243e-06
1.45466e-06
1.16603e-06
6.74977e-07
6.98181e-07
4.01087e-07
4.64735e-07
3.24326e-07
3.32662e-07
-1.73971e-07
2.34133e-07
-4.69014e-07
3.85713e-07
1.07988e-08
3.94835e-07
3.37305e-07
3.94232e-07
3.68105e-07
3.70774e-07
5.43075e-07
3.14352e-07
5.02523e-07
2.60692e-07
3.33316e-07
2.25485e-07
1.37422e-07
1.77842e-07
8.72002e-08
1.49326e-07
4.53138e-08
8.11028e-09
1.36808e-07
2.5062e-07
-1.57279e-06
2.40939e-08
-1.94499e-06
-1.15745e-07
-1.45153e-06
-1.25569e-07
-6.40852e-07
-1.5471e-07
-5.93804e-07
-1.19471e-07
-1.47891e-07
-1.72236e-07
-1.42493e-07
-3.64766e-07
-6.55735e-08
2.13433e-07
1.42234e-06
9.90115e-07
1.90942e-06
8.68548e-07
-3.6317e-07
1.25395e-06
-1.51642e-06
1.92084e-06
1.3022e-06
2.08989e-06
2.10789e-06
1.85969e-06
1.68486e-06
1.39562e-06
1.13905e-06
9.62628e-07
8.34087e-07
7.70662e-07
5.16297e-07
7.29657e-07
-1.32965e-07
5.49204e-07
-2.88562e-07
5.36688e-07
2.3313e-08
4.06434e-07
4.67559e-07
1.95005e-07
5.79536e-07
2.09979e-07
5.28104e-07
1.9969e-07
5.12816e-07
2.36464e-07
2.96545e-07
1.81893e-07
1.91995e-07
1.22236e-07
1.46858e-07
1.08935e-07
5.86141e-08
-4.1603e-08
1.58647e-07
2.33317e-07
-1.43965e-06
1.61807e-08
-1.72785e-06
-1.09761e-07
-1.3256e-06
-1.20327e-07
-6.30288e-07
-1.49624e-07
-5.6451e-07
-1.24182e-07
-1.73329e-07
-1.5585e-07
-1.10826e-07
-2.49285e-07
2.78577e-08
2.98258e-07
8.74797e-07
1.00624e-06
1.20143e-06
9.19437e-07
-2.76364e-07
1.08913e-06
-1.68611e-06
1.61155e-06
7.79782e-07
1.77774e-06
1.94169e-06
1.53334e-06
1.92926e-06
1.21332e-06
1.45908e-06
1.06968e-06
9.77729e-07
1.08298e-06
5.03003e-07
8.61629e-07
8.83834e-08
4.69418e-07
1.03646e-07
2.97421e-07
1.95305e-07
3.23696e-07
4.41279e-07
3.88537e-07
5.14692e-07
4.3579e-07
4.80851e-07
5.16059e-07
4.3255e-07
6.05412e-07
2.07196e-07
6.31842e-07
1.65568e-07
4.61308e-07
3.17393e-07
3.82048e-07
1.37875e-07
-9.51158e-08
4.35559e-07
2.15926e-07
-1.3074e-06
1.15471e-08
-1.52347e-06
-1.01828e-07
-1.21223e-06
-1.14212e-07
-6.17907e-07
-1.42881e-07
-5.35847e-07
-1.24022e-07
-1.92188e-07
-1.38742e-07
-9.61027e-08
-1.34722e-07
2.38347e-08
2.10439e-07
5.29641e-07
8.54571e-07
5.57307e-07
1.00849e-06
-4.30285e-07
9.68676e-07
-1.6463e-06
1.10262e-06
6.45837e-07
1.04238e-06
2.00193e-06
8.72922e-07
2.09872e-06
8.48023e-07
1.48398e-06
8.88135e-07
9.3762e-07
8.75252e-07
5.15886e-07
6.29497e-07
3.34136e-07
4.35807e-07
2.97331e-07
3.2349e-07
3.07615e-07
3.79849e-07
3.84913e-07
4.8772e-07
4.06816e-07
5.7684e-07
3.91731e-07
6.55385e-07
3.54007e-07
6.17045e-07
2.45539e-07
5.70096e-07
2.1252e-07
6.52876e-07
2.34616e-07
6.23265e-07
1.67487e-07
6.03623e-08
4.67788e-07
1.98276e-07
-1.18027e-06
9.71643e-09
-1.33492e-06
-9.22069e-08
-1.1103e-06
-1.072e-07
-6.0292e-07
-1.34694e-07
-5.08356e-07
-1.21155e-07
-2.05729e-07
-1.2548e-07
-9.17723e-08
-8.6563e-08
-1.50821e-08
1.1116e-07
3.31924e-07
6.17756e-07
5.07131e-08
7.59517e-07
-5.72048e-07
6.02472e-07
-1.48926e-06
3.80538e-07
8.67769e-07
1.61471e-07
2.221e-06
3.00052e-07
1.96014e-06
5.13729e-07
1.27031e-06
6.23815e-07
8.27535e-07
5.89454e-07
5.50248e-07
4.97857e-07
4.25731e-07
4.32134e-07
3.63048e-07
4.06763e-07
3.3298e-07
4.53845e-07
3.37826e-07
5.2677e-07
3.33888e-07
5.98337e-07
3.20163e-07
6.56e-07
2.96345e-07
6.4658e-07
2.54962e-07
6.28754e-07
2.30349e-07
6.47952e-07
2.15422e-07
6.32089e-07
1.83352e-07
1.51658e-07
5.40796e-07
1.79756e-07
-1.06152e-06
9.44002e-09
-1.16461e-06
-8.14211e-08
-1.01944e-06
-9.92163e-08
-5.85131e-07
-1.25211e-07
-4.8236e-07
-1.16301e-07
-2.14642e-07
-1.15318e-07
-9.27461e-08
-7.66826e-08
-5.37153e-08
4.62165e-08
2.09029e-07
3.28111e-07
-2.31181e-07
2.73644e-07
-5.17584e-07
-7.46188e-08
-1.141e-06
-5.42939e-07
1.33609e-06
-4.97835e-07
2.17589e-06
3.13014e-08
1.43101e-06
3.01797e-07
9.99814e-07
4.26249e-07
7.03086e-07
4.4994e-07
5.26558e-07
4.50477e-07
4.25195e-07
4.56321e-07
3.57203e-07
4.74023e-07
3.15276e-07
5.14823e-07
2.97024e-07
5.61708e-07
2.87002e-07
6.03257e-07
2.78613e-07
6.32158e-07
2.67445e-07
6.35601e-07
2.51521e-07
6.28974e-07
2.36979e-07
6.21285e-07
2.23114e-07
5.96835e-07
2.07805e-07
1.95008e-07
5.53487e-07
1.59828e-07
-9.53837e-07
9.53418e-09
-1.01432e-06
-6.99987e-08
-9.39902e-07
-9.01372e-08
-5.64998e-07
-1.14429e-07
-4.58063e-07
-1.09994e-07
-2.19078e-07
-1.07798e-07
-9.49333e-08
-8.79189e-08
-7.35915e-08
-2.43244e-08
1.45434e-07
3.41581e-08
-2.89667e-07
-2.10872e-07
-2.72559e-07
-7.12647e-07
-6.39227e-07
-9.37639e-07
1.56108e-06
-5.2656e-07
1.76482e-06
-1.86618e-08
9.23111e-07
2.06299e-07
7.74855e-07
3.22478e-07
5.8691e-07
3.82644e-07
4.66394e-07
4.27264e-07
3.80578e-07
4.66493e-07
3.17977e-07
5.04306e-07
2.77464e-07
5.44152e-07
2.57179e-07
5.80082e-07
2.51072e-07
6.05358e-07
2.53338e-07
6.16579e-07
2.56225e-07
6.13042e-07
2.55059e-07
5.98599e-07
2.51423e-07
5.75353e-07
2.46362e-07
5.39604e-07
2.43556e-07
2.45223e-07
4.89391e-07
1.37985e-07
-8.59676e-07
9.5092e-09
-8.85855e-07
-5.83009e-08
-8.72081e-07
-7.97065e-08
-5.43595e-07
-1.02019e-07
-4.35743e-07
-1.01568e-07
-2.19529e-07
-1.0093e-07
-9.55646e-08
-1.05648e-07
-6.88728e-08
-8.01192e-08
1.19902e-07
-1.88458e-07
-1.81334e-07
-4.35307e-07
-2.57145e-08
-9.27453e-07
-1.47083e-07
-7.47887e-07
1.38151e-06
-2.0947e-07
1.2264e-06
2.39798e-08
6.8966e-07
1.78007e-07
6.20827e-07
2.68869e-07
4.96048e-07
3.36039e-07
3.99227e-07
3.9371e-07
3.22911e-07
4.43614e-07
2.68076e-07
4.84222e-07
2.36859e-07
5.1291e-07
2.28493e-07
5.25028e-07
2.38955e-07
5.16882e-07
2.61485e-07
4.86842e-07
2.86266e-07
4.35704e-07
3.06198e-07
3.70278e-07
3.1685e-07
2.981e-07
3.1854e-07
2.25831e-07
3.15827e-07
3.1212e-07
1.58935e-07
1.13682e-07
-7.81568e-07
9.55634e-09
-7.81733e-07
-4.65553e-08
-8.15956e-07
-6.75171e-08
-5.22634e-07
-8.72597e-08
-4.15991e-07
-8.96819e-08
-2.17107e-07
-9.19192e-08
-9.33246e-08
-1.13007e-07
-4.77877e-08
-1.11273e-07
1.18163e-07
-2.49859e-07
-4.27531e-08
-4.36e-07
1.60424e-07
-7.5246e-07
1.69375e-07
-4.30957e-07
1.06001e-06
-3.80586e-08
8.33498e-07
4.83105e-08
6.03287e-07
1.43197e-07
5.25937e-07
2.14939e-07
4.24304e-07
2.79393e-07
3.34774e-07
3.42065e-07
2.6024e-07
4.02158e-07
2.07986e-07
4.55479e-07
1.8354e-07
4.95964e-07
1.88009e-07
5.17686e-07
2.17234e-07
5.16722e-07
2.62449e-07
4.88709e-07
3.14279e-07
4.32242e-07
3.62664e-07
3.4909e-07
4.00002e-07
2.45632e-07
4.21997e-07
1.3263e-07
4.28829e-07
4.23281e-07
2.14689e-08
8.61976e-08
-7.22526e-07
8.75143e-09
-7.04288e-07
-3.48371e-08
-7.72356e-07
-5.28625e-08
-5.04609e-07
-6.89851e-08
-3.99862e-07
-7.29289e-08
-2.13164e-07
-7.75564e-08
-8.86985e-08
-1.03792e-07
-2.15566e-08
-1.12673e-07
1.27039e-07
-2.2491e-07
6.94802e-08
-3.36869e-07
2.72382e-07
-4.83306e-07
3.15811e-07
-2.30326e-07
8.07027e-07
-2.85981e-08
6.31766e-07
2.73866e-08
5.47297e-07
8.83723e-08
4.64946e-07
1.41923e-07
3.7075e-07
1.98414e-07
2.78281e-07
2.64819e-07
1.93835e-07
3.42013e-07
1.30793e-07
4.26092e-07
9.94618e-08
5.11041e-07
1.03062e-07
5.91272e-07
1.37003e-07
6.61011e-07
1.92711e-07
7.14818e-07
2.60471e-07
7.44206e-07
3.33276e-07
7.45416e-07
3.98792e-07
7.18494e-07
4.48918e-07
6.65867e-07
4.81455e-07
4.96315e-07
5.92832e-07
5.45201e-08
-6.86284e-07
6.49987e-09
-6.56268e-07
-2.27188e-08
-7.4313e-07
-3.45938e-08
-4.92734e-07
-4.57022e-08
-3.88752e-07
-4.97586e-08
-2.0911e-07
-5.48622e-08
-8.35979e-08
-7.64829e-08
6.05205e-11
-8.71597e-08
1.37713e-07
-1.59632e-07
1.41952e-07
-2.17554e-07
3.30303e-07
-2.76525e-07
3.74782e-07
-1.30926e-07
6.61425e-07
-5.14729e-08
5.52309e-07
-2.43217e-08
5.20141e-07
-1.07467e-09
4.41695e-07
1.63526e-08
3.5332e-07
4.39393e-08
2.50693e-07
8.9467e-08
1.48307e-07
1.58002e-07
6.22588e-08
2.54405e-07
3.05863e-09
3.73562e-07
-1.60946e-08
5.19728e-07
-9.16266e-09
6.89046e-07
2.33923e-08
8.71303e-07
7.82137e-08
1.05559e-06
1.48992e-07
1.22956e-06
2.2482e-07
1.38846e-06
2.90017e-07
1.52975e-06
3.40165e-07
3.74956e-07
1.65111e-06
1.77484e-08
2.8227e-09
-8.48543e-09
-1.18407e-08
-1.64249e-08
-1.89214e-08
-2.24101e-08
-3.40566e-08
-4.32111e-08
-7.16376e-08
-9.00051e-08
-1.03973e-07
-4.57979e-08
-1.30671e-08
9.21307e-09
3.16233e-08
5.70022e-08
8.84957e-08
1.28711e-07
1.8076e-07
2.48061e-07
3.44078e-07
4.67345e-07
6.18274e-07
7.96492e-07
9.90177e-07
1.18526e-06
1.37349e-06
1.5497e-06
1.71143e-06
-2.67251e-08
-3.0079e-08
-3.44772e-08
-2.86868e-08
-3.30587e-08
-2.3851e-08
-2.46771e-08
-5.30249e-08
-2.72412e-08
-9.46945e-09
-3.12473e-08
2.8161e-07
-1.08355e-07
-4.33285e-08
-8.46758e-08
-1.77178e-07
-3.24024e-08
-1.96042e-07
3.82416e-09
-1.91276e-07
5.78104e-08
-2.21856e-07
1.48308e-07
-2.2569e-07
2.2273e-07
-1.2291e-07
1.52632e-07
5.51282e-08
1.41692e-07
1.37544e-08
2.17493e-07
-1.7811e-07
2.92263e-07
-2.36787e-07
3.12601e-07
-1.99855e-07
3.52703e-07
1.73708e-07
3.80855e-07
9.94532e-10
3.88175e-07
-4.56346e-07
3.28811e-07
3.1054e-07
7.8819e-08
1.14776e-06
-3.55317e-07
2.40266e-06
-4.96156e-07
3.58959e-06
-5.29565e-07
6.71915e-07
-5.69181e-07
-1.3446e-06
-4.56422e-07
-3.79845e-06
1.22759e-07
-1.89501e-06
2.03834e-07
-3.89675e-08
-2.04762e-08
-4.47398e-08
-2.29148e-08
-4.38414e-08
-2.47447e-08
-4.91226e-08
-4.7744e-08
-4.67731e-08
-1.18185e-08
-1.62836e-09
2.3646e-07
-3.77256e-08
-7.22567e-09
-3.38312e-08
-1.81079e-07
1.54884e-08
-2.45364e-07
7.63362e-08
-2.52122e-07
1.46974e-07
-2.92484e-07
2.1231e-07
-2.91026e-07
2.40893e-07
-1.51497e-07
1.84337e-07
1.11686e-07
2.28451e-07
-3.03587e-08
2.66404e-07
-2.16064e-07
3.03715e-07
-2.74098e-07
3.16288e-07
-2.12429e-07
3.89836e-07
1.00161e-07
3.90376e-07
4.55147e-10
3.68828e-07
-4.34799e-07
2.22232e-07
4.57139e-07
-9.82139e-08
1.46821e-06
-4.81967e-07
2.78642e-06
-4.95321e-07
3.60294e-06
-4.14184e-07
5.9078e-07
-7.91289e-07
-9.67495e-07
-1.055e-06
-3.53475e-06
-2.39831e-08
-2.92602e-06
-6.49604e-07
-5.56498e-08
-1.27576e-08
-6.10763e-08
-1.74937e-08
-6.41961e-08
-2.16253e-08
-7.42899e-08
-3.76496e-08
-7.46095e-08
-1.15e-08
-3.19534e-09
1.6504e-07
3.49096e-09
-1.39033e-08
1.20834e-08
-1.89672e-07
4.44488e-08
-2.77727e-07
1.15813e-07
-3.23487e-07
2.00045e-07
-3.76712e-07
2.86184e-07
-3.77155e-07
3.3539e-07
-2.00704e-07
2.93348e-07
1.53729e-07
2.79199e-07
-1.62055e-08
2.8126e-07
-2.18123e-07
2.77408e-07
-2.70246e-07
3.08028e-07
-2.4305e-07
3.6528e-07
4.29114e-08
3.68139e-07
-2.40168e-09
3.07494e-07
-3.74158e-07
7.92553e-08
6.8538e-07
-3.04095e-07
1.85155e-06
-5.64314e-07
3.04664e-06
-4.12616e-07
3.45124e-06
-2.5497e-07
4.33135e-07
-6.78864e-07
-5.43591e-07
-1.45939e-06
-2.75422e-06
-1.15028e-07
-4.27039e-06
-2.1456e-06
-8.18073e-08
-5.29172e-09
-8.76092e-08
-1.16922e-08
-9.15887e-08
-1.76455e-08
-1.01053e-07
-2.81862e-08
-9.98144e-08
-1.27408e-08
-2.23236e-08
8.75415e-08
2.63173e-09
-3.88533e-08
1.93572e-08
-2.06401e-07
5.71454e-08
-3.15517e-07
1.28503e-07
-3.94843e-07
2.20902e-07
-4.69118e-07
3.23325e-07
-4.79573e-07
3.95118e-07
-2.7249e-07
3.93634e-07
1.55215e-07
3.40544e-07
3.68909e-08
2.70698e-07
-1.48275e-07
2.4533e-07
-2.44877e-07
2.50002e-07
-2.47724e-07
3.00753e-07
-7.84267e-09
3.01648e-07
-3.29432e-09
2.03556e-07
-2.76069e-07
-1.06941e-07
9.95881e-07
-5.41048e-07
2.28566e-06
-5.96469e-07
3.10206e-06
-2.59469e-07
3.11424e-06
-9.94003e-08
2.73066e-07
-2.23558e-07
-4.19426e-07
-5.75163e-07
-2.40261e-06
2.93953e-07
-5.13951e-06
-3.22585e-06
-1.19048e-07
2.61195e-09
-1.25053e-07
-5.68835e-09
-1.27514e-07
-1.51813e-08
-1.28618e-07
-2.70811e-08
-1.28159e-07
-1.31991e-08
-6.51602e-08
2.45354e-08
-2.78511e-08
-7.61605e-08
-3.3098e-10
-2.33922e-07
4.20402e-08
-3.57896e-07
1.1501e-07
-4.6781e-07
2.15356e-07
-5.69467e-07
3.23395e-07
-5.87611e-07
4.20369e-07
-3.69456e-07
4.59398e-07
1.16189e-07
3.84749e-07
1.11539e-07
2.69351e-07
-3.28768e-08
2.00769e-07
-1.76293e-07
1.67068e-07
-2.14023e-07
2.04194e-07
-4.49715e-08
1.96124e-07
4.77879e-09
6.1915e-08
-1.41863e-07
-3.26509e-07
1.38431e-06
-7.95692e-07
2.75484e-06
-6.00399e-07
2.90677e-06
-7.61808e-08
2.59002e-06
1.21324e-08
1.84753e-07
3.10071e-08
-4.38296e-07
-3.05862e-08
-2.34101e-06
3.07131e-07
-5.47723e-06
-3.60651e-06
-1.677e-07
1.00667e-08
-1.72204e-07
-1.1875e-09
-1.71847e-07
-1.55349e-08
-1.69767e-07
-2.91596e-08
-1.58099e-07
-2.48644e-08
-1.06733e-07
-2.68352e-08
-6.9677e-08
-1.13215e-07
-4.27222e-08
-2.60874e-07
3.18485e-09
-4.03807e-07
7.65131e-08
-5.41134e-07
1.79983e-07
-6.72934e-07
2.90663e-07
-6.98289e-07
4.03828e-07
-4.82617e-07
4.74927e-07
4.5094e-08
3.9496e-07
1.91504e-07
2.54127e-07
1.07956e-07
1.35655e-07
-5.78178e-08
5.27709e-08
-1.31138e-07
7.83828e-08
-7.05867e-08
5.3556e-08
2.96098e-08
-1.15658e-07
2.73492e-08
-5.58387e-07
1.82704e-06
-1.0132e-06
3.20965e-06
-5.97838e-07
2.49141e-06
7.17981e-08
1.92039e-06
7.7674e-08
1.78877e-07
1.79528e-07
-5.4015e-07
2.2191e-07
-2.38339e-06
2.62466e-07
-5.51779e-06
-3.63672e-06
-2.28097e-07
1.57673e-08
-2.315e-07
2.21242e-09
-2.32256e-07
-1.47777e-08
-2.29059e-07
-3.23543e-08
-2.10186e-07
-4.37342e-08
-1.68723e-07
-6.83008e-08
-1.32098e-07
-1.49837e-07
-1.04024e-07
-2.88942e-07
-5.98405e-08
-4.47989e-07
1.42582e-08
-6.15228e-07
1.17436e-07
-7.76105e-07
2.30159e-07
-8.11007e-07
3.47906e-07
-6.00366e-07
4.32038e-07
-3.90341e-08
3.59344e-07
2.64198e-07
2.04037e-07
2.63261e-07
3.29773e-08
1.13247e-07
-9.70609e-08
-1.09827e-09
-7.01122e-08
-9.75393e-08
-9.96887e-08
5.91905e-08
-3.16771e-07
2.44429e-07
-7.67832e-07
2.27811e-06
-1.09529e-06
3.5371e-06
-5.58216e-07
1.95434e-06
1.18735e-07
1.24343e-06
1.18351e-07
1.7926e-07
2.4096e-07
-6.62762e-07
2.94868e-07
-2.43729e-06
1.80846e-07
-5.40376e-06
-3.52758e-06
-2.96953e-07
1.87501e-08
-2.98211e-07
3.46811e-09
-2.97387e-07
-1.56027e-08
-2.91761e-07
-3.79793e-08
-2.75035e-07
-6.04563e-08
-2.43662e-07
-9.96757e-08
-2.12555e-07
-1.80941e-07
-1.84202e-07
-3.17291e-07
-1.41229e-07
-4.9096e-07
-6.90681e-08
-6.87385e-07
2.84988e-08
-8.7367e-07
1.39828e-07
-9.2233e-07
2.51157e-07
-7.11698e-07
3.31921e-07
-1.19794e-07
2.72103e-07
3.24021e-07
1.08269e-07
4.27094e-07
-1.1345e-07
3.3497e-07
-2.76018e-07
1.61471e-07
-2.17122e-07
-1.56439e-07
-2.55607e-07
9.76793e-08
-5.31293e-07
5.20113e-07
-9.28619e-07
2.67544e-06
-9.85859e-07
3.59434e-06
-4.12016e-07
1.3805e-06
9.56534e-08
7.3576e-07
1.43136e-07
1.31776e-07
2.54447e-07
-7.74077e-07
2.9196e-07
-2.4748e-06
1.09319e-07
-5.22112e-06
-3.35937e-06
-3.6949e-07
1.7594e-08
-3.67256e-07
1.23426e-09
-3.64096e-07
-1.87653e-08
-3.59296e-07
-4.27786e-08
-3.47362e-07
-7.23867e-08
-3.26758e-07
-1.20282e-07
-3.03244e-07
-2.04456e-07
-2.78271e-07
-3.42262e-07
-2.39373e-07
-5.29859e-07
-1.73905e-07
-7.5285e-07
-8.63677e-08
-9.61208e-07
7.36553e-09
-1.01606e-06
1.10476e-07
-8.14806e-07
1.79023e-07
-1.88341e-07
1.32199e-07
3.70854e-07
-4.20999e-08
6.01393e-07
-3.0702e-07
5.99891e-07
-4.54984e-07
3.09437e-07
-3.19095e-07
-2.92333e-07
-4.03233e-07
1.81821e-07
-7.59997e-07
8.76874e-07
-1.06045e-06
2.9759e-06
-7.70189e-07
3.30407e-06
-1.70497e-07
7.80814e-07
7.55648e-08
4.89696e-07
1.57179e-07
5.01609e-08
2.46696e-07
-8.636e-07
2.59669e-07
-2.48778e-06
4.62792e-08
-5.00773e-06
-3.164e-06
-4.42417e-07
1.34056e-08
-4.38421e-07
-2.75882e-09
-4.34981e-07
-2.22081e-08
-4.31038e-07
-4.67207e-08
-4.23831e-07
-7.95904e-08
-4.12587e-07
-1.31527e-07
-3.97888e-07
-2.19158e-07
-3.79822e-07
-3.60326e-07
-3.49794e-07
-5.59888e-07
-2.97724e-07
-8.04916e-07
-2.27103e-07
-1.03183e-06
-1.4384e-07
-1.09932e-06
-7.26799e-08
-8.85957e-07
-1.96125e-08
-2.41408e-07
-6.25471e-08
4.13795e-07
-2.63483e-07
8.02329e-07
-5.37177e-07
8.73583e-07
-5.81311e-07
3.53571e-07
-3.36379e-07
-5.37267e-07
-5.34012e-07
3.79457e-07
-1.00564e-06
1.3485e-06
-1.1971e-06
3.16737e-06
-6.11916e-07
2.71889e-06
2.02241e-08
1.48676e-07
7.57078e-08
4.3421e-07
1.6276e-07
-3.68917e-08
2.31584e-07
-9.3243e-07
2.19689e-07
-2.47588e-06
-8.13251e-09
-4.77991e-06
-2.94974e-06
-5.12487e-07
6.63117e-09
-5.0701e-07
-8.23061e-09
-5.02819e-07
-2.64018e-08
-4.99978e-07
-4.95611e-08
-4.96924e-07
-8.26403e-08
-4.92722e-07
-1.35728e-07
-4.87354e-07
-2.2453e-07
-4.80435e-07
-3.67242e-07
-4.64981e-07
-5.75344e-07
-4.3467e-07
-8.35223e-07
-3.89672e-07
-1.07682e-06
-3.31772e-07
-1.15722e-06
-2.90183e-07
-9.27536e-07
-2.65836e-07
-2.65756e-07
-3.25979e-07
4.7394e-07
-5.37556e-07
1.01391e-06
-7.7747e-07
1.11349e-06
-6.08614e-07
1.84715e-07
-2.65142e-07
-8.8074e-07
-6.40818e-07
7.55136e-07
-1.22189e-06
1.92957e-06
-1.24832e-06
3.19381e-06
-5.22155e-07
1.99272e-06
4.14485e-08
-4.14926e-07
7.66886e-08
3.98969e-07
1.62342e-07
-1.22545e-07
2.12059e-07
-9.8215e-07
1.72787e-07
-2.43661e-06
-7.75068e-08
-4.52961e-06
-2.74332e-06
-5.7112e-07
-1.52218e-09
-5.63967e-07
-1.5379e-08
-5.58488e-07
-3.18817e-08
-5.55111e-07
-5.2938e-08
-5.53663e-07
-8.40842e-08
-5.54694e-07
-1.34692e-07
-5.59265e-07
-2.19962e-07
-5.66638e-07
-3.59863e-07
-5.73102e-07
-5.6888e-07
-5.74248e-07
-8.34072e-07
-5.65734e-07
-1.08533e-06
-5.45108e-07
-1.17784e-06
-5.35506e-07
-9.37132e-07
-5.45117e-07
-2.56144e-07
-6.32811e-07
5.61631e-07
-8.38252e-07
1.21935e-06
-9.65914e-07
1.24116e-06
-5.60303e-07
-2.20898e-07
-1.96315e-07
-1.24473e-06
-7.25846e-07
1.28467e-06
-1.33616e-06
2.53988e-06
-1.06638e-06
2.92404e-06
-3.45257e-07
1.27159e-06
2.54687e-09
-7.62728e-07
7.63249e-08
3.25192e-07
1.58172e-07
-2.04392e-07
1.89706e-07
-1.01369e-06
1.23212e-07
-2.37012e-06
-1.39393e-07
-4.26701e-06
-2.54767e-06
-6.10315e-07
-1.14024e-08
-6.00339e-07
-2.53515e-08
-5.91225e-07
-4.0997e-08
-5.84312e-07
-5.98511e-08
-5.816e-07
-8.67929e-08
-5.85682e-07
-1.30605e-07
-5.99049e-07
-2.06596e-07
-6.23364e-07
-3.35544e-07
-6.58496e-07
-5.33746e-07
-7.00503e-07
-7.92062e-07
-7.40389e-07
-1.04544e-06
-7.7006e-07
-1.14818e-06
-7.98769e-07
-9.08421e-07
-8.46198e-07
-2.08712e-07
-9.57912e-07
6.73341e-07
-1.11599e-06
1.37742e-06
-1.06098e-06
1.18615e-06
-5.46626e-07
-7.3525e-07
-2.86846e-07
-1.50451e-06
-8.16509e-07
1.81434e-06
-1.34573e-06
3.06909e-06
-7.43567e-07
2.32188e-06
-1.00575e-07
6.28594e-07
-2.07476e-08
-8.42554e-07
7.77242e-08
2.26722e-07
1.51704e-07
-2.78371e-07
1.6536e-07
-1.02734e-06
7.25343e-08
-2.2773e-06
-1.96608e-07
-3.99786e-06
-2.36743e-06
-6.24549e-07
-2.25874e-08
-6.11179e-07
-3.87193e-08
-5.97021e-07
-5.51562e-08
-5.84498e-07
-7.23742e-08
-5.76933e-07
-9.43568e-08
-5.7928e-07
-1.28254e-07
-5.97664e-07
-1.88214e-07
-6.37836e-07
-2.95372e-07
-7.03265e-07
-4.68315e-07
-7.91283e-07
-7.04043e-07
-8.8948e-07
-9.47243e-07
-9.81031e-07
-1.05663e-06
-1.06428e-06
-8.25172e-07
-1.15513e-06
-1.17857e-07
-1.26386e-06
7.82063e-07
-1.31535e-06
1.42891e-06
-1.08075e-06
9.51555e-07
-6.2023e-07
-1.19577e-06
-5.45157e-07
-1.57958e-06
-9.30931e-07
2.20012e-06
-1.24797e-06
3.38612e-06
-4.6045e-07
1.53437e-06
3.28628e-08
1.35281e-07
-1.38178e-08
-7.95872e-07
7.94852e-08
1.33422e-07
1.43747e-07
-3.42631e-07
1.41638e-07
-1.02523e-06
2.7224e-08
-2.16289e-06
-2.43756e-07
-3.72687e-06
-2.20436e-06
-6.09251e-07
-3.24139e-08
-5.94477e-07
-5.34916e-08
-5.7664e-07
-7.29925e-08
-5.58995e-07
-9.00205e-08
-5.45072e-07
-1.0828e-07
-5.41057e-07
-1.32268e-07
-5.5662e-07
-1.72653e-07
-6.03657e-07
-2.48337e-07
-6.91721e-07
-3.80251e-07
-8.21522e-07
-5.74241e-07
-9.7864e-07
-7.90126e-07
-1.13463e-06
-9.00638e-07
-1.2686e-06
-6.91203e-07
-1.3885e-06
2.04669e-09
-1.46758e-06
8.61144e-07
-1.3927e-06
1.35403e-06
-1.04518e-06
6.0404e-07
-7.30544e-07
-1.51041e-06
-8.16544e-07
-1.49358e-06
-1.03818e-06
2.42177e-06
-1.04616e-06
3.39409e-06
-2.29652e-07
7.17858e-07
4.46799e-08
-1.39051e-07
-5.55416e-09
-7.45638e-07
8.00778e-08
4.77943e-08
1.34926e-07
-3.97478e-07
1.20475e-07
-1.01077e-06
-1.23512e-08
-2.03006e-06
-2.78199e-07
-3.46102e-06
-2.05798e-06
-5.53047e-07
-3.43618e-08
-5.41288e-07
-6.52491e-08
-5.25711e-07
-8.85683e-08
-5.09679e-07
-1.06052e-07
-4.94448e-07
-1.23512e-07
-4.8492e-07
-1.41796e-07
-4.92206e-07
-1.65369e-07
-5.32877e-07
-2.07669e-07
-6.24484e-07
-2.88645e-07
-7.76166e-07
-4.22556e-07
-9.77474e-07
-5.88819e-07
-1.18983e-06
-6.88279e-07
-1.36798e-06
-5.1306e-07
-1.48392e-06
1.17989e-07
-1.52411e-06
9.01343e-07
-1.34375e-06
1.17367e-06
-9.59798e-07
2.20089e-07
-8.35305e-07
-1.6349e-06
-9.87304e-07
-1.34159e-06
-1.01555e-06
2.45002e-06
-7.50753e-07
3.12929e-06
-4.21331e-08
9.23961e-09
3.47017e-08
-2.15885e-07
2.83624e-09
-7.13773e-07
7.94764e-08
-2.8842e-08
1.25834e-07
-4.43835e-07
1.03484e-07
-9.88415e-07
-4.19968e-08
-1.88458e-06
-2.98941e-07
-3.20407e-06
-1.92507e-06
-4.05687e-07
-3.02109e-08
-4.17424e-07
-5.35088e-08
-4.21873e-07
-8.41172e-08
-4.24979e-07
-1.02946e-07
-4.23958e-07
-1.24531e-07
-4.21067e-07
-1.44686e-07
-4.25225e-07
-1.61212e-07
-4.53488e-07
-1.79408e-07
-5.27719e-07
-2.14413e-07
-6.67753e-07
-2.82518e-07
-8.7528e-07
-3.81293e-07
-1.11394e-06
-4.49623e-07
-1.30371e-06
-3.2328e-07
-1.36946e-06
1.83737e-07
-1.34896e-06
8.80842e-07
-1.1469e-06
9.71608e-07
-8.0924e-07
-1.17568e-07
-8.38283e-07
-1.60585e-06
-1.04738e-06
-1.13249e-06
-8.24594e-07
2.22724e-06
-3.76486e-07
2.68117e-06
5.46058e-08
-4.21852e-07
4.10825e-08
-2.02362e-07
9.9307e-09
-6.82622e-07
7.80339e-08
-9.69423e-08
1.16839e-07
-4.8264e-07
9.13526e-08
-9.62923e-07
-5.74693e-08
-1.73576e-06
-3.06593e-07
-2.95494e-06
-1.79978e-06
-2.17461e-07
-1.98858e-08
-2.37615e-07
-3.3352e-08
-2.66809e-07
-5.49221e-08
-2.90855e-07
-7.88985e-08
-3.16515e-07
-9.88696e-08
-3.38307e-07
-1.22894e-07
-3.56883e-07
-1.42636e-07
-3.83676e-07
-1.52615e-07
-4.38041e-07
-1.60047e-07
-5.4221e-07
-1.78344e-07
-7.12265e-07
-2.11236e-07
-9.30211e-07
-2.31677e-07
-1.10459e-06
-1.48894e-07
-1.10258e-06
1.81727e-07
-9.3272e-07
7.10981e-07
-7.09556e-07
7.48444e-07
-5.28757e-07
-2.98369e-07
-7.25029e-07
-1.40958e-06
-1.00754e-06
-8.49988e-07
-6.20806e-07
1.84051e-06
-8.45911e-08
2.14496e-06
8.16876e-08
-5.8813e-07
4.515e-08
-1.65824e-07
1.39145e-08
-6.51388e-07
7.59468e-08
-1.58973e-07
1.08054e-07
-5.14748e-07
8.35203e-08
-9.38385e-07
-6.03783e-08
-1.59186e-06
-3.03525e-07
-2.71179e-06
-1.67528e-06
1.27522e-07
-1.06005e-08
8.64976e-08
7.6728e-09
1.82542e-08
1.33219e-08
-5.92954e-08
-1.3484e-09
-1.40926e-07
-1.72386e-08
-2.12856e-07
-5.09643e-08
-2.69489e-07
-8.60035e-08
-3.15812e-07
-1.06293e-07
-3.66098e-07
-1.0976e-07
-4.3881e-07
-1.05628e-07
-5.50232e-07
-9.98127e-08
-7.00583e-07
-8.13263e-08
-8.35579e-07
-1.38958e-08
-8.29956e-07
1.76104e-07
-5.89833e-07
4.70858e-07
-3.10032e-07
4.68643e-07
-2.45659e-07
-3.62746e-07
-5.73917e-07
-1.08133e-06
-8.73903e-07
-5.50004e-07
-4.67715e-07
1.43432e-06
3.59798e-08
1.64126e-06
7.2898e-08
-6.25048e-07
4.43616e-08
-1.37289e-07
1.70452e-08
-6.24073e-07
7.33902e-08
-2.15318e-07
9.93558e-08
-5.40715e-07
7.81049e-08
-9.1713e-07
-5.49711e-08
-1.45878e-06
-2.93285e-07
-2.47348e-06
-1.54662e-06
2.04991e-07
-5.69461e-08
2.27406e-07
-1.47428e-08
1.87812e-07
5.29152e-08
1.02353e-07
8.41096e-08
8.71692e-09
7.63972e-08
-8.7881e-08
4.56329e-08
-1.76919e-07
3.03313e-09
-2.4779e-07
-3.54235e-08
-3.08289e-07
-4.92597e-08
-3.68326e-07
-4.55873e-08
-4.37372e-07
-3.07655e-08
-5.16919e-07
-1.77995e-09
-5.86275e-07
5.54617e-08
-5.71953e-07
1.61782e-07
-3.89668e-07
2.88572e-07
-1.49817e-07
2.28794e-07
-1.65447e-07
-3.47119e-07
-4.92714e-07
-7.54058e-07
-7.03035e-07
-3.39685e-07
-3.19461e-07
1.05075e-06
9.58584e-08
1.22595e-06
6.02296e-08
-5.89419e-07
4.62758e-08
-1.23336e-07
1.95353e-08
-5.97334e-07
7.04573e-08
-2.6624e-07
9.0572e-08
-5.6083e-07
7.29511e-08
-8.99507e-07
-4.67332e-08
-1.3391e-06
-2.79391e-07
-2.24082e-06
-1.41311e-06
4.80873e-07
-1.02261e-07
4.93196e-07
-2.70681e-08
4.36479e-07
1.09631e-07
3.35933e-07
1.84654e-07
2.03198e-07
2.09132e-07
6.59096e-08
1.8292e-07
-5.87358e-08
1.27676e-07
-1.68154e-07
7.39929e-08
-2.56645e-07
3.92315e-08
-3.26031e-07
2.38005e-08
-3.81148e-07
2.43534e-08
-4.23103e-07
4.01741e-08
-4.4048e-07
7.28391e-08
-4.01745e-07
1.23047e-07
-2.75238e-07
1.62064e-07
-1.29785e-07
8.33436e-08
-1.92272e-07
-2.84633e-07
-4.40465e-07
-5.05865e-07
-5.5531e-07
-2.24839e-07
-2.04368e-07
6.9981e-07
1.32523e-07
8.89057e-07
5.17766e-08
-5.08673e-07
5.0048e-08
-1.21609e-07
2.1277e-08
-5.68564e-07
6.70736e-08
-3.12037e-07
8.1586e-08
-5.75342e-07
6.64719e-08
-8.84391e-07
-3.99881e-08
-1.23264e-06
-2.64227e-07
-2.01658e-06
-1.27806e-06
3.27339e-07
3.81873e-08
2.16597e-07
8.36734e-08
1.64917e-07
1.61311e-07
1.19377e-07
2.30193e-07
5.34429e-08
2.75066e-07
-2.70496e-08
2.63411e-07
-1.1558e-07
2.16205e-07
-2.0379e-07
1.62201e-07
-2.80803e-07
1.16245e-07
-3.41312e-07
8.43132e-08
-3.84047e-07
6.70895e-08
-4.06609e-07
6.27356e-08
-4.0127e-07
6.7501e-08
-3.55081e-07
7.68586e-08
-2.64831e-07
7.18136e-08
-1.79311e-07
-2.1725e-09
-2.38333e-07
-2.25612e-07
-3.99456e-07
-3.44739e-07
-4.49352e-07
-1.74942e-07
-1.53831e-07
4.04288e-07
1.24145e-07
6.11083e-07
4.16089e-08
-4.26139e-07
5.15042e-08
-1.31505e-07
2.20398e-08
-5.39099e-07
6.30502e-08
-3.53046e-07
7.24017e-08
-5.84692e-07
5.81653e-08
-8.70153e-07
-3.61108e-08
-1.13836e-06
-2.48572e-07
-1.80412e-06
-1.14632e-06
4.28901e-07
1.50083e-07
3.30223e-07
1.82352e-07
2.49922e-07
2.41612e-07
1.35456e-07
3.4466e-07
4.56405e-08
3.64881e-07
-2.71548e-08
3.36206e-07
-1.08761e-07
2.9781e-07
-1.99982e-07
2.53421e-07
-2.91071e-07
2.07334e-07
-3.66935e-07
1.60181e-07
-4.17719e-07
1.17876e-07
-4.39428e-07
8.44454e-08
-4.29918e-07
5.79924e-08
-3.87773e-07
3.47141e-08
-3.18641e-07
2.68271e-09
-2.58793e-07
-6.20159e-08
-2.86649e-07
-1.97755e-07
-3.70467e-07
-2.60918e-07
-3.7852e-07
-1.66887e-07
-1.49356e-07
1.75122e-07
8.3247e-08
3.78481e-07
2.75044e-08
-3.70398e-07
4.8541e-08
-1.52541e-07
2.16539e-08
-5.12209e-07
5.81994e-08
-3.89589e-07
6.31907e-08
-5.8968e-07
4.85181e-08
-8.55477e-07
-3.36754e-08
-1.05617e-06
-2.32016e-07
-1.60578e-06
-1.02204e-06
4.92641e-07
2.10931e-07
4.13622e-07
2.61372e-07
3.0819e-07
3.47047e-07
1.79692e-07
4.7316e-07
4.65399e-08
4.98034e-07
-8.23269e-08
4.65073e-07
-2.01916e-07
4.17398e-07
-3.17516e-07
3.6902e-07
-4.16661e-07
3.0648e-07
-4.87933e-07
2.31457e-07
-5.29013e-07
1.5896e-07
-5.35716e-07
9.11503e-08
-5.11199e-07
3.3476e-08
-4.62996e-07
-1.34877e-08
-3.95922e-07
-6.43902e-08
-3.37718e-07
-1.20215e-07
-3.30961e-07
-2.0451e-07
-3.52728e-07
-2.39149e-07
-3.31833e-07
-1.87782e-07
-1.62191e-07
5.4763e-09
3.47712e-08
1.8152e-07
1.18407e-08
-3.4747e-07
4.14865e-08
-1.82185e-07
2.00688e-08
-4.90788e-07
5.24234e-08
-4.2194e-07
5.40684e-08
-5.91321e-07
3.82608e-08
-8.39666e-07
-3.23891e-08
-9.85517e-07
-2.13849e-07
-1.42432e-06
-9.08296e-07
4.28453e-07
2.71871e-07
3.20701e-07
3.69126e-07
1.85373e-07
4.82376e-07
8.397e-08
5.74564e-07
-1.83748e-09
5.83842e-07
-1.12345e-07
5.7558e-07
-2.48101e-07
5.53153e-07
-3.97965e-07
5.18884e-07
-5.2121e-07
4.29727e-07
-6.18541e-07
3.28792e-07
-6.76244e-07
2.16667e-07
-6.75392e-07
9.0301e-08
-6.25952e-07
-1.59627e-08
-5.60217e-07
-7.92223e-08
-4.81362e-07
-1.43244e-07
-4.08731e-07
-1.92841e-07
-3.67678e-07
-2.45561e-07
-3.43016e-07
-2.63809e-07
-2.98773e-07
-2.32024e-07
-1.69521e-07
-1.2378e-07
-7.2824e-09
1.92809e-08
-3.77321e-09
-3.50981e-07
3.1946e-08
-2.17902e-07
1.73846e-08
-4.76223e-07
4.57889e-08
-4.5034e-07
4.52129e-08
-5.9074e-07
2.82132e-08
-8.22664e-07
-3.23352e-08
-9.24967e-07
-1.93423e-07
-1.26323e-06
-8.07406e-07
8.59354e-08
3.44872e-07
2.28749e-08
4.32187e-07
-2.91109e-08
5.34362e-07
-1.06797e-07
6.5225e-07
-2.19376e-07
6.96421e-07
-3.47688e-07
7.03891e-07
-4.91559e-07
6.97023e-07
-6.34607e-07
6.61931e-07
-7.88321e-07
5.83442e-07
-9.17731e-07
4.58206e-07
-9.77192e-07
2.76133e-07
-9.38025e-07
5.11367e-08
-8.15863e-07
-1.38123e-07
-6.91001e-07
-2.04084e-07
-5.71015e-07
-2.63228e-07
-4.69105e-07
-2.94747e-07
-3.94654e-07
-3.2001e-07
-3.3615e-07
-3.22311e-07
-2.73822e-07
-2.94352e-07
-1.70135e-07
-2.2747e-07
-3.28284e-08
-1.18025e-07
-2.36383e-08
-3.60173e-07
2.18853e-08
-2.63424e-07
1.38432e-08
-4.68179e-07
3.84809e-08
-4.74975e-07
3.67563e-08
-5.89013e-07
1.90823e-08
-8.04988e-07
-3.17704e-08
-8.74114e-07
-1.70004e-07
-1.12499e-06
-7.21271e-07
-8.72046e-08
4.53545e-07
-1.84152e-07
5.29134e-07
-2.64404e-07
6.14614e-07
-3.05836e-07
6.93681e-07
-3.73832e-07
7.64415e-07
-4.84009e-07
8.14067e-07
-6.45578e-07
8.58589e-07
-8.41993e-07
8.58345e-07
-1.02995e-06
7.71402e-07
-1.16992e-06
5.98182e-07
-1.2506e-06
3.56812e-07
-1.17709e-06
-2.23665e-08
-1.00227e-06
-3.12942e-07
-8.14695e-07
-3.9166e-07
-6.4371e-07
-4.34214e-07
-5.05809e-07
-4.32645e-07
-4.02284e-07
-4.23534e-07
-3.20564e-07
-4.0403e-07
-2.47686e-07
-3.67229e-07
-1.61322e-07
-3.13837e-07
-4.88458e-08
-2.30499e-07
-3.34258e-08
-3.75595e-07
1.2644e-08
-3.09492e-07
1.01249e-08
-4.65659e-07
3.06874e-08
-4.95538e-07
2.87493e-08
-5.87073e-07
1.15427e-08
-7.87781e-07
-2.9704e-08
-8.32868e-07
-1.42678e-07
-1.01202e-06
-6.51622e-07
4.92025e-07
5.54352e-07
3.49826e-07
6.71332e-07
1.69113e-07
7.95326e-07
2.51771e-08
8.37615e-07
-1.7613e-07
9.6572e-07
-4.98104e-07
1.13604e-06
-7.82473e-07
1.14296e-06
-1.04576e-06
1.12163e-06
-1.23904e-06
9.6468e-07
-1.39884e-06
7.57981e-07
-1.50117e-06
4.59153e-07
-1.43747e-06
-8.60625e-08
-1.21641e-06
-5.34003e-07
-9.10805e-07
-6.97267e-07
-6.6905e-07
-6.7597e-07
-4.95943e-07
-6.05752e-07
-3.73202e-07
-5.46275e-07
-2.82573e-07
-4.94657e-07
-2.09638e-07
-4.40161e-07
-1.3919e-07
-3.84285e-07
-5.25812e-08
-3.17105e-07
-3.47845e-08
-3.93395e-07
5.2871e-09
-3.49564e-07
6.67489e-09
-4.67048e-07
2.24154e-08
-5.11281e-07
2.10035e-08
-5.85661e-07
6.14468e-09
-7.72922e-07
-2.5257e-08
-8.01467e-07
-1.10319e-07
-9.26954e-07
-6.00388e-07
1.76295e-06
4.42501e-07
1.86424e-06
5.70042e-07
1.93143e-06
7.28139e-07
1.864e-06
9.05044e-07
1.76832e-06
1.06139e-06
1.67618e-06
1.22817e-06
1.43704e-06
1.3821e-06
1.0885e-06
1.47017e-06
6.04228e-07
1.44895e-06
5.22818e-08
1.30993e-06
-4.322e-07
9.43639e-07
-8.21708e-07
3.03448e-07
-8.69564e-07
-4.86146e-07
-6.71869e-07
-8.94964e-07
-4.8836e-07
-8.59482e-07
-3.57783e-07
-7.36328e-07
-2.65381e-07
-6.38675e-07
-1.98238e-07
-5.61797e-07
-1.44898e-07
-4.93497e-07
-9.7503e-08
-4.3168e-07
-4.1575e-08
-3.73033e-07
-2.69983e-08
-4.07976e-07
9.67263e-10
-3.77532e-07
3.69638e-09
-4.69779e-07
1.34994e-08
-5.21087e-07
1.29317e-08
-5.85094e-07
2.99667e-09
-7.62987e-07
-1.75645e-08
-7.80906e-07
-7.14279e-08
-8.7309e-07
-5.69904e-07
1.87409e-06
2.05249e-06
2.24232e-06
2.42578e-06
2.58041e-06
2.63683e-06
2.53581e-06
2.20928e-06
1.77529e-06
1.30644e-06
8.67935e-07
3.53521e-07
7.18491e-08
-3.31869e-08
-7.23915e-08
-8.25118e-08
-7.67975e-08
-6.4882e-08
-5.06574e-08
-3.5527e-08
-1.65764e-08
-1.05828e-08
1.15131e-10
1.26127e-09
4.30937e-09
4.18891e-09
8.71428e-10
-6.39045e-09
-2.44503e-08
)
;

boundaryField
{
    leftWall
    {
        type            calculated;
        value           uniform 0;
    }
    rightWall
    {
        type            calculated;
        value           uniform 0;
    }
    lowerWall
    {
        type            calculated;
        value           uniform 0;
    }
    atmosphere
    {
        type            calculated;
        value           nonuniform List<scalar> 
120
(
3.83252e-07
8.24845e-07
1.37233e-06
1.36912e-06
6.93944e-07
2.98986e-07
7.97368e-08
-4.76351e-08
-1.34934e-07
-2.0635e-07
-2.64402e-07
-3.12324e-07
-3.50752e-07
-3.77433e-07
-3.9263e-07
-3.98469e-07
-3.98156e-07
-3.94591e-07
-3.88821e-07
-3.79891e-07
-3.66463e-07
-3.48178e-07
-3.25411e-07
-2.98509e-07
-2.67508e-07
-2.32143e-07
-1.91782e-07
-1.45231e-07
-9.07543e-08
-2.80539e-08
-6.75972e-07
-6.41342e-07
-7.31819e-07
-4.89379e-07
-3.84167e-07
-2.06615e-07
-8.01118e-08
1.17051e-08
1.46867e-07
1.70378e-07
3.4867e-07
3.88749e-07
6.03248e-07
5.19575e-07
4.97858e-07
4.19282e-07
3.27939e-07
2.19198e-07
1.08092e-07
1.02101e-08
-6.42422e-08
-1.12112e-07
-1.32429e-07
-1.27537e-07
-1.00004e-07
-4.46937e-08
2.97388e-08
1.01788e-07
1.63953e-07
2.13219e-07
2.79848e-07
3.91634e-07
5.38313e-07
7.21579e-07
9.06768e-07
1.17175e-06
1.48311e-06
1.79671e-06
1.88294e-06
1.77879e-06
1.38214e-06
8.17863e-07
-2.04476e-07
-7.89931e-07
-8.20279e-07
-7.26206e-07
-6.44386e-07
-5.73709e-07
-5.0772e-07
-4.46811e-07
-3.91984e-07
-4.13973e-07
-3.88234e-07
-4.70926e-07
-5.24137e-07
-5.84974e-07
-7.5967e-07
-7.73645e-07
-8.5503e-07
-5.61607e-07
3.85018e-07
8.29456e-07
1.38097e-06
1.3742e-06
6.87794e-07
2.92678e-07
7.17015e-08
-5.88923e-08
-1.4909e-07
-2.22402e-07
-2.83925e-07
-3.35042e-07
-3.76848e-07
-4.06832e-07
-4.24576e-07
-4.31852e-07
-4.31884e-07
-4.28025e-07
-4.2194e-07
-4.12904e-07
-3.99276e-07
-3.80319e-07
-3.56291e-07
-3.27594e-07
-2.94313e-07
-2.56139e-07
-2.12328e-07
-1.61553e-07
-1.01912e-07
-3.2748e-08
)
;
    }
    defaultFaces
    {
        type            empty;
        value           nonuniform 0();
    }
}


// ************************************************************************* //
