/*--------------------------------*- C++ -*----------------------------------*\
| =========                 |                                                 |
| \\      /  F ield         | OpenFOAM: The Open Source CFD Toolbox           |
|  \\    /   O peration     | Version:  2.4.0                                 |
|   \\  /    A nd           | Web:      www.OpenFOAM.org                      |
|    \\/     M anipulation  |                                                 |
\*---------------------------------------------------------------------------*/
FoamFile
{
    version     2.0;
    format      ascii;
    class       surfaceScalarField;
    location    "0.014";
    object      phi;
}
// * * * * * * * * * * * * * * * * * * * * * * * * * * * * * * * * * * * * * //

dimensions      [0 3 -1 0 0 0 0];

internalField   nonuniform List<scalar> 
7080
(
-1.72463e-09
1.72463e-09
-4.06027e-09
2.33569e-09
-7.66856e-09
3.60824e-09
-1.32284e-08
5.55983e-09
-2.14191e-08
8.19071e-09
-3.28923e-08
1.14732e-08
-4.82486e-08
1.53564e-08
-6.79953e-08
1.97466e-08
-9.23419e-08
2.43466e-08
-1.21052e-07
2.87102e-08
-1.53573e-07
3.25212e-08
-1.89276e-07
3.57029e-08
-2.27665e-07
3.83884e-08
-2.68571e-07
4.09069e-08
-3.12345e-07
4.37739e-08
-3.5984e-07
4.74951e-08
-4.12118e-07
5.22773e-08
-4.69579e-07
5.74615e-08
-5.30449e-07
6.08695e-08
-5.88546e-07
5.8097e-08
-6.30549e-07
4.20031e-08
-6.39208e-07
8.65948e-09
-6.04875e-07
-3.43333e-08
-5.38579e-07
-6.62961e-08
-4.65481e-07
-7.30981e-08
-3.92551e-07
-7.29301e-08
-2.94795e-07
-9.77553e-08
-1.57625e-07
-1.3717e-07
-5.0281e-08
-1.07344e-07
-5.01422e-08
-1.387e-10
-1.97455e-09
3.69914e-09
-4.65689e-09
5.0181e-09
-8.81838e-09
7.76969e-09
-1.52615e-08
1.20029e-08
-2.48086e-08
1.77379e-08
-3.82712e-08
2.49357e-08
-5.64201e-08
3.35054e-08
-7.99312e-08
4.32577e-08
-1.09159e-07
5.35749e-08
-1.43956e-07
6.35063e-08
-1.83768e-07
7.23332e-08
-2.27861e-07
7.97966e-08
-2.75508e-07
8.60356e-08
-3.2618e-07
9.15789e-08
-3.79755e-07
9.73492e-08
-4.36513e-07
1.04252e-07
-4.96774e-07
1.12538e-07
-5.59976e-07
1.20663e-07
-6.23307e-07
1.24201e-07
-6.80267e-07
1.15057e-07
-7.18354e-07
8.009e-08
-7.20576e-07
1.08821e-08
-6.75406e-07
-7.95043e-08
-5.93188e-07
-1.48514e-07
-5.07498e-07
-1.58787e-07
-4.37671e-07
-1.42758e-07
-3.37479e-07
-1.97947e-07
-1.52005e-07
-3.22644e-07
-2.79508e-08
-2.31398e-07
-7.79184e-08
-1.74701e-10
-1.97691e-09
5.67601e-09
-4.66334e-09
7.70461e-09
-8.83308e-09
1.19394e-08
-1.52931e-08
1.84629e-08
-2.48725e-08
2.73174e-08
-3.83923e-08
3.84553e-08
-5.66378e-08
5.17509e-08
-8.03113e-08
6.69312e-08
-1.09804e-07
8.30675e-08
-1.44997e-07
9.86999e-08
-1.85359e-07
1.12694e-07
-2.30152e-07
1.2459e-07
-2.78611e-07
1.34495e-07
-3.3012e-07
1.43088e-07
-3.84443e-07
1.51672e-07
-4.41757e-07
1.61566e-07
-5.02384e-07
1.73166e-07
-5.66002e-07
1.84281e-07
-6.30462e-07
1.88661e-07
-6.90879e-07
1.75474e-07
-7.36653e-07
1.25864e-07
-7.48547e-07
2.27761e-08
-7.05235e-07
-1.22816e-07
-6.1e-07
-2.43749e-07
-5.09554e-07
-2.59233e-07
-4.59117e-07
-1.93195e-07
-3.69596e-07
-2.87468e-07
-1.09686e-07
-5.82554e-07
2.23341e-08
-3.63418e-07
-5.53476e-08
-2.36642e-10
-1.96321e-09
7.63917e-09
-4.63148e-09
1.0373e-08
-8.77388e-09
1.60817e-08
-1.51938e-08
2.48829e-08
-2.47169e-08
3.68405e-08
-3.81599e-08
5.18983e-08
-5.63053e-08
6.98963e-08
-7.98641e-08
9.049e-08
-1.09245e-07
1.12449e-07
-1.44341e-07
1.33796e-07
-1.84617e-07
1.5297e-07
-2.29324e-07
1.69298e-07
-2.77661e-07
1.82831e-07
-3.2894e-07
1.94367e-07
-3.82858e-07
2.0559e-07
-4.39615e-07
2.18324e-07
-4.99835e-07
2.33385e-07
-5.64046e-07
2.48493e-07
-6.31615e-07
2.5623e-07
-7.00205e-07
2.44063e-07
-7.62418e-07
1.88077e-07
-7.94322e-07
5.46805e-08
-7.57301e-07
-1.59837e-07
-6.34227e-07
-3.66823e-07
-4.85896e-07
-4.07564e-07
-4.40489e-07
-2.38602e-07
-3.56503e-07
-3.71454e-07
-7.06106e-08
-8.68447e-07
4.47988e-08
-4.78827e-07
-1.04127e-08
-1.36102e-10
-1.94425e-09
9.58338e-09
-4.58732e-09
1.30161e-08
-8.6916e-09
2.0186e-08
-1.50553e-08
3.12466e-08
-2.44984e-08
4.62837e-08
-3.7831e-08
6.52308e-08
-5.58297e-08
8.78951e-08
-7.92141e-08
1.13874e-07
-1.08414e-07
1.41649e-07
-1.4333e-07
1.68712e-07
-1.83422e-07
1.93062e-07
-2.27923e-07
2.13798e-07
-2.75984e-07
2.30892e-07
-3.2683e-07
2.45214e-07
-3.80075e-07
2.58835e-07
-4.35945e-07
2.74193e-07
-4.95443e-07
2.92883e-07
-5.60226e-07
3.13276e-07
-6.31664e-07
3.27668e-07
-7.10613e-07
3.23012e-07
-7.95037e-07
2.72501e-07
-8.58845e-07
1.18489e-07
-8.34345e-07
-1.84338e-07
-6.56265e-07
-5.44903e-07
-4.04339e-07
-6.5949e-07
-3.46412e-07
-2.96529e-07
-2.78355e-07
-4.3951e-07
-1.14177e-07
-1.03263e-06
-4.21541e-08
-5.5085e-07
-5.27813e-08
2.14376e-10
-1.92044e-09
1.15038e-08
-4.53184e-09
1.56276e-08
-8.58816e-09
2.42422e-08
-1.4881e-08
3.75394e-08
-2.42233e-08
5.5626e-08
-3.74165e-08
7.8424e-08
-5.52292e-08
1.05708e-07
-7.83914e-08
1.37037e-07
-1.07359e-07
1.70616e-07
-1.42044e-07
2.03397e-07
-1.81899e-07
2.32917e-07
-2.26136e-07
2.58035e-07
-2.73853e-07
2.78609e-07
-3.24162e-07
2.95523e-07
-3.7656e-07
3.11233e-07
-4.31256e-07
3.28889e-07
-4.89596e-07
3.51223e-07
-5.545e-07
3.78179e-07
-6.29879e-07
4.03047e-07
-7.20531e-07
4.13664e-07
-8.32618e-07
3.84588e-07
-9.42947e-07
2.28818e-07
-9.48035e-07
-1.7925e-07
-7.01086e-07
-7.91852e-07
-3.25651e-07
-1.03493e-06
-2.37955e-07
-3.84225e-07
-2.48338e-07
-4.29127e-07
-2.52089e-07
-1.02887e-06
-2.11829e-07
-5.91111e-07
-2.65047e-07
4.36793e-10
-1.89184e-09
1.33956e-08
-4.46519e-09
1.8201e-08
-8.46384e-09
2.82408e-08
-1.46714e-08
4.3747e-08
-2.38923e-08
6.4847e-08
-3.69177e-08
9.14493e-08
-5.45054e-08
1.23296e-07
-7.73978e-08
1.59929e-07
-1.06083e-07
1.99301e-07
-1.40487e-07
2.37802e-07
-1.80056e-07
2.72485e-07
-2.2398e-07
3.01959e-07
-2.71301e-07
3.2593e-07
-3.20989e-07
3.45212e-07
-3.7238e-07
3.62623e-07
-4.25588e-07
3.82097e-07
-4.82178e-07
4.07813e-07
-5.46303e-07
4.42304e-07
-6.24986e-07
4.8173e-07
-7.27354e-07
5.16032e-07
-8.68689e-07
5.25923e-07
-1.03317e-06
3.93301e-07
-1.08292e-06
-1.29502e-07
-8.2092e-07
-1.05385e-06
-4.50856e-07
-1.40499e-06
-2.62498e-07
-5.72584e-07
-2.76741e-07
-4.14884e-07
-3.18027e-07
-9.87589e-07
-2.9084e-07
-6.18298e-07
-5.55635e-07
-2.51801e-10
-1.85853e-09
1.52541e-08
-4.38752e-09
2.07301e-08
-8.31889e-09
3.21722e-08
-1.4427e-08
4.9855e-08
-2.35062e-08
7.39262e-08
-3.63355e-08
1.04278e-07
-5.36595e-08
1.4062e-07
-7.62342e-08
1.82504e-07
-1.04586e-07
2.27653e-07
-1.38662e-07
2.71878e-07
-1.77896e-07
3.1172e-07
-2.21462e-07
3.45525e-07
-2.68344e-07
3.72811e-07
-3.17343e-07
3.94212e-07
-3.67571e-07
4.12851e-07
-4.18919e-07
4.33446e-07
-4.72865e-07
4.6176e-07
-5.34307e-07
5.03745e-07
-6.13976e-07
5.614e-07
-7.26675e-07
6.2873e-07
-8.87568e-07
6.86817e-07
-1.07708e-06
5.82818e-07
-1.13924e-06
-6.73426e-08
-9.78985e-07
-1.21411e-06
-8.06929e-07
-1.57704e-06
-4.47066e-07
-9.32447e-07
-2.23168e-07
-6.38781e-07
-2.02138e-07
-1.00862e-06
-1.75922e-07
-6.44514e-07
-7.30355e-07
-1.20112e-09
-1.82058e-09
1.70746e-08
-4.29902e-09
2.32086e-08
-8.15363e-09
3.60267e-08
-1.41482e-08
5.58496e-08
-2.30657e-08
8.28438e-08
-3.56711e-08
1.16884e-07
-5.26926e-08
1.57641e-07
-7.49013e-08
2.04712e-07
-1.0287e-07
2.55622e-07
-1.36567e-07
3.05575e-07
-1.75421e-07
3.50574e-07
-2.18588e-07
3.88692e-07
-2.65e-07
4.19223e-07
-3.13265e-07
4.42477e-07
-3.62216e-07
4.61802e-07
-4.11451e-07
4.82681e-07
-4.62268e-07
5.12577e-07
-5.19898e-07
5.61376e-07
-5.97098e-07
6.386e-07
-7.10114e-07
7.41747e-07
-8.50996e-07
8.27699e-07
-9.83599e-07
7.1542e-07
-9.81143e-07
-6.97987e-08
-9.08386e-07
-1.28687e-06
-8.72253e-07
-1.61318e-06
-5.13091e-07
-1.29161e-06
-1.74777e-07
-9.77095e-07
-1.4794e-07
-1.03546e-06
-3.40837e-08
-7.5837e-07
-7.63171e-07
-1.26807e-09
-1.77808e-09
1.88526e-08
-4.19987e-09
2.56304e-08
-7.9684e-09
3.97952e-08
-1.38356e-08
6.17167e-08
-2.25718e-08
9.15801e-08
-3.49259e-08
1.29238e-07
-5.16064e-08
1.74322e-07
-7.34002e-08
2.26506e-07
-1.00935e-07
2.83156e-07
-1.34206e-07
3.38845e-07
-1.72633e-07
3.89002e-07
-2.15362e-07
4.31421e-07
-2.61286e-07
4.65147e-07
-3.0879e-07
4.8998e-07
-3.56328e-07
5.0934e-07
-4.02848e-07
5.292e-07
-4.48317e-07
5.58046e-07
-4.95278e-07
6.08337e-07
-5.53116e-07
6.96438e-07
-6.38371e-07
8.27002e-07
-7.31237e-07
9.20565e-07
-7.3715e-07
7.21333e-07
-5.98954e-07
-2.07995e-07
-4.64076e-07
-1.42175e-06
-4.06919e-07
-1.67033e-06
-3.18046e-07
-1.38048e-06
-2.06996e-07
-1.08815e-06
-1.79941e-07
-1.06251e-06
-3.82999e-08
-9.00012e-07
-8.01114e-07
-3.56827e-10
-1.73113e-09
2.05837e-08
-4.09031e-09
2.79897e-08
-7.76361e-09
4.34685e-08
-1.34898e-08
6.7443e-08
-2.20254e-08
1.00116e-07
-3.41016e-08
1.41314e-07
-5.04025e-08
1.90623e-07
-7.1732e-08
2.47835e-07
-9.87816e-08
3.10206e-07
-1.31577e-07
3.71641e-07
-1.69533e-07
4.26958e-07
-2.11789e-07
4.73677e-07
-2.57225e-07
5.10583e-07
-3.03986e-07
5.36742e-07
-3.5016e-07
5.55514e-07
-3.94235e-07
5.73275e-07
-4.35781e-07
5.99591e-07
-4.76801e-07
6.49357e-07
-5.20578e-07
7.40214e-07
-5.61064e-07
8.67488e-07
-5.57459e-07
9.16959e-07
-4.25855e-07
5.8973e-07
-1.83748e-07
-4.50103e-07
1.50497e-08
-1.62054e-06
6.1407e-08
-1.71669e-06
5.95254e-08
-1.3786e-06
4.83852e-08
-1.07701e-06
7.38446e-11
-1.0142e-06
-1.20985e-08
-8.87839e-07
-8.13041e-07
-1.71196e-10
-1.67984e-09
2.22635e-08
-3.97059e-09
3.02805e-08
-7.5397e-09
4.70376e-08
-1.31117e-08
7.30149e-08
-2.14277e-08
1.08432e-07
-3.31998e-08
1.53086e-07
-4.90829e-08
2.06506e-07
-6.9898e-08
2.6865e-07
-9.64105e-08
3.36718e-07
-1.28683e-07
4.03914e-07
-1.66123e-07
4.64398e-07
-2.07871e-07
5.15425e-07
-2.52829e-07
5.5554e-07
-2.98877e-07
5.8279e-07
-3.43583e-07
6.0022e-07
-3.84275e-07
6.13967e-07
-4.17478e-07
6.32794e-07
-4.38453e-07
6.70332e-07
-4.38333e-07
7.40095e-07
-3.99481e-07
8.28636e-07
-2.9904e-07
8.16519e-07
-1.27004e-07
4.17694e-07
1.4161e-07
-7.18716e-07
2.73937e-07
-1.75287e-06
2.36165e-07
-1.67892e-06
2.60746e-07
-1.40318e-06
3.20241e-07
-1.1365e-06
2.33372e-07
-9.2733e-07
1.06831e-07
-7.61298e-07
-7.05825e-07
-3.85227e-10
-1.62434e-09
2.38878e-08
-3.84098e-09
3.24972e-08
-7.29713e-09
5.04937e-08
-1.27019e-08
7.84196e-08
-2.07799e-08
1.1651e-07
-3.22225e-08
1.64529e-07
-4.76499e-08
2.21933e-07
-6.78995e-08
2.889e-07
-9.38228e-08
3.62642e-07
-1.25524e-07
4.35615e-07
-1.62404e-07
5.01277e-07
-2.0361e-07
5.56632e-07
-2.4812e-07
6.0005e-07
-2.93564e-07
6.28235e-07
-3.37088e-07
6.43744e-07
-3.75432e-07
6.52311e-07
-4.03945e-07
6.61307e-07
-4.15555e-07
6.81941e-07
-3.94768e-07
7.19307e-07
-3.11362e-07
7.4523e-07
-1.34874e-07
6.40031e-07
1.07751e-07
1.75069e-07
3.71138e-07
-9.82104e-07
3.93344e-07
-1.77508e-06
3.5892e-07
-1.64449e-06
3.03721e-07
-1.34798e-06
2.78745e-07
-1.11152e-06
2.4957e-07
-8.98155e-07
1.58115e-07
-6.69843e-07
-5.48213e-07
5.02533e-10
-1.56475e-09
2.54526e-08
-3.70179e-09
3.46343e-08
-7.03644e-09
5.38283e-08
-1.22612e-08
8.36444e-08
-2.00833e-08
1.24332e-07
-3.11721e-08
1.75617e-07
-4.6106e-08
2.36867e-07
-6.5738e-08
3.08532e-07
-9.10191e-08
3.87923e-07
-1.22102e-07
4.66698e-07
-1.58376e-07
5.37551e-07
-1.99002e-07
5.97258e-07
-2.43109e-07
6.44157e-07
-2.88073e-07
6.73199e-07
-3.30584e-07
6.86254e-07
-3.66641e-07
6.88368e-07
-3.8971e-07
6.84376e-07
-3.89895e-07
6.82126e-07
-3.48833e-07
6.78245e-07
-2.35034e-07
6.31432e-07
-2.58611e-08
4.30857e-07
2.45471e-07
-9.62633e-08
4.07457e-07
-1.14409e-06
2.5663e-07
-1.62425e-06
2.37421e-07
-1.62528e-06
2.81673e-07
-1.39224e-06
1.11542e-07
-9.41394e-07
2.41258e-07
-1.02787e-06
1.51918e-07
-5.80502e-07
-4.01995e-07
5.69856e-09
-1.50123e-09
2.69538e-08
-3.55333e-09
3.66864e-08
-6.75818e-09
5.70332e-08
-1.17907e-08
8.86769e-08
-1.93395e-08
1.31881e-07
-3.00509e-08
1.86329e-07
-4.44539e-08
2.5127e-07
-6.34153e-08
3.27493e-07
-8.80004e-08
4.12508e-07
-1.18416e-07
4.97114e-07
-1.5404e-07
5.73175e-07
-1.94041e-07
6.37259e-07
-2.37804e-07
6.8792e-07
-2.82467e-07
7.17862e-07
-3.24289e-07
7.28077e-07
-3.58712e-07
7.22791e-07
-3.77458e-07
7.03122e-07
-3.68676e-07
6.73344e-07
-3.15708e-07
6.25278e-07
-1.97968e-07
5.13692e-07
-1.24294e-08
2.45319e-07
2.05529e-07
-3.14221e-07
2.25667e-07
-1.16423e-06
-1.25317e-07
-1.27327e-06
-1.07617e-07
-1.64298e-06
-4.01406e-07
-1.09845e-06
-9.16687e-08
-1.25113e-06
-1.85846e-08
-1.10095e-06
-2.32504e-08
-5.75832e-07
-4.22486e-07
-2.7566e-09
-1.43392e-09
2.83877e-08
-3.39595e-09
3.86485e-08
-6.46296e-09
6.01001e-08
-1.12913e-08
9.35052e-08
-1.85499e-08
1.39139e-07
-2.88616e-08
1.9664e-07
-4.2697e-08
2.65106e-07
-6.09329e-08
3.45729e-07
-8.47676e-08
4.36343e-07
-1.14469e-07
5.26815e-07
-1.49397e-07
6.08103e-07
-1.88717e-07
6.76579e-07
-2.32208e-07
7.3141e-07
-2.76807e-07
7.62461e-07
-3.18479e-07
7.69749e-07
-3.52847e-07
7.57159e-07
-3.71422e-07
7.21697e-07
-3.63233e-07
6.65155e-07
-3.1739e-07
5.79435e-07
-2.24877e-07
4.21179e-07
-8.91278e-08
1.0957e-07
6.05679e-08
-4.63917e-07
-5.69327e-08
-1.04673e-06
-2.50198e-07
-1.08e-06
-3.15405e-07
-1.57778e-06
-4.29513e-07
-9.84329e-07
-3.89245e-07
-1.2914e-06
-4.75106e-07
-1.01509e-06
-2.54465e-07
-7.9647e-07
-6.70954e-07
-5.99687e-09
-1.36299e-09
2.97506e-08
-3.23002e-09
4.05156e-08
-6.15141e-09
6.30215e-08
-1.07639e-08
9.81177e-08
-1.77162e-08
1.46092e-07
-2.7607e-08
2.06531e-07
-4.08386e-08
2.78337e-07
-5.82929e-08
3.63184e-07
-8.13218e-08
4.59371e-07
-1.10261e-07
5.55754e-07
-1.44448e-07
6.42291e-07
-1.83013e-07
7.15143e-07
-2.26308e-07
7.74706e-07
-2.71089e-07
8.07242e-07
-3.13005e-07
8.11665e-07
-3.48105e-07
7.92259e-07
-3.67269e-07
7.40861e-07
-3.60307e-07
6.58193e-07
-3.21605e-07
5.40732e-07
-2.60783e-07
3.60357e-07
-2.04476e-07
5.32631e-08
-1.4637e-07
-5.22023e-07
4.2413e-08
-1.23551e-06
1.97862e-06
-3.01621e-06
1.30988e-06
-9.0904e-07
7.91765e-07
-4.66215e-07
1.40152e-07
-6.39783e-07
-1.01325e-07
-7.73616e-07
-7.63679e-08
-8.21427e-07
-7.3666e-07
-1.06611e-08
-1.28861e-09
3.10392e-08
-3.05593e-09
4.22829e-08
-5.82421e-09
6.57898e-08
-1.02098e-08
1.02503e-07
-1.68401e-08
1.52722e-07
-2.62905e-08
2.15981e-07
-3.88828e-08
2.9093e-07
-5.54972e-08
3.79798e-07
-7.76639e-08
4.81538e-07
-1.05793e-07
5.83883e-07
-1.39196e-07
6.75694e-07
-1.76903e-07
7.5285e-07
-2.20083e-07
8.17887e-07
-2.65337e-07
8.52496e-07
-3.07994e-07
8.54322e-07
-3.45488e-07
8.29753e-07
-3.69489e-07
7.64861e-07
-3.71908e-07
6.60613e-07
-3.49709e-07
5.18533e-07
-3.11818e-07
3.22466e-07
-3.21937e-07
6.33821e-08
-4.21671e-07
-4.22289e-07
-2.14014e-06
4.82958e-07
-9.16806e-07
-4.23954e-06
2.46626e-07
-2.07247e-06
7.23806e-07
-9.43391e-07
6.68663e-07
-5.84641e-07
5.13017e-07
-6.17971e-07
2.5528e-07
-5.63686e-07
-4.66309e-07
-1.507e-08
-1.21095e-09
3.22501e-08
-2.87408e-09
4.39461e-08
-5.48207e-09
6.83977e-08
-9.63001e-09
1.06651e-07
-1.59234e-08
1.59015e-07
-2.49153e-08
2.24973e-07
-3.68339e-08
3.02848e-07
-5.25478e-08
3.95512e-07
-7.3795e-08
5.02785e-07
-1.01068e-07
6.11156e-07
-1.33645e-07
7.08271e-07
-1.70355e-07
7.8956e-07
-2.13487e-07
8.61019e-07
-2.59498e-07
8.98507e-07
-3.03193e-07
8.98017e-07
-3.43833e-07
8.70392e-07
-3.71412e-07
7.92441e-07
-3.75367e-07
6.64568e-07
-3.63536e-07
5.06702e-07
-3.40739e-07
2.99669e-07
-3.72331e-07
9.49739e-08
-3.86257e-07
-4.08363e-07
4.94999e-07
-3.983e-07
-4.48735e-07
-3.29581e-06
-1.95393e-07
-2.32582e-06
1.94554e-07
-1.33334e-06
4.00845e-07
-7.90934e-07
3.68904e-07
-5.8603e-07
2.0969e-07
-4.04471e-07
-2.45952e-07
-1.06674e-08
-1.13022e-09
3.33803e-08
-2.6849e-09
4.55008e-08
-5.12573e-09
7.08386e-08
-9.02581e-09
1.10551e-07
-1.49679e-08
1.64957e-07
-2.34852e-08
2.33491e-07
-3.46969e-08
3.1406e-07
-4.94468e-08
4.10262e-07
-6.97165e-08
5.23055e-07
-9.60862e-08
6.37526e-07
-1.278e-07
7.39984e-07
-1.6333e-07
8.2509e-07
-2.06494e-07
9.04183e-07
-2.53703e-07
9.45716e-07
-2.98789e-07
9.43102e-07
-3.4405e-07
9.15654e-07
-3.84464e-07
8.32854e-07
-4.12437e-07
6.92541e-07
-4.19251e-07
5.13516e-07
-3.50904e-07
2.31322e-07
-9.91793e-08
-1.56751e-07
3.86127e-07
-8.93668e-07
1.0514e-06
-1.06357e-06
-7.75749e-09
-2.23665e-06
-3.45764e-07
-1.98782e-06
-3.50845e-07
-1.32826e-06
-1.57487e-07
-9.8429e-07
-9.85539e-08
-6.44958e-07
-5.56658e-08
-4.47353e-07
-3.02369e-07
7.50389e-10
-1.0466e-09
3.44269e-08
-2.48884e-09
4.69431e-08
-4.75599e-09
7.31057e-08
-8.39845e-09
1.14194e-07
-1.39755e-08
1.70534e-07
-2.20043e-08
2.41519e-07
-3.24775e-08
3.24533e-07
-4.61966e-08
4.23981e-07
-6.54297e-08
5.42288e-07
-9.0852e-08
6.62948e-07
-1.21672e-07
7.70804e-07
-1.55769e-07
8.59187e-07
-1.98877e-07
9.47292e-07
-2.47136e-07
9.93975e-07
-2.9307e-07
9.89036e-07
-3.45832e-07
9.68416e-07
-3.99809e-07
8.86832e-07
-4.15495e-07
7.08227e-07
-4.24456e-07
5.22478e-07
-5.28992e-07
3.35857e-07
2.70398e-07
-9.5614e-07
9.30823e-07
-1.55409e-06
5.66933e-07
-6.99683e-07
-7.20262e-08
-1.59769e-06
-3.63732e-07
-1.69611e-06
-4.23398e-07
-1.2686e-06
-3.43938e-07
-1.06375e-06
-2.55643e-07
-7.33251e-07
-1.39268e-07
-5.63724e-07
-4.49674e-07
8.04199e-09
-9.60309e-10
3.53872e-08
-2.28637e-09
4.82692e-08
-4.37364e-09
7.51929e-08
-7.74924e-09
1.17569e-07
-1.29483e-08
1.75734e-07
-2.04768e-08
2.49048e-07
-3.01823e-08
3.34239e-07
-4.27994e-08
4.36598e-07
-6.09356e-08
5.60424e-07
-8.53672e-08
6.8738e-07
-1.15266e-07
8.00703e-07
-1.47665e-07
8.91586e-07
-1.91159e-07
9.90786e-07
-2.43133e-07
1.04595e-06
-2.93763e-07
1.03967e-06
-3.42896e-07
1.01755e-06
-3.65411e-07
9.09347e-07
-3.71008e-07
7.13823e-07
-4.54156e-07
6.05625e-07
-5.37378e-07
4.19079e-07
-1.57939e-07
-1.33558e-06
2.52376e-07
-1.96441e-06
1.46957e-07
-5.94262e-07
-6.20338e-08
-1.3887e-06
-4.39985e-07
-1.31816e-06
-4.97436e-07
-1.21115e-06
-4.2634e-07
-1.13485e-06
-2.91246e-07
-8.68344e-07
-1.42189e-07
-7.12786e-07
-5.97888e-07
6.0272e-09
-8.71561e-10
3.62587e-08
-2.07796e-09
4.94756e-08
-3.97955e-09
7.70945e-08
-7.07959e-09
1.20669e-07
-1.18881e-08
1.80542e-07
-1.89075e-08
2.56067e-07
-2.78193e-08
3.4315e-07
-3.92581e-08
4.48037e-07
-5.62383e-08
5.77405e-07
-7.96463e-08
7.10788e-07
-1.08587e-07
8.29644e-07
-1.38731e-07
9.21731e-07
-1.80831e-07
1.03288e-06
-2.27688e-07
1.09281e-06
-2.58582e-07
1.07056e-06
-3.09942e-07
1.06891e-06
-4.97451e-07
1.09686e-06
-6.87254e-07
9.03626e-07
-5.32655e-07
4.51026e-07
-1.25244e-07
1.16677e-08
1.35108e-07
-1.59593e-06
-6.91193e-07
-1.13811e-06
-5.55972e-07
-7.29481e-07
-5.2155e-07
-1.42313e-06
-5.59598e-07
-1.28012e-06
-3.82152e-07
-1.38859e-06
-3.22597e-07
-1.1944e-06
-2.07258e-07
-9.83677e-07
-1.00993e-07
-8.19053e-07
-7.0099e-07
2.10659e-09
-7.80582e-10
3.70393e-08
-1.86413e-09
5.05592e-08
-3.57459e-09
7.8805e-08
-6.39092e-09
1.23486e-07
-1.0797e-08
1.84948e-07
-1.73011e-08
2.62571e-07
-2.53936e-08
3.51243e-07
-3.55732e-08
4.58216e-07
-5.13309e-08
5.93162e-07
-7.36799e-08
7.33137e-07
-1.01653e-07
8.57617e-07
-1.29779e-07
9.49857e-07
-1.76503e-07
1.07961e-06
-2.51599e-07
1.1679e-06
-3.63012e-07
1.18197e-06
-5.10004e-07
1.2159e-06
-5.22423e-07
1.10927e-06
-1.93334e-07
5.74537e-07
-9.85034e-08
3.56196e-07
5.70152e-08
-1.43851e-07
1.43979e-06
-2.97871e-06
-2.41902e-07
5.43588e-07
-4.33006e-07
-5.38371e-07
-4.21776e-07
-1.43436e-06
-4.67722e-07
-1.23417e-06
-3.69422e-07
-1.48689e-06
-3.45753e-07
-1.21807e-06
-2.25868e-07
-1.10356e-06
-1.12048e-07
-9.32875e-07
-8.11419e-07
-1.61527e-09
-6.87609e-10
3.77269e-08
-1.6454e-09
5.1517e-08
-3.15971e-09
8.03193e-08
-5.68483e-09
1.26011e-07
-9.67726e-09
1.88941e-07
-1.56639e-08
2.68558e-07
-2.29123e-08
3.58491e-07
-3.17583e-08
4.67062e-07
-4.62461e-08
6.0765e-07
-6.75462e-08
7.54437e-07
-9.42632e-08
8.84334e-07
-1.17379e-07
9.72972e-07
-1.49499e-07
1.11173e-06
-1.61886e-07
1.18029e-06
-8.93235e-08
1.10941e-06
8.07752e-08
1.0458e-06
-9.64329e-09
1.19969e-06
-5.22819e-07
1.08771e-06
-5.38564e-07
3.71941e-07
-2.82212e-07
-4.00202e-07
-1.47962e-06
-1.7813e-06
-1.11578e-06
1.79754e-07
-3.00861e-07
-1.35329e-06
-4.12124e-07
-1.3231e-06
-5.10332e-07
-1.13596e-06
-4.62485e-07
-1.53474e-06
-3.63298e-07
-1.31725e-06
-2.38154e-07
-1.2287e-06
-1.17527e-07
-1.05351e-06
-9.24959e-07
-3.98372e-09
-5.92854e-10
3.83198e-08
-1.42223e-09
5.23463e-08
-2.7357e-09
8.16327e-08
-4.96241e-09
1.28237e-07
-8.52925e-09
1.92507e-07
-1.3997e-08
2.74026e-07
-2.03654e-08
3.6486e-07
-2.77806e-08
4.74478e-07
-4.08972e-08
6.20766e-07
-6.1194e-08
7.74734e-07
-8.74763e-08
9.10617e-07
-1.14083e-07
9.99579e-07
-1.91126e-07
1.18877e-06
-3.7749e-07
1.36665e-06
-6.87574e-07
1.4195e-06
-8.98092e-07
1.25632e-06
-9.19766e-07
1.22137e-06
-7.78425e-07
9.46372e-07
-2.89587e-07
-1.16896e-07
-9.80507e-08
-5.91739e-07
-1.57191e-07
-1.72216e-06
-1.38637e-07
1.612e-07
-6.96993e-07
-7.94934e-07
-6.14272e-07
-1.40583e-06
-5.23728e-07
-1.22651e-06
-3.98224e-07
-1.66024e-06
-2.52598e-07
-1.46288e-06
-1.6291e-07
-1.31839e-06
-7.82487e-08
-1.13817e-06
-9.98114e-07
-5.08991e-09
-4.96802e-10
3.88166e-08
-1.1955e-09
5.30451e-08
-2.30461e-09
8.27418e-08
-4.22844e-09
1.30161e-07
-7.36356e-09
1.95643e-07
-1.23289e-08
2.78991e-07
-1.78049e-08
3.70336e-07
-2.37625e-08
4.80435e-07
-3.55063e-08
6.3251e-07
-5.4577e-08
7.93805e-07
-7.60104e-08
9.3205e-07
-7.4768e-08
9.98336e-07
-5.25653e-08
1.16657e-06
-1.19565e-08
1.32604e-06
-1.39583e-08
1.4215e-06
-2.31264e-07
1.47363e-06
-5.15425e-07
1.50553e-06
-4.39238e-07
8.70185e-07
-7.51621e-07
1.95487e-07
5.04043e-08
-1.39376e-06
1.37654e-07
-1.8094e-06
-8.11072e-07
1.10992e-06
-8.15743e-07
-7.90262e-07
-6.30891e-07
-1.59068e-06
-3.94973e-07
-1.46243e-06
-3.3092e-07
-1.7243e-06
-2.19615e-07
-1.57419e-06
-1.28856e-07
-1.40915e-06
-5.70444e-08
-1.20998e-06
-1.05205e-06
-3.10416e-09
-3.98616e-10
3.92152e-08
-9.60272e-10
5.36067e-08
-1.85649e-09
8.36381e-08
-3.46184e-09
1.31767e-07
-6.13563e-09
1.98316e-07
-1.05752e-08
2.83431e-07
-1.50477e-08
3.74808e-07
-1.9385e-08
4.84772e-07
-2.96612e-08
6.42787e-07
-4.94267e-08
8.1357e-07
-8.29736e-08
9.65597e-07
-1.51512e-07
1.06687e-06
-3.30597e-07
1.34565e-06
-4.9597e-07
1.49142e-06
-4.43354e-07
1.36888e-06
-2.02838e-07
1.23311e-06
-1.80118e-08
1.3207e-06
-2.40296e-07
1.09247e-06
-5.34617e-07
4.89808e-07
-1.22591e-07
-1.80579e-06
-8.63759e-07
-1.06823e-06
-1.00262e-06
1.24878e-06
-3.62281e-07
-1.4306e-06
-2.93078e-07
-1.65988e-06
-1.24595e-07
-1.63092e-06
-1.36295e-07
-1.71259e-06
-9.33473e-08
-1.61714e-06
-5.29187e-08
-1.44958e-06
-2.14549e-08
-1.24145e-06
-1.0739e-06
3.98868e-10
-3.69934e-10
3.95851e-08
-7.56693e-10
5.39935e-08
-1.45951e-09
8.43409e-08
-2.78003e-09
1.33087e-07
-5.04484e-09
2.00581e-07
-9.07918e-09
2.87465e-07
-1.26455e-08
3.78375e-07
-1.5543e-08
4.8767e-07
-2.4057e-08
6.513e-07
-3.67465e-08
8.2626e-07
-2.53481e-08
9.54198e-07
5.80749e-08
9.83452e-07
7.43622e-08
1.32937e-06
-1.79664e-07
1.74544e-06
-4.98329e-07
1.68755e-06
-5.23525e-07
1.25831e-06
-3.9345e-07
1.19063e-06
-5.41648e-07
1.24067e-06
-2.24503e-07
1.72663e-07
-8.5364e-07
-1.17665e-06
-9.71376e-07
-9.5049e-07
-3.93826e-07
6.7123e-07
1.4076e-07
-1.96518e-06
2.06698e-07
-1.72582e-06
2.55335e-07
-1.67955e-06
1.72928e-07
-1.63018e-06
9.85985e-08
-1.5428e-06
4.53473e-08
-1.39633e-06
2.15264e-08
-1.21763e-06
-1.05769e-06
5.3188e-09
-1.93328e-09
4.15184e-08
-5.01088e-10
5.25613e-08
-9.08548e-10
8.47483e-08
-1.74068e-09
1.33919e-07
-3.2628e-09
2.02103e-07
-6.46276e-09
2.90665e-07
-8.40883e-09
3.80321e-07
-9.57685e-09
4.88838e-07
-1.85059e-08
6.6023e-07
-5.18484e-08
8.59602e-07
-1.37329e-07
1.03968e-06
-2.02349e-07
1.04847e-06
-8.03335e-08
1.20735e-06
-9.55836e-09
1.67467e-06
-3.03927e-07
1.98192e-06
-6.60067e-07
1.61445e-06
-7.21877e-07
1.25244e-06
-6.17893e-07
1.13668e-06
-7.16794e-07
2.71564e-07
-8.63048e-08
-1.80714e-06
-5.66236e-07
-4.70553e-07
3.73969e-07
-2.6898e-07
6.67953e-07
-2.25917e-06
5.99638e-07
-1.65751e-06
5.45825e-07
-1.62574e-06
4.06776e-07
-1.49114e-06
2.50634e-07
-1.38666e-06
1.30754e-07
-1.27645e-06
5.63839e-08
-1.14326e-06
1.04655e-08
-1.01177e-06
5.00221e-08
-5.01608e-08
1.57465e-07
-1.07443e-07
2.94915e-07
-1.37449e-07
3.92809e-07
-9.78948e-08
4.65668e-07
-7.28587e-08
5.38542e-07
-7.28737e-08
6.04681e-07
-6.61389e-08
6.39005e-07
-3.43236e-08
6.30421e-07
8.58344e-09
5.88502e-07
4.19185e-08
5.30464e-07
5.80385e-08
4.69626e-07
6.08383e-08
4.12177e-07
5.74484e-08
3.59901e-07
5.22764e-08
3.12402e-07
4.74991e-08
2.68621e-07
4.3781e-08
2.27706e-07
4.09152e-08
1.89309e-07
3.8397e-08
1.53595e-07
3.57134e-08
1.21064e-07
3.25315e-08
9.23463e-08
2.87175e-08
6.79959e-08
2.43505e-08
4.82456e-08
1.97502e-08
3.28844e-08
1.53612e-08
2.14094e-08
1.1475e-08
1.32192e-08
8.19026e-09
7.66183e-09
5.55735e-09
4.05598e-09
3.60585e-09
1.72262e-09
2.33337e-09
1.7226e-09
2.7621e-08
-7.79564e-08
1.51724e-07
-2.31546e-07
3.37681e-07
-3.23407e-07
4.38069e-07
-1.98283e-07
5.07766e-07
-1.42555e-07
5.93124e-07
-1.58232e-07
6.75161e-07
-1.48176e-07
7.20343e-07
-7.95058e-08
7.18211e-07
1.07159e-08
6.80221e-07
7.9908e-08
6.23325e-07
1.14935e-07
5.60027e-07
1.24136e-07
4.96838e-07
1.20637e-07
4.36578e-07
1.12537e-07
3.79815e-07
1.04262e-07
3.26233e-07
9.73638e-08
2.75552e-07
9.15958e-08
2.27896e-07
8.60533e-08
1.83791e-07
7.9818e-08
1.43968e-07
7.23545e-08
1.09164e-07
6.35215e-08
7.99322e-08
5.35828e-08
5.64173e-08
4.32651e-08
3.82634e-08
3.35151e-08
2.47988e-08
2.49395e-08
1.5252e-08
1.7737e-08
8.81145e-09
1.19979e-08
4.65245e-09
7.76482e-09
1.97244e-09
5.01339e-09
3.69502e-09
-2.28608e-08
-5.53322e-08
1.09147e-07
-3.63554e-07
3.69902e-07
-5.84162e-07
4.59791e-07
-2.88172e-07
5.09959e-07
-1.92723e-07
6.09846e-07
-2.58119e-07
7.04875e-07
-2.43205e-07
7.48253e-07
-1.22884e-07
7.36507e-07
2.24623e-08
6.90841e-07
1.25574e-07
6.30487e-07
1.75288e-07
5.66059e-07
1.88564e-07
5.02452e-07
1.84244e-07
4.41824e-07
1.73165e-07
3.84503e-07
1.61582e-07
3.30173e-07
1.51694e-07
2.78655e-07
1.43114e-07
2.30187e-07
1.34521e-07
1.85383e-07
1.24623e-07
1.4501e-07
1.12727e-07
1.09809e-07
9.87231e-08
8.03124e-08
8.30791e-08
5.6635e-08
6.69425e-08
3.83844e-08
5.17657e-08
2.48626e-08
3.84613e-08
1.52836e-08
2.73161e-08
8.82614e-09
1.84554e-08
4.65891e-09
1.1932e-08
1.9748e-09
7.6975e-09
5.6698e-09
-4.51619e-08
-1.03064e-08
7.01069e-08
-4.78822e-07
3.56839e-07
-8.70894e-07
4.4149e-07
-3.72823e-07
4.86472e-07
-2.37706e-07
6.33876e-07
-4.05523e-07
7.56734e-07
-3.66062e-07
7.93947e-07
-1.60098e-07
7.62264e-07
5.41449e-08
7.00183e-07
1.87655e-07
6.31654e-07
2.43818e-07
5.64113e-07
2.56106e-07
4.99907e-07
2.4845e-07
4.39684e-07
2.33388e-07
3.82919e-07
2.18347e-07
3.28992e-07
2.05621e-07
2.77704e-07
1.94402e-07
2.2936e-07
1.82866e-07
1.84641e-07
1.69342e-07
1.44354e-07
1.53014e-07
1.0925e-07
1.33827e-07
7.98652e-08
1.12464e-07
5.63025e-08
9.05052e-08
3.81519e-08
6.99164e-08
2.47069e-08
5.19063e-08
1.51843e-08
3.68387e-08
8.76694e-09
2.48727e-08
4.62706e-09
1.60719e-08
1.9611e-09
1.03635e-08
7.63089e-09
4.22434e-08
-5.23354e-08
1.14133e-07
-5.50712e-07
2.7883e-07
-1.03559e-06
3.47749e-07
-4.41741e-07
4.05049e-07
-2.95006e-07
6.55608e-07
-6.56081e-07
8.33498e-07
-5.43953e-07
8.58389e-07
-1.84988e-07
7.949e-07
1.17634e-07
7.10617e-07
2.71938e-07
6.31722e-07
3.22712e-07
5.60303e-07
3.27524e-07
4.9552e-07
3.13233e-07
4.36015e-07
2.92894e-07
3.80136e-07
2.74226e-07
3.26883e-07
2.58874e-07
2.76028e-07
2.45256e-07
2.27958e-07
2.30936e-07
1.83446e-07
2.13854e-07
1.43342e-07
1.93118e-07
1.08418e-07
1.68751e-07
7.92152e-08
1.41667e-07
5.58269e-08
1.13893e-07
3.78229e-08
8.79205e-08
2.44882e-08
6.52408e-08
1.50457e-08
4.62812e-08
8.68465e-09
3.12338e-08
4.58292e-09
2.01736e-08
1.94215e-09
1.30042e-08
9.57303e-09
2.12158e-07
-2.64057e-07
2.52655e-07
-5.91209e-07
2.49217e-07
-1.03215e-06
2.3913e-07
-4.31653e-07
3.25844e-07
-3.8172e-07
7.00137e-07
-1.03037e-06
9.47046e-07
-7.90862e-07
9.4251e-07
-1.80452e-07
8.32548e-07
2.27596e-07
7.20584e-07
3.83902e-07
6.2997e-07
4.13327e-07
5.54594e-07
4.029e-07
4.8968e-07
3.78146e-07
4.31328e-07
3.51246e-07
3.76622e-07
3.28932e-07
3.24214e-07
3.11282e-07
2.73897e-07
2.95573e-07
2.26171e-07
2.78663e-07
1.81922e-07
2.58102e-07
1.42055e-07
2.32985e-07
1.07362e-07
2.03444e-07
7.83924e-08
1.70637e-07
5.52265e-08
1.37059e-07
3.74082e-08
1.05739e-07
2.4213e-08
7.84361e-08
1.48713e-08
5.56228e-08
8.58121e-09
3.75239e-08
4.52745e-09
2.42273e-08
1.91835e-09
1.56134e-08
1.14914e-08
2.90191e-07
-5.545e-07
3.18246e-07
-6.19264e-07
2.77288e-07
-9.91195e-07
2.61833e-07
-4.16198e-07
4.49651e-07
-5.69539e-07
8.20083e-07
-1.40081e-06
1.08235e-06
-1.05313e-06
1.03304e-06
-1.31138e-07
8.68793e-07
3.91839e-07
7.27499e-07
5.25196e-07
6.25124e-07
5.15702e-07
5.46418e-07
4.81606e-07
4.82269e-07
4.42295e-07
4.25662e-07
4.07854e-07
3.72441e-07
3.82153e-07
3.21041e-07
3.62682e-07
2.71345e-07
3.4527e-07
2.24015e-07
3.25993e-07
1.80079e-07
3.02038e-07
1.40498e-07
2.72567e-07
1.06086e-07
2.37856e-07
7.73988e-08
1.99324e-07
5.45028e-08
1.59955e-07
3.69092e-08
1.23332e-07
2.38818e-08
9.14634e-08
1.46617e-08
6.4843e-08
8.45688e-09
4.37287e-08
4.46083e-09
2.82234e-08
1.88977e-09
1.81844e-08
1.33811e-08
1.73846e-07
-7.29547e-07
2.01346e-07
-6.46764e-07
2.22762e-07
-1.01261e-06
4.44988e-07
-6.38424e-07
8.05295e-07
-9.29846e-07
9.78882e-07
-1.57439e-06
1.13978e-06
-1.21403e-06
1.07755e-06
-6.89098e-08
8.87956e-07
5.81436e-07
7.26944e-07
6.86209e-07
6.14177e-07
6.28468e-07
5.34445e-07
5.61339e-07
4.72963e-07
5.03776e-07
4.18995e-07
4.61823e-07
3.67632e-07
4.33516e-07
3.17395e-07
4.12919e-07
2.68387e-07
3.94277e-07
2.21498e-07
3.72882e-07
1.77919e-07
3.45616e-07
1.38671e-07
3.11815e-07
1.04588e-07
2.71938e-07
7.62352e-08
2.27677e-07
5.3657e-08
1.82533e-07
3.63267e-08
1.40663e-07
2.34955e-08
1.04294e-07
1.44172e-08
7.39213e-08
8.31193e-09
4.9834e-08
4.38318e-09
3.21521e-08
1.85647e-09
2.07112e-08
1.52376e-08
3.20992e-08
-7.62915e-07
1.47008e-07
-7.61672e-07
1.73216e-07
-1.03882e-06
5.11466e-07
-9.76674e-07
8.72521e-07
-1.2909e-06
9.09387e-07
-1.61126e-06
9.82268e-07
-1.28691e-06
9.84716e-07
-7.13571e-08
8.51724e-07
7.14428e-07
7.10564e-07
8.27369e-07
5.9737e-07
7.41662e-07
5.20058e-07
6.38651e-07
4.62371e-07
5.61463e-07
4.11527e-07
5.12667e-07
3.62276e-07
4.82766e-07
3.13315e-07
4.6188e-07
2.65043e-07
4.42549e-07
2.18624e-07
4.19302e-07
1.75444e-07
3.88796e-07
1.36575e-07
3.50684e-07
1.02871e-07
3.05643e-07
7.49024e-08
2.55645e-07
5.26902e-08
2.04746e-07
3.56619e-08
1.57691e-07
2.30547e-08
1.16902e-07
1.41382e-08
8.28378e-08
8.14666e-09
5.58255e-08
4.2947e-09
3.60041e-08
1.81853e-09
2.31873e-08
1.70561e-08
3.80356e-08
-8.01307e-07
1.79198e-07
-9.02835e-07
2.05095e-07
-1.06471e-06
3.1722e-07
-1.0888e-06
4.0668e-07
-1.38036e-06
4.64304e-07
-1.66888e-06
5.99567e-07
-1.42217e-06
7.38198e-07
-2.09988e-07
7.31997e-07
7.2063e-07
6.38908e-07
9.20458e-07
5.53412e-07
8.27157e-07
4.95441e-07
6.96622e-07
4.48419e-07
6.08485e-07
4.02922e-07
5.58165e-07
3.56387e-07
5.29302e-07
3.08839e-07
5.09427e-07
2.6133e-07
4.90058e-07
2.15398e-07
4.65233e-07
1.72656e-07
4.31539e-07
1.34212e-07
3.89127e-07
1.00935e-07
3.3892e-07
7.34015e-08
2.83179e-07
5.16041e-08
2.26543e-07
3.49164e-08
1.74379e-07
2.25605e-08
1.29258e-07
1.38255e-08
9.15727e-08
7.96144e-09
6.16896e-08
4.19559e-09
3.97699e-08
1.77604e-09
2.56069e-08
1.88322e-08
1.18693e-08
-8.13348e-07
-1.62123e-09
-8.89345e-07
-5.041e-08
-1.01593e-06
-6.15171e-08
-1.07769e-06
-6.35724e-08
-1.37831e-06
-1.60966e-08
-1.71636e-06
1.83752e-07
-1.62202e-06
4.26533e-07
-4.5277e-07
5.58111e-07
5.89052e-07
5.6159e-07
9.16979e-07
5.20887e-07
8.67861e-07
4.76969e-07
7.4054e-07
4.35882e-07
6.49571e-07
3.94307e-07
5.9974e-07
3.50217e-07
5.73392e-07
3.04035e-07
5.55609e-07
2.57268e-07
5.36825e-07
2.11826e-07
5.10676e-07
1.69556e-07
4.73809e-07
1.31582e-07
4.27101e-07
9.87801e-08
3.71722e-07
7.17335e-08
3.10226e-07
5.04004e-08
2.47876e-07
3.40915e-08
1.90688e-07
2.20137e-08
1.41335e-07
1.34797e-08
1.00107e-07
7.75665e-09
6.74127e-08
4.08606e-09
4.34405e-08
1.72911e-09
2.79638e-08
2.05613e-08
-1.07622e-07
-7.06111e-07
-2.35016e-07
-7.61951e-07
-3.22743e-07
-9.28199e-07
-2.63244e-07
-1.13719e-06
-2.37486e-07
-1.40406e-06
-2.74106e-07
-1.67974e-06
-1.41377e-07
-1.75475e-06
1.27456e-07
-7.21603e-07
2.99327e-07
4.17182e-07
3.9971e-07
8.16595e-07
4.38491e-07
8.2908e-07
4.38565e-07
7.40466e-07
4.17561e-07
6.70575e-07
3.8434e-07
6.32962e-07
3.43636e-07
6.14096e-07
2.98924e-07
6.00321e-07
2.52872e-07
5.82876e-07
2.07909e-07
5.55639e-07
1.66145e-07
5.15573e-07
1.28686e-07
4.6456e-07
9.64075e-08
4.04e-07
6.98998e-08
3.36733e-07
4.90811e-08
2.68695e-07
3.31892e-08
2.06579e-07
2.14157e-08
1.53109e-07
1.31014e-08
1.08421e-07
7.53273e-09
7.29813e-08
3.96638e-09
4.70069e-08
1.67785e-09
3.02524e-08
2.22391e-08
-1.57744e-07
-5.47864e-07
-2.49859e-07
-6.69836e-07
-2.81033e-07
-8.97026e-07
-3.04878e-07
-1.11335e-06
-3.58668e-07
-1.35028e-06
-3.92299e-07
-1.64611e-06
-3.70365e-07
-1.77668e-06
-1.07378e-07
-9.84589e-07
1.34935e-07
1.74869e-07
3.1148e-07
6.4005e-07
3.94877e-07
7.45683e-07
4.15647e-07
7.19696e-07
4.04019e-07
6.82203e-07
3.75491e-07
6.61489e-07
3.37138e-07
6.5245e-07
2.93609e-07
6.43849e-07
2.48164e-07
6.28322e-07
2.03649e-07
6.00154e-07
1.62426e-07
5.56797e-07
1.25524e-07
5.01461e-07
9.3818e-08
4.35706e-07
6.79017e-08
3.6265e-07
4.76484e-08
2.88948e-07
3.22113e-08
2.22016e-07
2.07674e-08
1.64553e-07
1.26914e-08
1.16497e-07
7.29017e-09
7.83825e-08
3.83682e-09
5.04602e-08
1.62237e-09
3.24669e-08
2.38615e-08
-1.42817e-07
-3.99345e-07
-2.39171e-07
-5.73483e-07
-1.14567e-07
-1.02163e-06
-2.82977e-07
-9.44935e-07
-2.3618e-07
-1.39707e-06
-2.54454e-07
-1.62783e-06
-4.06235e-07
-1.6249e-06
-2.45325e-07
-1.1455e-06
2.58905e-08
-9.6347e-08
2.34994e-07
4.30946e-07
3.48847e-07
6.3183e-07
3.8994e-07
6.78604e-07
3.89764e-07
6.82379e-07
3.66692e-07
6.84561e-07
3.30628e-07
6.88513e-07
2.88116e-07
6.86362e-07
2.43152e-07
6.73286e-07
1.99043e-07
6.44263e-07
1.58398e-07
5.97442e-07
1.22099e-07
5.3776e-07
9.10122e-08
4.66793e-07
6.57409e-08
3.87921e-07
4.61048e-08
3.08584e-07
3.11601e-08
2.36961e-07
2.00704e-08
1.75642e-07
1.22506e-08
1.24317e-07
7.02949e-09
8.36036e-08
3.69768e-09
5.3792e-08
1.56281e-09
3.46017e-08
2.54243e-08
1.74151e-08
-4.19516e-07
1.09764e-08
-5.67048e-07
8.42756e-08
-1.09493e-06
3.9396e-07
-1.25462e-06
1.15633e-07
-1.11874e-06
1.30479e-07
-1.64268e-06
-2.24184e-07
-1.27024e-06
-2.05524e-07
-1.16416e-06
1.25179e-08
-3.14389e-07
1.97876e-07
2.45588e-07
3.15682e-07
5.14024e-07
3.68696e-07
6.25589e-07
3.775e-07
6.73576e-07
3.58756e-07
7.03305e-07
3.2433e-07
7.22939e-07
2.82508e-07
7.28183e-07
2.37848e-07
7.17946e-07
1.94085e-07
6.88026e-07
1.54062e-07
6.37465e-07
1.1841e-07
5.73413e-07
8.79911e-08
4.97211e-07
6.3419e-08
4.12493e-07
4.44534e-08
3.2755e-07
3.0038e-08
2.51376e-07
1.93261e-08
1.86354e-07
1.17799e-08
1.31863e-07
6.75125e-09
8.86322e-08
3.54928e-09
5.6994e-08
1.49931e-09
3.66517e-08
2.69236e-08
2.4289e-07
-6.68408e-07
4.64893e-07
-7.8905e-07
3.8164e-07
-1.01167e-06
4.2479e-07
-1.29777e-06
3.09243e-07
-1.00321e-06
2.42321e-07
-1.57575e-06
5.73071e-08
-1.08523e-06
-6.05682e-08
-1.04628e-06
8.92613e-08
-4.64219e-07
2.24798e-07
1.10052e-07
3.17319e-07
4.21502e-07
3.63221e-07
5.79687e-07
3.7145e-07
6.65348e-07
3.52882e-07
7.21873e-07
3.18514e-07
7.57307e-07
2.76846e-07
7.69852e-07
2.32253e-07
7.62539e-07
1.88765e-07
7.31514e-07
1.49419e-07
6.7681e-07
1.14458e-07
6.08374e-07
8.47556e-08
5.26914e-07
6.09379e-08
4.36311e-07
4.26971e-08
3.45791e-07
2.88477e-08
2.65226e-07
1.8536e-08
1.96666e-07
1.12803e-08
1.39119e-07
6.45605e-09
9.34564e-08
3.39197e-09
6.00581e-08
1.43204e-09
3.86117e-08
2.83557e-08
5.57712e-08
-7.34838e-07
8.41478e-08
-8.17423e-07
-1.51465e-07
-7.7606e-07
-7.92305e-07
-6.56932e-07
-1.3061e-06
-4.89421e-07
-1.98598e-06
-8.95849e-07
-4.25271e-08
-3.02868e-06
1.46623e-07
-1.23543e-06
2.04705e-07
-5.223e-07
2.60792e-07
5.3965e-08
3.21552e-07
3.60742e-07
3.60307e-07
5.40932e-07
3.67298e-07
6.58357e-07
3.48136e-07
7.41034e-07
3.13037e-07
7.92406e-07
2.71125e-07
8.11763e-07
2.26353e-07
8.07311e-07
1.83065e-07
7.74803e-07
1.44471e-07
7.15404e-07
1.10244e-07
6.42601e-07
8.13066e-08
5.55851e-07
5.82993e-08
4.59318e-07
4.08395e-08
3.63251e-07
2.75919e-08
2.78473e-07
1.77017e-08
2.06556e-07
1.07527e-08
1.46068e-07
6.14454e-09
9.80645e-08
3.22611e-09
6.29765e-08
1.36113e-09
4.04766e-08
2.97168e-08
-2.83117e-07
-4.66791e-07
-5.33973e-07
-5.66568e-07
-6.83123e-07
-6.2691e-07
-7.31601e-07
-6.08454e-07
-2.47693e-07
-9.73345e-07
9.23056e-07
-2.0666e-06
2.14585e-06
-4.25147e-06
4.22663e-07
4.87748e-07
3.22152e-07
-4.21789e-07
3.11659e-07
6.44573e-08
3.49583e-07
3.22818e-07
3.71874e-07
5.18641e-07
3.69501e-07
6.60729e-07
3.45511e-07
7.65024e-07
3.08021e-07
8.29896e-07
2.6537e-07
8.54414e-07
2.20129e-07
8.52552e-07
1.76961e-07
8.17971e-07
1.39219e-07
7.53146e-07
1.0577e-07
6.76049e-07
7.76451e-08
5.83977e-07
5.55056e-08
4.81457e-07
3.88846e-08
3.79872e-07
2.62739e-08
2.91084e-07
1.6825e-08
2.16005e-07
1.01984e-08
1.52694e-07
5.81738e-09
1.02446e-07
3.0521e-09
6.57417e-08
1.28678e-09
4.2242e-08
3.10036e-08
-2.28262e-07
-2.49192e-07
-3.81191e-07
-4.13634e-07
-4.06468e-07
-6.01634e-07
-1.95115e-07
-8.19801e-07
1.92697e-07
-1.36116e-06
4.53397e-07
-2.3273e-06
-4.95431e-07
-3.30265e-06
3.88212e-07
-3.95896e-07
3.72603e-07
-4.06181e-07
3.40603e-07
9.64576e-08
3.63474e-07
2.99947e-07
3.75374e-07
5.06742e-07
3.71438e-07
6.64665e-07
3.43853e-07
7.92609e-07
3.03217e-07
8.70532e-07
2.59528e-07
8.98103e-07
2.13534e-07
8.98546e-07
1.70421e-07
8.61083e-07
1.33668e-07
7.89899e-07
1.01037e-07
7.08681e-07
7.37721e-08
6.11241e-07
5.25587e-08
5.02671e-07
3.68369e-08
3.95593e-07
2.4897e-08
3.03024e-07
1.59076e-08
2.24994e-07
9.61842e-09
1.58984e-07
5.47529e-09
1.06589e-07
2.87033e-09
6.83467e-08
1.20917e-09
4.39031e-08
3.22128e-08
5.75848e-08
-3.06024e-07
1.009e-07
-4.56944e-07
1.59033e-07
-6.59774e-07
3.45748e-07
-1.00652e-06
3.31873e-07
-1.34729e-06
-3.73495e-09
-1.99169e-06
-1.06158e-06
-2.2448e-06
-3.88261e-07
-1.06921e-06
9.87114e-08
-8.93154e-07
3.50311e-07
-1.55142e-07
4.1907e-07
2.31188e-07
4.12408e-07
5.13403e-07
3.84471e-07
6.92602e-07
3.44063e-07
8.33017e-07
2.98814e-07
9.15781e-07
2.53729e-07
9.43188e-07
2.06542e-07
9.45733e-07
1.63408e-07
9.04217e-07
1.27825e-07
8.25482e-07
9.60458e-08
7.4046e-07
6.96888e-08
6.37598e-07
4.94609e-08
5.22899e-07
3.47012e-08
4.10353e-07
2.34649e-08
3.1426e-07
1.49514e-08
2.33508e-07
9.01401e-09
1.64921e-07
5.11902e-09
1.10484e-07
2.68125e-09
7.07844e-08
1.12847e-09
4.54559e-08
3.33412e-08
1.5438e-07
-4.52366e-07
2.69023e-07
-5.71587e-07
3.54251e-07
-7.45007e-07
4.23331e-07
-1.0756e-06
3.59607e-07
-1.28356e-06
7.35472e-08
-1.70564e-06
-5.63371e-07
-1.60788e-06
-9.32562e-07
-7.00024e-07
-2.72499e-07
-1.55322e-06
5.27728e-07
-9.55368e-07
4.24256e-07
3.34659e-07
4.15461e-07
5.22199e-07
3.99833e-07
7.0823e-07
3.45821e-07
8.87029e-07
2.93084e-07
9.68518e-07
2.47151e-07
9.89121e-07
1.98925e-07
9.9396e-07
1.55861e-07
9.4728e-07
1.21698e-07
8.59645e-07
9.07999e-08
7.71358e-07
6.53965e-08
6.63002e-07
4.62146e-08
5.4208e-07
3.24833e-08
4.24084e-07
2.19816e-08
3.24762e-07
1.39583e-08
2.41531e-07
8.38643e-09
1.70493e-07
4.74935e-09
1.14121e-07
2.4853e-09
7.30485e-08
1.04489e-09
4.68963e-08
3.43861e-08
1.52466e-07
-5.98801e-07
2.9674e-07
-7.1586e-07
4.24875e-07
-8.73147e-07
4.86759e-07
-1.13749e-06
4.249e-07
-1.22169e-06
4.59761e-08
-1.32671e-06
-1.60765e-07
-1.40114e-06
-2.66152e-07
-5.9464e-07
1.53168e-07
-1.97254e-06
5.37165e-07
-1.33936e-06
4.54365e-07
4.17459e-07
3.71045e-07
6.05519e-07
3.6546e-07
7.13814e-07
3.42957e-07
9.09532e-07
2.93828e-07
1.01765e-06
2.43148e-07
1.0398e-06
1.91208e-07
1.0459e-06
1.47777e-07
9.90711e-07
1.15294e-07
8.92128e-07
8.5301e-08
8.01351e-07
6.08964e-08
6.87406e-07
4.28222e-08
5.60155e-07
3.01899e-08
4.36717e-07
2.04512e-08
3.345e-07
1.29304e-08
2.49052e-07
7.73702e-09
1.75686e-07
4.36711e-09
1.17491e-07
2.28293e-09
7.51326e-08
9.58648e-10
4.82206e-08
3.53448e-08
1.03922e-07
-7.0062e-07
2.06214e-07
-8.18148e-07
3.16675e-07
-9.836e-07
3.73198e-07
-1.19401e-06
5.46292e-07
-1.39479e-06
5.10404e-07
-1.29082e-06
5.52856e-07
-1.44359e-06
7.0623e-07
-7.48011e-07
-1.24916e-07
-1.14139e-06
1.27945e-07
-1.59222e-06
5.32721e-07
1.26826e-08
6.87132e-07
4.51108e-07
4.97364e-07
9.03582e-07
3.09675e-07
1.09722e-06
2.58561e-07
1.06876e-06
2.27667e-07
1.07069e-06
1.8088e-07
1.09269e-06
1.38869e-07
1.03272e-06
1.08619e-07
9.22378e-07
7.95631e-08
8.30407e-07
5.61924e-08
7.10777e-07
3.92868e-08
5.7706e-07
2.78287e-08
4.48175e-07
1.88784e-08
3.43451e-07
1.18695e-08
2.56061e-07
7.06715e-09
1.80488e-07
3.97313e-09
1.20585e-07
2.07465e-09
7.70311e-08
8.69946e-10
4.94253e-08
3.62147e-08
1.08368e-07
-8.10604e-07
2.20481e-07
-9.30267e-07
3.37782e-07
-1.1009e-06
3.62444e-07
-1.21867e-06
4.54373e-07
-1.48672e-06
4.09523e-07
-1.24597e-06
4.31604e-07
-1.46568e-06
2.53406e-07
-5.69808e-07
-1.41894e-06
5.30945e-07
-5.72898e-08
-2.95387e-06
9.86621e-08
-1.43269e-07
1.93009e-07
3.56762e-07
5.22853e-07
5.73739e-07
5.10356e-07
1.10972e-06
3.6315e-07
1.21597e-06
2.51571e-07
1.18227e-06
1.76544e-07
1.16771e-06
1.29947e-07
1.07932e-06
1.0169e-07
9.50635e-07
7.35761e-08
8.5852e-07
5.12774e-08
7.33076e-07
3.56088e-08
5.92729e-07
2.54055e-08
4.58378e-07
1.72679e-08
3.51588e-07
1.07777e-08
2.62551e-07
6.37828e-09
1.84888e-07
3.56831e-09
1.23395e-07
1.86096e-09
7.87385e-08
7.79015e-10
5.05072e-08
3.69937e-08
1.09164e-07
-9.23747e-07
2.28555e-07
-1.04966e-06
3.50843e-07
-1.22319e-06
4.4954e-07
-1.31737e-06
4.97481e-07
-1.53466e-06
4.06893e-07
-1.15538e-06
3.02171e-07
-1.36096e-06
1.127e-06
-1.39463e-06
1.48665e-06
1.71291e-07
2.75447e-07
-1.74267e-06
5.37358e-07
-4.0518e-07
5.23039e-07
3.7108e-07
9.622e-09
1.08716e-06
-8.09675e-08
1.20031e-06
8.96013e-08
1.0454e-06
1.61882e-07
1.10999e-06
1.4958e-07
1.18002e-06
1.17593e-07
1.11131e-06
9.43097e-08
9.73918e-07
6.7418e-08
8.85412e-07
4.61845e-08
7.54309e-07
3.1802e-08
6.07111e-07
2.2928e-08
4.67252e-07
1.56256e-08
3.58891e-07
9.65721e-09
2.68519e-07
5.67198e-09
1.88873e-07
3.1536e-09
1.25913e-07
1.64237e-09
8.02497e-08
6.86092e-10
5.14635e-08
3.76798e-08
6.74024e-08
-9.9624e-07
1.50074e-07
-1.13233e-06
2.36477e-07
-1.30959e-06
3.78573e-07
-1.45946e-06
5.03031e-07
-1.65912e-06
5.97252e-07
-1.2496e-06
6.87278e-07
-1.45098e-06
1.37123e-07
-8.44469e-07
1.55204e-07
1.53209e-07
1.01173e-07
-1.68864e-06
2.90259e-07
-5.94266e-07
7.77792e-07
-1.16453e-07
9.19499e-07
9.45449e-07
8.96884e-07
1.22292e-06
6.87157e-07
1.25513e-06
3.77116e-07
1.42003e-06
1.91047e-07
1.36608e-06
1.14298e-07
1.18806e-06
8.7532e-08
1.00068e-06
6.10345e-08
9.11909e-07
4.08273e-08
7.74517e-07
2.78333e-08
6.20105e-07
2.03867e-08
4.74699e-07
1.39528e-08
3.65325e-07
8.50851e-09
2.73964e-07
4.94936e-09
1.92432e-07
2.72978e-09
1.28133e-07
1.41934e-09
8.15601e-08
5.91391e-10
5.22915e-08
3.82712e-08
5.00274e-08
-1.04937e-06
1.19581e-07
-1.20188e-06
2.08093e-07
-1.3981e-06
3.16351e-07
-1.56772e-06
3.78394e-07
-1.72116e-06
6.07162e-07
-1.47837e-06
7.67558e-07
-1.61138e-06
7.52452e-07
-8.29357e-07
-1.73205e-07
1.07887e-06
-4.2156e-08
-1.8197e-06
7.52439e-07
-1.38886e-06
4.39393e-07
1.96592e-07
5.16659e-07
8.68183e-07
2.32245e-07
1.50734e-06
1.40119e-08
1.47336e-06
1.19101e-08
1.42213e-06
5.28199e-08
1.32517e-06
7.51759e-08
1.1657e-06
7.61157e-08
9.99745e-07
5.43846e-08
9.3364e-07
3.54291e-08
7.93472e-07
2.38233e-08
6.31711e-07
1.7835e-08
4.80687e-07
1.22774e-08
3.70882e-07
7.34215e-09
2.78899e-07
4.21521e-09
1.95559e-07
2.29891e-09
1.30049e-07
1.19278e-09
8.26663e-08
4.95396e-10
5.29888e-08
3.87666e-08
2.17467e-08
-1.07072e-06
5.22289e-08
-1.23237e-06
9.31952e-08
-1.43907e-06
1.36078e-07
-1.61061e-06
1.20737e-07
-1.70581e-06
2.68975e-07
-1.62661e-06
3.059e-07
-1.64831e-06
9.59169e-07
-1.48262e-06
8.57412e-07
1.18062e-06
1.19227e-07
-1.08151e-06
5.29652e-07
-1.79929e-06
2.4154e-07
4.84704e-07
1.87985e-08
1.09092e-06
2.03865e-07
1.32227e-06
4.44897e-07
1.23233e-06
4.95939e-07
1.37109e-06
3.30347e-07
1.49077e-06
1.5143e-07
1.34462e-06
8.29309e-08
1.06824e-06
4.91481e-08
9.67423e-07
2.95745e-08
8.13046e-07
1.94504e-08
6.41835e-07
1.50913e-08
4.85046e-07
1.0515e-08
3.75459e-07
6.11347e-09
2.833e-07
3.44843e-09
1.98224e-07
1.85103e-09
1.31646e-07
9.57727e-10
8.35595e-08
3.97271e-10
5.35493e-08
3.91639e-08
-1.04749e-08
-1.05492e-06
-3.19007e-08
-1.21095e-06
-7.98994e-08
-1.39107e-06
-1.51714e-07
-1.53879e-06
-2.41771e-07
-1.61575e-06
-2.25223e-07
-1.64315e-06
-1.84222e-07
-1.68931e-06
3.25038e-07
-1.99189e-06
9.27109e-07
5.78556e-07
8.39893e-07
-9.94289e-07
2.25544e-07
-1.18494e-06
5.44412e-07
1.65836e-07
3.91685e-07
1.24365e-06
5.18119e-07
1.19584e-06
4.94231e-07
1.25621e-06
1.77224e-07
1.6881e-06
-7.47705e-08
1.74276e-06
-5.66075e-08
1.32645e-06
2.61293e-08
9.85507e-07
3.66153e-08
9.56937e-07
2.39913e-08
8.2567e-07
1.56058e-08
6.50221e-07
1.27071e-08
4.87945e-07
9.0081e-09
3.79158e-07
5.02179e-09
2.87287e-07
2.76648e-09
2.0048e-07
1.45433e-09
1.32958e-07
7.54367e-10
8.42595e-08
3.68661e-10
5.3935e-08
3.95325e-08
-3.36056e-08
-1.01085e-06
-1.02147e-07
-1.1424e-06
-2.13849e-07
-1.27937e-06
-3.66184e-07
-1.38645e-06
-5.14294e-07
-1.46764e-06
-5.94989e-07
-1.56246e-06
-6.77383e-07
-1.60691e-06
-3.56517e-07
-2.31275e-06
6.08315e-07
-3.86274e-07
8.12127e-08
-4.67187e-07
7.20823e-07
-1.82455e-06
6.16611e-07
2.70048e-07
7.18155e-07
1.14211e-06
6.60477e-07
1.25351e-06
3.06461e-07
1.61023e-06
1.22998e-08
1.98226e-06
8.20475e-08
1.67301e-06
2.01542e-07
1.20696e-06
1.35282e-07
1.05177e-06
5.06238e-08
1.0416e-06
1.82497e-08
8.58044e-07
9.61355e-09
6.58857e-07
8.50592e-09
4.89052e-07
6.38433e-09
3.81279e-07
3.23967e-09
2.90431e-07
1.7277e-09
2.01991e-07
9.03944e-10
1.33782e-07
4.99208e-10
8.46642e-08
1.93238e-09
5.25018e-08
4.14649e-08
-4.25744e-08
-2.95649e-08
-2.35411e-09
1.2341e-08
-3.12534e-09
8.55196e-08
-3.94127e-09
1.34735e-07
-4.66644e-09
2.02829e-07
-5.74131e-09
2.9174e-07
-4.6039e-09
3.79183e-07
-2.48573e-09
4.8672e-07
-5.38897e-09
6.63133e-07
-2.08849e-08
8.75098e-07
-6.45221e-08
1.08332e-06
-1.63599e-07
1.14755e-06
-2.08458e-07
1.25221e-06
-6.50831e-08
1.53129e-06
-8.02619e-08
1.99709e-06
-3.12117e-07
1.8463e-06
-4.32968e-07
1.37329e-06
-4.6785e-07
1.17157e-06
-3.13021e-07
1.16736e-07
3.87728e-07
-2.50789e-06
-3.81308e-07
2.98486e-07
-1.83295e-07
-4.66994e-07
9.65996e-08
-2.53906e-06
1.92742e-07
-1.75365e-06
2.38016e-07
-1.67102e-06
2.20793e-07
-1.47391e-06
1.5366e-07
-1.31953e-06
8.58734e-08
-1.20867e-06
3.7915e-08
-1.0953e-06
-9.79265e-07
5.40573e-09
-5.76707e-08
-7.56448e-08
-1.72685e-08
-2.80611e-08
-2.1343e-08
8.95944e-08
-3.42709e-08
1.47663e-07
-4.29232e-08
2.11481e-07
-6.67807e-08
3.15597e-07
-5.18848e-08
3.64287e-07
-2.65175e-08
4.61353e-07
8.01555e-09
6.286e-07
3.34322e-08
8.49682e-07
4.23744e-08
1.07437e-06
-3.80989e-08
1.22802e-06
-2.64794e-07
1.47891e-06
-2.29556e-07
1.49606e-06
-7.84201e-08
1.84596e-06
-2.54646e-07
2.02253e-06
-4.31781e-07
1.55042e-06
-4.80307e-07
1.22009e-06
-2.02968e-07
-1.60603e-07
2.70094e-07
-2.98096e-06
-3.93094e-07
9.61671e-07
-1.47137e-07
-7.12948e-07
-5.6888e-09
-2.68051e-06
1.44048e-07
-1.90338e-06
2.15908e-07
-1.74288e-06
2.04322e-07
-1.46233e-06
1.43872e-07
-1.25908e-06
7.96543e-08
-1.14445e-06
3.45748e-08
-1.05022e-06
-9.49728e-07
5.03462e-09
-6.19269e-08
-9.81945e-08
-4.97639e-08
-4.0224e-08
-7.75723e-08
1.17403e-07
-1.69022e-07
2.39113e-07
-5.04942e-07
5.47399e-07
-1.44009e-06
1.25074e-06
-1.15818e-06
8.23834e-08
-8.4432e-07
1.47487e-07
-3.8679e-07
1.7107e-07
-1.15503e-07
5.78395e-07
5.77467e-08
9.01124e-07
1.59237e-07
1.12653e-06
-5.34492e-08
1.69159e-06
-3.43945e-07
1.78655e-06
-1.82256e-07
1.68427e-06
-2.14472e-07
2.05474e-06
-4.39683e-07
1.77563e-06
-5.14467e-07
1.29488e-06
-2.83346e-07
-3.91724e-07
-1.4953e-07
-3.11477e-06
6.09411e-08
7.51197e-07
1.02352e-07
-7.54361e-07
-1.47423e-09
-2.57668e-06
1.07496e-07
-2.01235e-06
1.62918e-07
-1.7983e-06
1.63709e-07
-1.46312e-06
1.17381e-07
-1.21275e-06
6.44743e-08
-1.09154e-06
2.7304e-08
-1.01305e-06
-9.26604e-07
4.17576e-09
-6.43866e-08
-1.04737e-07
-7.0733e-08
-3.38774e-08
-1.11403e-07
1.58073e-07
-2.8034e-07
4.0805e-07
-1.69476e-06
1.96182e-06
-4.82727e-06
4.38326e-06
-4.96294e-06
2.18049e-07
-3.8191e-06
-9.96348e-07
-1.70002e-06
-1.94801e-06
-1.01836e-06
-1.0326e-07
-5.05048e-07
3.87807e-07
-1.30827e-07
7.5231e-07
1.05108e-07
1.45566e-06
-2.37473e-07
2.12913e-06
-3.8151e-07
1.82831e-06
-2.19582e-07
1.89282e-06
-5.01512e-07
2.05756e-06
-6.2243e-07
1.41579e-06
-2.71484e-07
-7.4267e-07
-1.51871e-06
-1.86754e-06
-6.77296e-07
-9.02185e-08
1.63574e-08
-1.44801e-06
-1.05547e-07
-2.45478e-06
-2.7981e-08
-2.08991e-06
5.3957e-08
-1.88024e-06
7.08684e-08
-1.48003e-06
5.21275e-08
-1.19401e-06
2.63876e-08
-1.0658e-06
9.93228e-09
-9.96599e-07
-9.19228e-07
2.55279e-09
-6.74333e-08
-1.01309e-07
-8.53373e-08
-1.59732e-08
-1.32552e-07
2.05289e-07
-2.87641e-07
5.63139e-07
-1.38865e-06
3.06282e-06
-3.04465e-06
6.03927e-06
-4.26361e-06
1.437e-06
-2.65441e-06
-2.60555e-06
-1.4324e-06
-3.17003e-06
-1.71536e-06
1.79698e-07
-1.32309e-06
-4.45884e-09
-8.46552e-07
2.75772e-07
-1.76737e-07
7.85842e-07
-1.68377e-08
1.96923e-06
-3.71194e-07
2.18266e-06
-1.9364e-07
1.71526e-06
-2.7682e-07
2.14074e-06
-5.4693e-07
1.6859e-06
-8.14814e-07
-4.74786e-07
-2.15894e-06
-5.23416e-07
-1.06119e-06
-1.18797e-06
-2.7509e-08
-2.48169e-06
-1.67485e-07
-2.3148e-06
-1.09983e-07
-2.14742e-06
-6.5454e-08
-1.92477e-06
-3.26221e-08
-1.51286e-06
-2.47207e-08
-1.20191e-06
-1.95672e-08
-1.07095e-06
-1.06994e-08
-1.00547e-06
-9.30695e-07
7.64568e-10
-7.16722e-08
-9.21708e-08
-9.65555e-08
8.91052e-09
-1.47606e-07
2.56339e-07
-2.78058e-07
6.9359e-07
-6.51081e-07
3.43584e-06
-1.59603e-06
6.98422e-06
-2.57237e-06
2.41334e-06
-3.03624e-06
-2.14167e-06
-3.0312e-06
-3.17507e-06
-1.76469e-06
-1.08681e-06
-1.71276e-06
-5.63916e-08
-1.26225e-06
-1.74735e-07
-6.81727e-07
2.05316e-07
-1.28048e-07
1.41555e-06
-2.22548e-07
2.27716e-06
-3.61706e-07
1.85442e-06
-7.9091e-08
1.85813e-06
-1.7751e-07
1.78432e-06
-7.88132e-07
1.35836e-07
-1.27682e-06
-3.47325e-08
-5.01076e-07
-1.96371e-06
-1.27412e-07
-2.85536e-06
-9.11038e-08
-2.3511e-06
-1.43131e-07
-2.09539e-06
-1.64731e-07
-1.90317e-06
-1.33746e-07
-1.54385e-06
-9.15351e-08
-1.24412e-06
-5.41946e-08
-1.10829e-06
-2.52544e-08
-1.03441e-06
-9.55371e-07
-5.79891e-10
-7.68902e-08
-7.9971e-08
-1.05941e-07
3.79618e-08
-1.59462e-07
3.09861e-07
-2.78544e-07
8.12672e-07
-3.04518e-07
3.46182e-06
-5.19887e-07
7.19959e-06
-1.24592e-06
3.13937e-06
-1.61129e-06
-1.7763e-06
-1.84758e-06
-2.93878e-06
-2.12909e-06
-8.05298e-07
-2.04085e-06
-1.44632e-07
-1.5446e-06
-6.70988e-07
-9.36976e-07
-4.02309e-07
-4.32869e-07
9.11448e-07
-2.96895e-07
2.14119e-06
-6.56539e-07
2.21406e-06
-4.2148e-07
1.62307e-06
-2.03535e-07
1.56638e-06
-1.2236e-06
1.1559e-06
-7.03507e-07
-5.54821e-07
5.29638e-07
-3.19685e-06
7.25131e-08
-2.39823e-06
6.45129e-09
-2.28504e-06
-6.8903e-08
-2.02003e-06
-1.49639e-07
-1.82243e-06
-1.41468e-07
-1.55201e-06
-8.98918e-08
-1.29569e-06
-4.69604e-08
-1.15122e-06
-1.99093e-08
-1.06145e-06
-9.74724e-07
-5.5542e-10
-8.27631e-08
-6.61395e-08
-1.14421e-07
6.96201e-08
-1.69529e-07
3.6497e-07
-2.80836e-07
9.23979e-07
-2.00277e-07
3.38126e-06
-1.20114e-08
7.01132e-06
-2.87355e-07
3.41471e-06
-9.19084e-07
-1.14457e-06
-1.82891e-06
-2.02895e-06
-3.38686e-06
7.52661e-07
-3.76604e-06
2.34542e-07
-4.20556e-06
-2.3147e-07
-1.23896e-06
-3.36892e-06
-7.82939e-07
4.55432e-07
-4.04214e-07
1.76246e-06
-6.08808e-07
2.41866e-06
-7.05276e-07
1.71954e-06
-3.30604e-07
1.19171e-06
-3.63158e-07
1.18845e-06
2.58864e-07
-1.17684e-06
2.12847e-07
-3.15084e-06
4.26139e-07
-2.61152e-06
3.47685e-07
-2.20659e-06
2.42672e-07
-1.91502e-06
9.47291e-08
-1.67448e-06
2.45326e-08
-1.48182e-06
2.41262e-08
-1.29529e-06
2.63773e-08
-1.15348e-06
1.60691e-08
-1.05114e-06
-9.59805e-07
1.15328e-09
-8.90861e-08
-5.13404e-08
-1.2256e-07
1.03095e-07
-1.78581e-07
4.20991e-07
-2.81514e-07
1.02691e-06
-1.75821e-07
3.27556e-06
2.60695e-07
6.5748e-06
2.54353e-07
3.42106e-06
-2.65354e-07
-6.24863e-07
-9.3051e-07
-1.36379e-06
-1.51086e-06
1.33301e-06
-1.87028e-06
5.93965e-07
-1.95523e-06
-1.46513e-07
-1.87765e-06
-3.4465e-06
-1.06137e-06
-3.6085e-07
-6.31928e-07
1.33302e-06
-5.53511e-07
2.34024e-06
-7.95126e-07
1.96115e-06
-8.6984e-07
1.26642e-06
-6.47529e-07
9.66138e-07
8.53704e-07
-2.67808e-06
4.98252e-07
-2.79538e-06
7.02623e-07
-2.81589e-06
8.20996e-07
-2.32496e-06
7.06853e-07
-1.80088e-06
4.98112e-07
-1.46574e-06
3.24884e-07
-1.30859e-06
2.22829e-07
-1.19323e-06
1.46819e-07
-1.07747e-06
7.42018e-08
-9.78525e-07
-8.89787e-07
4.1868e-09
-9.576e-08
-3.58492e-08
-1.30641e-07
1.37976e-07
-1.86976e-07
4.77327e-07
-2.8044e-07
1.12037e-06
-1.68716e-07
3.16384e-06
3.30185e-07
6.0759e-06
4.78165e-07
3.27308e-06
8.15074e-08
-2.28207e-07
-3.69928e-07
-9.1236e-07
-5.64938e-07
1.52802e-06
-1.13121e-06
1.16023e-06
-2.4704e-06
1.19269e-06
-3.62486e-06
-2.29204e-06
-1.22635e-06
-2.75936e-06
-9.50836e-07
1.05751e-06
-6.19069e-07
2.00847e-06
-6.09102e-07
1.95119e-06
-1.28996e-07
7.86314e-07
1.16641e-06
-3.29264e-07
1.09517e-06
-2.60684e-06
1.37976e-06
-3.07997e-06
1.08048e-06
-2.5166e-06
8.35348e-07
-2.07983e-06
6.87099e-07
-1.65263e-06
5.86239e-07
-1.36488e-06
4.57985e-07
-1.18033e-06
3.29468e-07
-1.06471e-06
2.16116e-07
-9.64119e-07
1.0894e-07
-8.71348e-07
-7.87339e-07
6.49514e-09
-1.02728e-07
-1.97887e-08
-1.3874e-07
1.73989e-07
-1.94784e-07
5.33371e-07
-2.77872e-07
1.20346e-06
-1.62606e-07
3.04857e-06
3.37743e-07
5.57555e-06
5.33778e-07
3.07704e-06
2.02351e-07
1.03219e-07
-5.23612e-08
-6.57648e-07
-8.94526e-08
1.56511e-06
-1.08967e-08
1.08168e-06
3.95458e-07
7.8634e-07
8.61915e-07
-2.7585e-06
-3.06601e-07
-1.59084e-06
-1.26966e-06
2.02057e-06
-8.50715e-07
1.58952e-06
-9.2893e-07
2.0294e-06
1.07338e-07
-2.49955e-07
1.36415e-06
-1.58608e-06
7.1965e-07
-1.96234e-06
4.49076e-07
-2.8094e-06
1.21333e-07
-2.18887e-06
-5.64041e-08
-1.9021e-06
-2.8864e-08
-1.68018e-06
5.50239e-08
-1.44877e-06
1.15419e-07
-1.24072e-06
1.21678e-07
-1.07097e-06
9.74468e-08
-9.3989e-07
5.48859e-08
-8.28786e-07
-7.37403e-07
4.95067e-09
-1.09939e-07
-3.2428e-09
-1.46812e-07
2.10862e-07
-2.01905e-07
5.88464e-07
-2.73843e-07
1.2754e-06
-1.54773e-07
2.9295e-06
3.30374e-07
5.0904e-06
5.30321e-07
2.8771e-06
2.70895e-07
3.62645e-07
8.54995e-08
-4.72254e-07
1.91373e-07
1.45924e-06
3.34784e-07
9.38261e-07
5.07038e-07
6.14089e-07
-6.69013e-07
-1.58245e-06
-2.01569e-06
-2.44163e-07
-1.37471e-06
1.37959e-06
-9.39163e-07
1.15398e-06
-1.26794e-06
2.35818e-06
-7.65764e-07
-7.52135e-07
-2.92414e-07
-2.05943e-06
1.1714e-08
-2.26647e-06
-8.03681e-08
-2.71733e-06
-1.39493e-07
-2.12974e-06
-2.02755e-07
-1.83884e-06
-2.80965e-07
-1.60197e-06
-2.52696e-07
-1.47704e-06
-1.70727e-07
-1.32269e-06
-9.54637e-08
-1.14624e-06
-4.50191e-08
-9.90337e-07
-1.57824e-08
-8.58022e-07
-7.54812e-07
1.6264e-09
-1.17326e-07
1.37006e-08
-1.54746e-07
2.48282e-07
-2.08166e-07
6.41884e-07
-2.68002e-07
1.33524e-06
-1.45006e-07
2.80651e-06
3.19826e-07
4.62557e-06
5.11394e-07
2.68553e-06
3.11314e-07
5.62726e-07
1.49185e-07
-3.10125e-07
3.22094e-07
1.28633e-06
4.40113e-07
8.20241e-07
5.2343e-07
5.30777e-07
4.01871e-08
-1.0992e-06
-2.01828e-07
-2.14869e-09
-6.4455e-07
1.82231e-06
-9.03931e-07
1.41336e-06
2.48353e-07
1.2059e-06
1.66615e-06
-2.16994e-06
1.94832e-06
-2.3416e-06
1.9459e-06
-2.26405e-06
1.65497e-06
-2.4264e-06
1.62403e-06
-2.0988e-06
1.41291e-06
-1.62772e-06
1.09241e-06
-1.28147e-06
7.17116e-07
-1.10174e-06
3.93902e-07
-9.99477e-07
1.88309e-07
-9.40647e-07
8.02566e-08
-8.82285e-07
2.90605e-08
-8.06826e-07
-7.27372e-07
1.61978e-09
-1.24802e-07
3.09362e-08
-1.62397e-07
2.85877e-07
-2.13362e-07
6.92849e-07
-2.60176e-07
1.38205e-06
-1.33419e-07
2.67975e-06
3.08268e-07
4.18388e-06
4.90004e-07
2.5038e-06
3.41574e-07
7.11158e-07
1.89049e-07
-1.57599e-07
3.74533e-07
1.10085e-06
4.72571e-07
7.22208e-07
5.89651e-07
4.137e-07
2.51505e-07
-7.61051e-07
1.0189e-07
1.47465e-07
5.27227e-07
1.39697e-06
4.82867e-07
1.45772e-06
4.43584e-07
1.24518e-06
5.28505e-07
-2.25485e-06
4.43418e-07
-2.25652e-06
1.90941e-07
-2.01157e-06
-2.90893e-07
-1.94457e-06
-5.17281e-07
-1.87242e-06
-4.40175e-07
-1.70483e-06
-2.2212e-07
-1.49953e-06
-3.21156e-08
-1.29174e-06
7.73902e-08
-1.10898e-06
1.01257e-07
-9.64515e-07
7.35086e-08
-8.54537e-07
3.39025e-08
-7.6722e-07
-6.91944e-07
-1.52795e-09
-1.32252e-07
4.83363e-08
-1.69586e-07
3.23213e-07
-2.17241e-07
7.40504e-07
-2.50436e-07
1.41524e-06
-1.2019e-07
2.5495e-06
2.96057e-07
3.76763e-06
4.6911e-07
2.33074e-06
3.66475e-07
8.13794e-07
2.22335e-07
-1.34583e-08
3.97765e-07
9.25428e-07
4.90139e-07
6.29839e-07
5.71639e-07
3.322e-07
2.83046e-07
-4.72458e-07
3.38302e-07
9.22099e-08
7.72946e-07
9.62332e-07
1.26326e-06
9.67406e-07
1.95621e-06
5.5223e-07
1.67602e-06
-1.97466e-06
1.34254e-06
-1.92304e-06
1.28003e-06
-1.94906e-06
1.09675e-06
-1.76129e-06
7.85773e-07
-1.56144e-06
4.88333e-07
-1.40739e-06
2.83446e-07
-1.29464e-06
1.53568e-07
-1.16186e-06
8.52008e-08
-1.04062e-06
5.04802e-08
-9.29794e-07
2.8499e-08
-8.32555e-07
1.20034e-08
-7.50724e-07
-6.78829e-07
-1.1135e-09
-1.3953e-07
6.57514e-08
-1.76111e-07
3.59796e-07
-2.19545e-07
7.83938e-07
-2.38896e-07
1.4346e-06
-1.05561e-07
2.41617e-06
2.83365e-07
3.3787e-06
4.49409e-07
2.1647e-06
3.8632e-07
8.76882e-07
2.54235e-07
1.18626e-07
4.10552e-07
7.69113e-07
5.02781e-07
5.3761e-07
5.82228e-07
2.52755e-07
4.05845e-07
-2.96075e-07
4.39579e-07
5.84752e-08
8.24263e-07
5.77649e-07
1.35645e-06
4.35227e-07
1.84364e-06
6.50374e-08
1.1897e-06
-1.32071e-06
9.50415e-07
-1.68375e-06
6.86454e-07
-1.6851e-06
5.70338e-07
-1.64518e-06
5.37006e-07
-1.52811e-06
4.95073e-07
-1.36545e-06
4.02306e-07
-1.20187e-06
2.99772e-07
-1.05933e-06
2.01653e-07
-9.42497e-07
1.27436e-07
-8.55576e-07
7.62086e-08
-7.81326e-07
3.60591e-08
-7.10574e-07
-6.43276e-07
5.0506e-10
-1.46454e-07
8.30106e-08
-1.81742e-07
3.95085e-07
-2.20031e-07
8.22228e-07
-2.25707e-07
1.44027e-06
-8.98381e-08
2.2803e-06
2.70327e-07
3.01854e-06
4.30762e-07
2.00426e-06
4.00167e-07
9.07476e-07
2.86005e-07
2.32785e-07
4.20142e-07
6.34977e-07
5.13654e-07
4.44096e-07
5.8544e-07
1.80971e-07
4.75951e-07
-1.86583e-07
5.5164e-07
-1.72137e-08
8.67739e-07
2.61549e-07
1.23977e-06
6.32007e-08
1.59065e-06
-2.85838e-07
1.39466e-06
-1.12472e-06
1.14331e-06
-1.43241e-06
9.57936e-07
-1.49973e-06
7.08291e-07
-1.39553e-06
4.74666e-07
-1.29449e-06
3.23071e-07
-1.21386e-06
2.3279e-07
-1.11159e-06
1.87587e-07
-1.01412e-06
1.59153e-07
-9.14062e-07
1.22892e-07
-8.19315e-07
7.92109e-08
-7.37645e-07
3.75293e-08
-6.68893e-07
-6.06491e-07
7.42928e-10
-1.52801e-07
9.99238e-08
-1.86223e-07
4.28508e-07
-2.18493e-07
8.54497e-07
-2.11048e-07
1.43283e-06
-7.33959e-08
2.14264e-06
2.57222e-07
2.68792e-06
4.13147e-07
1.84834e-06
4.08649e-07
9.11973e-07
3.17506e-07
3.23926e-07
4.30393e-07
5.22093e-07
5.23255e-07
3.51235e-07
5.90678e-07
1.13548e-07
5.4851e-07
-1.44414e-07
6.28191e-07
-9.68923e-08
8.82559e-07
7.18065e-09
1.13993e-06
-1.94171e-07
1.35478e-06
-5.00683e-07
1.21433e-06
-9.84271e-07
1.01285e-06
-1.23093e-06
8.04513e-07
-1.29139e-06
6.85818e-07
-1.27684e-06
5.96062e-07
-1.20473e-06
4.97263e-07
-1.11506e-06
4.07449e-07
-1.02177e-06
3.17915e-07
-9.2459e-07
2.41204e-07
-8.37352e-07
1.76896e-07
-7.55008e-07
1.18229e-07
-6.78979e-07
5.8186e-08
-6.08853e-07
-5.46533e-07
-1.77451e-09
-1.58303e-07
1.16285e-07
-1.89271e-07
4.59477e-07
-2.1479e-07
8.80016e-07
-1.95135e-07
1.41317e-06
-5.66438e-08
2.00415e-06
2.43746e-07
2.38753e-06
3.96292e-07
1.69579e-06
4.12284e-07
8.95982e-07
3.48675e-07
3.87534e-07
4.43007e-07
4.27764e-07
5.31927e-07
2.62317e-07
5.96915e-07
4.85596e-08
6.00711e-07
-1.48213e-07
6.83008e-07
-1.79188e-07
8.80147e-07
-1.89956e-07
1.05829e-06
-3.72312e-07
1.17937e-06
-6.21767e-07
1.11344e-06
-9.18344e-07
9.72662e-07
-1.09015e-06
8.27489e-07
-1.14622e-06
6.76295e-07
-1.12565e-06
5.42414e-07
-1.07085e-06
4.23795e-07
-9.9644e-07
3.23008e-07
-9.20985e-07
2.41753e-07
-8.43336e-07
1.74485e-07
-7.70085e-07
1.20536e-07
-7.01062e-07
7.4925e-08
-6.33371e-07
3.46202e-08
-5.68551e-07
-5.1033e-07
-1.58531e-09
-1.62642e-07
1.31879e-07
-1.90566e-07
4.87402e-07
-2.08833e-07
8.98284e-07
-1.78194e-07
1.38254e-06
-4.00999e-08
1.86606e-06
2.30912e-07
2.11652e-06
3.79663e-07
1.54704e-06
4.11821e-07
8.63825e-07
3.77889e-07
4.21466e-07
4.56996e-07
3.48658e-07
5.39453e-07
1.7986e-07
6.02987e-07
-1.4976e-08
6.35623e-07
-1.80853e-07
7.16007e-07
-2.59573e-07
8.59626e-07
-3.33572e-07
9.80176e-07
-4.92863e-07
1.04256e-06
-6.84153e-07
9.95263e-07
-8.71045e-07
8.89452e-07
-9.8434e-07
7.65713e-07
-1.02248e-06
6.49571e-07
-1.0095e-06
5.43289e-07
-9.64567e-07
4.51745e-07
-9.04896e-07
3.65993e-07
-8.35233e-07
2.87806e-07
-7.65151e-07
2.12653e-07
-6.94933e-07
1.41452e-07
-6.29863e-07
8.12702e-08
-5.73192e-07
3.54743e-08
-5.22758e-07
-4.74794e-07
-6.4207e-11
-1.65438e-07
1.46482e-07
-1.89778e-07
5.11743e-07
-2.00588e-07
9.09094e-07
-1.60487e-07
1.34243e-06
-2.42391e-08
1.72981e-06
2.18052e-07
1.87423e-06
3.62621e-07
1.40247e-06
4.0774e-07
8.18706e-07
4.01715e-07
4.27491e-07
4.69562e-07
2.8081e-07
5.44489e-07
1.04931e-07
6.05985e-07
-7.64732e-08
6.53574e-07
-2.28443e-07
7.26732e-07
-3.32732e-07
8.27224e-07
-4.34062e-07
9.03879e-07
-5.69518e-07
9.31004e-07
-7.11277e-07
8.91569e-07
-8.31608e-07
8.096e-07
-9.02369e-07
7.10283e-07
-9.23156e-07
6.07238e-07
-9.06453e-07
5.09039e-07
-8.66366e-07
4.16962e-07
-8.12818e-07
3.36196e-07
-7.54467e-07
2.65076e-07
-6.94032e-07
2.05443e-07
-6.353e-07
1.53727e-07
-5.78148e-07
1.0314e-07
-5.22606e-07
5.05313e-08
-4.70151e-07
-4.22824e-07
-1.44e-09
-1.66256e-07
1.59873e-07
-1.86583e-07
5.32072e-07
-1.90067e-07
9.12578e-07
-1.423e-07
1.29467e-06
-9.54627e-09
1.59706e-06
2.05279e-07
1.6594e-06
3.44636e-07
1.26311e-06
3.99944e-07
7.63396e-07
4.16801e-07
4.10633e-07
4.77378e-07
2.20232e-07
5.44776e-07
3.75313e-08
6.03355e-07
-1.35053e-07
6.54949e-07
-2.80035e-07
7.17093e-07
-3.94877e-07
7.84625e-07
-5.01592e-07
8.28936e-07
-6.13828e-07
8.34228e-07
-7.16567e-07
7.96223e-07
-7.936e-07
7.28253e-07
-8.34396e-07
6.4534e-07
-8.4024e-07
5.5854e-07
-8.1965e-07
4.73697e-07
-7.81523e-07
3.94163e-07
-7.33284e-07
3.19486e-07
-6.79791e-07
2.50492e-07
-6.25038e-07
1.86262e-07
-5.71071e-07
1.2789e-07
-5.19775e-07
7.73204e-08
-4.72036e-07
3.50214e-08
-4.27852e-07
-3.8686e-07
-9.42013e-10
-1.64602e-07
1.71851e-07
-1.80657e-07
5.48129e-07
-1.77312e-07
9.09233e-07
-1.23934e-07
1.24129e-06
3.66245e-09
1.46946e-06
1.92541e-07
1.47052e-06
3.24966e-07
1.13068e-06
3.87774e-07
7.00586e-07
4.21157e-07
3.77247e-07
4.77223e-07
1.64165e-07
5.37629e-07
-2.2874e-08
5.91864e-07
-1.89288e-07
6.40764e-07
-3.28932e-07
6.89724e-07
-4.43835e-07
7.32831e-07
-5.44696e-07
7.54202e-07
-6.35196e-07
7.45679e-07
-7.08042e-07
7.07853e-07
-7.55772e-07
6.48666e-07
-7.75206e-07
5.77911e-07
-7.69482e-07
5.02966e-07
-7.44704e-07
4.2864e-07
-7.07196e-07
3.57569e-07
-6.62213e-07
2.91545e-07
-6.13767e-07
2.3099e-07
-5.64484e-07
1.76105e-07
-5.16184e-07
1.26196e-07
-4.69866e-07
8.03068e-08
-4.26146e-07
3.78859e-08
-3.85431e-07
-3.47967e-07
-1.00713e-09
-1.59922e-07
1.82255e-07
-1.71666e-07
5.59875e-07
-1.62383e-07
8.99951e-07
-1.05718e-07
1.18463e-06
1.53991e-08
1.34834e-06
1.79307e-07
1.30661e-06
3.02899e-07
1.00709e-06
3.7014e-07
6.33344e-07
4.13877e-07
3.33509e-07
4.66595e-07
1.11448e-07
5.20507e-07
-7.67842e-08
5.68989e-07
-2.37769e-07
6.11226e-07
-3.71166e-07
6.47432e-07
-4.80039e-07
6.72355e-07
-5.69615e-07
6.78108e-07
-6.40946e-07
6.61196e-07
-6.91128e-07
6.23512e-07
-7.18087e-07
5.70859e-07
-7.22553e-07
5.09662e-07
-7.08283e-07
4.45085e-07
-6.80126e-07
3.80683e-07
-6.42794e-07
3.18668e-07
-6.00199e-07
2.6018e-07
-5.55279e-07
2.05847e-07
-5.10151e-07
1.55875e-07
-4.66211e-07
1.10354e-07
-4.24344e-07
6.92331e-08
-3.85025e-07
3.22706e-08
-3.48468e-07
-3.14748e-07
-9.48703e-10
-1.51589e-07
1.90978e-07
-1.59246e-07
5.67534e-07
-1.45329e-07
8.86035e-07
-8.8054e-08
1.12736e-06
2.23302e-08
1.23796e-06
1.64717e-07
1.16423e-06
2.77372e-07
8.94434e-07
3.45702e-07
5.65015e-07
3.94364e-07
2.84848e-07
4.43667e-07
6.21456e-08
4.91213e-07
-1.24327e-07
5.32658e-07
-2.79212e-07
5.66644e-07
-4.0515e-07
5.91544e-07
-5.04935e-07
6.03686e-07
-5.81753e-07
5.99172e-07
-6.36431e-07
5.77568e-07
-6.69523e-07
5.41086e-07
-6.81607e-07
4.94088e-07
-6.75554e-07
4.40993e-07
-6.55186e-07
3.85456e-07
-6.24587e-07
3.30116e-07
-5.87453e-07
2.76701e-07
-5.46783e-07
2.26267e-07
-5.04844e-07
1.7936e-07
-4.63243e-07
1.36199e-07
-4.23049e-07
9.67678e-08
-3.84912e-07
6.09141e-08
-3.49171e-07
2.84223e-08
-3.15976e-07
-2.8538e-07
-9.44752e-10
-1.38887e-07
1.9799e-07
-1.42975e-07
5.71623e-07
-1.26142e-07
8.69204e-07
-7.11148e-08
1.07233e-06
2.68304e-08
1.14002e-06
1.48031e-07
1.04303e-06
2.4724e-07
7.95227e-07
3.1291e-07
4.99346e-07
3.61801e-07
2.35961e-07
4.06782e-07
1.7167e-08
4.47338e-07
-1.64882e-07
4.81406e-07
-3.13277e-07
5.07082e-07
-4.30823e-07
5.22708e-07
-5.20558e-07
5.25925e-07
-5.84969e-07
5.15769e-07
-6.26275e-07
4.92438e-07
-6.46193e-07
4.58539e-07
-6.47707e-07
4.17311e-07
-6.34326e-07
3.71916e-07
-6.09789e-07
3.24956e-07
-5.77625e-07
2.78348e-07
-5.40843e-07
2.33393e-07
-5.01826e-07
1.90902e-07
-4.62351e-07
1.51326e-07
-4.23665e-07
1.14863e-07
-3.86585e-07
8.15373e-08
-3.51585e-07
5.12559e-08
-3.18889e-07
2.38477e-08
-2.88567e-07
-2.60632e-07
-9.0029e-10
-1.20981e-07
2.03335e-07
-1.2231e-07
5.72953e-07
-1.04677e-07
8.51572e-07
-5.50559e-08
1.02271e-06
2.78566e-08
1.0571e-06
1.27302e-07
9.43586e-07
2.10947e-07
7.11583e-07
2.69961e-07
4.40335e-07
3.14853e-07
1.91073e-07
3.5379e-07
-2.17666e-08
3.87043e-07
-1.98132e-07
4.13487e-07
-3.39718e-07
4.31678e-07
-4.49013e-07
4.40299e-07
-5.29178e-07
4.38419e-07
-5.8309e-07
4.2561e-07
-6.13467e-07
4.03267e-07
-6.23851e-07
3.73529e-07
-6.17969e-07
3.38815e-07
-5.99611e-07
3.01379e-07
-5.72351e-07
2.63061e-07
-5.39304e-07
2.25231e-07
-5.03011e-07
1.88836e-07
-4.65429e-07
1.54473e-07
-4.27987e-07
1.22477e-07
-3.91668e-07
9.29931e-08
-3.571e-07
6.60312e-08
-3.24623e-07
4.15122e-08
-2.94369e-07
1.93014e-08
-2.66356e-07
-2.40565e-07
-7.65199e-10
-9.68652e-08
2.07128e-07
-9.65049e-08
5.72592e-07
-8.05485e-08
8.35615e-07
-3.98495e-08
9.82012e-07
2.52226e-08
9.92032e-07
1.01121e-07
8.67688e-07
1.66501e-07
6.46206e-07
2.147e-07
3.92138e-07
2.51794e-07
1.53983e-07
2.82458e-07
-5.24266e-08
3.07616e-07
-2.23289e-07
3.26632e-07
-3.58733e-07
3.38565e-07
-4.60948e-07
3.42607e-07
-5.33222e-07
3.3822e-07
-5.78704e-07
3.25973e-07
-6.0122e-07
3.0711e-07
-6.04987e-07
2.83293e-07
-5.9415e-07
2.56257e-07
-5.72572e-07
2.27549e-07
-5.4364e-07
1.98417e-07
-5.10171e-07
1.69795e-07
-4.74388e-07
1.42328e-07
-4.37961e-07
1.16425e-07
-4.02082e-07
9.2315e-08
-3.67558e-07
7.0097e-08
-3.34881e-07
4.97751e-08
-3.043e-07
3.12916e-08
-2.75885e-07
1.45503e-08
-2.49614e-07
-2.25445e-07
-5.68417e-10
-6.53124e-08
2.09504e-07
-6.44906e-08
5.71769e-07
-5.29739e-08
8.24098e-07
-2.51763e-08
9.54214e-07
1.80605e-08
9.48794e-07
6.77396e-08
8.1801e-07
1.11319e-07
6.0263e-07
1.44279e-07
3.5918e-07
1.69486e-07
1.2878e-07
1.89716e-07
-7.26545e-08
2.05914e-07
-2.39487e-07
2.17749e-07
-3.7057e-07
2.2453e-07
-4.67731e-07
2.25823e-07
-5.34516e-07
2.21641e-07
-5.74522e-07
2.12589e-07
-5.92166e-07
1.99584e-07
-5.91978e-07
1.83693e-07
-5.78257e-07
1.65972e-07
-5.54849e-07
1.47346e-07
-5.25013e-07
1.28557e-07
-4.91381e-07
1.10151e-07
-4.55982e-07
9.25043e-08
-4.20312e-07
7.58477e-08
-3.85425e-07
6.03058e-08
-3.52014e-07
4.59255e-08
-3.20499e-07
3.27045e-08
-2.91078e-07
2.06141e-08
-2.63794e-07
9.612e-09
-2.38612e-07
-2.1548e-07
-3.5314e-10
-2.57636e-08
-2.53831e-08
-2.08731e-08
-1.02112e-08
6.21701e-09
2.52205e-08
4.24641e-08
5.61117e-08
6.6265e-08
7.32229e-08
7.78514e-08
8.12168e-08
8.28876e-08
8.27197e-08
8.07898e-08
7.72829e-08
7.24913e-08
6.67665e-08
6.04562e-08
5.38643e-08
4.72294e-08
4.07218e-08
3.44515e-08
2.84813e-08
2.28403e-08
1.75382e-08
1.25792e-08
7.97316e-09
3.73444e-09
-1.26962e-10
-2.61432e-08
-9.79302e-07
-7.12659e-08
-1.09728e-06
-1.36101e-07
-1.21454e-06
-2.02871e-07
-1.31968e-06
-2.23322e-07
-1.44719e-06
-1.77497e-07
-1.60828e-06
-8.04764e-08
-1.70393e-06
2.06357e-07
-2.59959e-06
4.07432e-07
-5.87356e-07
-3.78331e-07
3.18573e-07
3.14749e-07
-2.51763e-06
4.68476e-07
1.16322e-07
4.33617e-07
1.17697e-06
3.12733e-07
1.3744e-06
7.96135e-08
1.84335e-06
6.51601e-08
1.99671e-06
2.08257e-07
1.52992e-06
1.62982e-07
1.25223e-06
6.48377e-08
1.14991e-06
2.08685e-08
1.08556e-06
5.61674e-09
8.73296e-07
2.59016e-09
6.61883e-07
4.66035e-09
4.86982e-07
5.63663e-09
3.80303e-07
4.60441e-09
2.91464e-07
3.89028e-09
2.02706e-07
3.09572e-09
1.34577e-07
2.33507e-09
8.54249e-08
4.25586e-08
1.22782e-08
-2.96154e-08
-2.36775e-08
-9.50591e-07
-6.65938e-08
-1.05436e-06
-1.29127e-07
-1.152e-06
-1.90906e-07
-1.2579e-06
-2.06353e-07
-1.43175e-06
-1.3486e-07
-1.67978e-06
2.12596e-08
-1.86005e-06
1.43918e-07
-2.72224e-06
3.51128e-07
-7.94567e-07
-2.74334e-07
9.4404e-07
2.04374e-07
-2.99634e-06
4.81074e-07
-1.60378e-07
4.3461e-07
1.22343e-06
2.57454e-07
1.55156e-06
7.93529e-08
2.02145e-06
2.29441e-07
1.84663e-06
2.64594e-07
1.49476e-06
3.95749e-08
1.47725e-06
-4.06121e-08
1.2301e-06
-3.29904e-08
1.07794e-06
-8.18145e-09
8.48487e-07
2.60876e-08
6.27614e-07
5.1143e-08
4.61927e-07
6.42735e-08
3.67172e-07
4.10733e-08
3.14664e-07
3.28259e-08
2.10953e-07
2.06725e-08
1.4673e-07
1.69244e-08
8.91728e-08
5.74336e-08
-2.82316e-08
-7.57211e-08
-1.83942e-08
-9.28024e-07
-5.43576e-08
-1.0184e-06
-1.07176e-07
-1.09919e-06
-1.561e-07
-1.20897e-06
-1.5892e-07
-1.42893e-06
-9.70641e-08
-1.74163e-06
1.87693e-08
-1.97588e-06
-8.94538e-08
-2.61402e-06
-6.98974e-08
-8.14121e-07
1.58878e-07
7.15271e-07
2.81233e-07
-3.1187e-06
5.14073e-07
-3.93217e-07
4.41406e-07
1.2961e-06
2.17457e-07
1.7755e-06
1.83275e-07
2.05563e-06
3.4052e-07
1.68938e-06
5.17808e-08
1.7835e-06
-1.5743e-07
1.68646e-06
-5.7811e-08
1.13048e-06
1.13807e-07
9.06325e-07
3.83099e-07
5.79195e-07
8.3261e-07
1.78103e-07
1.15744e-06
1.37094e-07
1.39685e-06
1.27772e-07
4.75625e-07
1.23588e-06
1.61952e-07
5.24624e-07
7.543e-08
2.33252e-07
4.89237e-08
1.15679e-07
6.1447e-08
-4.07554e-08
-9.83566e-08
-4.7412e-09
-9.20732e-07
-2.14895e-08
-1.00165e-06
-4.91649e-08
-1.07152e-06
-7.14142e-08
-1.18673e-06
-5.71735e-08
-1.44317e-06
3.03111e-08
-1.82912e-06
1.25383e-07
-2.07095e-06
2.18412e-09
-2.49082e-06
6.86125e-07
-1.49806e-06
1.53782e-06
-1.36426e-07
2.70088e-07
-1.85096e-06
6.20631e-07
-7.4376e-07
5.02633e-07
1.41409e-06
2.21585e-07
2.05655e-06
3.8286e-07
1.89436e-06
2.37881e-07
1.83436e-06
-1.05097e-07
2.12648e-06
1.26222e-07
1.45514e-06
4.95606e-07
7.61095e-07
1.01912e-06
3.82816e-07
1.71057e-06
-1.12259e-07
3.9026e-06
-2.01393e-06
4.91197e-06
-8.72275e-07
4.71164e-06
3.28097e-07
1.57075e-06
4.37677e-06
2.64349e-07
1.83102e-06
1.08534e-07
3.89066e-07
6.9637e-08
1.54576e-07
6.3775e-08
-3.48938e-08
-1.05014e-07
1.18186e-08
-9.31788e-07
1.88651e-08
-1.00869e-06
2.1248e-08
-1.0739e-06
2.59333e-08
-1.19141e-06
5.83301e-08
-1.47557e-06
1.10592e-07
-1.88138e-06
1.78321e-07
-2.13868e-06
2.73516e-08
-2.33985e-06
1.05583e-06
-2.52654e-06
2.16062e-06
-1.24122e-06
8.12389e-07
-5.0273e-07
5.47277e-07
-4.78647e-07
2.78173e-07
1.6832e-06
1.90551e-07
2.14417e-06
3.69333e-07
1.71558e-06
1.86229e-08
2.18507e-06
1.76524e-07
1.96858e-06
8.40807e-07
7.90861e-07
1.31962e-06
2.82286e-07
1.70738e-06
-4.95214e-09
1.43365e-06
1.6148e-07
2.67178e-06
-3.25206e-06
4.26106e-06
-2.46155e-06
2.96979e-06
1.61937e-06
1.30166e-06
6.04491e-06
2.74676e-07
2.858e-06
1.29457e-07
5.34284e-07
8.40984e-08
1.99935e-07
6.67406e-08
-1.75367e-08
-1.01716e-07
2.33206e-08
-9.55689e-07
5.00311e-08
-1.0354e-06
8.28302e-08
-1.10671e-06
1.22476e-07
-1.23106e-06
1.57476e-07
-1.51058e-06
1.46344e-07
-1.87025e-06
9.77346e-08
-2.09007e-06
1.22363e-07
-2.36448e-06
4.74693e-07
-2.87888e-06
1.2422e-06
-2.00873e-06
7.87821e-07
-4.8347e-08
1.80498e-07
1.28676e-07
7.92264e-08
1.78447e-06
3.57596e-07
1.8658e-06
2.20418e-07
1.85275e-06
1.28457e-07
2.27703e-06
6.81388e-07
1.41565e-06
1.26654e-06
2.05707e-07
1.71811e-06
-1.69277e-07
1.77509e-06
-6.19361e-08
3.07269e-06
-1.13612e-06
3.06855e-06
-3.24793e-06
2.56928e-06
-1.96228e-06
1.5369e-06
2.65174e-06
6.14417e-07
6.96739e-06
2.69609e-07
3.20281e-06
1.44444e-07
6.59448e-07
9.52096e-08
2.4917e-07
7.09086e-08
6.76369e-09
-9.27158e-08
1.82741e-08
-9.74518e-07
4.31861e-08
-1.0603e-06
8.32039e-08
-1.14673e-06
1.33888e-07
-1.28174e-06
1.48395e-07
-1.52509e-06
7.87448e-08
-1.80061e-06
1.18737e-09
-2.01251e-06
-8.28638e-08
-2.28043e-06
-5.3428e-07
-2.42746e-06
6.82676e-07
-3.22569e-06
1.22154e-06
-5.87208e-07
2.00075e-07
1.15014e-06
4.19422e-07
1.56512e-06
6.56248e-07
1.62898e-06
2.97446e-07
2.21156e-06
4.31278e-07
2.1432e-06
9.37823e-07
9.09103e-07
1.54883e-06
-4.05299e-07
2.04613e-06
-6.66571e-07
2.14435e-06
-1.60156e-07
1.85299e-06
-8.44764e-07
1.59251e-06
-2.98745e-06
1.21524e-06
-1.58501e-06
4.9259e-07
3.37439e-06
3.03575e-07
7.15641e-06
2.71866e-07
3.23451e-06
1.56276e-07
7.75037e-07
1.04493e-07
3.00953e-07
7.60491e-08
3.52071e-08
-8.06607e-08
-1.38399e-08
-9.59524e-07
-2.44821e-08
-1.04966e-06
-2.24438e-08
-1.14877e-06
-1.97509e-08
-1.28444e-06
-7.7896e-08
-1.46694e-06
-2.21187e-07
-1.65732e-06
-3.37562e-07
-1.89614e-06
-4.16416e-07
-2.20157e-06
-1.94764e-07
-2.64912e-06
-2.35426e-07
-3.18503e-06
3.66352e-07
-1.18899e-06
3.27899e-07
1.18859e-06
7.03741e-07
1.18928e-06
6.11633e-07
1.72109e-06
4.04983e-07
2.41821e-06
7.83344e-07
1.76484e-06
1.24348e-06
4.48968e-07
4.22101e-06
-3.38283e-06
3.78829e-06
-2.33855e-07
3.43153e-06
1.96605e-07
1.84748e-06
7.39291e-07
9.02428e-07
-2.0424e-06
2.70713e-07
-9.53295e-07
1.04559e-08
3.63464e-06
2.1431e-07
6.95256e-06
2.749e-07
3.17392e-06
1.66336e-07
8.83599e-07
1.12869e-07
3.54421e-07
8.18348e-08
6.62403e-08
-6.698e-08
-6.53784e-08
-8.89957e-07
-1.3639e-07
-9.78645e-07
-2.08692e-07
-1.07647e-06
-3.02603e-07
-1.19053e-06
-4.65853e-07
-1.30369e-06
-6.75552e-07
-1.44762e-06
-7.99692e-07
-1.772e-06
-6.78853e-07
-2.32241e-06
-4.67751e-07
-2.86022e-06
-8.42666e-07
-2.81011e-06
6.47869e-07
-2.67952e-06
8.705e-07
9.6596e-07
7.9675e-07
1.26303e-06
5.58169e-07
1.95967e-06
6.34609e-07
2.34177e-06
1.06328e-06
1.33617e-06
1.88015e-06
-3.67904e-07
1.94152e-06
-3.4442e-06
1.86868e-06
-1.61029e-07
1.52703e-06
5.38253e-07
9.33882e-07
1.33244e-06
2.48694e-07
-1.35721e-06
-2.61062e-07
-4.43541e-07
-2.44644e-07
3.61822e-06
1.93731e-07
6.51418e-06
2.76229e-07
3.09142e-06
1.75399e-07
9.84429e-07
1.20903e-07
4.08916e-07
8.80634e-08
9.90797e-08
-5.23373e-08
-9.5379e-08
-7.88083e-07
-2.00336e-07
-8.73689e-07
-3.08668e-07
-9.68135e-07
-4.29814e-07
-1.06938e-06
-5.53151e-07
-1.18036e-06
-6.47568e-07
-1.3532e-06
-7.76359e-07
-1.64321e-06
-1.00504e-06
-2.09373e-06
-1.30251e-06
-2.56276e-06
-1.07506e-06
-3.03756e-06
-1.16831e-06
-2.58627e-06
1.34666e-07
-3.37015e-07
6.09819e-07
7.87879e-07
6.20396e-07
1.94909e-06
9.52284e-07
2.00988e-06
1.228e-06
1.06046e-06
3.64099e-06
-2.78089e-06
2.49772e-06
-2.30093e-06
1.16285e-06
1.17384e-06
5.75547e-07
1.12555e-06
3.65555e-07
1.54243e-06
-8.81413e-08
-9.03516e-07
-4.78067e-07
-5.36165e-08
-3.08488e-07
3.44864e-06
1.86861e-07
6.01883e-06
2.75885e-07
3.0024e-06
1.83826e-07
1.07649e-06
1.28884e-07
4.63858e-07
9.46387e-08
1.33325e-07
-3.70071e-08
-4.52018e-08
-7.37932e-07
-8.8283e-08
-8.30609e-07
-1.13442e-07
-9.42977e-07
-1.09366e-07
-1.07346e-06
-5.1753e-08
-1.23796e-06
3.67076e-08
-1.44166e-06
8.6879e-08
-1.69339e-06
-6.14601e-08
-1.94538e-06
-4.17559e-07
-2.20666e-06
-7.19182e-07
-2.73593e-06
-1.36324e-06
-1.94222e-06
-1.0478e-07
-1.59547e-06
9.28043e-07
-2.44944e-07
8.50366e-07
2.02677e-06
1.26883e-06
1.59141e-06
2.9856e-07
2.03073e-06
-8.70456e-07
-1.61187e-06
-3.99836e-07
-2.77155e-06
1.92708e-08
7.54729e-07
9.08145e-08
1.05401e-06
4.35028e-08
1.58974e-06
-2.1569e-07
-6.44323e-07
-5.3115e-07
2.61842e-07
-3.14829e-07
3.23232e-06
1.80154e-07
5.52385e-06
2.74111e-07
2.90844e-06
1.91692e-07
1.1589e-06
1.36891e-07
5.18658e-07
1.01507e-07
1.68708e-07
-2.11109e-08
1.8282e-08
-7.5459e-07
4.49344e-08
-8.57263e-07
9.04362e-08
-9.88478e-07
1.59066e-07
-1.14209e-06
2.35769e-07
-1.31467e-06
2.65678e-07
-1.47156e-06
1.79666e-07
-1.60737e-06
8.1607e-08
-1.84732e-06
-1.29876e-10
-2.12492e-06
-4.06286e-08
-2.69543e-06
2.50472e-07
-2.23332e-06
7.37421e-07
-2.08242e-06
1.26546e-06
-7.72981e-07
9.37964e-07
2.35426e-06
1.37569e-06
1.15369e-06
2.02215e-06
1.38426e-06
6.72055e-07
-2.61779e-07
-5.07533e-07
-1.59196e-06
-3.33915e-07
5.81111e-07
-1.9928e-07
9.19377e-07
-9.36023e-08
1.48406e-06
-2.84504e-07
-4.53422e-07
-5.26737e-07
5.04075e-07
-3.07815e-07
3.01339e-06
1.71543e-07
5.04449e-06
2.70943e-07
2.80904e-06
1.98904e-07
1.23094e-06
1.44882e-07
5.7268e-07
1.08619e-07
2.0497e-07
-4.73087e-09
-2.55238e-08
-7.2745e-07
-7.54632e-08
-8.07324e-07
-1.79909e-07
-8.84031e-07
-3.7736e-07
-9.44638e-07
-6.86409e-07
-1.00562e-06
-1.04962e-06
-1.10835e-06
-1.36905e-06
-1.28794e-06
-1.58499e-06
-1.63138e-06
-1.60872e-06
-2.10119e-06
-1.88957e-06
-2.41459e-06
-1.90575e-06
-2.21714e-06
-1.64664e-06
-2.34154e-06
-2.50184e-07
-2.16943e-06
9.09458e-07
1.19462e-06
6.48086e-07
1.41506e-06
2.03619e-07
1.82873e-06
-3.87143e-08
-1.94443e-08
-5.2412e-07
-1.10656e-06
-4.44041e-07
5.0103e-07
-3.33541e-07
8.08878e-07
-1.57718e-07
1.30823e-06
-3.24091e-07
-2.8705e-07
-5.07392e-07
6.87375e-07
-2.98079e-07
2.80408e-06
1.60911e-07
4.5855e-06
2.65979e-07
2.70397e-06
2.05288e-07
1.29163e-06
1.52751e-07
6.25216e-07
1.1591e-07
2.41811e-07
1.20472e-08
-3.69554e-08
-6.92026e-07
-7.6754e-08
-7.67525e-07
-1.05529e-07
-8.55254e-07
-8.43585e-08
-9.65807e-07
2.03889e-08
-1.11036e-06
2.03587e-07
-1.29155e-06
4.1259e-07
-1.49694e-06
4.8079e-07
-1.69958e-06
2.46638e-07
-1.86704e-06
-2.32842e-07
-1.93511e-06
-4.5536e-07
-1.99462e-06
-5.37718e-07
-2.25918e-06
-4.49752e-07
-2.2574e-06
-4.83187e-07
1.22805e-06
-5.28052e-07
1.45993e-06
-9.97711e-08
1.40045e-06
-2.55553e-07
1.36338e-07
-5.91945e-07
-7.70163e-07
-4.78778e-07
3.87858e-07
-3.86324e-07
7.16423e-07
-1.97499e-07
1.1194e-06
-3.53153e-07
-1.31396e-07
-4.85725e-07
8.19946e-07
-2.87535e-07
2.60589e-06
1.48391e-07
4.14957e-06
2.5901e-07
2.59335e-06
2.10646e-07
1.34e-06
1.60355e-07
6.75507e-07
1.23295e-07
2.7887e-07
2.91209e-08
-1.39782e-08
-6.79163e-07
-2.97661e-08
-7.51736e-07
-5.10175e-08
-8.34002e-07
-8.56772e-08
-9.31146e-07
-1.54674e-07
-1.04137e-06
-2.84499e-07
-1.16173e-06
-4.87732e-07
-1.29371e-06
-7.80218e-07
-1.4071e-06
-1.0847e-06
-1.56256e-06
-1.25807e-06
-1.76175e-06
-1.32662e-06
-1.92606e-06
-1.66424e-06
-1.92157e-06
-1.95156e-06
-1.97008e-06
-1.26681e-06
5.43305e-07
-7.74855e-07
9.67971e-07
-3.3679e-07
9.62382e-07
-2.83802e-07
8.33477e-08
-5.73653e-07
-4.80313e-07
-4.97214e-07
3.11413e-07
-4.08452e-07
6.2766e-07
-2.30366e-07
9.4131e-07
-3.76753e-07
1.49906e-08
-4.64706e-07
9.07898e-07
-2.76497e-07
2.41768e-06
1.3418e-07
3.73889e-06
2.50083e-07
2.47744e-06
2.14737e-07
1.37534e-06
1.67518e-07
7.22726e-07
1.3066e-07
3.15727e-07
4.63649e-08
-3.51712e-08
-6.43487e-07
-7.57238e-08
-7.11181e-07
-1.27633e-07
-7.82093e-07
-2.02574e-07
-8.56203e-07
-3.00743e-07
-9.43196e-07
-4.02005e-07
-1.06046e-06
-4.93286e-07
-1.20242e-06
-5.3674e-07
-1.36364e-06
-5.75609e-07
-1.52369e-06
-7.03387e-07
-1.63397e-06
-9.54025e-07
-1.67543e-06
-1.19167e-06
-1.68393e-06
-1.84211e-06
-1.31964e-06
-1.35716e-06
5.83498e-08
-8.24674e-07
4.35486e-07
-4.38491e-07
5.76199e-07
-4.07262e-07
5.21164e-08
-5.8452e-07
-3.03056e-07
-5.09951e-07
2.36841e-07
-4.19945e-07
5.37654e-07
-2.61864e-07
7.83227e-07
-3.94984e-07
1.4811e-07
-4.44741e-07
9.57653e-07
-2.65098e-07
2.23803e-06
1.18541e-07
3.35525e-06
2.39294e-07
2.35669e-06
2.17301e-07
1.39733e-06
1.7404e-07
7.65987e-07
1.37862e-07
3.51904e-07
6.36329e-08
-3.63937e-08
-6.0635e-07
-7.90787e-08
-6.68495e-07
-1.24032e-07
-7.37142e-07
-1.61388e-07
-8.18846e-07
-1.91149e-07
-9.13435e-07
-2.38679e-07
-1.01294e-06
-3.31391e-07
-1.10971e-06
-4.83123e-07
-1.21191e-06
-7.12829e-07
-1.29399e-06
-9.50888e-07
-1.39592e-06
-1.13439e-06
-1.49193e-06
-1.39061e-06
-1.42771e-06
-1.58716e-06
-1.12309e-06
-1.24025e-06
-2.88559e-07
-8.67628e-07
6.28658e-08
-5.51093e-07
2.59664e-07
-4.77147e-07
-2.18293e-08
-5.87812e-07
-1.92392e-07
-5.20529e-07
1.69554e-07
-4.28392e-07
4.45516e-07
-2.93193e-07
6.48026e-07
-4.07388e-07
2.62305e-07
-4.25968e-07
9.76232e-07
-2.53355e-07
2.06542e-06
1.01795e-07
3.0001e-06
2.26774e-07
2.23171e-06
2.18086e-07
1.40602e-06
1.79693e-07
8.04381e-07
1.44723e-07
3.86874e-07
8.07573e-08
-6.15979e-08
-5.46527e-07
-1.2129e-07
-6.08805e-07
-1.79553e-07
-6.78883e-07
-2.43428e-07
-7.5497e-07
-3.19558e-07
-8.37309e-07
-4.08277e-07
-9.2422e-07
-4.97051e-07
-1.02094e-06
-5.95232e-07
-1.11373e-06
-6.87023e-07
-1.2022e-06
-8.09931e-07
-1.27301e-06
-1.01352e-06
-1.28835e-06
-1.21284e-06
-1.22839e-06
-1.35288e-06
-9.83043e-07
-1.13994e-06
-5.01503e-07
-8.82389e-07
-1.94683e-07
-6.28213e-07
5.48877e-09
-5.49808e-07
-1.00234e-07
-5.93197e-07
-1.49004e-07
-5.29667e-07
1.06021e-07
-4.37828e-07
3.53677e-07
-3.24331e-07
5.34526e-07
-4.14526e-07
3.52499e-07
-4.08295e-07
9.7e-07
-2.41618e-07
1.89874e-06
8.43457e-08
2.67414e-06
2.12691e-07
2.10336e-06
2.16876e-07
1.40183e-06
1.84225e-07
8.37033e-07
1.51022e-07
4.20075e-07
9.75514e-08
-3.76606e-08
-5.10454e-07
-7.76103e-08
-5.68858e-07
-1.22888e-07
-6.3361e-07
-1.76864e-07
-7.00996e-07
-2.44488e-07
-7.69688e-07
-3.25962e-07
-8.42749e-07
-4.26711e-07
-9.20197e-07
-5.45212e-07
-9.95236e-07
-6.78031e-07
-1.06939e-06
-8.27303e-07
-1.12374e-06
-9.71988e-07
-1.14366e-06
-1.11237e-06
-1.08801e-06
-1.17832e-06
-9.171e-07
-1.05813e-06
-6.21691e-07
-8.8016e-07
-3.72648e-07
-6.83472e-07
-1.91198e-07
-6.02165e-07
-1.81542e-07
-5.99633e-07
-1.51537e-07
-5.37866e-07
4.42496e-08
-4.49842e-07
2.65652e-07
-3.55179e-07
4.3986e-07
-4.16951e-07
4.14269e-07
-3.91455e-07
9.44504e-07
-2.30026e-07
1.73731e-06
6.66367e-08
2.37747e-06
1.97242e-07
1.97276e-06
2.13515e-07
1.38556e-06
1.87353e-07
8.63197e-07
1.56495e-07
4.50932e-07
1.13813e-07
-3.57989e-08
-4.74721e-07
-8.2122e-08
-5.22537e-07
-1.42844e-07
-5.7289e-07
-2.14285e-07
-6.29555e-07
-2.89411e-07
-6.94563e-07
-3.6758e-07
-7.64581e-07
-4.53364e-07
-8.34413e-07
-5.44748e-07
-9.03853e-07
-6.50933e-07
-9.63203e-07
-7.66819e-07
-1.00786e-06
-8.89699e-07
-1.02078e-06
-9.94966e-07
-9.82742e-07
-1.04216e-06
-8.69906e-07
-9.80135e-07
-6.83714e-07
-8.59936e-07
-4.92845e-07
-7.16818e-07
-3.34317e-07
-6.37315e-07
-2.61047e-07
-6.0594e-07
-1.82912e-07
-5.44945e-07
-1.67499e-08
-4.63289e-07
1.83994e-07
-3.83951e-07
3.6052e-07
-4.15395e-07
4.45712e-07
-3.74956e-07
9.04064e-07
-2.18494e-07
1.58085e-06
4.91452e-08
2.10983e-06
1.80661e-07
1.84124e-06
2.07902e-07
1.35831e-06
1.88757e-07
8.82342e-07
1.60825e-07
4.78863e-07
1.29329e-07
-5.33294e-08
-4.22832e-07
-1.05713e-07
-4.70154e-07
-1.56061e-07
-5.22542e-07
-2.07656e-07
-5.77959e-07
-2.67249e-07
-6.3497e-07
-3.38266e-07
-6.93565e-07
-4.18836e-07
-7.53843e-07
-5.10694e-07
-8.11996e-07
-6.0855e-07
-8.65348e-07
-7.11157e-07
-9.05249e-07
-8.10105e-07
-9.21837e-07
-8.9176e-07
-9.01087e-07
-9.31102e-07
-8.30564e-07
-9.04171e-07
-7.10646e-07
-8.27773e-07
-5.69244e-07
-7.27805e-07
-4.34286e-07
-6.55455e-07
-3.33399e-07
-6.09127e-07
-2.29243e-07
-5.49538e-07
-7.63427e-08
-4.75285e-07
1.09739e-07
-4.07095e-07
2.92327e-07
-4.10355e-07
4.48971e-07
-3.58115e-07
8.51823e-07
-2.06723e-07
1.42946e-06
3.23724e-08
1.87074e-06
1.63209e-07
1.7104e-06
1.99988e-07
1.32153e-06
1.88108e-07
8.94222e-07
1.63639e-07
5.03332e-07
1.43881e-07
-3.69306e-08
-3.86842e-07
-7.92913e-08
-4.27792e-07
-1.29904e-07
-4.71929e-07
-1.88254e-07
-5.19608e-07
-2.52406e-07
-5.70818e-07
-3.21301e-07
-6.24669e-07
-3.95858e-07
-6.79284e-07
-4.75225e-07
-7.32629e-07
-5.5986e-07
-7.80713e-07
-6.46406e-07
-8.18702e-07
-7.29046e-07
-8.39198e-07
-7.96795e-07
-8.33338e-07
-8.34712e-07
-7.92647e-07
-8.29549e-07
-7.1581e-07
-7.85494e-07
-6.13299e-07
-7.18378e-07
-5.01403e-07
-6.57004e-07
-3.94774e-07
-6.06508e-07
-2.79741e-07
-5.49329e-07
-1.33524e-07
-4.82441e-07
4.28487e-08
-4.21324e-07
2.31208e-07
-4.0174e-07
4.29386e-07
-3.40309e-07
7.90391e-07
-1.95331e-07
1.28448e-06
1.68527e-08
1.65855e-06
1.45165e-07
1.58209e-06
1.89771e-07
1.27693e-06
1.85075e-07
8.98917e-07
1.64502e-07
5.23904e-07
1.57249e-07
-3.98932e-08
-3.47956e-07
-8.22936e-08
-3.85391e-07
-1.28155e-07
-4.26067e-07
-1.78031e-07
-4.69731e-07
-2.3287e-07
-5.15978e-07
-2.9335e-07
-5.64189e-07
-3.59265e-07
-6.13368e-07
-4.30199e-07
-6.61696e-07
-5.04355e-07
-7.06557e-07
-5.7911e-07
-7.43947e-07
-6.4968e-07
-7.6863e-07
-7.08715e-07
-7.74303e-07
-7.46484e-07
-7.54877e-07
-7.55073e-07
-7.07221e-07
-7.33913e-07
-6.34458e-07
-6.91258e-07
-5.44058e-07
-6.42938e-07
-4.43094e-07
-5.94878e-07
-3.27801e-07
-5.41654e-07
-1.86751e-07
-4.81553e-07
-1.72536e-08
-4.2479e-07
1.74443e-07
-3.88868e-07
3.93463e-07
-3.20992e-07
7.22513e-07
-1.84224e-07
1.14771e-06
3.0232e-09
1.4713e-06
1.26834e-07
1.45828e-06
1.77283e-07
1.22648e-06
1.79328e-07
8.96871e-07
1.62924e-07
5.40308e-07
1.69234e-07
-3.4167e-08
-3.14737e-07
-7.11245e-08
-3.48433e-07
-1.12232e-07
-3.84957e-07
-1.57729e-07
-4.24232e-07
-2.07663e-07
-4.66043e-07
-2.6194e-07
-5.09911e-07
-3.20351e-07
-5.54955e-07
-3.82268e-07
-5.99779e-07
-4.46551e-07
-6.42273e-07
-5.10995e-07
-6.79503e-07
-5.72058e-07
-7.07566e-07
-6.24601e-07
-7.2176e-07
-6.62234e-07
-7.17243e-07
-6.79212e-07
-6.90241e-07
-6.73633e-07
-6.40036e-07
-6.49068e-07
-5.68622e-07
-6.13409e-07
-4.78752e-07
-5.71757e-07
-3.69454e-07
-5.23991e-07
-2.34519e-07
-4.7018e-07
-7.10662e-08
-4.1668e-07
1.20941e-07
-3.70677e-07
3.47459e-07
-2.99269e-07
6.51104e-07
-1.72283e-07
1.02073e-06
-9.32213e-09
1.30834e-06
1.08547e-07
1.34041e-06
1.62569e-07
1.17245e-06
1.70524e-07
8.88916e-07
1.5835e-07
5.52482e-07
1.79673e-07
-3.03102e-08
-2.85371e-07
-6.27961e-08
-3.15946e-07
-9.86375e-08
-3.49114e-07
-1.38048e-07
-3.84821e-07
-1.81175e-07
-4.22914e-07
-2.28033e-07
-4.63053e-07
-2.78399e-07
-5.04587e-07
-3.31729e-07
-5.46448e-07
-3.86971e-07
-5.87031e-07
-4.42401e-07
-6.24071e-07
-4.95395e-07
-6.54572e-07
-5.42314e-07
-6.7484e-07
-5.78762e-07
-6.80793e-07
-6.00401e-07
-6.686e-07
-6.05066e-07
-6.35369e-07
-5.93209e-07
-5.80478e-07
-5.68644e-07
-5.03316e-07
-5.35206e-07
-4.02892e-07
-4.941e-07
-2.75628e-07
-4.46587e-07
-1.18581e-07
-3.96448e-07
7.08004e-08
-3.45827e-07
2.96836e-07
-2.74168e-07
5.79444e-07
-1.59196e-07
9.05754e-07
-1.71162e-08
1.16626e-06
9.0693e-08
1.23261e-06
1.45673e-07
1.11747e-06
1.58295e-07
8.76294e-07
1.50155e-07
5.60622e-07
1.88456e-07
-2.5647e-08
-2.60623e-07
-5.30503e-08
-2.88541e-07
-8.33213e-08
-3.18842e-07
-1.16628e-07
-3.51513e-07
-1.53061e-07
-3.8648e-07
-1.92594e-07
-4.23519e-07
-2.35026e-07
-4.62153e-07
-2.79909e-07
-5.01564e-07
-3.26436e-07
-5.40502e-07
-3.73313e-07
-5.77193e-07
-4.18631e-07
-6.09252e-07
-4.598e-07
-6.33669e-07
-4.9368e-07
-6.46911e-07
-5.17046e-07
-6.45233e-07
-5.27308e-07
-6.25105e-07
-5.24278e-07
-5.83507e-07
-5.08927e-07
-5.18667e-07
-4.83643e-07
-4.28177e-07
-4.49707e-07
-3.09566e-07
-4.09013e-07
-1.59276e-07
-3.63287e-07
2.50726e-08
-3.12757e-07
2.46304e-07
-2.44522e-07
5.11209e-07
-1.43453e-07
8.04685e-07
-2.26237e-08
1.04543e-06
7.34699e-08
1.13651e-06
1.26577e-07
1.06437e-06
1.42211e-07
8.6066e-07
1.37624e-07
5.65209e-07
1.95546e-07
-2.08307e-08
-2.40557e-07
-4.30379e-08
-2.66333e-07
-6.75496e-08
-2.94329e-07
-9.44994e-08
-3.24562e-07
-1.23965e-07
-3.57013e-07
-1.55933e-07
-3.91549e-07
-1.90259e-07
-4.27825e-07
-2.26609e-07
-4.65212e-07
-2.64387e-07
-5.02722e-07
-3.02652e-07
-5.38926e-07
-3.40039e-07
-5.71863e-07
-3.74717e-07
-5.98989e-07
-4.04442e-07
-6.17185e-07
-4.26808e-07
-6.22865e-07
-4.3969e-07
-6.12221e-07
-4.417e-07
-5.81495e-07
-4.33277e-07
-5.27089e-07
-4.15234e-07
-4.46221e-07
-3.8894e-07
-3.3586e-07
-3.55506e-07
-1.92711e-07
-3.15874e-07
-1.45599e-08
-2.69658e-07
2.00088e-07
-2.08746e-07
4.50297e-07
-1.23712e-07
7.19651e-07
-2.47527e-08
9.4647e-07
5.70408e-08
1.05472e-06
1.05133e-07
1.01627e-06
1.21724e-07
8.4407e-07
1.19921e-07
5.67011e-07
2.00977e-07
-1.56865e-08
-2.25439e-07
-3.24256e-08
-2.49593e-07
-5.09054e-08
-2.75848e-07
-7.1222e-08
-3.04244e-07
-9.34329e-08
-3.34801e-07
-1.17533e-07
-3.67448e-07
-1.43423e-07
-4.01934e-07
-1.70873e-07
-4.3776e-07
-1.99475e-07
-4.74119e-07
-2.28584e-07
-5.09815e-07
-2.57272e-07
-5.43173e-07
-2.84295e-07
-5.71964e-07
-3.08111e-07
-5.93366e-07
-3.26996e-07
-6.03978e-07
-3.39293e-07
-5.99922e-07
-3.43762e-07
-5.77025e-07
-3.39834e-07
-5.31015e-07
-3.27998e-07
-4.58057e-07
-3.09026e-07
-3.54832e-07
-2.83695e-07
-2.18042e-07
-2.52345e-07
-4.59098e-08
-2.14354e-07
1.62097e-07
-1.64844e-07
4.00788e-07
-9.84816e-08
6.5329e-07
-2.28651e-08
8.70854e-07
4.13951e-08
9.90459e-07
8.09573e-08
9.76711e-07
9.60865e-08
8.28942e-07
9.60451e-08
5.67053e-07
2.0485e-07
-1.03179e-08
-2.15474e-07
-2.13189e-08
-2.38592e-07
-3.34079e-08
-2.63758e-07
-4.66274e-08
-2.91024e-07
-6.10066e-08
-3.20421e-07
-7.65478e-08
-3.51906e-07
-9.32036e-08
-3.85277e-07
-1.10849e-07
-4.20113e-07
-1.29251e-07
-4.55716e-07
-1.48037e-07
-4.91028e-07
-1.66659e-07
-5.24549e-07
-1.84378e-07
-5.54243e-07
-2.00274e-07
-5.77469e-07
-2.13293e-07
-5.90956e-07
-2.22373e-07
-5.90841e-07
-2.26596e-07
-5.728e-07
-2.25344e-07
-5.32266e-07
-2.18616e-07
-4.64784e-07
-2.06758e-07
-3.66689e-07
-1.90383e-07
-2.34417e-07
-1.69882e-07
-6.64095e-08
-1.44017e-07
1.36232e-07
-1.10253e-07
3.67024e-07
-6.61324e-08
6.0917e-07
-1.6453e-08
8.21174e-07
2.61934e-08
9.47814e-07
5.32668e-08
9.49638e-07
6.4232e-08
8.17978e-07
6.47749e-08
5.6651e-07
2.07286e-07
-3.98813e-09
-8.22621e-09
-1.28314e-08
-1.77895e-08
-2.3091e-08
-2.87317e-08
-3.47016e-08
-4.09714e-08
-4.74781e-08
-5.41117e-08
-6.07023e-08
-6.7012e-08
-7.2738e-08
-7.75339e-08
-8.10484e-08
-8.29894e-08
-8.31693e-08
-8.1509e-08
-7.81372e-08
-7.34089e-08
-6.63494e-08
-5.5978e-08
-4.20624e-08
-2.46244e-08
-5.66905e-09
1.05846e-08
2.09852e-08
2.52895e-08
2.55628e-08
)
;

boundaryField
{
    leftWall
    {
        type            calculated;
        value           uniform 0;
    }
    rightWall
    {
        type            calculated;
        value           uniform 0;
    }
    lowerWall
    {
        type            calculated;
        value           uniform 0;
    }
    atmosphere
    {
        type            calculated;
        value           nonuniform List<scalar> 
120
(
1.13658e-07
1.03751e-07
8.44769e-08
7.09295e-08
6.40064e-08
6.25341e-08
6.46911e-08
6.89322e-08
7.42876e-08
8.02694e-08
8.66687e-08
9.33941e-08
1.00384e-07
1.07567e-07
1.14853e-07
1.22115e-07
1.29195e-07
1.35889e-07
1.41943e-07
1.47049e-07
1.50837e-07
1.52866e-07
1.52625e-07
1.4952e-07
1.42866e-07
1.31876e-07
1.15635e-07
9.30719e-08
6.29344e-08
2.48605e-08
2.10406e-07
5.71387e-07
8.19586e-07
9.43551e-07
9.32365e-07
7.99006e-07
5.85389e-07
3.45536e-07
1.18629e-07
-7.96119e-08
-2.44117e-07
-3.73938e-07
-4.69404e-07
-5.34348e-07
-5.72591e-07
-5.88657e-07
-5.87185e-07
-5.72531e-07
-5.48538e-07
-5.18421e-07
-4.84745e-07
-4.49473e-07
-4.14041e-07
-3.79453e-07
-3.46372e-07
-3.15196e-07
-2.86118e-07
-2.59188e-07
-2.34373e-07
-2.11618e-07
-2.11612e-07
-2.34354e-07
-2.59153e-07
-2.86065e-07
-3.15119e-07
-3.46265e-07
-3.79306e-07
-4.13843e-07
-4.49208e-07
-4.84393e-07
-5.17958e-07
-5.47932e-07
-5.71742e-07
-5.86159e-07
-5.87325e-07
-5.70858e-07
-5.32085e-07
-4.66444e-07
-3.7006e-07
-2.39145e-07
-7.34685e-08
1.25861e-07
3.53108e-07
5.91732e-07
8.02219e-07
9.31561e-07
9.39238e-07
8.13674e-07
5.66237e-07
2.08211e-07
1.13639e-07
1.03539e-07
8.40825e-08
7.0433e-08
6.34428e-08
6.1908e-08
6.39941e-08
6.81543e-08
7.34208e-08
7.93087e-08
8.56115e-08
9.22396e-08
9.91324e-08
1.06221e-07
1.13416e-07
1.20594e-07
1.27599e-07
1.34228e-07
1.40234e-07
1.45309e-07
1.49087e-07
1.51134e-07
1.50938e-07
1.47911e-07
1.41372e-07
1.30535e-07
1.14491e-07
9.21726e-08
6.23391e-08
2.4637e-08
)
;
    }
    defaultFaces
    {
        type            empty;
        value           nonuniform 0();
    }
}


// ************************************************************************* //
