/*--------------------------------*- C++ -*----------------------------------*\
| =========                 |                                                 |
| \\      /  F ield         | OpenFOAM: The Open Source CFD Toolbox           |
|  \\    /   O peration     | Version:  2.4.0                                 |
|   \\  /    A nd           | Web:      www.OpenFOAM.org                      |
|    \\/     M anipulation  |                                                 |
\*---------------------------------------------------------------------------*/
FoamFile
{
    version     2.0;
    format      ascii;
    class       surfaceScalarField;
    location    "0.187";
    object      phiAlpha;
}
// * * * * * * * * * * * * * * * * * * * * * * * * * * * * * * * * * * * * * //

dimensions      [0 3 -1 0 0 0 0];

internalField   nonuniform List<scalar> 
7080
(
3.7811e-08
-3.7811e-08
7.11262e-08
-3.33152e-08
8.90401e-08
-1.79138e-08
8.75837e-08
1.45632e-09
7.39481e-08
1.36357e-08
4.89776e-08
2.49705e-08
2.73873e-08
2.15904e-08
8.65948e-09
1.87278e-08
-5.70532e-09
1.43648e-08
-1.19134e-08
6.20808e-09
-1.16786e-08
-2.34749e-10
-2.23682e-08
1.06895e-08
-2.70241e-08
4.656e-09
-3.3626e-08
6.60194e-09
-3.70431e-08
3.41704e-09
-1.65534e-08
-2.04896e-08
1.90837e-08
-3.55898e-08
3.03316e-08
-1.12479e-08
2.26236e-08
7.70782e-09
-2.85362e-08
5.12391e-08
-1.27908e-07
1.00799e-07
-1.90114e-07
6.22057e-08
-1.88939e-07
-1.17547e-09
-1.98807e-07
9.87023e-09
-1.76715e-07
-2.20908e-08
-1.28735e-07
-4.9127e-08
-8.7885e-08
-4.13513e-08
-5.77376e-08
-3.02966e-08
-2.95623e-08
-2.84256e-08
-2.53997e-08
-4.38827e-09
3.83713e-08
-7.61823e-08
8.55587e-08
-8.05027e-08
1.21253e-07
-5.36083e-08
1.33146e-07
-1.04368e-08
1.30068e-07
1.67136e-08
1.1156e-07
4.3479e-08
9.13987e-08
4.17516e-08
7.17723e-08
3.83542e-08
5.04442e-08
3.56931e-08
3.95295e-08
1.71227e-08
3.54089e-08
3.88601e-09
1.4527e-08
3.15714e-08
6.96942e-09
1.22137e-08
-2.10914e-08
3.46628e-08
-3.12869e-08
1.36126e-08
-2.60102e-08
-2.57627e-08
-1.49599e-08
-4.65789e-08
-5.2166e-09
-2.09959e-08
-5.76941e-08
6.02708e-08
-1.77018e-07
1.7074e-07
-2.89594e-07
2.14237e-07
-2.99659e-07
7.28886e-08
-2.72385e-07
-2.85835e-08
-2.47551e-07
-1.51461e-08
-1.95594e-07
-7.42e-08
-1.40735e-07
-1.03968e-07
-9.43082e-08
-8.77625e-08
-6.21051e-08
-6.24851e-08
-3.23199e-08
-5.82277e-08
-5.47607e-08
-2.96482e-09
3.3429e-08
-1.09611e-07
8.14229e-08
-1.28497e-07
1.2055e-07
-9.27349e-08
1.35927e-07
-2.58141e-08
1.36941e-07
1.56998e-08
1.23506e-07
5.69142e-08
1.07278e-07
5.79795e-08
9.35481e-08
5.20838e-08
7.2861e-08
5.63802e-08
6.62853e-08
2.36984e-08
6.47766e-08
5.39476e-09
4.46871e-08
5.16609e-08
4.74765e-08
9.4244e-09
1.69884e-08
6.51509e-08
5.09261e-09
2.55084e-08
-1.34278e-09
-1.93269e-08
-3.04893e-08
-1.74931e-08
-5.447e-08
2.85108e-09
-1.35943e-07
1.41703e-07
-2.53065e-07
2.87823e-07
-3.17507e-07
2.78595e-07
-2.91779e-07
4.72933e-08
-2.56653e-07
-6.37609e-08
-2.13752e-07
-5.80264e-08
-1.61457e-07
-1.26422e-07
-1.18357e-07
-1.47093e-07
-8.04594e-08
-1.25674e-07
-5.26361e-08
-9.02938e-08
-3.00949e-08
-8.07678e-08
-7.78734e-08
-6.98144e-09
3.15409e-08
-1.41152e-07
7.95322e-08
-1.76488e-07
1.1914e-07
-1.32342e-07
1.34971e-07
-4.16451e-08
1.36578e-07
1.40925e-08
1.24127e-07
6.93657e-08
1.08974e-07
7.31326e-08
9.79032e-08
6.31542e-08
7.65945e-08
7.7689e-08
7.46325e-08
2.56604e-08
7.12186e-08
8.80869e-09
5.78338e-08
6.50458e-08
7.60081e-08
-8.74989e-09
4.88135e-08
9.23456e-08
3.44219e-08
3.99001e-08
1.96604e-08
-4.56534e-09
-3.90189e-08
4.11967e-08
-9.11014e-08
5.49285e-08
-1.71746e-07
2.223e-07
-2.4815e-07
3.64195e-07
-2.69022e-07
2.99462e-07
-2.57496e-07
3.56619e-08
-2.27376e-07
-9.39735e-08
-1.68394e-07
-1.17093e-07
-1.30318e-07
-1.64575e-07
-1.0607e-07
-1.71667e-07
-7.47862e-08
-1.57056e-07
-4.14758e-08
-1.2363e-07
-2.58314e-08
-9.64045e-08
-9.12391e-08
-1.24494e-08
3.10272e-08
-1.72179e-07
7.92618e-08
-2.24723e-07
1.19165e-07
-1.72245e-07
1.35138e-07
-5.76184e-08
1.36658e-07
1.25725e-08
1.23972e-07
8.20515e-08
1.0894e-07
8.81648e-08
9.85107e-08
7.35835e-08
7.55769e-08
1.00623e-07
7.6952e-08
2.42853e-08
6.52896e-08
2.04712e-08
6.25706e-08
6.77648e-08
9.48275e-08
-4.10068e-08
7.00811e-08
1.17092e-07
6.01892e-08
4.97921e-08
4.23076e-08
1.33163e-08
-3.804e-08
1.21544e-07
-1.12309e-07
1.2919e-07
-1.69395e-07
2.79321e-07
-1.93064e-07
3.8755e-07
-1.79525e-07
2.85903e-07
-1.532e-07
9.13775e-09
-1.08601e-07
-1.38936e-07
-5.26778e-08
-1.73153e-07
-2.071e-08
-1.96644e-07
-1.17191e-08
-1.80654e-07
-1.94449e-08
-1.49432e-07
-1.83224e-08
-1.24847e-07
-1.59095e-08
-9.88054e-08
-8.79382e-08
-1.91831e-08
3.0829e-08
-2.03008e-07
7.93758e-08
-2.73269e-07
1.19658e-07
-2.12527e-07
1.35833e-07
-7.37942e-08
1.37199e-07
1.12068e-08
1.24041e-07
9.52101e-08
1.09113e-07
1.03092e-07
9.85717e-08
8.4125e-08
7.43593e-08
1.24835e-07
7.74951e-08
2.11495e-08
5.66836e-08
4.12828e-08
6.34692e-08
6.09791e-08
9.78621e-08
-7.53996e-08
8.03033e-08
1.34651e-07
8.43939e-08
4.57016e-08
7.07784e-08
2.69319e-08
-8.59252e-09
2.00915e-07
-8.41534e-08
2.04751e-07
-1.11456e-07
3.06753e-07
-1.12272e-07
3.8834e-07
-1.01399e-07
2.75008e-07
-7.24427e-08
-1.99753e-08
-2.41593e-08
-1.87208e-07
3.23546e-08
-2.29639e-07
5.84179e-08
-2.22654e-07
5.83656e-08
-1.80597e-07
3.52014e-08
-1.26328e-07
7.03049e-09
-9.67587e-08
-6.6527e-09
-8.5148e-08
-7.64867e-08
-1.81438e-08
3.06577e-08
-2.33666e-07
7.95598e-08
-3.22171e-07
1.20308e-07
-2.53275e-07
1.36746e-07
-9.02322e-08
1.37938e-07
1.00148e-08
1.24195e-07
1.08954e-07
1.09534e-07
1.17753e-07
9.8492e-08
9.5167e-08
7.39095e-08
1.49418e-07
7.78726e-08
1.71865e-08
5.35942e-08
6.55612e-08
6.19296e-08
5.26437e-08
7.34039e-08
-8.68738e-08
7.16944e-08
1.3636e-07
1.00973e-07
1.64227e-08
9.22574e-08
3.56479e-08
3.0422e-08
2.62751e-07
-4.34774e-08
2.7865e-07
-6.21068e-08
3.2582e-07
-3.56164e-08
3.61824e-07
-8.63786e-09
2.48007e-07
2.53515e-08
-5.39514e-08
5.14326e-08
-2.13219e-07
7.49388e-08
-2.53178e-07
8.16026e-08
-2.29347e-07
7.99635e-08
-1.78799e-07
7.09016e-08
-1.17234e-07
4.52781e-08
-7.11354e-08
1.3841e-08
-5.37111e-08
-5.03349e-08
-1.23262e-08
3.04525e-08
-2.64119e-07
7.9765e-08
-3.71484e-07
1.2107e-07
-2.94581e-07
1.37828e-07
-1.0699e-07
1.38813e-07
9.02956e-09
1.24371e-07
1.23395e-07
1.10142e-07
1.31982e-07
9.82323e-08
1.07077e-07
7.43546e-08
1.73296e-07
7.87318e-08
1.28092e-08
5.82954e-08
8.59977e-08
6.07309e-08
5.02083e-08
3.59986e-08
-6.21415e-08
4.61369e-08
1.26222e-07
9.27354e-08
-3.01757e-08
8.35028e-08
4.48806e-08
5.41764e-08
2.92077e-07
-1.02496e-09
3.33852e-07
-2.03562e-08
3.45451e-07
1.72489e-08
3.25555e-07
7.9587e-08
1.86418e-07
1.16172e-07
-9.04718e-08
1.2461e-07
-2.21691e-07
1.20176e-07
-2.48775e-07
1.05801e-07
-2.15097e-07
8.81394e-08
-1.6131e-07
7.375e-08
-1.02852e-07
5.34464e-08
-5.08322e-08
2.59926e-08
-2.62575e-08
-2.55857e-08
1.24043e-09
3.02005e-08
-2.94319e-07
7.99843e-08
-4.21268e-07
1.2194e-07
-3.36536e-07
1.39078e-07
-1.24128e-07
1.39814e-07
8.29413e-09
1.24571e-07
1.38638e-07
1.10892e-07
1.45662e-07
9.77188e-08
1.20249e-07
7.56234e-08
1.95391e-07
7.87781e-08
9.65456e-09
6.79239e-08
9.68519e-08
6.71254e-08
5.10068e-08
2.0555e-08
-1.55711e-08
2.28541e-08
1.23923e-07
5.49661e-08
-6.22877e-08
5.64814e-08
4.33653e-08
6.0693e-08
2.87865e-07
4.82083e-08
3.46337e-07
5.76231e-08
3.36037e-07
9.87934e-08
2.84421e-07
1.59034e-07
1.26227e-07
1.80394e-07
-1.11913e-07
1.65328e-07
-2.06654e-07
1.40467e-07
-2.23988e-07
1.16542e-07
-1.91171e-07
9.11918e-08
-1.35964e-07
7.02018e-08
-8.18629e-08
4.87406e-08
-2.93714e-08
2.67132e-08
-4.23034e-09
-5.53227e-09
6.65725e-09
2.98966e-08
-3.24216e-07
8.02144e-08
-4.71586e-07
1.22915e-07
-3.79236e-07
1.40506e-07
-1.41719e-07
1.40936e-07
7.86393e-09
1.24811e-07
1.54764e-07
1.11699e-07
1.58773e-07
9.71221e-08
1.34826e-07
7.67307e-08
2.15783e-07
7.62005e-08
1.01847e-08
7.74043e-08
9.56482e-08
7.63195e-08
5.20916e-08
2.50921e-08
3.56564e-08
1.79761e-08
1.31039e-07
3.17189e-08
-7.60304e-08
5.18945e-08
2.31897e-08
7.38171e-08
2.65943e-07
7.97373e-08
3.40417e-07
1.27461e-07
2.88313e-07
1.78201e-07
2.33681e-07
2.16751e-07
8.7503e-08
2.00766e-07
-9.6075e-08
1.6711e-07
-1.73119e-07
1.34496e-07
-1.91376e-07
1.07514e-07
-1.64189e-07
8.14102e-08
-1.0986e-07
5.70082e-08
-5.74633e-08
3.70493e-08
-9.41273e-09
2.00074e-08
1.28111e-08
8.92182e-09
5.55077e-09
2.95367e-08
-3.53752e-07
8.04525e-08
-5.22501e-07
1.23992e-07
-4.22776e-07
1.42117e-07
-1.59844e-07
1.42181e-07
7.7993e-09
1.25089e-07
1.71856e-07
1.12544e-07
1.71318e-07
9.6709e-08
1.50661e-07
7.66416e-08
2.3585e-07
7.1899e-08
1.49274e-08
8.3992e-08
8.35552e-08
7.85562e-08
5.75275e-08
3.51992e-08
7.90135e-08
3.12261e-08
1.35012e-07
3.75226e-08
-8.23268e-08
6.19687e-08
-1.25635e-09
8.73806e-08
2.40531e-07
9.62529e-08
3.31544e-07
1.43448e-07
2.41117e-07
1.95092e-07
1.82038e-07
2.08692e-07
7.38272e-08
1.71096e-07
-5.84982e-08
1.52524e-07
-1.54546e-07
1.32228e-07
-1.7108e-07
1.07903e-07
-1.39863e-07
7.91046e-08
-8.10647e-08
4.89341e-08
-2.72953e-08
2.77891e-08
1.17332e-08
1.56192e-08
2.49802e-08
1.64912e-08
8.05223e-09
2.91167e-08
-3.82869e-07
8.06945e-08
-5.74079e-07
1.25162e-07
-4.67243e-07
1.4392e-07
-1.78602e-07
1.43551e-07
8.16854e-09
1.2539e-07
1.90017e-07
1.13497e-07
1.83211e-07
9.65874e-08
1.67571e-07
7.50897e-08
2.57348e-07
6.9257e-08
2.07601e-08
8.7697e-08
6.51152e-08
7.24155e-08
7.2809e-08
4.41021e-08
1.07327e-07
5.0479e-08
1.28635e-07
5.95694e-08
-9.14171e-08
7.27225e-08
-1.44094e-08
8.91783e-08
2.24075e-07
1.08209e-07
3.12513e-07
1.33803e-07
2.15523e-07
1.69288e-07
1.46551e-07
1.786e-07
6.45266e-08
1.64732e-07
-4.46293e-08
1.6019e-07
-1.50004e-07
1.41865e-07
-1.52754e-07
1.1433e-07
-1.12329e-07
7.6537e-08
-4.32735e-08
3.94149e-08
9.82521e-09
2.28907e-08
2.82589e-08
1.49461e-08
3.29235e-08
2.09004e-08
1.05387e-08
2.86319e-08
-4.11501e-07
8.09349e-08
-6.26382e-07
1.26431e-07
-5.1274e-07
1.45923e-07
-1.98093e-07
1.45042e-07
9.05e-09
1.25704e-07
2.09355e-07
1.14669e-07
1.94245e-07
9.65144e-08
1.85727e-07
7.29496e-08
2.80913e-07
6.81437e-08
2.5566e-08
9.05503e-08
4.27087e-08
6.63935e-08
9.69659e-08
5.28864e-08
1.20834e-07
6.87253e-08
1.12797e-07
7.63608e-08
-9.90526e-08
7.73347e-08
-1.53832e-08
7.26949e-08
2.28715e-07
1.02075e-07
2.83133e-07
1.28892e-07
1.88707e-07
1.49478e-07
1.25965e-07
1.64726e-07
4.92785e-08
1.67017e-07
-4.69205e-08
1.46218e-07
-1.29205e-07
1.19554e-07
-1.2609e-07
9.35893e-08
-8.63647e-08
6.91379e-08
-1.8822e-08
4.7359e-08
3.16042e-08
3.06526e-08
4.49653e-08
1.73206e-08
4.62543e-08
2.12486e-08
1.69726e-08
2.80766e-08
-4.39578e-07
8.11674e-08
-6.79473e-07
1.27815e-07
-5.59387e-07
1.48136e-07
-2.18414e-07
1.46651e-07
1.05351e-08
1.26038e-07
2.29967e-07
1.16067e-07
2.04216e-07
9.64699e-08
2.05324e-07
7.03251e-08
3.07057e-07
6.70597e-08
2.88314e-08
9.28051e-08
1.69634e-08
6.37939e-08
1.25977e-07
5.27909e-08
1.31837e-07
7.68686e-08
8.87189e-08
7.41244e-08
-9.63083e-08
7.86402e-08
-1.98989e-08
7.43421e-08
2.33013e-07
9.70293e-08
2.60446e-07
1.22093e-07
1.63643e-07
1.38466e-07
1.09593e-07
1.54901e-07
3.2843e-08
1.49866e-07
-4.18856e-08
1.22009e-07
-1.01347e-07
9.74298e-08
-1.01511e-07
7.98137e-08
-6.8748e-08
6.70397e-08
-6.04643e-09
4.73416e-08
5.13024e-08
1.68665e-08
7.54404e-08
1.2651e-08
5.04684e-08
8.47258e-09
2.54279e-08
2.74444e-08
-4.67022e-07
8.13853e-08
-7.33414e-07
1.29324e-07
-6.07326e-07
1.50568e-07
-2.39659e-07
1.48378e-07
1.27251e-08
1.26381e-07
2.51964e-07
1.17703e-07
2.12895e-07
9.66223e-08
2.26404e-07
6.74526e-08
3.36227e-07
6.4043e-08
3.2241e-08
9.47964e-08
-1.379e-08
6.98652e-08
1.50908e-07
6.3884e-08
1.37819e-07
8.54016e-08
6.72012e-08
7.48781e-08
-8.57847e-08
9.13929e-08
-3.64136e-08
8.32001e-08
2.41206e-07
8.51595e-08
2.58486e-07
1.10216e-07
1.38586e-07
1.27102e-07
9.27075e-08
1.31138e-07
2.88064e-08
1.24426e-07
-3.51736e-08
9.97396e-08
-7.66607e-08
5.54798e-08
-5.72515e-08
1.29285e-08
-2.62004e-08
-5.06952e-09
1.19509e-08
-1.97785e-08
6.60114e-08
-2.19149e-08
7.7577e-08
1.02548e-09
2.75297e-08
-6.02466e-09
1.55229e-08
2.67281e-08
-4.9375e-07
8.1581e-08
-7.88267e-07
1.30963e-07
-6.56707e-07
1.53236e-07
-2.61933e-07
1.5022e-07
1.57416e-08
1.2672e-07
2.75464e-07
1.19549e-07
2.20066e-07
9.72749e-08
2.48678e-07
6.40473e-08
3.69455e-07
6.06976e-08
3.55907e-08
9.91266e-08
-5.22188e-08
7.30152e-08
1.7702e-07
2.9086e-08
1.81748e-07
5.22897e-08
4.39975e-08
7.73354e-08
-1.1083e-07
1.11894e-07
-7.09726e-08
1.03149e-07
2.49952e-07
9.68762e-08
2.64759e-07
1.20799e-07
1.14663e-07
1.11549e-07
1.01958e-07
1.18975e-07
2.13799e-08
1.32426e-07
-4.86247e-08
1.12196e-07
-5.64305e-08
7.2108e-08
-1.71637e-08
1.94118e-08
2.64958e-08
-1.81829e-08
4.95416e-08
-3.19317e-08
7.97526e-08
-2.91848e-08
7.48304e-08
-2.17143e-08
2.0058e-08
-5.50865e-09
-2.22288e-08
2.59197e-08
-5.1967e-07
8.17437e-08
-8.44091e-07
1.32729e-07
-7.07693e-07
1.5616e-07
-2.85364e-07
1.52161e-07
1.974e-08
1.26983e-07
3.00643e-07
1.21797e-07
2.25252e-07
9.76269e-08
2.72848e-07
5.91736e-08
4.07908e-07
6.01624e-08
3.46018e-08
1.0631e-07
-9.83667e-08
8.27245e-08
2.00606e-07
5.45897e-08
2.09883e-07
7.0914e-08
2.76733e-08
9.01328e-08
-1.30049e-07
1.30453e-07
-1.11293e-07
1.47402e-07
2.33004e-07
1.41302e-07
2.70858e-07
1.09624e-07
1.46342e-07
8.70029e-08
1.24579e-07
1.11295e-07
-2.91252e-09
1.06512e-07
-4.3841e-08
6.98404e-08
-1.97594e-08
5.53669e-08
-2.69029e-09
4.02826e-08
4.15802e-08
8.67677e-09
8.11508e-08
-5.66737e-09
9.40919e-08
-6.16518e-09
7.53191e-08
-1.89099e-08
3.27999e-08
1.22395e-08
-3.66548e-08
2.5013e-08
-5.44683e-07
8.18479e-08
-9.00926e-07
1.34605e-07
-7.6045e-07
1.59362e-07
-3.10121e-07
1.54104e-07
2.49982e-08
1.27241e-07
3.27505e-07
1.24288e-07
2.28205e-07
1.00409e-07
2.96727e-07
5.3525e-08
4.54792e-07
5.58476e-08
3.22792e-08
1.13653e-07
-1.56172e-07
7.69623e-08
2.37296e-07
2.33236e-08
2.63522e-07
4.33763e-08
7.62062e-09
7.83418e-08
-1.65015e-07
1.23712e-07
-1.56663e-07
1.32297e-07
2.24418e-07
1.22773e-07
2.80383e-07
9.20693e-08
1.77046e-07
7.89135e-08
1.37735e-07
7.74547e-08
-1.45374e-09
2.25018e-08
1.11111e-08
-1.50975e-08
1.78401e-08
5.68513e-10
-1.83557e-08
2.8707e-08
1.3441e-08
3.40788e-08
7.57794e-08
3.84608e-08
8.97123e-08
4.21495e-08
7.16293e-08
2.75438e-08
4.74045e-08
3.90447e-08
7.41846e-10
2.40133e-08
-5.68696e-07
8.18125e-08
-9.58725e-07
1.36516e-07
-8.15153e-07
1.62782e-07
-3.36387e-07
1.55859e-07
3.19212e-08
1.2723e-07
3.56134e-07
1.28572e-07
2.26864e-07
9.43351e-08
3.30963e-07
5.41005e-08
4.95027e-07
5.81521e-08
2.82277e-08
1.1313e-07
-2.1115e-07
7.1529e-08
2.78897e-07
-3.39746e-09
3.38448e-07
3.61167e-08
-3.18935e-08
8.27024e-08
-2.116e-07
1.17699e-07
-1.91446e-07
1.09045e-07
2.33175e-07
9.4053e-08
2.95374e-07
9.95674e-08
1.71531e-07
7.07297e-08
1.66572e-07
2.29252e-09
6.69834e-08
-5.93726e-08
7.27764e-08
-7.30671e-08
3.15339e-08
-5.34076e-08
-3.80159e-08
-1.88226e-08
-2.11456e-08
1.26212e-08
4.43355e-08
3.46062e-08
6.77309e-08
5.03037e-08
5.59407e-08
4.45542e-08
5.31609e-08
5.83396e-08
2.52597e-08
2.29735e-08
-5.9167e-07
8.13736e-08
-1.01713e-06
1.38162e-07
-8.71942e-07
1.66068e-07
-3.64293e-07
1.56781e-07
4.12081e-08
1.2779e-07
3.85126e-07
1.3046e-07
2.24193e-07
1.08012e-07
3.53412e-07
3.79073e-08
5.65132e-07
2.21645e-08
4.39705e-08
1.111e-07
-3.00085e-07
5.79141e-08
3.32083e-07
2.14994e-09
3.94212e-07
6.61368e-08
-9.58803e-08
7.61597e-08
-2.21623e-07
9.90919e-08
-2.14481e-07
6.9611e-08
2.6286e-07
5.64236e-08
3.08561e-07
6.56099e-08
1.62345e-07
5.91328e-08
1.7305e-07
5.09076e-09
1.21025e-07
-8.43124e-08
1.6218e-07
-1.05543e-07
5.27679e-08
-1.0001e-07
-4.35511e-08
-7.22227e-08
-4.89343e-08
-3.69519e-08
9.06259e-09
-8.9999e-09
3.97742e-08
1.58551e-08
3.10857e-08
2.40376e-08
4.49776e-08
6.48502e-08
1.75248e-08
2.20895e-08
-6.13759e-07
7.97515e-08
-1.07479e-06
1.38484e-07
-9.30674e-07
1.67937e-07
-3.93746e-07
1.55577e-07
5.35674e-08
1.25655e-07
4.15048e-07
1.37245e-07
2.12603e-07
7.85632e-08
4.12094e-07
4.18856e-08
6.01809e-07
4.35659e-08
4.22902e-08
1.10893e-07
-3.65624e-07
4.76677e-08
3.95352e-07
-1.76748e-08
4.59555e-07
1.09013e-07
-2.22568e-07
1.27126e-07
-2.396e-07
9.18867e-08
-1.79333e-07
7.6508e-08
2.77771e-07
6.40882e-08
3.20982e-07
1.54041e-08
2.11017e-07
8.88763e-09
1.79566e-07
3.21503e-08
9.65586e-08
-2.28314e-08
2.17167e-07
-5.05736e-08
8.051e-08
-6.50031e-08
-2.91217e-08
-7.21804e-08
-4.1757e-08
-5.69579e-08
-6.15992e-09
-3.55961e-08
1.84125e-08
-1.99826e-08
1.5473e-08
-7.27564e-09
3.22695e-08
5.44846e-08
3.08903e-09
2.18248e-08
-6.35584e-07
7.50426e-08
-1.128e-06
1.34494e-07
-9.90126e-07
1.65035e-07
-4.24287e-07
1.47279e-07
7.1324e-08
1.18478e-07
4.43849e-07
1.22077e-07
2.09005e-07
1.10754e-07
4.23416e-07
7.35702e-08
6.38993e-07
4.72621e-08
6.85984e-08
1.71678e-07
-4.81264e-07
1.39354e-07
4.27676e-07
-1.76249e-08
6.16533e-07
1.08318e-07
-3.4851e-07
1.94335e-07
-3.25337e-07
1.08189e-07
-9.32789e-08
8.42874e-08
3.0144e-07
8.6158e-08
3.19146e-07
3.9823e-08
2.57354e-07
-8.12611e-09
2.27515e-07
4.37261e-08
4.4685e-08
5.97031e-08
2.01189e-07
2.11413e-08
1.19072e-07
6.7971e-10
-8.66012e-09
-1.91851e-08
-2.18922e-08
-2.40262e-08
-1.31882e-09
-2.05219e-08
1.49082e-08
-2.14841e-08
1.64355e-08
-1.65925e-08
2.73803e-08
4.08138e-08
-2.91995e-09
2.25632e-08
-6.58147e-07
6.36751e-08
-1.16912e-06
1.19885e-07
-1.04634e-06
1.50455e-07
-4.54857e-07
1.22038e-07
9.97411e-08
8.17144e-08
4.84173e-07
6.92906e-08
2.21429e-07
4.10206e-08
4.51686e-07
-5.82103e-09
6.85835e-07
-4.35693e-08
1.07183e-07
-2.15805e-08
-5.03844e-07
-1.25898e-08
4.11549e-07
-1.24599e-07
7.27835e-07
1.54857e-08
-4.88595e-07
1.95858e-07
-5.0809e-07
1.20161e-07
-1.76646e-08
9.24214e-08
3.29103e-07
9.57763e-08
3.16568e-07
7.96227e-08
2.73511e-07
2.96901e-08
2.74326e-07
3.39437e-08
4.04116e-08
7.7957e-08
1.56406e-07
5.70398e-08
1.39867e-07
2.93003e-08
1.90793e-08
9.21574e-09
-1.80756e-09
7.57643e-09
3.1968e-10
6.6873e-09
1.5796e-08
-6.10027e-10
2.37303e-08
-8.05413e-09
3.48252e-08
4.11529e-08
-8.39243e-09
2.63206e-08
-6.84468e-07
4.14346e-08
-1.18423e-06
8.66328e-08
-1.09153e-06
1.18154e-07
-4.86379e-07
7.00249e-08
1.47873e-07
3.53065e-08
5.18891e-07
5.50782e-08
2.01657e-07
6.35322e-09
4.99624e-07
-2.70676e-08
7.19255e-07
-1.00095e-07
1.82004e-07
-1.32795e-07
-4.73987e-07
-1.17503e-07
3.9375e-07
-2.09731e-07
8.18453e-07
-1.04815e-07
-5.93511e-07
8.07245e-08
-6.93631e-07
3.66931e-08
2.60969e-08
-4.55112e-09
3.72712e-07
-1.18048e-08
3.24059e-07
5.03005e-08
2.11408e-07
6.3695e-08
2.60168e-07
3.30387e-08
7.10482e-08
7.15672e-08
1.1786e-07
7.34848e-08
1.38701e-07
3.38207e-08
5.87428e-08
1.06018e-08
2.14033e-08
1.19676e-08
-1.04855e-09
9.22895e-09
1.85324e-08
3.08644e-09
2.9873e-08
-8.37869e-09
4.62903e-08
5.16028e-08
-1.88284e-08
1.83718e-08
-7.02839e-07
8.08665e-09
-1.17395e-06
3.60032e-08
-1.11945e-06
7.97562e-08
-5.30138e-07
3.25591e-08
1.54894e-07
-5.15804e-08
6.03031e-07
-1.44539e-07
2.9529e-07
-8.87383e-08
4.25319e-07
-1.83522e-08
6.46694e-07
-1.27302e-07
2.89545e-07
-1.34032e-07
-4.7314e-07
-1.20246e-07
3.85615e-07
-1.69797e-07
8.67972e-07
-1.59312e-07
-6.04149e-07
-8.30669e-08
-7.68971e-07
-9.6662e-08
3.94073e-08
-1.75116e-07
4.5121e-07
-8.90689e-08
2.38048e-07
7.00158e-08
5.17425e-08
1.18911e-07
2.1331e-07
7.62129e-08
1.13727e-07
5.49518e-08
1.41004e-07
4.38148e-08
1.50128e-07
5.13644e-09
9.74256e-08
-7.65599e-09
3.41937e-08
-1.06019e-08
1.899e-09
-1.08742e-08
1.8808e-08
-7.08405e-09
2.60873e-08
-9.38052e-09
4.85866e-08
5.73329e-08
-1.51111e-08
2.84184e-08
-7.31258e-07
-2.31645e-08
-1.12236e-06
-7.16118e-09
-1.08528e-06
2.25324e-08
-1.59339e-07
-2.92415e-08
2.01511e-08
-2.60354e-07
5.72479e-07
-4.15531e-07
4.46824e-07
-1.51033e-07
1.57531e-07
-2.77146e-08
5.24039e-07
-1.84206e-07
4.44625e-07
-2.39952e-07
-4.16365e-07
-2.25526e-07
3.72264e-07
-1.24187e-07
7.6719e-07
-1.50874e-07
-5.77485e-07
-1.78394e-07
-7.40216e-07
-1.48921e-07
8.95795e-09
-1.59125e-07
4.61458e-07
-6.69112e-08
1.45931e-07
3.50708e-08
-5.03279e-08
2.67409e-08
2.22101e-07
-3.33544e-08
1.75127e-07
6.94983e-09
1.007e-07
2.3425e-08
1.33653e-07
-1.65773e-08
1.37425e-07
-2.76649e-08
4.52852e-08
-2.44796e-08
-1.28642e-09
-1.60884e-08
1.04169e-08
-9.6029e-09
1.96016e-08
-3.62267e-09
4.26063e-08
5.23754e-08
1.33493e-09
-4.5391e-08
-6.85867e-07
-3.04673e-08
-1.13728e-06
-6.61184e-09
-2.9886e-07
-3.58235e-08
-5.39191e-09
-2.83965e-07
8.71576e-09
-3.88789e-07
2.19578e-07
-3.94648e-07
4.2515e-07
-2.69945e-07
3.05109e-08
-1.17715e-07
3.72136e-07
-1.80633e-07
5.10872e-07
-3.44222e-07
-2.53911e-07
-2.91878e-07
3.18942e-07
-1.16115e-07
5.91516e-07
-1.80605e-07
-5.13067e-07
-3.05465e-07
-6.15952e-07
-2.43768e-07
-5.34918e-08
-1.24583e-07
3.41602e-07
-1.01924e-07
1.23072e-07
-1.00668e-07
-5.1657e-08
-7.78628e-08
1.99233e-07
-6.25386e-08
1.59803e-07
7.16828e-09
3.09932e-08
4.48126e-08
9.60083e-08
1.225e-08
1.69987e-07
-5.70977e-09
6.32433e-08
-1.61603e-08
9.16399e-09
-1.48164e-08
9.07289e-09
-1.09498e-08
1.57348e-08
-1.13961e-09
3.27963e-08
4.18892e-08
9.34649e-09
-3.6106e-08
-6.49756e-07
1.60501e-07
-9.5959e-07
-9.95572e-09
-1.31228e-08
-6.41378e-08
-9.62484e-10
-3.49883e-07
-5.26202e-08
-4.78453e-07
3.84848e-08
-5.23834e-07
3.9137e-07
-5.28251e-07
1.3772e-08
-2.3616e-07
7.67648e-08
-1.77108e-07
4.51829e-07
-4.04687e-07
-2.591e-08
-1.99179e-07
1.11961e-07
1.25893e-08
3.77697e-07
-1.82898e-07
-3.17653e-07
-3.62185e-07
-4.36724e-07
-3.01403e-07
-1.14995e-07
-1.09194e-07
1.47501e-07
-1.00628e-07
1.14439e-07
-1.26114e-07
-2.61693e-08
-7.81683e-08
1.51287e-07
-4.00347e-08
1.2167e-07
-4.49802e-08
3.59387e-08
-4.62114e-09
5.56492e-08
4.70281e-08
1.18338e-07
5.57918e-08
5.44797e-08
3.12028e-08
3.37531e-08
6.75713e-09
3.35186e-08
-3.26726e-09
2.57591e-08
5.79544e-10
2.89493e-08
3.27565e-08
9.71199e-09
-5.79979e-08
-5.53422e-07
1.76304e-08
-2.70119e-07
-6.16323e-10
-3.89472e-09
-7.81461e-11
-7.45906e-10
-1.08255e-07
-2.17165e-09
-5.62777e-07
8.45163e-09
-6.46681e-07
2.64473e-07
-6.50289e-07
-4.68703e-08
-3.90332e-07
-1.83183e-07
-2.26464e-07
2.8797e-07
-3.59127e-07
1.0676e-07
-1.72147e-07
-7.50131e-08
2.88884e-08
1.75794e-07
-1.46583e-07
-1.42247e-07
-3.38425e-07
-2.28488e-07
-3.53806e-07
-8.4993e-08
-1.24015e-07
-7.12441e-08
-4.43279e-08
3.46832e-08
-9.03523e-08
1.47427e-08
-2.69074e-08
8.7842e-08
3.5594e-08
4.46695e-08
-3.84555e-09
5.30781e-08
-1.04439e-08
4.46634e-08
5.45428e-08
4.21443e-08
6.91232e-08
2.57545e-08
5.25294e-08
3.40859e-08
4.25179e-08
2.83863e-08
2.78584e-08
2.54921e-08
1.82157e-08
2.35124e-08
2.22088e-08
1.34018e-08
2.2403e-07
-2.05711e-07
3.92884e-09
-1.21381e-11
4.747e-11
-9.31577e-12
5.73785e-10
1.33831e-11
-1.79019e-08
5.62572e-11
-2.65031e-07
-1.40416e-09
-3.84855e-07
3.48914e-08
-5.56998e-07
-3.70984e-08
-5.27752e-07
-2.83364e-07
-3.21168e-07
8.02404e-08
-3.0551e-07
9.62838e-08
-3.20236e-07
-6.11109e-08
-1.28057e-07
-5.6167e-09
-1.00695e-07
-2.94228e-08
-1.4194e-07
-1.39218e-08
-1.22168e-07
-1.36471e-12
-1.03594e-07
-1.61674e-10
-5.17661e-09
-1.1683e-10
4.06237e-09
-3.86644e-11
2.72034e-08
1.21884e-09
2.33393e-08
-8.7917e-11
2.77435e-08
7.83746e-10
3.59066e-08
-2.05058e-10
3.62754e-08
2.07414e-10
2.75121e-08
-2.02739e-11
2.87802e-08
-8.684e-11
2.55939e-08
7.2775e-12
1.90433e-08
1.54366e-11
1.36244e-08
-7.11519e-11
8.95728e-09
-6.35316e-11
2.30868e-08
-2.76978e-08
4.83958e-08
-2.55531e-08
8.39161e-08
-3.5757e-08
1.23519e-07
-4.03669e-08
1.62608e-07
-3.95355e-08
1.80145e-07
-1.75788e-08
1.84055e-07
-3.95582e-09
2.18007e-07
-3.40026e-08
1.75955e-07
4.31364e-08
6.15509e-08
1.15333e-07
-5.42445e-09
6.69428e-08
-2.14054e-08
1.5981e-08
-1.32099e-08
-8.19559e-09
2.24877e-08
-3.55692e-08
4.45519e-08
-2.20526e-08
4.17749e-08
2.77699e-09
3.32829e-08
8.492e-09
2.6863e-08
6.41994e-09
1.31278e-08
1.37352e-08
5.44541e-09
7.68233e-09
-1.04211e-08
1.58666e-08
-2.49032e-08
1.44821e-08
-3.82284e-08
1.33252e-08
-5.13718e-08
1.31433e-08
-7.13483e-08
1.99765e-08
-8.33764e-08
1.20281e-08
-8.6878e-08
3.50158e-09
-7.04455e-08
-1.64324e-08
-3.74018e-08
-3.30437e-08
-3.74018e-08
2.35122e-08
-5.41743e-08
5.1768e-08
-5.38085e-08
8.63545e-08
-7.03429e-08
1.3152e-07
-8.55317e-08
1.84498e-07
-9.2512e-08
2.34657e-07
-6.79831e-08
2.69538e-07
-3.89256e-08
3.12187e-07
-7.67014e-08
3.15886e-07
3.97185e-08
2.1038e-07
2.21242e-07
8.32546e-08
1.94113e-07
1.95044e-08
7.97741e-08
2.66214e-08
-1.53472e-08
4.05185e-08
-4.94081e-08
4.56392e-08
-2.71409e-08
3.34756e-08
1.49406e-08
1.60615e-09
4.03614e-08
-1.03979e-08
1.8424e-08
-3.6849e-08
4.01863e-08
-5.01358e-08
2.09691e-08
-7.25088e-08
3.82395e-08
-9.13647e-08
3.33379e-08
-1.03294e-07
2.52542e-08
-1.13656e-07
2.35055e-08
-1.26921e-07
3.32413e-08
-1.28444e-07
1.35513e-08
-1.18928e-07
-6.01441e-09
-8.48446e-08
-5.05158e-08
-3.7953e-08
-7.99353e-08
-7.53548e-08
1.13684e-08
-7.25237e-08
3.21563e-08
-7.45907e-08
5.88736e-08
-9.70436e-08
9.64012e-08
-1.23031e-07
1.42599e-07
-1.38661e-07
1.99008e-07
-1.24345e-07
2.45359e-07
-8.52482e-08
2.81049e-07
-1.12723e-07
3.07009e-07
1.36474e-08
2.59054e-07
2.69378e-07
1.57806e-07
2.95374e-07
7.7229e-08
1.60366e-07
5.01632e-08
1.16018e-08
2.11593e-08
-2.04892e-08
1.11828e-08
-1.71515e-08
-3.28506e-09
2.94084e-08
-3.90702e-08
7.61466e-08
-4.24109e-08
2.17647e-08
-6.85442e-08
6.63195e-08
-7.8259e-08
3.06839e-08
-9.55907e-08
5.55713e-08
-1.12837e-07
5.05844e-08
-1.18629e-07
3.10463e-08
-1.25251e-07
3.01275e-08
-1.33637e-07
4.16271e-08
-1.3122e-07
1.11345e-08
-1.18254e-07
-1.89808e-08
-8.07414e-08
-8.80285e-08
-3.30235e-08
-1.27653e-07
-1.08378e-07
-1.74735e-10
-8.47651e-08
2.10951e-08
-9.58101e-08
5.17509e-08
-1.27631e-07
7.57579e-08
-1.47348e-07
9.86533e-08
-1.61804e-07
1.36195e-07
-1.62042e-07
1.97939e-07
-1.47166e-07
2.30965e-07
-1.45938e-07
2.48902e-07
-4.33072e-09
2.48238e-07
2.70061e-07
1.91955e-07
3.51673e-07
1.19275e-07
2.33061e-07
6.38599e-08
6.70047e-08
2.61223e-09
4.07688e-08
-1.81757e-08
3.63699e-09
-3.58375e-08
4.70702e-08
-6.87349e-08
1.09044e-07
-5.75493e-08
1.05791e-08
-7.69291e-08
8.56992e-08
-8.71655e-08
4.09204e-08
-9.97193e-08
6.8125e-08
-1.17191e-07
6.80558e-08
-1.20109e-07
3.3965e-08
-1.2569e-07
3.5708e-08
-1.33103e-07
4.90406e-08
-1.30223e-07
8.25426e-09
-1.16837e-07
-3.23668e-08
-7.88782e-08
-1.25987e-07
-3.11403e-08
-1.75391e-07
-1.39519e-07
-1.84645e-08
-8.54574e-08
-1.4544e-08
-9.97508e-08
-2.43431e-08
-1.18004e-07
-3.22113e-08
-1.39473e-07
-2.0784e-08
-1.73223e-07
1.47287e-08
-1.97643e-07
7.17727e-08
-2.04269e-07
1.17748e-07
-1.91902e-07
1.51549e-07
-3.85499e-08
1.78577e-07
2.43048e-07
1.73134e-07
3.56908e-07
1.29238e-07
2.76608e-07
6.24074e-08
1.33836e-07
-1.75072e-08
1.20683e-07
-4.35296e-08
2.96594e-08
-5.82059e-08
6.17464e-08
-8.94831e-08
1.40321e-07
-6.37425e-08
-1.51615e-08
-7.23368e-08
9.42935e-08
-8.98549e-08
5.84385e-08
-9.93674e-08
7.76374e-08
-1.18242e-07
8.693e-08
-1.20077e-07
3.58003e-08
-1.25405e-07
4.10359e-08
-1.32955e-07
5.6591e-08
-1.30321e-07
5.6206e-09
-1.16846e-07
-4.58422e-08
-7.86423e-08
-1.64191e-07
-3.06303e-08
-2.23403e-07
-1.70149e-07
-3.06577e-08
-7.30052e-08
-5.24737e-08
-7.7992e-08
-8.26021e-08
-8.80284e-08
-9.7455e-08
-1.24603e-07
-8.86229e-08
-1.81961e-07
-5.73814e-08
-2.28834e-07
-7.31372e-09
-2.54323e-07
3.37894e-08
-2.32995e-07
7.10515e-08
-7.57998e-08
1.01523e-07
2.12584e-07
1.10167e-07
3.48271e-07
9.64205e-08
2.9098e-07
3.18235e-08
1.98491e-07
-4.7121e-08
1.99628e-07
-6.84567e-08
5.09952e-08
-7.15346e-08
6.48243e-08
-9.72182e-08
1.66005e-07
-6.53599e-08
-4.70199e-08
-6.36752e-08
9.26088e-08
-9.07122e-08
8.54755e-08
-9.90234e-08
8.59486e-08
-1.18949e-07
1.06855e-07
-1.20302e-07
3.71534e-08
-1.25317e-07
4.60512e-08
-1.33203e-07
6.4477e-08
-1.3093e-07
3.34702e-09
-1.17324e-07
-5.9448e-08
-7.88006e-08
-2.02714e-07
-3.0437e-08
-2.71767e-07
-2.00586e-07
-3.82032e-08
-4.71282e-08
-6.70076e-08
-4.91874e-08
-8.47318e-08
-7.03042e-08
-9.20174e-08
-1.17284e-07
-9.90089e-08
-1.74972e-07
-9.59371e-08
-2.31936e-07
-7.92249e-08
-2.71068e-07
-6.2731e-08
-2.49442e-07
-2.14497e-08
-1.17069e-07
3.43095e-08
1.57128e-07
6.93711e-08
3.13212e-07
5.47817e-08
3.0625e-07
-1.17695e-08
2.65057e-07
-7.37222e-08
2.61581e-07
-8.85387e-08
6.58116e-08
-6.89966e-08
4.52822e-08
-8.02359e-08
1.77244e-07
-6.43984e-08
-6.28574e-08
-5.8334e-08
8.65444e-08
-9.12557e-08
1.18397e-07
-9.96238e-08
9.43167e-08
-1.19618e-07
1.26849e-07
-1.20787e-07
3.83226e-08
-1.25273e-07
5.05372e-08
-1.33582e-07
7.27858e-08
-1.31738e-07
1.50376e-09
-1.17959e-07
-7.32274e-08
-7.90386e-08
-2.41635e-07
-3.02716e-08
-3.20534e-07
-2.30857e-07
-2.34582e-08
-2.243e-08
-4.93503e-08
-2.32952e-08
-7.05884e-08
-4.9066e-08
-8.84088e-08
-9.94635e-08
-1.08681e-07
-1.54788e-07
-1.27784e-07
-2.12961e-07
-1.36203e-07
-2.62748e-07
-1.36681e-07
-2.49052e-07
-9.95158e-08
-1.54179e-07
-2.53726e-08
8.30427e-08
1.69472e-08
2.71948e-07
6.54315e-09
3.16726e-07
-4.03181e-08
3.1192e-07
-7.32903e-08
2.94553e-07
-8.83937e-08
8.0915e-08
-4.65399e-08
3.42849e-09
-4.38764e-08
1.74581e-07
-6.21862e-08
-4.45476e-08
-5.9394e-08
8.37522e-08
-9.23223e-08
1.51325e-07
-1.01293e-07
1.03287e-07
-1.20192e-07
1.45749e-07
-1.21466e-07
3.95959e-08
-1.25209e-07
5.42801e-08
-1.34027e-07
8.16045e-08
-1.32696e-07
1.71927e-10
-1.18706e-07
-8.72169e-08
-7.93083e-08
-2.81033e-07
-3.00736e-08
-3.69769e-07
-2.60931e-07
-1.27726e-08
-2.99985e-09
-3.52088e-08
-8.58947e-10
-5.81223e-08
-2.61519e-08
-7.80226e-08
-7.95634e-08
-1.00247e-07
-1.32564e-07
-1.2399e-07
-1.89217e-07
-1.50624e-07
-2.36162e-07
-1.70744e-07
-2.29001e-07
-1.70596e-07
-1.54404e-07
-1.16244e-07
2.86079e-08
-6.93362e-08
2.2504e-07
-4.34977e-08
2.90887e-07
-4.76821e-08
3.16106e-07
-4.82059e-08
2.95077e-07
-5.35472e-08
8.62563e-08
-1.88936e-08
-3.12251e-08
-2.00007e-08
1.75688e-07
-6.49667e-08
4.18387e-10
-6.62526e-08
8.50381e-08
-9.31078e-08
1.78181e-07
-1.04162e-07
1.14341e-07
-1.20627e-07
1.62214e-07
-1.22257e-07
4.12255e-08
-1.25127e-07
5.71501e-08
-1.34522e-07
9.09994e-08
-1.33803e-07
-5.461e-10
-1.19562e-07
-1.01459e-07
-7.96025e-08
-3.20992e-07
-2.98299e-08
-4.19541e-07
-2.90761e-07
-6.29936e-09
8.8512e-09
-2.12432e-08
1.40853e-08
-3.94603e-08
-7.93442e-09
-6.18435e-08
-5.71811e-08
-8.34984e-08
-1.10909e-07
-1.08263e-07
-1.64453e-07
-1.37831e-07
-2.06594e-07
-1.66781e-07
-2.0006e-07
-2.02945e-07
-1.18319e-07
-1.83056e-07
8.50581e-09
-1.28409e-07
1.70393e-07
-7.49095e-08
2.37388e-07
-6.10316e-08
3.02229e-07
-3.6336e-08
2.70381e-07
-2.11996e-08
7.11199e-08
-3.73029e-09
-4.86944e-08
-1.52026e-08
1.8716e-07
-7.16507e-08
5.68665e-08
-7.48403e-08
8.82277e-08
-9.16159e-08
1.94956e-07
-1.07572e-07
1.30297e-07
-1.21177e-07
1.75819e-07
-1.2303e-07
4.30789e-08
-1.25043e-07
5.91627e-08
-1.35056e-07
1.01013e-07
-1.35066e-07
-5.3644e-10
-1.20527e-07
-1.15997e-07
-7.99191e-08
-3.616e-07
-2.95358e-08
-4.69925e-07
-3.20297e-07
1.54989e-09
1.53545e-08
-9.51545e-09
2.51508e-08
-3.1896e-08
1.44465e-08
-6.10181e-08
-2.806e-08
-8.14737e-08
-9.0457e-08
-1.04461e-07
-1.41465e-07
-1.26979e-07
-1.84077e-07
-1.41148e-07
-1.8589e-07
-1.67285e-07
-9.21886e-08
-1.72125e-07
1.33116e-08
-1.3451e-07
1.32754e-07
-8.8184e-08
1.91062e-07
-7.47281e-08
2.88773e-07
-3.8644e-08
2.34297e-07
-1.28162e-08
4.52922e-08
-8.08826e-09
-5.34224e-08
-1.95926e-08
1.98664e-07
-7.4343e-08
1.11617e-07
-8.09648e-08
9.48495e-08
-8.76999e-08
2.01691e-07
-1.10504e-07
1.53101e-07
-1.22173e-07
1.87488e-07
-1.23752e-07
4.46578e-08
-1.24949e-07
6.036e-08
-1.35628e-07
1.11691e-07
-1.36489e-07
3.24558e-10
-1.21604e-07
-1.30882e-07
-8.02556e-08
-4.02949e-07
-2.91873e-08
-5.20993e-07
-3.49484e-07
2.36993e-09
2.35235e-08
-1.23696e-08
3.9889e-08
-2.97621e-08
3.18391e-08
-5.30745e-08
-4.74815e-09
-7.81275e-08
-6.5404e-08
-1.01916e-07
-1.17677e-07
-1.25376e-07
-1.60616e-07
-1.42585e-07
-1.68681e-07
-1.44808e-07
-8.9965e-08
-1.38064e-07
6.56974e-09
-1.20861e-07
1.15553e-07
-9.70148e-08
1.67216e-07
-7.39927e-08
2.6575e-07
-3.95376e-08
1.99842e-07
-2.62415e-08
3.19961e-08
-2.45779e-08
-5.5086e-08
-2.83401e-08
2.02427e-07
-7.04599e-08
1.53737e-07
-8.32501e-08
1.0764e-07
-8.46443e-08
2.03085e-07
-1.12304e-07
1.8076e-07
-1.23724e-07
1.98909e-07
-1.24484e-07
4.54176e-08
-1.24823e-07
6.06988e-08
-1.36232e-07
1.231e-07
-1.38078e-07
2.171e-09
-1.22794e-07
-1.46165e-07
-8.06091e-08
-4.45134e-07
-2.87802e-08
-5.72822e-07
-3.78264e-07
1.1859e-08
2.86373e-08
-1.25173e-08
6.42635e-08
-3.64512e-08
5.5773e-08
-5.3824e-08
1.26247e-08
-6.82705e-08
-5.09575e-08
-8.09506e-08
-1.04997e-07
-9.85261e-08
-1.43041e-07
-1.31509e-07
-1.35698e-07
-1.38871e-07
-8.26034e-08
-1.23424e-07
-8.87686e-09
-1.16085e-07
1.08214e-07
-9.07735e-08
1.41905e-07
-5.53895e-08
2.30366e-07
-4.37653e-08
1.88218e-07
-4.3186e-08
3.14168e-08
-4.41771e-08
-5.40949e-08
-4.14515e-08
1.99701e-07
-6.65971e-08
1.78882e-07
-8.36879e-08
1.2473e-07
-8.34567e-08
2.02854e-07
-1.13741e-07
2.11044e-07
-1.25552e-07
2.1072e-07
-1.25314e-07
4.51798e-08
-1.24647e-07
6.00311e-08
-1.36857e-07
1.3531e-07
-1.39839e-07
5.15303e-09
-1.24095e-07
-1.6191e-07
-8.09765e-08
-4.88252e-07
-2.83097e-08
-6.25489e-07
-4.06574e-07
3.46617e-08
1.94036e-08
2.87142e-08
7.02102e-08
2.86771e-09
8.16202e-08
-2.03991e-08
3.58893e-08
-4.66749e-08
-2.46805e-08
-6.177e-08
-8.99016e-08
-7.8043e-08
-1.26768e-07
-1.08777e-07
-1.04964e-07
-1.27967e-07
-6.34129e-08
-1.23536e-07
-1.33075e-08
-1.13484e-07
9.81619e-08
-8.9897e-08
1.18317e-07
-5.60838e-08
1.96553e-07
-5.0429e-08
1.82563e-07
-5.07587e-08
3.17465e-08
-5.16237e-08
-5.32298e-08
-4.6504e-08
1.94581e-07
-6.6233e-08
1.98611e-07
-8.31706e-08
1.41668e-07
-8.36469e-08
2.03331e-07
-1.15207e-07
2.42605e-07
-1.27651e-07
2.23164e-07
-1.26198e-07
4.37267e-08
-1.24418e-07
5.82511e-08
-1.37489e-07
1.48381e-07
-1.41779e-07
9.443e-09
-1.25501e-07
-1.78187e-07
-8.13527e-08
-5.32401e-07
-2.77703e-08
-6.79071e-07
-4.34344e-07
2.40819e-08
1.08432e-08
3.11979e-08
6.30914e-08
2.65718e-08
8.62466e-08
8.12298e-09
5.4333e-08
-2.30233e-08
6.46552e-09
-4.15658e-08
-7.13591e-08
-7.13138e-08
-9.70198e-08
-9.47773e-08
-8.15009e-08
-1.01796e-07
-5.63938e-08
-1.08341e-07
-6.76278e-09
-1.00502e-07
9.03224e-08
-7.90733e-08
9.6889e-08
-7.2635e-08
1.90115e-07
-5.95728e-08
1.69501e-07
-4.17729e-08
1.39466e-08
-7.50693e-08
-1.99333e-08
-6.71622e-08
1.86674e-07
-6.80506e-08
1.995e-07
-8.2925e-08
1.56542e-07
-8.23342e-08
2.0274e-07
-1.17586e-07
2.77856e-07
-1.30074e-07
2.35653e-07
-1.27126e-07
4.07791e-08
-1.24113e-07
5.52381e-08
-1.38118e-07
1.62385e-07
-1.43905e-07
1.523e-08
-1.27022e-07
-1.9507e-07
-8.17315e-08
-5.77692e-07
-2.71558e-08
-7.33647e-07
-4.615e-07
-1.90206e-08
7.6352e-09
-1.19355e-08
5.60035e-08
-1.78458e-08
9.21445e-08
-3.97569e-08
7.62389e-08
-4.63257e-08
1.3036e-08
-4.8412e-08
-6.92704e-08
-8.0023e-08
-6.54082e-08
-1.0463e-07
-5.68942e-08
-1.01954e-07
-5.90693e-08
-1.01593e-07
-7.12443e-09
-1.12443e-07
1.01173e-07
-9.63034e-08
8.07492e-08
-8.82135e-08
1.82025e-07
-7.75782e-08
1.58866e-07
-3.45169e-08
-2.91146e-08
-3.33618e-08
-2.10884e-08
-4.50238e-08
1.98336e-07
-8.11933e-08
2.35669e-07
-8.21859e-08
1.57535e-07
-8.01018e-08
2.00656e-07
-1.199e-07
3.17654e-07
-1.33246e-07
2.48999e-07
-1.28079e-07
3.56118e-08
-1.23696e-07
5.08547e-08
-1.38735e-07
1.77424e-07
-1.46227e-07
2.27221e-08
-1.28672e-07
-2.12625e-07
-8.2106e-08
-6.24258e-07
-2.6459e-08
-7.89294e-07
-4.87959e-07
-4.50757e-08
1.60595e-08
-4.31288e-08
5.4056e-08
-4.157e-08
9.05851e-08
-4.29405e-08
7.76161e-08
-2.24801e-08
-7.42449e-09
-1.21462e-08
-7.96045e-08
-3.7357e-08
-4.01967e-08
-7.28473e-08
-2.14039e-08
-7.18198e-08
-6.00968e-08
-6.40281e-08
-1.4916e-08
-9.63131e-08
1.33458e-07
-1.42251e-07
1.26687e-07
-1.2961e-07
1.69384e-07
-8.48675e-08
1.14123e-07
-6.66997e-08
-4.72824e-08
-5.97785e-08
-2.80095e-08
-2.47518e-08
1.63309e-07
-6.77458e-08
2.78663e-07
-8.66831e-08
1.76472e-07
-7.52643e-08
1.89237e-07
-1.22811e-07
3.65202e-07
-1.37275e-07
2.63462e-07
-1.29187e-07
2.75245e-08
-1.23105e-07
4.47726e-08
-1.39325e-07
1.93644e-07
-1.48756e-07
3.21529e-08
-1.3046e-07
-2.30921e-07
-8.24662e-08
-6.72251e-07
-2.56719e-08
-8.46088e-07
-5.13631e-07
-2.57977e-08
4.26019e-08
-3.59779e-08
6.42449e-08
-2.84105e-08
8.30249e-08
-9.03204e-09
5.82378e-08
2.16577e-08
-3.81141e-08
2.12072e-08
-7.91543e-08
-1.64217e-09
-1.73477e-08
-4.98898e-08
2.68399e-08
-5.35023e-08
-5.64093e-08
-3.67949e-08
-3.16114e-08
-6.57028e-08
1.62366e-07
-1.13329e-07
1.74313e-07
-1.10556e-07
1.66611e-07
-8.65832e-08
9.01508e-08
-4.78676e-08
-8.5998e-08
-3.70248e-08
-3.88523e-08
-5.58763e-08
1.82161e-07
-1.01221e-07
3.24008e-07
-9.19983e-08
1.6725e-07
-7.11608e-08
1.68399e-07
-1.21716e-07
4.15757e-07
-1.41849e-07
2.83595e-07
-1.30469e-07
1.61447e-08
-1.22318e-07
3.66219e-08
-1.39843e-07
2.11169e-07
-1.51501e-07
4.38104e-08
-1.32379e-07
-2.50043e-07
-8.27886e-08
-7.21841e-07
-2.47886e-08
-9.04088e-07
-5.38419e-07
2.69096e-09
6.51709e-08
-2.67317e-09
6.96114e-08
1.31447e-08
6.72071e-08
3.9351e-08
3.20316e-08
6.26576e-08
-6.14236e-08
4.82554e-08
-6.47523e-08
1.57311e-08
1.51789e-08
-4.88533e-08
9.15191e-08
-6.7701e-08
-3.6837e-08
-7.14336e-08
-2.84758e-08
-9.73645e-08
1.88297e-07
-8.82844e-08
1.65233e-07
-8.35716e-08
1.61898e-07
-8.11364e-08
8.77157e-08
-5.02021e-08
-1.16932e-07
9.98076e-10
-9.00525e-08
4.92611e-08
1.33898e-07
-1.11894e-08
3.84458e-07
-7.6474e-08
2.32534e-07
-9.28631e-08
1.84788e-07
-1.30845e-07
4.53739e-07
-1.4669e-07
2.99439e-07
-1.31928e-07
1.38243e-09
-1.21141e-07
2.58352e-08
-1.4013e-07
2.30158e-07
-1.54415e-07
5.80947e-08
-1.3436e-07
-2.70097e-07
-8.29946e-08
-7.73207e-07
-2.3815e-08
-9.63268e-07
-5.62234e-07
1.04347e-08
7.22614e-08
1.80166e-08
6.20299e-08
4.39575e-08
4.12623e-08
7.07718e-08
5.21414e-09
5.96019e-08
-5.0257e-08
1.0299e-08
-1.54503e-08
-5.22982e-08
7.7775e-08
-8.56472e-08
1.24931e-07
-7.83729e-08
-4.41763e-08
-1.17113e-07
8.99375e-09
-1.36122e-07
2.07306e-07
-9.6431e-08
1.25542e-07
-8.52831e-08
1.5075e-07
-7.48976e-08
7.73302e-08
-5.44395e-08
-1.3739e-07
-3.51859e-08
-1.09306e-07
-3.98719e-08
1.38584e-07
-1.09891e-07
4.54478e-07
-8.71172e-08
2.0976e-07
-3.42098e-08
1.31881e-07
-1.03085e-07
5.22614e-07
-1.53888e-07
3.50243e-07
-1.31624e-07
-2.08816e-08
-1.19479e-07
1.36901e-08
-1.39583e-07
2.50261e-07
-1.57184e-07
7.56958e-08
-1.36118e-07
-2.91163e-07
-8.28232e-08
-8.26502e-07
-2.2804e-08
-1.02329e-06
-5.85038e-07
1.53596e-08
5.99866e-08
3.19335e-08
4.54515e-08
4.85324e-08
2.46656e-08
4.67789e-08
6.96897e-09
4.19167e-09
-7.66976e-09
-3.73077e-08
2.60491e-08
-5.39464e-08
9.4459e-08
2.24498e-10
7.15521e-08
-1.22067e-08
-3.18102e-08
-6.30708e-08
5.8655e-08
-5.74398e-08
2.01675e-07
-4.55477e-08
1.1365e-07
-5.37181e-08
1.58921e-07
-8.9585e-08
1.13197e-07
-7.53842e-08
-1.51591e-07
-3.18348e-08
-1.52855e-07
-5.63515e-08
1.63101e-07
-8.79837e-08
4.8611e-07
-9.92953e-08
2.21072e-07
-1.35099e-07
1.67684e-07
-1.69903e-07
5.57418e-07
-1.45993e-07
3.26334e-07
-1.29356e-07
-3.75193e-08
-1.15285e-07
-3.80757e-10
-1.36433e-07
2.71409e-07
-1.58589e-07
9.78525e-08
-1.36649e-07
-3.13103e-07
-8.14992e-08
-8.81652e-07
-2.19515e-08
-1.08283e-06
-6.0699e-07
1.20184e-08
4.50504e-08
1.68817e-08
4.05909e-08
5.03862e-09
3.65092e-08
-2.4422e-08
3.64294e-08
-5.53376e-08
2.32461e-08
-7.87817e-08
4.94933e-08
-7.99087e-08
9.57469e-08
-1.33521e-08
5.72068e-09
-2.32527e-08
-2.19746e-08
-3.85829e-08
7.35849e-08
-3.77704e-08
2.00862e-07
-2.94293e-08
1.04879e-07
-1.66959e-08
1.46168e-07
-9.80528e-08
1.94648e-07
-6.50714e-08
-1.83277e-07
3.87777e-09
-2.21805e-07
-1.12142e-08
1.78193e-07
-3.95557e-08
5.14451e-07
-5.52118e-08
2.36728e-07
-2.17051e-08
1.34178e-07
-8.48786e-08
6.20591e-07
-1.25724e-07
3.67179e-07
-1.0729e-07
-5.59532e-08
-1.03429e-07
-4.24197e-09
-1.2561e-07
2.93591e-07
-1.5516e-07
1.27402e-07
-1.33074e-07
-3.35189e-07
-7.71273e-08
-9.37599e-07
-2.17212e-08
-1.13824e-06
-6.28711e-07
-7.78572e-09
4.44453e-08
-1.56722e-08
4.84778e-08
-3.27485e-08
5.35858e-08
-5.44786e-08
5.81596e-08
-6.67328e-08
3.55006e-08
-8.51745e-08
6.79353e-08
-1.00039e-07
1.10644e-07
-1.13243e-07
1.94159e-08
-1.44288e-07
1.07267e-08
-1.73816e-07
1.02319e-07
-1.0921e-07
1.33192e-07
-3.85071e-08
3.36532e-08
-2.73219e-08
1.34964e-07
-9.53704e-08
2.62656e-07
-5.48254e-08
-2.24311e-07
2.08875e-08
-2.97253e-07
3.01745e-08
1.68906e-07
-4.96919e-08
5.94318e-07
-9.94363e-08
2.86472e-07
-3.95009e-08
7.42422e-08
-8.81354e-08
6.69226e-07
-1.02191e-07
3.81235e-07
-4.84763e-08
-1.09668e-07
-6.88773e-08
1.6159e-08
-9.77753e-08
3.22489e-07
-1.39863e-07
1.6949e-07
-1.19092e-07
-3.5596e-07
-6.61425e-08
-9.90549e-07
-2.2504e-08
-1.18188e-06
-6.51215e-07
-2.6458e-08
5.20749e-08
-3.44675e-08
5.64861e-08
-4.12133e-08
6.03317e-08
-4.72604e-08
6.42039e-08
-4.37808e-08
3.20154e-08
-5.58029e-08
7.99596e-08
-7.24814e-08
1.27329e-07
-6.57466e-08
1.26814e-08
-7.977e-08
2.60672e-08
-1.28265e-07
1.50019e-07
-6.93604e-08
7.51529e-08
4.01921e-09
-3.99956e-08
-4.65085e-08
1.85481e-07
-9.12637e-08
3.08283e-07
-1.21573e-07
-1.94492e-07
-4.73518e-08
-3.70939e-07
-8.13749e-11
1.21635e-07
-1.80145e-08
6.12246e-07
8.32925e-09
2.58998e-07
-3.5714e-08
1.18245e-07
-2.58297e-08
6.59342e-07
4.26209e-08
3.12271e-07
3.60788e-08
-1.02701e-07
4.33045e-09
4.79073e-08
-4.39576e-08
3.70777e-07
-1.06623e-07
2.32156e-07
-8.62547e-08
-3.76329e-07
-4.41835e-08
-1.03262e-06
-2.62598e-08
-1.1998e-06
-6.77475e-07
-2.11471e-08
5.81109e-08
-2.6164e-08
6.15035e-08
-2.93162e-08
6.34805e-08
-2.70778e-08
6.19617e-08
-1.48792e-08
1.98126e-08
-2.8029e-08
9.31075e-08
-6.03235e-08
1.59623e-07
-2.34692e-08
-2.41726e-08
1.98956e-09
6.08459e-10
-4.50789e-08
1.99738e-07
-4.23117e-08
7.26551e-08
1.41495e-08
-9.65204e-08
9.92782e-09
1.89702e-07
-6.39134e-08
3.83291e-07
-1.39209e-07
-1.19685e-07
-6.34945e-08
-4.48417e-07
-3.18591e-08
8.99997e-08
-4.05153e-09
5.84438e-07
8.03809e-08
1.73589e-07
-5.08725e-08
2.49407e-07
9.38162e-08
5.13308e-07
3.7798e-07
2.50002e-08
2.49888e-07
2.68921e-08
3.49643e-08
2.63712e-07
-8.54145e-09
4.14283e-07
-6.9345e-08
2.9296e-07
-3.40991e-08
-4.11576e-07
-9.96307e-09
-1.05676e-06
-1.83779e-08
-1.19139e-06
-6.95853e-07
3.00873e-09
5.6437e-08
6.4714e-09
5.80419e-08
5.79386e-09
6.41643e-08
3.15133e-09
6.46103e-08
2.05973e-08
2.36984e-09
2.8114e-08
8.55875e-08
6.10713e-09
1.81629e-07
-1.35107e-09
-1.67149e-08
2.60741e-08
-2.68167e-08
6.27981e-08
1.63027e-07
1.42795e-08
1.21038e-07
-1.97876e-08
-6.26458e-08
6.27885e-09
1.63643e-07
3.32925e-08
3.55645e-07
2.09676e-08
-1.08042e-07
1.25933e-07
-5.53382e-07
1.11507e-07
1.04425e-07
5.91924e-08
6.34917e-07
1.38927e-07
9.43914e-08
5.60039e-08
3.32962e-07
2.45207e-07
3.24659e-07
4.56289e-07
-1.85764e-07
5.00408e-07
-2.04803e-08
3.59147e-07
4.05941e-07
6.95651e-08
5.86502e-07
-2.81985e-08
1.03351e-07
1.87459e-08
-1.56539e-07
2.59597e-08
-9.66564e-07
-2.74295e-08
-1.138e-06
-7.23282e-07
1.69751e-08
4.88084e-08
2.57638e-08
4.92533e-08
3.765e-08
5.22791e-08
4.71663e-08
5.50964e-08
4.89778e-08
5.58254e-10
6.78513e-08
6.67116e-08
7.28594e-08
1.76618e-07
3.95976e-08
1.65468e-08
1.64163e-08
-3.63536e-09
7.2697e-08
1.06747e-07
8.31627e-08
1.10527e-07
6.54091e-08
-4.51695e-08
6.64191e-08
1.62645e-07
1.39493e-07
2.80538e-07
1.96895e-07
-1.65625e-07
2.18103e-07
-5.74589e-07
1.34554e-07
1.87974e-07
1.42817e-07
6.25073e-07
2.25565e-07
1.16975e-08
2.00929e-07
3.58986e-07
5.19936e-07
6.01685e-09
5.30337e-07
-1.96422e-07
3.78801e-07
1.30603e-07
5.47574e-07
2.36412e-07
4.163e-07
3.89911e-07
7.14391e-08
4.45036e-08
2.01883e-08
-1.74903e-08
5.41218e-08
-1.98861e-07
4.96906e-08
-1.13356e-06
-6.73584e-07
2.04355e-08
3.80847e-08
3.04911e-08
3.91977e-08
4.37495e-08
3.90206e-08
4.68098e-08
5.2036e-08
8.80827e-09
3.85597e-08
9.11909e-09
6.64008e-08
7.3878e-08
1.11859e-07
6.63134e-08
2.41115e-08
1.24673e-08
5.02107e-08
4.03157e-08
7.88984e-08
6.80263e-08
8.28159e-08
4.04253e-08
-1.75689e-08
8.8793e-08
1.13876e-07
2.49973e-07
1.15863e-07
2.56441e-07
-1.74534e-07
8.68557e-08
-4.04998e-07
4.51266e-08
2.29595e-07
2.69285e-07
4.01011e-07
3.18771e-07
-3.7282e-08
3.25905e-07
3.51386e-07
6.17013e-07
-2.85611e-07
6.77544e-07
-2.57516e-07
5.53906e-07
2.53562e-07
5.03283e-07
2.86274e-07
4.41989e-07
1.65711e-07
1.59655e-07
-9.54065e-08
2.70616e-08
6.60627e-10
-9.35382e-08
-6.56863e-10
3.4477e-08
-9.09719e-07
-6.391e-07
1.26176e-08
2.25132e-08
6.743e-09
2.62165e-08
-3.44617e-09
2.91158e-08
-8.94961e-09
3.43497e-08
-4.0931e-08
4.35015e-08
-3.56033e-08
3.468e-08
1.59891e-08
3.69815e-08
-2.69754e-08
3.84679e-08
-4.33365e-08
3.94105e-08
-5.73533e-10
1.91804e-08
1.98516e-08
4.56663e-08
7.72384e-10
1.22604e-09
1.34536e-07
-1.47183e-08
3.23277e-07
-4.95682e-08
2.31613e-07
-5.3158e-08
2.05714e-08
-1.82838e-07
9.73438e-08
1.52107e-07
3.86291e-07
1.11295e-07
3.96969e-07
-4.87689e-08
4.76481e-07
2.71034e-07
6.64552e-07
-4.74564e-07
6.58824e-07
-2.1269e-07
7.33266e-07
1.94433e-07
6.99728e-07
2.51253e-07
3.51527e-07
1.14402e-07
9.87666e-09
-5.51579e-08
1.22184e-09
-6.86515e-10
-2.09353e-08
1.43265e-08
6.10005e-08
-2.70128e-07
-5.34006e-07
4.27189e-09
-7.04715e-11
-6.63031e-10
-8.84393e-11
-7.57207e-09
-2.82134e-11
-1.20299e-08
7.24543e-11
-7.63866e-09
-7.44656e-11
-1.52371e-08
-2.93003e-12
-2.27174e-08
1.62724e-10
-1.96506e-08
-2.78023e-11
-1.57966e-08
4.21782e-11
-2.35625e-08
5.73022e-11
-7.20638e-09
1.10861e-11
-2.78796e-09
-3.00686e-12
4.88611e-08
-2.65429e-13
6.74902e-08
-4.34196e-13
8.02077e-08
2.19652e-10
6.89248e-08
-8.00524e-09
2.40818e-07
-1.41213e-09
3.83648e-07
-4.46366e-08
3.8951e-07
-2.97865e-08
5.49173e-07
1.15293e-07
2.72824e-07
-1.47975e-07
1.54779e-07
-8.6831e-09
4.14747e-07
5.21827e-09
4.3306e-07
2.94688e-08
1.36689e-07
5.00901e-09
8.50387e-10
-1.88955e-09
4.02801e-11
-2.89384e-11
4.88713e-10
1.22317e-11
-2.24026e-07
-6.11877e-12
-2.04909e-07
-8.00817e-13
-1.64638e-11
6.56395e-13
-1.13353e-11
1.08997e-12
-5.48652e-12
1.62645e-11
-6.71621e-13
-7.31627e-11
8.9715e-12
-3.0125e-09
-3.11054e-11
-1.06186e-08
-1.3432e-10
-6.53347e-08
-5.20275e-09
-2.44452e-07
-1.30389e-07
-1.71549e-07
-5.79338e-09
-5.78755e-08
2.6525e-08
-8.14288e-08
-8.49654e-10
-6.32279e-09
-1.04072e-09
-2.85508e-09
-2.80385e-10
-1.66015e-12
-1.55093e-12
-3.64012e-12
-1.72028e-12
-2.25823e-12
-1.65161e-10
-4.12939e-13
-1.19595e-10
9.45833e-13
-3.87953e-11
1.36919e-10
-3.48504e-11
5.48265e-11
-5.85592e-12
2.64524e-10
1.7568e-12
6.29689e-11
-2.92386e-12
2.68485e-10
5.84796e-13
2.49381e-10
5.76687e-13
1.62698e-10
-1.12349e-12
1.65625e-10
-3.24545e-13
1.77356e-10
-4.5484e-13
1.0797e-10
-1.32683e-12
-1.43626e-12
4.56462e-11
-6.71691e-13
-1.56801e-11
4.56581e-13
-6.67518e-12
9.96851e-13
-2.57318e-13
6.65676e-13
-1.03868e-13
-4.14436e-13
3.27779e-13
-5.75472e-11
3.83702e-13
-2.43404e-10
1.01355e-11
-5.40109e-09
-4.36379e-11
-1.48233e-07
-5.86151e-09
-1.50828e-07
-1.28319e-08
-2.45975e-09
-4.08823e-08
9.64078e-11
-1.75706e-09
3.66219e-12
-9.64592e-10
2.99636e-12
-2.81411e-10
-1.12912e-12
-1.05709e-12
-1.00099e-11
1.90672e-12
-3.56613e-11
-4.73429e-11
9.18925e-12
-3.30633e-11
3.04845e-11
-2.8442e-14
6.75447e-12
-4.34385e-13
9.17754e-13
-5.01819e-13
2.59801e-12
1.06879e-13
4.85936e-13
-4.91234e-15
1.13674e-12
-6.3359e-14
1.81596e-12
2.67854e-15
7.26532e-13
-1.6237e-14
3.4119e-13
-4.10917e-14
-2.24667e-13
-2.39188e-14
-1.49351e-12
2.4632e-14
1.19212e-13
-2.94509e-12
-8.23135e-13
-1.22172e-11
2.30751e-13
-2.14973e-11
2.68299e-14
-1.27053e-13
9.567e-14
-2.01531e-14
7.46537e-14
3.60669e-13
-1.77965e-12
1.573e-13
-8.77066e-13
9.3406e-14
-4.45184e-11
-6.01976e-16
-5.90578e-09
-2.2825e-13
-6.11432e-09
-1.00304e-13
-1.42388e-09
-4.07817e-13
7.4483e-09
-3.9829e-12
9.47339e-10
-3.61128e-09
5.29735e-11
5.54789e-10
-1.04991e-12
5.08641e-11
-1.6175e-12
5.6187e-12
-1.35245e-11
-1.66552e-11
-6.39134e-15
-9.26617e-14
-9.25975e-15
-3.06747e-14
1.15577e-12
-4.84485e-15
8.38381e-14
2.39577e-14
6.5889e-14
1.22427e-13
5.98918e-14
-6.8494e-15
5.24811e-15
-2.25351e-15
8.34066e-15
3.40239e-15
-9.12306e-15
2.04347e-15
-5.4513e-14
1.53167e-15
-1.00246e-13
6.42995e-15
-1.7008e-13
1.19154e-14
2.50732e-14
-2.51346e-13
-5.87354e-13
-1.11848e-11
-4.63015e-15
-2.03007e-11
-3.07063e-14
-1.84179e-13
1.33296e-13
6.49029e-14
3.27944e-14
5.71618e-13
-7.2884e-15
2.51535e-13
-7.36217e-16
5.44361e-14
-3.11527e-15
-3.78367e-15
-4.09636e-15
-2.32273e-13
-1.04013e-14
-1.00201e-13
-3.35917e-14
-3.9051e-13
7.64849e-14
-4.0873e-12
1.20304e-10
-1.26666e-10
1.99221e-11
1.35449e-10
-2.54166e-11
1.44649e-10
-3.68313e-12
1.43694e-11
-2.58054e-14
-2.42914e-13
-1.58326e-14
-1.08758e-13
-6.18322e-15
-4.5176e-14
-1.18109e-15
-1.42505e-14
2.08601e-14
-3.63436e-15
1.10682e-14
1.27475e-13
-2.83003e-16
1.08418e-13
-1.63068e-15
6.1026e-15
-1.46248e-15
3.23672e-15
-2.28703e-15
2.3711e-15
-6.40036e-15
2.78937e-15
-1.02319e-14
4.37662e-15
-1.40412e-14
5.87482e-15
1.69883e-14
-1.9261e-14
-3.2252e-13
-1.15384e-14
-3.37384e-14
-1.39485e-11
-1.93365e-14
-3.46579e-13
1.50956e-13
1.5725e-13
4.91411e-14
7.9954e-13
3.63693e-14
1.10163e-12
-1.79641e-15
5.72475e-14
-4.26073e-14
-7.16981e-16
-4.41047e-13
-1.87383e-13
-2.30701e-13
-1.39747e-13
4.62524e-14
-3.14017e-13
1.71231e-13
-1.24949e-12
-2.24163e-11
-1.5794e-11
-6.94404e-11
-3.46318e-11
-2.86461e-11
5.03953e-11
-1.71183e-13
5.28228e-13
-7.9697e-14
-3.78296e-13
-4.05662e-14
-1.57391e-13
-1.38392e-14
-7.81371e-14
-1.50995e-14
-1.77414e-14
-5.31006e-14
1.68949e-14
-7.90484e-14
1.59138e-13
-6.30413e-15
4.08181e-14
-2.11852e-15
1.79904e-15
-1.72304e-15
2.72487e-15
-2.09779e-15
2.61381e-15
-2.68199e-15
3.11788e-15
-3.13624e-15
4.35149e-15
-4.2392e-15
6.24115e-15
2.1494e-14
-9.42496e-15
-1.15374e-14
-1.46323e-20
-2.52495e-14
-8.25777e-15
1.27955e-14
-5.57883e-13
3.77815e-14
1.93338e-14
2.89164e-13
3.19178e-12
1.69846e-13
1.26168e-12
2.78637e-15
2.92358e-13
-2.62481e-14
1.43772e-15
-8.36399e-13
-6.21748e-14
-8.73682e-13
-4.48951e-16
-2.86131e-13
1.9026e-13
-2.59679e-13
-1.21393e-12
-1.14867e-11
-1.60537e-12
-1.14356e-11
2.97571e-12
-5.71779e-13
1.92656e-12
-4.05009e-13
4.3508e-14
-5.28269e-13
-9.64254e-13
-6.11134e-13
-1.24925e-12
-4.09157e-14
-1.33581e-12
-5.53859e-14
-8.6493e-15
-1.305e-13
-6.62211e-16
-3.79261e-14
7.06157e-15
-2.17885e-15
6.51286e-16
-2.61523e-15
2.12209e-15
-2.82603e-15
2.83226e-15
-3.14557e-15
2.84353e-15
-4.04554e-15
3.94721e-15
-2.36831e-14
2.39312e-14
-2.80599e-13
2.63214e-13
5.23397e-13
-7.17751e-13
5.10955e-23
-8.35769e-20
-5.43571e-15
-2.82309e-15
4.00233e-15
-2.09315e-17
2.44371e-14
8.11945e-16
4.72558e-13
2.79389e-12
2.91689e-13
1.48223e-12
1.49683e-14
1.16278e-13
1.26656e-14
5.16602e-16
-4.00105e-13
4.24219e-13
-6.97498e-13
4.24771e-13
-2.24049e-13
3.0675e-13
-4.09344e-13
-9.44371e-13
-1.67397e-12
-2.73228e-13
-8.5343e-13
1.39476e-12
-3.41452e-13
8.17397e-13
-7.25816e-13
9.29266e-14
-2.40685e-12
-4.23439e-13
-3.16681e-12
-1.14393e-12
-5.70742e-13
-2.77874e-12
-7.6855e-15
-5.75137e-13
-6.57332e-15
-7.01982e-16
-3.43023e-15
3.18918e-15
-3.65373e-15
1.05432e-15
-3.89807e-15
2.50521e-15
-4.25616e-15
3.08502e-15
-5.63038e-15
4.11828e-15
-2.29518e-14
2.12112e-14
-9.73982e-13
7.66633e-13
-1.73246e-12
9.2615e-13
9.20293e-13
-1.98934e-12
1.36232e-21
-1.56782e-19
-5.49555e-19
-1.64953e-15
-2.7122e-18
-2.09966e-17
8.2676e-16
1.99405e-17
5.067e-13
2.28516e-12
1.68147e-13
1.72322e-13
1.6581e-14
-3.28141e-15
1.65797e-14
3.77788e-16
-4.38348e-13
2.04968e-12
-1.86499e-12
3.49449e-12
-3.18885e-13
-3.5143e-13
-4.52546e-13
-7.29311e-13
-4.83563e-13
-1.78586e-13
-3.09382e-13
7.96092e-13
-3.24618e-13
3.27258e-13
-9.06352e-13
8.02378e-14
-2.90475e-12
2.6465e-12
-6.1332e-12
1.02737e-12
-3.00508e-12
-6.8601e-12
-8.01721e-15
-9.82219e-13
-5.98922e-15
-1.35281e-15
-4.95806e-15
3.50271e-15
-6.61605e-15
3.82027e-15
-1.06856e-15
6.93031e-15
-3.60036e-15
5.45287e-15
-1.24676e-14
1.19067e-14
-7.16166e-13
1.49878e-13
-2.40941e-12
8.44716e-13
-2.34099e-12
9.75082e-13
7.3057e-13
-2.02328e-12
3.67823e-21
-2.46083e-19
-4.65152e-19
-5.63713e-16
-1.07075e-18
-2.36586e-17
1.52775e-17
1.12068e-18
2.82293e-13
1.29808e-13
4.8388e-15
-8.05642e-15
1.30224e-15
1.18956e-16
1.50924e-15
1.44941e-16
-1.29734e-12
2.10709e-12
-6.44586e-12
1.07685e-11
-1.30207e-12
-2.01877e-12
-5.01054e-13
-1.78833e-12
-3.87103e-13
-2.2212e-14
-3.31004e-13
4.65536e-13
-9.88471e-13
6.08644e-13
-5.43604e-12
4.89848e-13
-4.03033e-12
-2.96893e-11
-2.86047e-12
6.60264e-12
-2.4618e-12
-5.43829e-14
-1.00263e-13
-1.84944e-13
-7.72611e-14
-2.30121e-14
-1.45392e-14
8.0341e-14
-7.47118e-15
2.83088e-14
-7.51681e-15
6.08687e-15
-2.25227e-14
1.94596e-14
-4.49775e-14
3.33528e-14
-9.08606e-13
1.84467e-13
-1.92599e-12
1.37631e-13
-1.48484e-12
7.32072e-14
1.29661e-14
-2.99396e-13
8.15984e-21
-3.63719e-19
-4.23677e-19
-1.36121e-16
-4.06355e-18
-2.64918e-17
5.41065e-18
-1.7896e-18
9.6001e-15
-2.3976e-16
3.66149e-16
5.60452e-16
1.79487e-16
2.86671e-16
1.76101e-16
1.24174e-16
1.40291e-13
4.78327e-13
-6.27248e-12
1.7405e-11
-8.09412e-12
1.01875e-14
-9.14765e-13
-1.56351e-11
-6.31162e-13
3.44705e-14
-6.58919e-13
6.28575e-13
-5.35725e-12
3.39784e-12
-8.7791e-11
-3.37158e-11
-4.78003e-11
-4.20543e-10
-7.02691e-14
-9.65536e-11
-3.93848e-14
-4.61318e-14
-1.53398e-13
-5.90994e-14
-3.0253e-13
-2.10484e-14
-2.96005e-13
9.51832e-14
-5.90701e-14
9.67137e-14
-1.59669e-13
1.11906e-13
-2.91689e-13
1.36546e-13
-4.28191e-13
2.01757e-13
-2.39045e-13
4.43999e-14
-9.90601e-14
5.07716e-14
-5.1555e-14
9.17305e-15
-9.6635e-15
-3.98281e-14
1.5567e-20
-5.04193e-19
-3.48982e-19
-2.64051e-17
-3.67581e-18
-3.1196e-17
-5.36545e-17
-2.33627e-18
2.36885e-16
-4.8511e-16
4.59634e-17
5.46842e-16
1.43678e-16
1.4729e-16
1.58257e-16
8.34559e-17
2.82343e-13
1.01033e-13
-4.58914e-12
2.2536e-11
-8.70323e-12
4.35303e-12
-7.16605e-13
-2.36163e-11
-5.09816e-13
1.07685e-13
-5.94769e-13
8.43746e-13
1.77723e-12
6.05343e-13
2.16401e-12
-7.78931e-11
-1.83875e-11
-3.63169e-10
-1.12485e-13
-1.72856e-10
-6.01412e-14
-5.92564e-14
-1.11181e-13
-2.2166e-14
-4.04175e-13
-1.44938e-14
-4.10624e-13
1.09086e-13
-4.13048e-13
1.05378e-13
-4.60556e-13
3.57373e-14
-4.32482e-13
1.28057e-13
-2.36791e-13
8.80734e-14
-9.19097e-14
2.37558e-14
-9.24947e-14
2.37267e-14
-1.3257e-13
2.36236e-14
4.40918e-14
-2.72462e-13
2.62747e-20
-6.50261e-19
-2.50755e-19
-2.59141e-17
-1.99417e-18
-3.56777e-17
-1.24469e-17
-2.04617e-18
1.09139e-17
1.34239e-16
1.51548e-17
3.21283e-16
1.56969e-16
3.46231e-17
2.02036e-16
1.1007e-17
9.84362e-14
2.78335e-15
-8.31798e-13
3.36747e-14
-5.85234e-12
1.63707e-12
-1.40828e-11
-1.22163e-11
-1.64775e-12
3.63254e-12
2.98561e-15
1.98485e-12
9.42427e-13
-5.97587e-15
8.02465e-12
-8.28109e-12
1.86091e-11
-2.59844e-10
-8.42758e-13
-1.00163e-10
-5.40185e-14
-8.07908e-13
-2.60339e-14
-1.3729e-14
-1.63177e-13
-8.48693e-16
-2.11605e-13
9.92626e-16
-2.20619e-13
1.75468e-15
-3.46466e-13
7.74315e-15
-3.76396e-13
3.62133e-14
-2.17957e-13
6.40491e-15
-1.14369e-13
5.23195e-14
-3.25871e-13
6.69564e-14
-3.76689e-13
7.19523e-14
5.30369e-14
-3.88165e-13
3.94511e-20
-7.69033e-19
-9.8861e-20
-2.96548e-17
-1.4378e-18
-3.76052e-17
-9.15748e-18
-2.00801e-18
2.62583e-18
6.37657e-17
1.34997e-17
2.1709e-16
1.25551e-16
-4.357e-17
2.40859e-16
-1.57797e-16
1.80005e-15
1.20327e-15
2.89166e-14
6.22855e-15
-8.54257e-14
-1.00373e-15
-5.06411e-12
-3.95323e-13
-4.25467e-12
5.13451e-12
-1.7313e-13
2.7549e-12
-3.23591e-13
-1.12389e-14
-6.11711e-12
-2.64838e-12
-1.20121e-10
-1.62784e-10
-2.39925e-11
-1.37067e-10
-8.11232e-14
-2.46751e-11
-3.79063e-14
-1.83375e-14
-3.23551e-15
-7.77275e-16
-2.30465e-15
6.8131e-16
-2.79128e-15
4.07127e-16
-1.55154e-15
2.03399e-16
-1.57585e-14
3.00968e-16
-3.46242e-13
5.56217e-14
-4.03718e-13
1.06494e-13
-4.16133e-13
7.67236e-14
-4.09181e-13
6.2117e-14
4.35283e-14
-4.01808e-13
5.22977e-20
-8.12645e-19
7.51146e-20
-3.11699e-17
-1.40323e-18
-3.58437e-17
-4.19447e-18
-1.77694e-18
4.14991e-19
2.29997e-17
1.8485e-17
1.50949e-16
6.82187e-17
-4.58161e-17
3.38158e-16
-4.78715e-16
2.72146e-16
1.17469e-15
4.72444e-15
1.6954e-15
2.76452e-15
3.73796e-16
-3.94989e-13
-9.25224e-17
-8.26161e-13
8.0685e-12
-1.67577e-13
1.5168e-12
-3.31941e-13
-2.40655e-15
-2.11026e-12
-1.0062e-12
-1.53437e-10
-1.4418e-10
-1.45306e-10
-1.42879e-10
-1.47325e-12
-7.53672e-11
-8.33864e-14
-1.38591e-12
-6.55935e-15
1.25627e-14
-7.13875e-16
3.81364e-16
-7.22087e-16
3.64535e-16
-8.28196e-16
3.23162e-16
-2.49693e-15
1.21765e-15
-4.12914e-13
2.22853e-14
-4.10297e-13
1.00486e-13
-4.12118e-13
7.56253e-14
-4.04805e-13
5.23481e-14
3.55749e-14
-3.99069e-13
5.99127e-20
-7.35138e-19
2.13575e-19
-2.93756e-17
-1.33041e-18
-3.0363e-17
-1.9051e-18
-1.29113e-18
4.20363e-20
8.85155e-18
1.63585e-17
9.96362e-17
4.10755e-17
-2.21627e-17
3.91961e-16
-5.22806e-16
3.51796e-16
1.16091e-15
6.25864e-16
1.36904e-15
3.00013e-16
6.61429e-16
2.36614e-16
-5.40382e-17
2.41572e-12
8.31e-13
1.91883e-13
1.15246e-12
2.50565e-15
8.03615e-15
-9.94605e-13
-6.38988e-14
-7.61906e-11
-1.3749e-10
-1.64069e-10
-5.27423e-11
-4.0185e-11
-1.70619e-10
-1.26418e-14
-4.15581e-11
-4.27466e-16
2.71875e-16
-5.27295e-16
3.83488e-16
-6.45027e-16
3.9069e-16
-6.19911e-16
3.78627e-16
-3.63867e-16
6.37712e-16
-4.67495e-14
5.76399e-15
-1.19029e-13
6.08826e-15
-1.32874e-13
3.89914e-15
-6.19842e-14
5.5309e-15
1.77976e-15
-2.36855e-14
6.49605e-20
-5.41147e-19
2.78384e-19
-2.3513e-17
-1.06287e-18
-2.22616e-17
-8.56135e-19
-8.31743e-19
-2.0866e-19
3.43832e-18
1.07529e-17
5.39493e-17
1.41123e-17
-6.79751e-18
2.01956e-16
-4.35336e-16
3.89131e-16
9.53981e-16
3.60532e-16
1.37617e-15
3.13913e-16
5.36569e-16
3.21608e-16
-8.87033e-17
1.96912e-13
4.9811e-15
2.48591e-13
6.0998e-16
4.58544e-14
1.71365e-14
-2.02696e-14
-5.498e-16
-1.33588e-10
-5.40291e-12
-1.90234e-10
6.33566e-12
-1.42887e-10
-2.15702e-10
-3.93691e-16
-1.84903e-10
-2.61317e-16
4.72978e-17
-4.74681e-16
5.11783e-16
-4.48189e-16
1.82366e-15
-5.35403e-16
4.19193e-16
-8.18491e-16
7.89203e-16
-1.79233e-15
6.57381e-15
-1.9434e-15
5.5856e-15
-1.00532e-15
3.03831e-15
-5.39734e-16
5.0634e-15
1.64281e-15
-3.99803e-16
4.31224e-20
-2.88088e-19
2.31931e-19
-1.48862e-17
-7.51549e-19
-1.36943e-17
-3.43712e-19
-5.25113e-19
-2.36601e-19
1.18782e-18
5.29477e-18
2.13323e-17
1.05487e-17
-2.70019e-18
1.64158e-16
-3.92843e-16
4.29397e-16
7.35557e-16
4.30249e-16
1.35106e-15
3.18906e-16
6.26108e-16
4.29654e-16
-1.22892e-16
5.11872e-15
2.11847e-16
4.88575e-15
6.29152e-16
4.74271e-15
9.87735e-16
7.13977e-16
2.51822e-16
-5.4045e-12
-5.83874e-16
-3.27458e-11
8.74925e-13
-1.4331e-10
-1.02686e-10
-6.33894e-11
-2.62613e-10
-1.43985e-12
-4.48602e-11
-8.06612e-15
1.26696e-13
-5.19847e-14
4.7391e-14
-7.40949e-13
5.44811e-13
-1.01914e-12
2.39107e-12
-1.29753e-13
2.10212e-12
-3.05175e-14
1.31705e-13
-1.6225e-13
1.88385e-13
-1.77239e-13
3.19106e-13
9.21618e-14
-4.94552e-14
2.31214e-20
-9.80314e-20
1.22754e-19
-7.09708e-18
-5.07689e-19
-6.83712e-18
-1.21318e-19
-2.73485e-19
-1.03309e-19
3.52523e-19
1.79616e-18
5.82294e-18
6.50566e-18
-1.52485e-18
9.90036e-17
-3.24555e-16
4.41709e-16
5.11337e-16
4.8506e-16
1.37434e-15
3.13428e-16
8.77176e-16
2.81301e-16
-1.46882e-16
4.47837e-16
-7.30094e-17
6.44109e-16
3.35715e-16
1.23542e-15
3.61068e-16
8.61944e-15
6.61807e-15
4.7213e-15
8.57146e-16
-4.49019e-11
2.4733e-12
-1.69362e-10
5.51723e-12
-2.21307e-10
-2.16383e-10
-1.47536e-12
-1.70083e-10
-7.93166e-15
3.45488e-13
8.95574e-16
4.76131e-13
2.75624e-14
3.18276e-13
-2.44673e-13
1.88772e-12
-2.49109e-12
2.55788e-12
-2.82468e-12
2.46556e-12
-3.60035e-12
2.77117e-12
-3.8872e-12
2.23936e-12
1.04037e-12
-1.19728e-13
7.82454e-21
-2.78158e-20
3.08924e-20
-2.55301e-18
-2.70277e-19
-2.74688e-18
-3.96807e-20
-1.17099e-19
-2.60105e-20
9.25942e-20
4.07569e-19
1.08129e-18
2.60257e-18
-6.6728e-19
3.00033e-17
-2.46625e-16
1.02723e-15
7.03885e-16
7.10658e-16
1.91865e-15
4.00641e-16
1.26871e-15
2.97471e-16
-1.70185e-16
3.95885e-16
-3.00432e-16
4.66238e-16
1.25742e-16
5.23417e-16
2.82703e-16
1.41025e-14
7.98195e-15
1.08709e-14
2.09611e-15
2.48881e-12
-4.78442e-15
1.39544e-11
3.11297e-13
-1.05205e-10
-2.07315e-13
-9.20214e-11
-8.44716e-11
-4.8889e-14
-4.15871e-11
5.21448e-14
8.32015e-13
1.90002e-13
2.6069e-13
5.98787e-13
1.65819e-13
4.9007e-13
2.06834e-13
1.95025e-13
1.03919e-12
1.0603e-14
1.73107e-12
-2.20536e-13
1.69506e-12
1.0638e-12
-9.65723e-13
2.19485e-21
-4.94776e-21
-1.75435e-21
-8.27422e-19
-1.11585e-19
-8.88543e-19
-1.22163e-20
-4.14494e-20
-4.56061e-21
2.10834e-20
6.24037e-20
1.35436e-19
6.77801e-19
-1.53036e-19
-5.17969e-17
-1.0343e-16
6.76407e-16
-2.97138e-17
7.01836e-16
2.28813e-15
5.94003e-16
1.44279e-15
5.11583e-16
-2.35715e-16
5.37205e-16
-5.18531e-16
4.80713e-16
3.65683e-17
4.88421e-16
2.69868e-16
7.55815e-15
3.26647e-15
1.055e-14
6.48108e-15
4.97416e-15
2.94442e-16
2.69848e-13
4.2033e-14
6.98455e-14
-1.32862e-14
-8.12189e-12
-1.93919e-13
1.4661e-11
-8.67751e-12
8.4888e-13
9.57027e-12
1.03915e-13
8.90906e-13
1.41903e-13
1.72131e-13
2.08309e-13
2.06724e-13
5.24616e-13
7.63387e-13
1.57456e-11
1.61456e-11
3.68849e-11
2.79054e-11
2.8486e-11
1.25092e-11
3.85613e-22
-6.03595e-22
-3.57727e-21
-1.27148e-19
-3.58695e-20
-2.42338e-19
-3.36567e-21
-1.35016e-20
-5.7682e-22
3.63093e-21
6.30148e-21
1.05409e-20
9.87059e-20
-1.40146e-20
-8.66861e-17
-1.64408e-17
9.28377e-17
-5.18652e-17
6.7696e-16
1.93042e-15
7.97901e-16
1.15457e-15
7.36433e-16
-3.44215e-16
1.27965e-15
-1.13116e-15
3.75669e-16
5.8404e-18
3.7841e-16
2.6357e-16
1.21417e-15
6.01606e-16
1.84617e-15
5.95942e-16
1.55414e-15
3.63554e-16
4.01323e-14
3.3847e-15
2.37748e-13
6.7998e-14
4.19405e-13
-1.25183e-13
1.93789e-11
-1.54122e-12
1.07286e-11
2.22754e-12
3.30858e-13
4.45058e-12
4.63515e-13
1.86864e-13
7.24072e-12
1.7131e-12
2.75816e-11
3.06703e-11
2.58468e-11
4.1482e-11
2.73774e-11
2.62334e-11
1.76573e-11
3.80851e-11
4.64924e-23
-4.84294e-23
-1.5413e-21
-1.05426e-20
-1.00762e-20
-5.11745e-20
-7.75313e-22
-3.29683e-21
-4.84078e-23
2.94585e-22
4.09726e-22
4.32826e-22
6.39439e-21
-8.79292e-22
-2.7056e-17
-1.15804e-18
-1.26883e-16
-8.80597e-18
4.7222e-16
9.65568e-16
7.29904e-16
3.18285e-16
5.98704e-15
-6.12644e-15
5.59509e-14
-5.16074e-14
1.68118e-15
5.00744e-14
3.64337e-16
1.5708e-15
4.21307e-16
7.13453e-16
4.73382e-16
4.21747e-16
3.68779e-16
2.98508e-16
3.38112e-15
3.05669e-16
1.91748e-12
1.60307e-13
1.99597e-11
2.03998e-12
9.95591e-12
7.30915e-13
3.61702e-12
-3.46896e-13
-5.26003e-14
1.24035e-12
1.8473e-13
1.5277e-13
1.76406e-12
1.08632e-13
6.15936e-11
3.02557e-11
7.62718e-11
2.66737e-11
9.68746e-11
5.52809e-12
1.31174e-11
1.01337e-10
3.67956e-24
-2.49136e-24
-3.75211e-22
-4.6059e-22
-2.03818e-21
-7.56258e-21
-1.32624e-22
-5.31987e-22
-3.66481e-24
-7.02175e-24
2.2725e-23
5.50259e-24
2.89065e-22
-2.0924e-22
-3.68792e-18
-5.81176e-20
-7.14934e-17
-4.1781e-19
1.7742e-16
1.60295e-16
4.74167e-16
4.09077e-18
1.06555e-12
-1.80952e-13
3.95865e-12
-3.72066e-12
5.18181e-13
8.277e-13
2.41105e-14
4.95575e-13
7.99827e-16
2.39771e-14
3.0293e-16
8.87334e-16
2.63808e-16
3.09412e-16
3.01996e-16
2.42033e-16
3.34702e-12
2.21485e-12
6.09491e-12
3.77806e-12
3.86549e-13
-1.95507e-13
3.77596e-14
-2.21262e-16
2.47226e-13
2.85368e-14
3.21607e-13
1.13056e-13
3.44353e-13
5.67826e-14
4.11049e-11
5.6568e-14
9.88438e-11
4.3295e-13
3.66499e-11
1.47069e-12
8.57975e-13
7.64019e-12
1.85306e-25
-8.07811e-26
-5.30906e-23
-9.96883e-24
-2.64601e-22
-6.58952e-22
-1.51396e-23
-4.84228e-23
-6.87466e-25
-1.51315e-24
2.9131e-24
-7.58463e-25
4.96194e-23
-1.26512e-22
-2.02846e-19
-2.74839e-20
-6.01241e-18
-1.33432e-19
1.83956e-17
-1.83899e-18
1.38982e-17
-1.0068e-17
3.62696e-12
-3.02067e-12
3.66714e-12
-3.56892e-12
8.84797e-14
3.63498e-12
2.04147e-13
1.80572e-12
2.97271e-13
1.79657e-12
3.08876e-13
2.28641e-12
6.0367e-13
7.18244e-13
8.60152e-13
5.1863e-13
9.06985e-13
-2.595e-14
1.99211e-13
-2.83806e-15
3.29159e-15
-9.08459e-16
2.91831e-15
1.12461e-16
3.09131e-14
3.56534e-16
1.29325e-13
1.12338e-14
8.97887e-14
6.39793e-14
1.16032e-13
2.4456e-14
2.89707e-13
8.02197e-15
2.93901e-13
1.81788e-15
1.6098e-16
2.1723e-13
5.78904e-27
-1.63529e-27
-3.73195e-24
-8.40948e-26
-1.89514e-23
-2.91937e-23
-9.97284e-25
-2.1448e-24
-2.08407e-25
-8.83709e-26
5.61711e-25
-2.36125e-25
1.83669e-23
-6.08305e-23
-7.83251e-20
-5.5673e-20
-3.20111e-18
-6.31377e-19
6.50871e-18
-3.31574e-17
2.26735e-15
-2.29107e-15
-1.16942e-12
-2.82604e-12
-5.60224e-12
1.07155e-12
-4.89565e-12
4.56813e-12
-1.77118e-12
1.15431e-12
-4.11897e-13
1.88415e-12
-5.2678e-14
8.32815e-13
8.96824e-16
3.19436e-13
3.7208e-14
1.29621e-14
5.05854e-15
1.12707e-15
1.64379e-15
2.00277e-16
2.97367e-16
3.35793e-16
1.89635e-16
1.8594e-16
3.02817e-16
1.78854e-16
2.46995e-15
1.80632e-15
3.11451e-15
5.49671e-14
4.45089e-15
1.6204e-14
7.96928e-15
2.10512e-15
7.89033e-15
1.38301e-15
2.30279e-15
5.52438e-15
1.09656e-28
-2.05171e-29
-1.06166e-25
-2.95265e-28
-6.46578e-25
-5.66106e-25
-3.18571e-26
-3.91103e-26
-3.30208e-26
-1.91242e-27
4.92119e-26
-3.34586e-26
1.98428e-24
-1.09113e-23
-4.35812e-19
-1.04418e-20
-1.18565e-17
-1.58663e-19
2.98775e-16
-2.76868e-17
-1.49184e-15
-5.17357e-16
-4.86385e-12
-4.33001e-13
-7.02636e-12
3.45896e-12
-1.87665e-12
3.3649e-13
-6.87293e-13
7.5549e-15
-1.37261e-13
3.11935e-15
-2.11716e-14
3.09319e-16
-3.28381e-17
5.99868e-16
1.73844e-16
8.44186e-17
1.85516e-16
4.09281e-16
1.44096e-16
2.14858e-16
1.54484e-16
1.75414e-16
1.48358e-16
1.37285e-16
1.39199e-16
1.0971e-16
1.66433e-15
2.10129e-16
1.67593e-13
2.50145e-13
4.16568e-14
2.10458e-13
4.03686e-15
1.43155e-14
3.00392e-15
2.12408e-15
2.24047e-15
2.87102e-15
1.22127e-30
-1.60465e-31
-8.4144e-28
-5.25383e-31
-8.83211e-27
-3.88149e-27
-4.3834e-28
-2.28892e-28
-3.37212e-27
-1.77259e-29
1.97752e-27
-2.04548e-27
-2.24885e-22
-6.41544e-25
-1.60235e-19
-5.78556e-22
-1.09557e-17
-5.47225e-21
-4.05946e-16
-8.75498e-19
-1.00086e-15
-8.99999e-21
-1.7609e-12
-7.75275e-15
-3.79154e-13
7.98078e-15
-1.12261e-14
6.1221e-16
-3.70483e-15
1.47119e-18
-8.86676e-16
9.06804e-17
-1.89851e-16
-3.25456e-16
-1.06431e-17
3.37038e-16
8.11993e-18
7.11654e-17
2.0162e-16
6.27211e-16
6.94196e-17
3.18747e-16
8.56846e-17
1.38288e-16
9.78969e-17
1.06958e-16
9.49027e-17
9.4394e-17
1.99211e-13
1.58914e-13
1.88658e-13
2.73436e-13
1.3816e-13
2.72738e-13
4.34531e-15
1.08779e-13
2.5875e-15
3.5498e-15
2.63698e-15
1.91115e-15
7.67372e-33
-8.07072e-34
2.02812e-34
-4.18226e-34
-3.6841e-29
-7.35436e-30
-2.64484e-30
-3.07065e-31
-1.55244e-28
-8.81275e-32
-5.07562e-27
-4.05501e-29
-2.90485e-23
-1.42902e-26
-1.07146e-20
-1.65108e-23
-5.99433e-19
-1.0949e-24
-1.67103e-17
-2.75773e-20
-1.74968e-16
9.36712e-18
-8.14035e-15
1.10851e-16
-4.33464e-16
1.06006e-16
-2.23272e-17
2.49356e-16
-3.9355e-17
2.44008e-17
-4.56444e-17
5.17768e-17
-3.09623e-17
7.73628e-17
-9.79823e-18
7.12698e-17
-2.36425e-18
3.70827e-17
4.43658e-17
5.5695e-16
1.45158e-15
3.81182e-15
1.24767e-15
5.34197e-15
2.33391e-16
4.88331e-16
2.06906e-16
1.0103e-16
6.53622e-14
2.53509e-13
1.20464e-14
3.40549e-13
-4.19473e-14
3.39177e-13
2.68657e-14
2.47306e-13
-2.17342e-14
5.12365e-14
6.17628e-12
-7.66437e-12
2.48774e-35
-2.90967e-36
1.18735e-36
-4.09925e-37
-3.11912e-32
-4.04754e-33
-7.56299e-33
-6.56359e-35
-1.99959e-30
-4.62646e-35
-8.96211e-28
-9.34398e-32
-1.06153e-24
-7.11311e-29
-4.54269e-22
-1.67571e-25
-3.59167e-20
2.35231e-22
-1.51768e-18
1.60843e-21
-1.56535e-17
1.80357e-18
-4.36145e-17
1.77605e-17
-5.5892e-17
7.15239e-17
-9.82485e-18
9.26934e-17
-1.14161e-17
1.79788e-17
-2.55545e-17
2.03634e-17
-9.81987e-17
4.71539e-17
-7.03063e-16
1.81526e-16
-2.30219e-15
1.32124e-15
-3.51452e-15
9.70078e-15
-8.05594e-16
9.46696e-15
3.37998e-18
3.90461e-15
4.39124e-17
2.36721e-16
3.76661e-17
8.81796e-17
1.18209e-13
2.69765e-14
1.02295e-13
1.76711e-13
1.02777e-13
3.5252e-13
1.31239e-13
3.37538e-13
1.02e-13
1.15491e-13
5.56605e-13
6.44745e-14
2.65859e-38
8.2916e-40
-2.48058e-36
-1.29299e-36
-1.68769e-33
-3.82602e-30
-7.87619e-27
-6.76636e-24
-8.79079e-22
-7.31714e-20
-1.13968e-18
-6.40687e-18
-4.87044e-18
-9.52616e-19
-1.22823e-18
-3.62418e-18
-6.19223e-18
-4.84214e-17
7.35254e-18
5.705e-16
1.17965e-15
8.19006e-16
3.25277e-16
1.63325e-15
1.5222e-14
1.14628e-13
3.80194e-13
2.49564e-13
3.18161e-13
8.09245e-13
-2.56589e-11
-4.49219e-13
-1.17815e-10
1.60079e-12
-1.60834e-10
6.78381e-12
-1.0873e-10
6.11107e-12
-1.92967e-10
9.84818e-13
-2.18169e-10
7.82103e-12
-7.34416e-11
2.64386e-12
-1.05811e-10
8.37176e-13
-6.59002e-11
1.573e-12
-9.26153e-12
2.52745e-14
2.829e-12
-9.11903e-13
3.79158e-14
-1.01567e-13
3.63752e-14
-1.82844e-13
6.10505e-14
-3.71063e-13
2.14298e-10
5.5199e-12
1.63263e-09
-5.63405e-12
6.83025e-08
-1.03656e-13
3.35029e-08
-5.50089e-14
2.53377e-08
-6.80121e-14
1.39481e-07
1.00425e-08
8.72715e-09
-9.32584e-09
1.10425e-10
-7.15884e-11
5.43143e-09
2.26344e-11
9.11819e-09
6.84417e-11
1.87399e-09
-8.09116e-11
-1.12626e-12
-1.40732e-11
-5.2324e-12
-2.00002e-11
-5.18551e-13
-1.32792e-11
8.42515e-13
-9.41752e-12
-1.39083e-11
-4.43712e-12
2.21208e-13
-7.04824e-12
3.22288e-13
-5.83719e-12
5.26959e-13
-3.04977e-12
1.85697e-13
-6.54199e-12
2.0176e-13
-4.01927e-12
-2.61158e-13
-2.34416e-13
-1.44001e-12
-2.52482e-14
-7.99461e-15
8.92697e-13
-1.24527e-15
8.80081e-13
-3.95893e-15
2.15244e-14
-2.42724e-14
8.43717e-14
-4.88582e-14
1.24967e-13
-1.32776e-13
1.72212e-13
-2.88195e-13
5.68922e-12
7.27544e-14
8.93467e-14
-3.78763e-14
4.95254e-14
-6.60238e-14
5.98093e-14
-6.77363e-14
7.31406e-14
-8.40357e-14
9.37524e-09
2.42559e-11
7.35497e-11
-2.42467e-11
2.21252e-12
-2.64033e-13
2.50394e-11
2.62513e-14
9.28015e-11
3.0351e-13
1.28386e-11
-3.10186e-13
-1.89241e-12
-1.59537e-14
-3.62726e-12
-3.0779e-12
-5.56479e-13
7.06069e-13
7.25004e-13
-1.27056e-11
-1.7808e-11
-3.30661e-13
2.96992e-14
-4.21177e-13
3.99865e-14
-2.50558e-13
1.24433e-13
-2.16567e-13
4.91512e-14
-3.24977e-13
2.57239e-14
-1.17116e-13
-1.12462e-13
-2.43969e-14
-1.14228e-14
1.08521e-14
-3.3853e-16
9.42231e-15
-8.90891e-17
5.7048e-15
-2.99408e-16
1.38946e-14
-2.34828e-15
1.99568e-14
-2.76951e-15
1.12956e-13
-3.59826e-15
2.40157e-13
-2.35288e-15
1.46463e-13
9.68844e-14
7.27158e-14
-3.73761e-14
4.8717e-14
-4.64562e-14
8.01228e-14
-1.01816e-13
8.74723e-14
-1.16835e-13
2.43837e-11
-5.48034e-14
2.65949e-13
-1.07878e-13
1.99218e-15
-4.32827e-16
2.90966e-14
1.71792e-16
3.45457e-13
-1.67194e-15
4.97383e-14
-9.14494e-15
-8.33141e-13
2.20796e-14
-1.4034e-13
8.03346e-14
-1.00256e-13
8.78125e-14
9.27764e-13
-2.19095e-11
-1.59538e-11
-2.21801e-14
1.9547e-14
-4.70124e-14
6.16728e-14
-5.1432e-14
1.4184e-13
-1.30412e-13
1.40949e-13
-2.22573e-13
-3.0118e-14
-3.91858e-14
1.4172e-14
-1.92644e-16
-2.16896e-16
2.2107e-16
-7.60891e-16
8.31371e-16
-7.0859e-16
1.5618e-15
-1.04216e-15
2.29127e-15
-3.12358e-15
2.84296e-15
-3.41415e-15
2.73382e-15
-3.58239e-15
1.84342e-15
-1.52241e-15
1.84012e-13
6.57475e-14
1.88094e-13
-2.8944e-15
1.16223e-13
-2.58681e-13
2.38119e-13
-3.19482e-13
2.94178e-13
-2.10529e-13
8.17879e-14
-3.81253e-14
6.99523e-16
-2.71018e-14
1.19619e-16
-2.18551e-16
1.64873e-16
8.25053e-17
1.44054e-15
-4.80786e-16
-2.76604e-15
-4.29711e-15
-6.96195e-14
-7.88547e-15
-2.84389e-14
3.50882e-14
9.69296e-15
-2.15963e-14
6.40071e-13
-1.67373e-11
-1.05775e-11
-8.91319e-14
9.90691e-14
-3.18471e-13
4.02882e-13
-3.43623e-13
4.13223e-13
-4.44829e-13
5.53368e-13
-1.72665e-13
1.18238e-13
-8.3545e-16
2.13882e-15
-2.79068e-16
-6.55984e-16
2.11789e-16
-1.01603e-15
9.85766e-16
-1.4824e-15
1.78583e-15
-1.87534e-15
3.56194e-15
-5.00676e-15
4.39364e-15
-5.48654e-15
3.94824e-15
-4.64782e-15
2.72307e-15
-5.47736e-16
1.09487e-13
9.30642e-15
2.37237e-14
-6.64263e-17
1.91576e-13
-2.94892e-13
2.5017e-13
-2.32093e-13
2.99007e-13
-9.72456e-14
9.52308e-14
-1.0465e-15
1.52365e-16
-1.81076e-16
1.87682e-17
-9.48897e-17
-1.78372e-17
8.48293e-17
-1.09634e-15
5.73698e-16
-6.90798e-15
1.95537e-15
-2.66983e-14
3.71319e-15
-7.1907e-15
1.0043e-14
8.31346e-14
-2.58852e-13
3.15496e-13
-7.15373e-14
-3.06049e-17
-1.22027e-12
7.45432e-13
-1.5692e-12
9.03702e-13
-1.68053e-12
6.94227e-13
-6.58118e-13
2.99015e-13
-3.3149e-15
-2.24381e-16
-8.77904e-16
-3.42613e-16
-4.67895e-16
-1.07692e-15
1.00275e-16
-1.89455e-15
9.25332e-16
-2.2464e-15
2.49968e-15
-3.52738e-15
3.04496e-14
-3.3998e-14
3.53181e-14
-1.48835e-14
3.70192e-15
2.07377e-14
1.90672e-15
5.29122e-16
3.87143e-15
6.35311e-15
4.04615e-15
1.02371e-15
1.36846e-13
-2.85753e-13
9.84134e-14
-6.41364e-14
1.19326e-15
-2.18774e-16
9.34428e-17
-2.42025e-17
8.74662e-18
-8.95351e-17
-9.69494e-17
-3.13238e-18
-3.53299e-16
1.20806e-16
-1.36605e-15
1.03768e-15
-4.31521e-15
7.77059e-16
-8.37468e-15
3.97832e-15
-1.72043e-13
4.71933e-14
5.97885e-14
-4.16726e-13
3.18659e-17
-1.17451e-14
-3.28569e-21
-1.94557e-12
8.41805e-13
-1.53213e-12
6.45225e-13
-3.13337e-13
1.34285e-13
-1.6592e-14
2.30127e-15
-1.45285e-15
-8.28144e-17
-1.11853e-15
-6.82572e-16
-7.12586e-16
-1.50342e-15
-1.55855e-16
-2.32419e-15
2.53282e-15
-4.58386e-15
5.22139e-14
-5.4008e-14
8.08927e-13
-3.46335e-12
8.68575e-13
-3.76562e-12
1.03416e-14
-3.35812e-13
2.96182e-15
4.29704e-15
3.853e-15
4.62627e-15
1.65148e-14
1.50993e-14
6.16821e-14
-1.77893e-13
3.63299e-16
-3.01947e-15
5.47886e-17
-1.58804e-16
4.14327e-17
3.64578e-18
-6.15541e-17
1.92986e-17
-1.62563e-16
8.31407e-17
-3.08187e-16
1.00221e-16
-2.21096e-16
4.67037e-16
-1.91799e-16
4.99584e-16
1.23274e-15
6.1848e-16
-1.29626e-13
1.71726e-14
4.54183e-14
-5.08814e-13
-3.29556e-23
-2.06333e-14
-1.16563e-20
-9.51527e-13
2.46863e-13
-2.05824e-13
1.23284e-14
-4.12236e-15
7.5777e-15
-2.04276e-15
1.99111e-16
-1.78894e-15
-3.74915e-16
-1.47627e-15
-1.03841e-15
-1.04546e-15
-1.96578e-15
6.24565e-16
-4.01152e-15
1.38028e-14
-1.33624e-13
2.29793e-13
-1.34076e-12
1.4546e-12
-4.69968e-12
1.64022e-12
-3.96332e-12
5.39273e-15
-4.55468e-13
2.59005e-15
6.20974e-15
1.29623e-15
5.05425e-15
-6.77277e-15
1.28488e-14
-7.63083e-16
-4.51006e-14
4.29215e-16
-2.15003e-14
2.6004e-17
-1.84781e-16
-2.08019e-17
5.39935e-17
-1.17425e-16
1.17688e-16
-1.80171e-16
1.40949e-16
-1.9627e-16
5.63566e-17
-1.39947e-16
1.77548e-16
-1.69926e-16
2.88825e-16
-8.2537e-16
8.69053e-16
-2.7407e-14
3.08093e-16
1.50785e-14
-1.3165e-17
-2.94986e-20
-2.82659e-14
-4.99855e-20
-1.65079e-14
2.26831e-14
-5.67292e-15
1.76324e-15
-2.74467e-15
4.60193e-15
-3.01468e-15
3.61436e-16
-2.38985e-15
-1.01921e-15
-1.9664e-15
-1.52197e-15
-1.87652e-15
-2.09516e-15
4.23583e-15
-1.02012e-14
-1.51388e-13
-4.48868e-13
1.85777e-13
-3.50285e-12
5.62885e-13
-5.08647e-12
6.17728e-13
-4.03112e-12
-2.39764e-15
-2.76041e-13
-1.82848e-17
2.98561e-15
-1.34008e-15
5.44111e-15
-2.22048e-15
7.14891e-15
-2.39598e-14
-3.07063e-14
2.13529e-15
-2.59538e-13
-8.47146e-18
-9.83138e-17
-6.97761e-17
1.10734e-16
-1.54283e-16
2.0046e-16
-1.74236e-16
1.63475e-16
-1.25523e-16
1.26585e-18
-7.56982e-17
5.98423e-17
-1.04168e-16
1.88361e-16
-8.18231e-17
4.74919e-16
9.72411e-19
2.6534e-16
4.67291e-19
-1.45132e-17
-1.40544e-20
-1.54434e-14
-1.44559e-19
-3.99366e-14
1.04155e-14
-7.16395e-14
1.57268e-14
-1.45795e-13
2.61907e-14
-1.54323e-13
-1.25302e-14
-3.84396e-14
-4.54897e-14
-4.28719e-15
-1.52215e-14
-2.32444e-15
-4.1406e-15
-2.03078e-15
-1.0108e-14
-7.83302e-13
-8.66095e-14
-7.83868e-13
-3.51111e-12
-6.37692e-13
-5.24311e-12
-5.45288e-13
-4.13464e-12
-1.1311e-15
-2.1878e-13
-1.55162e-15
2.49505e-15
-3.0157e-15
5.89125e-15
-1.06865e-13
1.01714e-13
-6.80106e-14
-2.84724e-13
-8.12973e-18
-1.89943e-13
-4.37316e-17
-6.61296e-17
-1.07449e-16
1.71931e-16
-1.62038e-16
2.54387e-16
-1.28019e-16
1.42397e-16
-6.57867e-17
-2.28607e-17
-3.41671e-17
3.36689e-18
-5.85584e-17
1.34109e-16
-8.88847e-18
2.61447e-16
3.74084e-18
2.75727e-17
4.1371e-19
-2.05341e-17
-6.66229e-21
-1.3835e-17
-2.84616e-19
-3.12529e-13
4.8652e-14
-3.35011e-13
3.56912e-14
-3.24389e-13
1.141e-14
-3.13339e-13
-2.81543e-14
-2.82075e-13
-8.2063e-14
-6.67959e-14
-1.16715e-13
-9.3121e-15
-3.1708e-14
-1.39617e-14
-1.06834e-14
-4.89621e-14
-5.71448e-14
-1.44593e-12
-2.74836e-12
-1.42448e-12
-5.2744e-12
-1.72622e-12
-3.84909e-12
-1.39047e-14
-1.12186e-13
-1.5597e-14
3.21054e-15
-2.17454e-13
1.69284e-13
-3.3537e-13
1.95203e-13
-5.55229e-14
-1.9054e-13
-3.4961e-17
-1.15394e-15
-7.5839e-17
-2.28858e-17
-1.28577e-16
2.27231e-16
-1.39112e-16
2.70696e-16
-6.12059e-17
8.79665e-17
-1.53607e-17
-3.98194e-17
-1.36663e-17
-3.44992e-18
-3.02181e-17
8.93969e-17
-9.51783e-19
1.53213e-16
9.08696e-19
3.15423e-18
4.18137e-19
-3.09783e-17
-1.1247e-20
-1.46463e-17
-4.40944e-19
-3.79651e-13
3.84157e-14
-3.68198e-13
2.19943e-14
-3.56666e-13
-2.99259e-15
-3.47332e-13
-4.14891e-14
-3.37561e-13
-9.67242e-14
-2.95955e-13
-1.64556e-13
-5.23406e-14
-1.19405e-13
-1.53573e-14
-5.30735e-14
5.18746e-14
-1.2698e-13
-3.57377e-12
-2.46011e-12
-3.82946e-12
-5.03261e-12
-3.44238e-12
-3.32985e-12
-1.98272e-13
-2.84117e-14
-2.03574e-13
7.02024e-15
-4.81077e-13
2.81051e-13
-1.83342e-13
1.14679e-13
-2.19651e-16
-2.85093e-15
-8.62413e-17
-1.20458e-15
-1.04254e-16
8.69832e-17
-1.3779e-16
2.70718e-16
-1.16918e-16
2.61274e-16
-3.91615e-17
3.49952e-17
-5.599e-18
-5.44244e-17
-7.01618e-18
-4.29297e-18
-1.36737e-17
4.93579e-17
-1.57579e-19
8.97107e-17
6.6755e-19
1.4734e-18
3.98262e-19
-3.97059e-17
-2.13572e-20
-2.75879e-17
-5.88267e-19
-3.94967e-13
2.93832e-14
-3.85272e-13
1.0514e-14
-3.65913e-13
-1.8012e-14
-3.63394e-13
-4.94702e-14
-3.67097e-13
-9.92042e-14
-3.74293e-13
-1.65738e-13
-2.91714e-13
-2.0862e-13
1.48152e-14
-1.15384e-13
-1.97666e-13
-8.69711e-14
-5.00483e-12
-3.14956e-12
-5.59694e-12
-4.46639e-12
-5.05072e-12
-2.63102e-12
-4.74433e-13
1.33443e-13
-5.59454e-13
1.70436e-14
-3.94574e-13
3.21117e-13
-1.44293e-15
-1.73627e-14
-7.72755e-16
-3.08507e-15
-1.93441e-16
-1.30492e-15
-1.28524e-16
2.51783e-16
-1.41951e-16
3.02682e-16
-1.01384e-16
2.37019e-16
-2.60407e-17
-1.55162e-17
-3.68685e-18
-5.13518e-17
-4.23818e-18
-3.34901e-18
-5.04856e-18
2.19902e-17
1.71531e-18
4.47957e-17
2.33515e-18
5.79592e-18
1.89288e-19
-4.04015e-17
-3.33138e-20
-3.15798e-17
-7.18254e-19
-3.89757e-13
1.81894e-14
-3.2755e-13
2.2775e-15
-3.53244e-13
-6.36681e-15
-3.73632e-13
-3.58204e-14
-3.88995e-13
-9.21398e-14
-4.1191e-13
-1.52125e-13
-3.7611e-13
-2.54307e-13
7.09638e-14
-9.93463e-14
-6.21776e-14
-2.42834e-14
-5.22204e-12
-1.19016e-12
-6.16609e-12
-3.54557e-12
-6.48335e-12
-2.37454e-12
-1.00014e-13
1.02911e-12
-8.12856e-14
2.51221e-15
-3.36947e-15
4.56068e-15
-1.20474e-15
-7.39782e-16
-9.94221e-16
-3.43648e-15
-4.24419e-16
-1.156e-15
-1.48304e-16
3.1744e-16
-1.474e-16
3.27306e-16
-9.80961e-17
2.00796e-16
-1.25771e-17
-1.14583e-16
-2.68408e-18
-3.59011e-17
-2.23399e-18
-2.00592e-18
-1.63502e-18
8.61188e-18
1.97752e-18
1.74081e-17
5.26769e-18
8.16204e-18
-7.58309e-20
-3.48111e-17
-4.57031e-20
-3.17904e-17
-7.86202e-19
-4.10931e-15
7.95313e-17
1.49369e-15
1.96941e-17
-5.23981e-14
-6.03655e-17
-2.56289e-13
-7.25094e-16
-3.43563e-13
-1.34843e-14
-4.67005e-13
-3.7931e-14
-3.71215e-13
-1.20073e-13
-5.90049e-14
-5.77518e-14
-7.17039e-14
-9.65938e-15
-2.18308e-12
-1.00914e-13
-7.5565e-12
-1.33546e-12
-9.46176e-12
-4.00307e-13
-8.37766e-15
6.9103e-13
-5.26621e-15
1.11165e-15
-2.07541e-15
8.24315e-16
-2.05537e-15
-1.35826e-15
-7.97206e-16
-3.23844e-15
-2.80917e-16
-3.15895e-16
-1.70818e-16
3.84894e-16
-1.76676e-16
3.6919e-16
-1.17798e-16
1.65234e-16
-4.7476e-18
-1.98404e-16
-1.60821e-18
-1.8876e-17
-1.07316e-18
-9.01265e-19
-5.48685e-19
3.29858e-18
6.76494e-19
5.54304e-18
1.66391e-18
2.63397e-18
-2.31382e-19
-2.9904e-17
-6.13832e-20
-2.82867e-17
-7.42719e-19
-3.35922e-16
2.03218e-17
-3.0339e-16
-4.75162e-18
-2.95687e-16
-5.88455e-17
-8.93339e-16
-1.07974e-16
-1.43397e-14
-3.74373e-17
-4.3583e-14
-5.4575e-17
-5.50433e-14
-3.92772e-16
-2.33139e-14
-7.26162e-15
-2.21669e-14
-7.82948e-15
-1.09788e-13
-1.10232e-14
-2.62756e-12
-1.1194e-15
-3.41676e-12
-6.32188e-15
-1.37082e-12
-1.04971e-14
-3.86107e-15
8.25852e-14
-3.90394e-15
1.24355e-16
-1.90826e-15
-3.02885e-15
-7.67876e-16
-1.76416e-15
-3.06607e-16
-2.10926e-16
-1.933e-16
4.33849e-16
-2.05117e-16
4.33878e-16
-9.31628e-17
9.35605e-17
-8.72153e-19
-2.89935e-16
-6.55331e-19
-6.11577e-18
-4.63056e-19
-2.58716e-19
-2.1855e-19
1.162e-18
2.51721e-19
1.73727e-18
7.64943e-19
1.24719e-18
-3.11058e-19
-2.23996e-17
-5.3998e-20
-2.06955e-17
-5.68589e-19
-2.54826e-15
3.91288e-16
-9.98063e-16
-1.55856e-15
-9.02585e-16
-1.70355e-16
-1.94771e-16
-1.12204e-15
-2.0323e-16
-2.92723e-17
-2.30636e-16
-3.86003e-17
-5.82102e-16
-5.64512e-17
-7.79981e-15
-9.19468e-17
-1.02473e-14
-2.21969e-15
-6.26154e-15
-4.02086e-15
-1.05495e-14
-8.49741e-16
-1.69303e-14
-7.76896e-17
-2.84556e-14
2.53867e-15
-7.79538e-15
-2.05788e-15
-6.32645e-15
-7.22832e-16
-1.22623e-15
-3.08057e-15
-4.20889e-16
-6.5244e-16
-3.14489e-16
-2.86158e-16
-1.90231e-16
4.60329e-16
-1.8084e-16
4.735e-16
-9.62941e-17
9.84863e-18
-9.00124e-19
-5.57635e-16
-1.68598e-19
-1.48254e-18
-1.59958e-19
-4.68053e-20
-1.13524e-19
3.2062e-19
1.06057e-19
6.40587e-19
5.33427e-19
8.59816e-19
-2.72263e-19
-1.37623e-17
-4.24837e-20
-1.19996e-17
-3.11385e-19
-7.72654e-14
1.07755e-14
-2.46131e-13
3.18011e-15
-2.39012e-13
-1.26044e-14
-4.21264e-16
-5.00954e-15
-1.67784e-16
-2.83014e-16
-2.19553e-16
-2.15806e-17
-3.51613e-16
-2.37602e-17
-4.89898e-16
-2.33182e-17
-9.3632e-15
-6.77557e-17
-2.01544e-14
3.24752e-16
-2.25475e-14
3.3891e-15
-4.23951e-15
2.88861e-15
-2.3064e-15
2.20002e-15
-2.82866e-15
5.06549e-16
-1.13592e-15
-3.06105e-16
-3.62484e-16
-3.6054e-16
-7.73143e-16
-5.46996e-16
-5.20301e-16
-2.51592e-16
-1.51721e-16
7.96255e-16
-1.66932e-16
4.51229e-16
-1.30792e-16
-7.08513e-16
-4.52721e-19
-8.51478e-16
-2.66882e-20
-8.80672e-19
-4.42239e-20
-8.18758e-21
-6.52634e-20
6.70256e-20
4.71178e-20
2.39763e-19
3.36197e-19
5.0183e-19
-1.60909e-19
-6.61752e-18
-2.35024e-20
-5.0927e-18
-1.04653e-19
-2.47855e-12
3.49808e-12
-3.54148e-12
7.72742e-13
-2.21554e-12
3.90893e-14
-7.294e-14
4.82079e-14
-1.11467e-16
-7.31256e-14
-1.275e-16
-1.10359e-17
-1.67381e-16
-6.72738e-18
-2.77157e-16
3.73171e-18
-4.29608e-16
3.11612e-17
-1.6661e-14
1.35696e-16
-1.6925e-14
4.97065e-15
-1.93664e-14
6.7542e-15
-5.1465e-16
5.91949e-15
-4.99284e-16
1.1235e-16
-1.55699e-16
-2.04743e-15
-2.7551e-16
-2.32778e-16
-9.57104e-16
-2.06363e-16
-1.09115e-15
-9.42311e-17
-1.22461e-16
1.7101e-15
-1.17651e-15
1.43541e-15
-8.15427e-17
-2.15282e-15
-2.75927e-19
-1.01599e-15
-3.80369e-21
-4.20983e-19
-1.18189e-20
-2.02403e-21
-3.36069e-20
1.23666e-20
1.83827e-20
6.8628e-20
1.67482e-19
2.11824e-19
-6.20648e-20
-2.50336e-18
-7.90384e-21
-1.60738e-18
-2.90694e-20
4.8898e-12
1.30785e-11
4.9133e-13
3.7017e-12
1.55386e-12
9.25663e-13
1.31645e-13
2.03954e-12
-4.72376e-19
1.3067e-13
-2.88661e-17
1.50657e-17
-7.12557e-17
3.1461e-17
-9.87995e-17
3.94323e-17
-1.55011e-16
4.84353e-17
-1.55462e-16
8.24425e-17
-3.945e-15
-1.54918e-16
-9.43074e-15
1.37266e-15
-6.26545e-15
6.19024e-15
-4.65731e-15
1.13046e-15
-6.33396e-16
-1.3512e-15
-9.76977e-17
-4.93769e-16
-5.26466e-16
-7.66623e-17
-1.76249e-15
-1.83034e-17
-8.06136e-16
2.63396e-15
6.15545e-19
4.80346e-15
4.74931e-16
-1.01085e-15
-9.67166e-20
-5.14147e-16
-7.32859e-22
-4.7046e-20
-3.36233e-21
-4.62051e-22
-1.38225e-20
2.00957e-21
5.60402e-21
8.92693e-21
6.48244e-20
6.01019e-20
-1.71171e-20
-8.35944e-19
-2.19105e-21
-5.08855e-19
-5.09317e-21
4.1793e-11
9.30346e-12
4.03046e-11
5.09873e-12
4.10619e-11
-1.19975e-13
1.12888e-11
4.26672e-12
-2.78768e-16
6.19674e-13
-6.82581e-15
6.55944e-15
1.19603e-16
3.8215e-16
-2.0436e-17
2.14355e-16
-5.58528e-17
9.6396e-17
-5.12024e-17
9.57054e-17
-1.3503e-16
6.91305e-17
-5.0104e-16
1.7293e-16
-5.08151e-16
-1.24173e-16
-1.65731e-16
1.89991e-16
-9.67611e-17
-6.08406e-17
-3.86115e-17
-4.2328e-17
-1.52138e-16
-7.48004e-18
-4.35869e-16
-1.83168e-18
-9.104e-16
7.12199e-16
9.89607e-16
5.79402e-15
5.2987e-16
-2.07267e-16
-7.2086e-21
-7.77774e-17
-1.28712e-22
-7.25824e-21
-8.44236e-22
-7.66197e-23
-4.27636e-21
1.33274e-22
1.22706e-21
-6.49896e-22
2.02445e-20
9.46432e-21
-5.20696e-21
-2.32062e-19
-3.83655e-22
-8.22694e-20
-6.11305e-22
1.02686e-10
7.88367e-12
1.02048e-10
5.64867e-12
1.54425e-11
4.39039e-12
-1.89488e-12
-1.05903e-13
-1.63559e-13
4.67592e-14
-4.68362e-15
3.48714e-14
3.07914e-16
9.56563e-16
-2.1413e-17
1.20111e-15
-1.75886e-16
2.71747e-15
-1.29014e-17
5.56753e-16
-1.52352e-17
2.59763e-17
-3.77401e-17
2.6723e-17
-3.62194e-17
5.9323e-17
-1.38884e-17
1.85965e-17
-1.08782e-17
-2.93829e-18
-4.64731e-18
-2.87599e-18
-2.2011e-17
-9.8237e-19
-1.57646e-16
-1.41574e-19
-3.56739e-16
1.65927e-16
7.62885e-16
1.08608e-15
1.24255e-16
-1.91056e-17
-7.21097e-22
-4.97862e-18
-1.65422e-23
-3.2012e-22
-1.64121e-22
-9.29752e-24
-9.87117e-22
-8.06916e-24
1.81481e-22
-3.63065e-22
5.22328e-21
-1.82275e-22
-1.01728e-21
-5.01095e-20
-4.60823e-23
-7.476e-21
-4.8328e-23
2.61004e-12
-1.37691e-13
1.78882e-12
-4.23055e-14
6.95694e-14
-2.05638e-14
1.376e-14
-7.38998e-15
3.05505e-14
9.02913e-14
2.25322e-15
1.52555e-13
1.26239e-16
2.54029e-15
-3.41031e-16
1.49708e-15
-7.13075e-16
3.95613e-15
-7.34704e-18
7.57459e-16
-8.20181e-18
1.38337e-17
-8.74852e-18
1.14187e-17
-5.79295e-18
9.28438e-18
-2.23245e-18
1.73276e-18
-1.52447e-18
-1.44132e-18
-8.72082e-19
-1.93548e-18
-1.67247e-18
-6.86338e-19
-1.70306e-17
-3.10607e-20
-3.54995e-17
1.15367e-17
9.60611e-17
1.79326e-16
1.09394e-17
-9.7991e-19
-2.11972e-23
-1.41559e-19
-1.5873e-24
-3.5204e-24
-2.40625e-23
-8.76425e-25
-1.80715e-22
-2.14578e-24
1.67279e-23
-7.64678e-23
9.53151e-22
-1.48772e-22
-1.34874e-22
-7.63284e-21
-3.63717e-24
-3.46676e-22
-2.4526e-24
7.66766e-14
1.89139e-15
3.13378e-14
2.53035e-15
7.06982e-15
3.18773e-15
2.01406e-14
2.68159e-14
1.22174e-14
1.49535e-13
1.07954e-14
2.03149e-13
-2.20153e-16
3.58415e-15
-1.22155e-15
2.36039e-15
-1.2351e-15
3.28178e-15
-3.21052e-17
6.84294e-16
-6.61855e-17
5.74964e-16
-1.54461e-16
5.11411e-17
-4.57818e-18
7.59491e-17
-3.37144e-18
5.38578e-19
-2.26326e-18
-1.20336e-18
-9.12821e-19
-1.70746e-18
-2.00482e-19
-6.13377e-19
-8.9038e-19
-3.59847e-20
-4.48303e-18
1.80203e-19
9.81145e-18
1.10077e-17
4.73858e-19
-1.59537e-20
-1.80124e-25
-1.15616e-21
-1.21181e-25
-2.65919e-25
-2.36067e-24
-5.67822e-26
-2.20654e-23
-2.02497e-25
2.89263e-25
-7.6464e-24
1.10393e-22
-2.23649e-23
-9.61556e-24
-6.96202e-22
-1.8273e-25
-7.61431e-24
-7.87268e-26
4.2375e-15
3.00074e-15
3.34849e-15
3.21726e-15
3.71289e-15
2.60487e-15
1.98277e-14
1.008e-14
8.81528e-13
1.26681e-11
-1.4952e-16
7.199e-13
-3.54711e-16
7.47222e-16
-1.28368e-15
1.57709e-15
-2.94372e-15
3.81917e-15
-4.06465e-15
4.22006e-15
-4.08557e-15
3.2748e-15
-1.08188e-17
1.32173e-15
-7.53643e-18
2.83749e-18
-6.04247e-18
2.77572e-19
-3.66627e-18
-1.39067e-18
-1.10652e-18
-1.83724e-18
-1.2241e-19
-5.83296e-19
-2.29614e-20
-4.74991e-20
-2.11716e-19
-1.3515e-21
2.52501e-19
2.54902e-20
5.51753e-21
-2.78908e-23
-1.29827e-26
-1.57908e-24
-6.47948e-27
-1.99198e-26
-1.28102e-25
-2.45998e-27
-1.49154e-24
-7.89977e-27
-1.86693e-24
-3.38862e-25
6.79384e-24
-1.34059e-24
-3.15868e-25
-3.26264e-23
-5.70953e-27
-6.8986e-26
-1.58603e-27
2.30611e-15
3.38338e-15
1.59472e-15
3.72732e-15
5.04852e-16
3.47328e-15
-1.22318e-12
5.53971e-12
-2.15805e-12
1.2076e-11
-4.79112e-16
1.83788e-13
-7.4513e-16
7.78784e-16
-6.72749e-16
8.91805e-16
-3.2311e-15
2.54783e-15
-7.71216e-15
2.6732e-15
-4.77793e-15
3.23423e-15
-1.4703e-17
1.03083e-15
-1.12625e-17
8.36008e-19
-8.71558e-18
-5.9566e-19
-5.2368e-18
-2.02399e-18
-1.16918e-18
-2.21782e-18
-1.00323e-19
-5.3316e-19
-4.09329e-21
-4.71751e-20
-5.68085e-22
-1.54292e-21
2.45455e-22
-3.7068e-23
5.37875e-24
-1.94878e-24
-1.09232e-27
-7.2689e-26
-2.33701e-28
-1.19343e-27
-3.27682e-27
-8.54544e-29
-4.76413e-26
-1.1412e-28
-1.46882e-25
-5.74458e-27
1.87596e-25
-3.03567e-26
-4.02029e-27
-6.74945e-25
-1.08666e-28
-1.66201e-28
-1.99226e-29
1.99539e-12
3.00113e-12
2.84526e-12
1.62287e-11
3.86503e-13
2.14868e-11
3.19418e-13
1.44153e-11
1.00883e-14
1.06699e-11
-2.41545e-14
1.29719e-13
-3.02239e-16
1.45615e-13
-6.19764e-16
1.04426e-15
-1.14656e-15
2.89245e-15
-2.08632e-15
1.37474e-15
-2.2687e-15
8.40245e-16
-3.87515e-15
3.35171e-16
-9.63643e-18
-2.09972e-16
-9.38323e-18
-3.52805e-20
-5.89692e-18
-3.09947e-18
-9.64467e-19
-2.82226e-18
-6.88301e-20
-5.03581e-19
-1.88429e-21
-2.98408e-20
-2.93741e-23
-7.7499e-22
-2.0928e-26
-1.20033e-23
1.36095e-25
-1.9397e-25
-7.29334e-29
-3.06792e-27
-6.66868e-30
-3.3492e-29
-3.23577e-29
-1.45648e-30
-5.897e-28
-4.82943e-31
-3.12702e-27
-3.00615e-29
1.89562e-27
-2.22768e-28
-1.23959e-29
-5.30312e-27
-1.22361e-30
-4.86834e-32
-1.56109e-31
-1.92095e-11
2.29752e-11
-3.96937e-11
2.73582e-11
-1.98369e-11
2.97751e-11
-4.38792e-12
3.06616e-12
-1.79223e-13
2.20909e-12
-3.97994e-13
1.44511e-13
-1.01357e-12
4.35268e-13
-1.20417e-11
1.38039e-11
-2.56627e-15
1.39235e-11
-4.07465e-15
1.0346e-15
-6.91266e-14
6.38479e-14
-5.16552e-14
-2.13791e-16
-9.5176e-18
4.6233e-15
-9.40582e-18
-5.42589e-20
-5.77783e-18
-4.70676e-18
-7.20058e-19
-4.2435e-18
-3.11298e-20
-3.43837e-19
-5.86689e-22
-9.56007e-21
-5.2136e-24
-1.33881e-22
-1.61802e-26
-1.10941e-24
-3.16902e-30
-6.64284e-27
-2.05046e-30
-4.32635e-29
-8.8241e-32
-2.22707e-31
-9.19332e-32
-5.09257e-33
-2.17504e-30
-3.56939e-34
-1.8742e-29
-3.02363e-32
5.56318e-30
-3.61478e-31
-4.01788e-33
-1.15394e-29
-7.8001e-33
-6.50443e-35
-7.91662e-34
-7.29221e-13
8.14319e-12
-9.82139e-12
2.58521e-11
-9.36861e-12
3.95674e-11
-1.33632e-11
3.35562e-11
-1.85549e-13
8.7439e-12
-5.19246e-13
3.6132e-13
-5.46825e-12
5.19551e-12
-3.07613e-11
1.71346e-11
-3.42056e-11
2.17137e-11
-5.22039e-11
2.14734e-11
-8.16643e-14
5.10919e-12
-2.53699e-13
6.19541e-16
-1.04046e-17
-4.84119e-13
-1.03862e-17
-1.46054e-20
-6.32156e-18
-4.47123e-18
-3.44534e-19
-5.06821e-18
-6.55638e-21
-1.78931e-19
-6.12839e-23
-2.19194e-21
-2.88621e-25
-8.09375e-24
-6.14084e-28
-9.71519e-27
-7.37927e-31
-8.79639e-30
-1.07539e-32
-1.12875e-32
-2.03669e-34
-1.45942e-35
-4.0629e-35
-9.56231e-38
-1.36065e-33
-1.07144e-38
-2.10427e-32
-2.7791e-36
3.42266e-33
-9.5085e-35
-4.53282e-36
-7.64582e-33
-2.60744e-35
-1.88243e-37
-2.86699e-36
5.81523e-12
2.0793e-11
4.74767e-11
5.09953e-11
2.39434e-11
1.91426e-12
3.70349e-12
1.74246e-11
1.24531e-11
7.39005e-12
-3.56299e-12
-5.49552e-12
-1.63478e-18
-1.64972e-18
-1.4379e-18
-3.90633e-20
-3.72761e-22
-1.02931e-24
-7.83401e-28
-3.37552e-31
-1.01933e-34
-2.83682e-37
-1.30926e-39
-4.1976e-40
-4.41041e-38
-2.18533e-36
3.1081e-37
-5.44575e-39
-3.02036e-38
)
;

boundaryField
{
    leftWall
    {
        type            calculated;
        value           uniform 0;
    }
    rightWall
    {
        type            calculated;
        value           uniform 0;
    }
    lowerWall
    {
        type            calculated;
        value           uniform 0;
    }
    atmosphere
    {
        type            calculated;
        value           nonuniform List<scalar> 
120
(
3.06145e-08
2.65524e-12
1.95992e-12
1.53393e-12
7.4147e-14
0
0
0
0
0
0
0
0
0
0
0
0
0
0
0
0
0
0
0
0
0
0
0
0
0
0
0
0
0
0
0
0
0
1.05886e-23
6.56695e-22
1.93628e-19
2.76303e-18
2.13408e-17
1.87565e-17
4.39895e-18
5.72734e-18
1.88337e-17
3.78092e-17
4.64408e-16
2.75335e-15
2.18569e-15
8.20392e-16
2.23811e-16
3.09905e-16
1.54277e-15
1.44326e-14
6.00996e-14
1.45447e-13
9.04767e-14
1.01232e-13
6.22186e-13
3.28695e-12
8.5474e-12
2.39812e-11
2.90626e-11
2.50052e-11
1.3261e-11
1.38321e-11
1.41758e-11
2.67666e-11
2.24651e-11
5.70463e-12
0
0
0
0
0
0
0
0
0
0
0
0
0
0
0
0
0
0
3.32712e-08
2.76916e-12
2.41671e-12
1.70218e-12
1.49144e-13
0
0
0
0
0
0
0
0
0
0
0
0
0
0
0
0
0
0
0
0
0
0
0
0
0
)
;
    }
    defaultFaces
    {
        type            empty;
        value           nonuniform 0();
    }
}


// ************************************************************************* //
