/*--------------------------------*- C++ -*----------------------------------*\
| =========                 |                                                 |
| \\      /  F ield         | OpenFOAM: The Open Source CFD Toolbox           |
|  \\    /   O peration     | Version:  2.4.0                                 |
|   \\  /    A nd           | Web:      www.OpenFOAM.org                      |
|    \\/     M anipulation  |                                                 |
\*---------------------------------------------------------------------------*/
FoamFile
{
    version     2.0;
    format      ascii;
    class       surfaceScalarField;
    location    "0.021";
    object      phi;
}
// * * * * * * * * * * * * * * * * * * * * * * * * * * * * * * * * * * * * * //

dimensions      [0 3 -1 0 0 0 0];

internalField   nonuniform List<scalar> 
7080
(
-1.4902e-08
1.4902e-08
-2.8943e-08
1.4041e-08
-4.26528e-08
1.37097e-08
-5.63437e-08
1.3691e-08
-7.02987e-08
1.39549e-08
-8.49524e-08
1.46537e-08
-1.00945e-07
1.59924e-08
-1.19161e-07
1.82164e-08
-1.40499e-07
2.13376e-08
-1.65814e-07
2.5315e-08
-1.95679e-07
2.98658e-08
-2.3032e-07
3.46407e-08
-2.69481e-07
3.91607e-08
-3.12319e-07
4.28381e-08
-3.57326e-07
4.50065e-08
-4.02344e-07
4.50188e-08
-4.44662e-07
4.2318e-08
-4.81274e-07
3.66119e-08
-5.09189e-07
2.79147e-08
-5.25776e-07
1.65867e-08
-5.29152e-07
3.37615e-09
-5.17082e-07
-1.20699e-08
-4.89038e-07
-2.80437e-08
-4.45458e-07
-4.35803e-08
-3.87882e-07
-5.75763e-08
-3.18975e-07
-6.89064e-08
-2.42391e-07
-7.65842e-08
-1.62057e-07
-8.0334e-08
-8.17163e-08
-8.03411e-08
-7.69031e-08
-4.81322e-09
-1.57798e-08
3.06818e-08
-3.06852e-08
2.89465e-08
-4.52777e-08
2.83022e-08
-5.98897e-08
2.8303e-08
-7.48004e-08
2.88657e-08
-9.04261e-08
3.02794e-08
-1.07377e-07
3.2943e-08
-1.26527e-07
3.7367e-08
-1.4875e-07
4.35604e-08
-1.74898e-07
5.1463e-08
-2.05538e-07
6.05059e-08
-2.40907e-07
7.00098e-08
-2.808e-07
7.90535e-08
-3.24479e-07
8.65169e-08
-3.70606e-07
9.11337e-08
-4.17272e-07
9.1685e-08
-4.62081e-07
8.71263e-08
-5.02347e-07
7.68781e-08
-5.35355e-07
6.09225e-08
-5.586e-07
3.98318e-08
-5.70058e-07
1.48341e-08
-5.67744e-07
-1.43837e-08
-5.49868e-07
-4.592e-08
-5.15599e-07
-7.78493e-08
-4.64622e-07
-1.08553e-07
-3.97234e-07
-1.36294e-07
-3.14622e-07
-1.59196e-07
-2.1959e-07
-1.75366e-07
-1.15466e-07
-1.84465e-07
-1.88136e-07
-4.23324e-09
-1.57535e-08
4.64353e-08
-3.06279e-08
4.3821e-08
-4.51888e-08
4.2863e-08
-5.97559e-08
4.28701e-08
-7.45799e-08
4.36898e-08
-9.00362e-08
4.57357e-08
-1.0668e-07
4.9587e-08
-1.25382e-07
5.60693e-08
-1.46982e-07
6.51599e-08
-1.7236e-07
7.68412e-08
-2.02123e-07
9.02694e-08
-2.36612e-07
1.04498e-07
-2.75815e-07
1.18257e-07
-3.19313e-07
1.30015e-07
-3.66225e-07
1.38045e-07
-4.15208e-07
1.40668e-07
-4.64538e-07
1.36456e-07
-5.122e-07
1.2454e-07
-5.56041e-07
1.04763e-07
-5.93913e-07
7.77032e-08
-6.23603e-07
4.45247e-08
-6.44791e-07
6.80384e-09
-6.53463e-07
-3.72484e-08
-6.47765e-07
-8.35469e-08
-6.24561e-07
-1.31758e-07
-5.79765e-07
-1.8109e-07
-5.07806e-07
-2.31154e-07
-4.00065e-07
-2.83107e-07
-2.38351e-07
-3.46179e-07
-4.25171e-07
-1.3161e-09
-1.56925e-08
6.21277e-08
-3.04985e-08
5.8627e-08
-4.49888e-08
5.73533e-08
-5.94639e-08
5.73452e-08
-7.41322e-08
5.83581e-08
-8.93099e-08
6.09134e-08
-1.0546e-07
6.57374e-08
-1.23457e-07
7.40658e-08
-1.44076e-07
8.5779e-08
-1.68247e-07
1.01013e-07
-1.9662e-07
1.18642e-07
-2.2967e-07
1.37549e-07
-2.67646e-07
1.56233e-07
-3.10556e-07
1.72925e-07
-3.58126e-07
1.85616e-07
-4.09761e-07
1.92302e-07
-4.64595e-07
1.9129e-07
-5.21532e-07
1.81476e-07
-5.79407e-07
1.62638e-07
-6.37103e-07
1.35399e-07
-6.93622e-07
1.01043e-07
-7.47736e-07
6.09182e-08
-8.01925e-07
1.69403e-08
-8.52233e-07
-3.3239e-08
-8.98023e-07
-8.5968e-08
-9.35162e-07
-1.43951e-07
-9.46731e-07
-2.19585e-07
-8.68152e-07
-3.61687e-07
-5.44328e-07
-6.70002e-07
-9.74505e-07
5.00559e-09
-1.56108e-08
7.77384e-08
-3.03247e-08
7.33409e-08
-4.47215e-08
7.175e-08
-5.90769e-08
7.17005e-08
-7.35446e-08
7.28259e-08
-8.83694e-08
7.57381e-08
-1.03872e-07
8.12403e-08
-1.20949e-07
9.11428e-08
-1.40266e-07
1.05096e-07
-1.6283e-07
1.23578e-07
-1.89304e-07
1.45115e-07
-2.2031e-07
1.68555e-07
-2.56365e-07
1.92288e-07
-2.97943e-07
2.14503e-07
-3.4546e-07
2.33133e-07
-3.99172e-07
2.46013e-07
-4.59194e-07
2.51312e-07
-5.25379e-07
2.47661e-07
-5.97485e-07
2.34744e-07
-6.75453e-07
2.13368e-07
-7.5997e-07
1.8556e-07
-8.53237e-07
1.54186e-07
-9.59076e-07
1.22779e-07
-1.08781e-06
9.54935e-08
-1.24762e-06
7.38448e-08
-1.42865e-06
3.70784e-08
-1.5647e-06
-8.35375e-08
-1.43595e-06
-4.90433e-07
-7.15623e-07
-1.39033e-06
-1.69153e-06
1.40295e-09
-1.55089e-08
9.32473e-08
-3.01072e-08
8.79393e-08
-4.43891e-08
8.60317e-08
-5.86007e-08
8.5912e-08
-7.28292e-08
8.70544e-08
-8.72442e-08
9.01529e-08
-1.01957e-07
9.59534e-08
-1.17927e-07
1.07113e-07
-1.35624e-07
1.22792e-07
-1.56194e-07
1.44148e-07
-1.80249e-07
1.6917e-07
-2.08527e-07
1.96833e-07
-2.41771e-07
2.25532e-07
-2.80878e-07
2.5361e-07
-3.26917e-07
2.79171e-07
-3.80934e-07
3.0003e-07
-4.43903e-07
3.14281e-07
-5.1638e-07
3.20138e-07
-5.98651e-07
3.17015e-07
-6.90748e-07
3.05464e-07
-7.92756e-07
2.87568e-07
-9.05688e-07
2.67117e-07
-1.03226e-06
2.49355e-07
-1.17675e-06
2.39975e-07
-1.33863e-06
2.35725e-07
-1.48685e-06
1.85302e-07
-1.48319e-06
-8.71992e-08
-1.19927e-06
-7.74354e-07
-3.06168e-07
-2.28343e-06
-1.98192e-06
-1.57836e-08
-1.53876e-08
1.08635e-07
-2.98468e-08
1.02399e-07
-4.39937e-08
1.00179e-07
-5.80415e-08
9.99598e-08
-7.19991e-08
1.01012e-07
-8.59645e-08
1.04118e-07
-9.97627e-08
1.09752e-07
-1.14482e-07
1.21832e-07
-1.30239e-07
1.38549e-07
-1.48456e-07
1.62366e-07
-1.69574e-07
1.90288e-07
-1.94401e-07
2.2166e-07
-2.23798e-07
2.54928e-07
-2.58978e-07
2.8879e-07
-3.01631e-07
3.21824e-07
-3.53603e-07
3.52003e-07
-4.17035e-07
3.77713e-07
-4.9313e-07
3.96233e-07
-5.8149e-07
4.05375e-07
-6.79165e-07
4.03138e-07
-7.79741e-07
3.88144e-07
-8.72007e-07
3.59383e-07
-9.37122e-07
3.1447e-07
-9.46148e-07
2.49001e-07
-8.63635e-07
1.53212e-07
-6.80319e-07
1.98552e-09
-4.2802e-07
-3.39498e-07
-1.8605e-07
-1.01632e-06
1.30952e-07
-2.60043e-06
-1.85662e-06
5.6577e-09
-1.52476e-08
1.23882e-07
-2.95438e-08
1.16695e-07
-4.35375e-08
1.14172e-07
-5.74067e-08
1.13829e-07
-7.10689e-08
1.14674e-07
-8.45639e-08
1.17613e-07
-9.73358e-08
1.22524e-07
-1.10727e-07
1.35224e-07
-1.24215e-07
1.52037e-07
-1.39786e-07
1.77936e-07
-1.57468e-07
2.0797e-07
-1.78128e-07
2.4232e-07
-2.02543e-07
2.79343e-07
-2.31961e-07
3.18207e-07
-2.68471e-07
3.58334e-07
-3.14036e-07
3.97568e-07
-3.71816e-07
4.35493e-07
-4.44156e-07
4.68573e-07
-5.33157e-07
4.94377e-07
-6.38359e-07
5.08339e-07
-7.5078e-07
5.00565e-07
-8.48747e-07
4.57351e-07
-8.9547e-07
3.61193e-07
-8.26249e-07
1.7978e-07
-5.36878e-07
-1.36159e-07
7.30675e-09
-5.42199e-07
3.9254e-07
-7.24731e-07
6.33845e-07
-1.25763e-06
1.91698e-07
-2.15829e-06
-1.72596e-06
6.10413e-08
-1.50899e-08
1.38972e-07
-2.91985e-08
1.30803e-07
-4.30228e-08
1.27996e-07
-5.67039e-08
1.2751e-07
-7.00544e-08
1.28025e-07
-8.30836e-08
1.30642e-07
-9.47048e-08
1.34145e-07
-1.06739e-07
1.47258e-07
-1.17664e-07
1.62961e-07
-1.30418e-07
1.90691e-07
-1.4422e-07
2.21771e-07
-1.60095e-07
2.58196e-07
-1.78505e-07
2.97753e-07
-2.00461e-07
3.40163e-07
-2.28839e-07
3.86712e-07
-2.65604e-07
4.34333e-07
-3.16927e-07
4.86816e-07
-3.87178e-07
5.38824e-07
-4.80397e-07
5.87596e-07
-6.03592e-07
6.31534e-07
-7.61941e-07
6.58915e-07
-9.74069e-07
6.69478e-07
-1.21529e-06
6.0241e-07
-1.30141e-06
2.65905e-07
-9.93532e-07
-4.44038e-07
-4.77444e-07
-1.05829e-06
-1.83897e-08
-1.18379e-06
5.49895e-07
-1.82591e-06
-1.30405e-08
-1.59535e-06
-1.78941e-06
5.04033e-08
-1.49157e-08
1.53888e-07
-2.88113e-08
1.44699e-07
-4.24517e-08
1.41637e-07
-5.59417e-08
1.41e-07
-6.8972e-08
1.41055e-07
-8.15746e-08
1.43245e-07
-9.19027e-08
1.44473e-07
-1.02608e-07
1.57963e-07
-1.1066e-07
1.71013e-07
-1.20506e-07
2.00537e-07
-1.30092e-07
2.31357e-07
-1.40646e-07
2.6875e-07
-1.5201e-07
3.09117e-07
-1.64141e-07
3.52294e-07
-1.7979e-07
4.02361e-07
-1.97833e-07
4.52377e-07
-2.25075e-07
5.14058e-07
-2.67478e-07
5.81227e-07
-3.38212e-07
6.58331e-07
-4.79656e-07
7.72978e-07
-7.16839e-07
8.96098e-07
-1.06813e-06
1.02076e-06
-1.40827e-06
9.42555e-07
-1.51383e-06
3.71464e-07
-1.3376e-06
-6.20269e-07
-1.0422e-06
-1.35368e-06
-5.38785e-07
-1.6872e-06
-2.02715e-07
-2.16198e-06
-2.91085e-07
-1.50698e-06
-2.05442e-06
-2.60693e-08
-1.47264e-08
1.68614e-07
-2.83818e-08
1.58354e-07
-4.18257e-08
1.55081e-07
-5.51284e-08
1.54302e-07
-6.78367e-08
1.53764e-07
-8.00947e-08
1.55503e-07
-8.89567e-08
1.53336e-07
-9.84796e-08
1.67486e-07
-1.03225e-07
1.75759e-07
-1.1022e-07
2.07532e-07
-1.15346e-07
2.36484e-07
-1.20297e-07
2.73701e-07
-1.24186e-07
3.13006e-07
-1.25778e-07
3.53886e-07
-1.28864e-07
4.05446e-07
-1.30095e-07
4.53609e-07
-1.3884e-07
5.22803e-07
-1.58241e-07
6.00628e-07
-1.86217e-07
6.86307e-07
-2.37717e-07
8.24477e-07
-2.81675e-07
9.40056e-07
-3.37951e-07
1.07704e-06
-3.68855e-07
9.73459e-07
-3.70302e-07
3.72911e-07
-3.47936e-07
-6.42634e-07
-2.00545e-07
-1.50107e-06
9.81012e-08
-1.98585e-06
-2.68232e-07
-1.79565e-06
1.73652e-08
-1.79258e-06
-1.99531e-06
-4.17467e-08
-1.45238e-08
1.83138e-07
-2.79094e-08
1.7174e-07
-4.11459e-08
1.68317e-07
-5.42723e-08
1.67429e-07
-6.66577e-08
1.66149e-07
-7.87061e-08
1.67551e-07
-8.5875e-08
1.60505e-07
-9.4517e-08
1.76128e-07
-9.54376e-08
1.7668e-07
-9.98844e-08
2.11978e-07
-1.00449e-07
2.37048e-07
-9.98176e-08
2.73069e-07
-9.59937e-08
3.09182e-07
-8.54106e-08
3.43303e-07
-7.11179e-08
3.91153e-07
-4.16407e-08
4.24132e-07
-2.56721e-09
4.8373e-07
6.26584e-08
5.35402e-07
1.57207e-07
5.91759e-07
3.03805e-07
6.77879e-07
5.77215e-07
6.66647e-07
8.89704e-07
7.64552e-07
1.31368e-06
5.49486e-07
1.49223e-06
1.94356e-07
1.3126e-06
-4.63001e-07
1.34217e-06
-1.53064e-06
1.30238e-06
-1.94606e-06
8.53314e-07
-1.34659e-06
6.7195e-07
-1.61121e-06
-1.27539e-06
-4.79744e-08
-1.43097e-08
1.97448e-07
-2.73928e-08
1.84823e-07
-4.04123e-08
1.81337e-07
-5.33811e-08
1.80397e-07
-6.54295e-08
1.78198e-07
-7.74695e-08
1.79591e-07
-8.27578e-08
1.65793e-07
-9.08832e-08
1.84253e-07
-8.75166e-08
1.73313e-07
-8.98454e-08
2.14307e-07
-8.5921e-08
2.33124e-07
-8.02998e-08
2.67448e-07
-6.99148e-08
2.98798e-07
-4.85065e-08
3.21895e-07
-2.31799e-08
3.65827e-07
2.59351e-08
3.75017e-07
8.22165e-08
4.27448e-07
1.75787e-07
4.41832e-07
3.08015e-07
4.59531e-07
4.54821e-07
5.31073e-07
6.99939e-07
4.21529e-07
8.81018e-07
5.83474e-07
1.29504e-06
1.35459e-07
1.43739e-06
5.20116e-08
1.37034e-06
-3.9595e-07
1.17193e-06
-1.33223e-06
7.56931e-07
-1.53106e-06
8.38827e-07
-1.42848e-06
4.93103e-07
-1.26549e-06
-7.17417e-07
-6.48678e-08
-1.40869e-08
2.11535e-07
-2.68297e-08
1.97566e-07
-3.96237e-08
1.94131e-07
-5.2462e-08
1.93236e-07
-6.41251e-08
1.89861e-07
-7.6431e-08
1.91897e-07
-7.98471e-08
1.69209e-07
-8.77061e-08
1.92112e-07
-7.98375e-08
1.65444e-07
-8.03797e-08
2.14849e-07
-7.20654e-08
2.2481e-07
-6.24371e-08
2.5782e-07
-4.71242e-08
2.83485e-07
-1.95786e-08
2.94349e-07
1.53558e-08
3.30893e-07
7.22909e-08
3.18082e-07
1.33614e-07
3.66125e-07
2.32381e-07
3.43065e-07
3.04258e-07
3.87655e-07
4.37617e-07
3.97715e-07
4.73862e-07
3.85284e-07
6.19691e-07
4.37645e-07
6.909e-07
6.42505e-08
5.79304e-07
1.63609e-07
6.07194e-07
-4.23841e-07
1.27486e-07
-8.52524e-07
-3.53913e-07
-1.04966e-06
-3.4804e-07
-1.43435e-06
-3.21133e-07
-1.2924e-06
-1.01584e-06
-2.27144e-08
-1.38585e-08
2.25393e-07
-2.62168e-08
2.09924e-07
-3.87769e-08
2.06691e-07
-5.15216e-08
2.0598e-07
-6.27987e-08
2.01138e-07
-7.5611e-08
2.04709e-07
-7.74148e-08
1.71013e-07
-8.50745e-08
1.99772e-07
-7.26219e-08
1.52992e-07
-7.16447e-08
2.13872e-07
-5.91761e-08
2.12341e-07
-4.67546e-08
2.45398e-07
-2.85675e-08
2.65297e-07
6.96771e-10
2.65085e-07
4.18875e-08
2.89702e-07
1.13173e-07
2.46796e-07
1.85829e-07
2.9347e-07
3.09675e-07
2.19218e-07
4.34584e-07
2.62746e-07
5.69121e-07
2.63178e-07
8.22148e-07
1.32258e-07
1.06518e-06
1.9461e-07
8.36015e-07
2.93418e-07
1.24451e-06
-2.44891e-07
1.28769e-06
-4.67013e-07
1.25073e-06
-8.15568e-07
1.12493e-06
-9.23865e-07
5.66418e-07
-8.75838e-07
3.19892e-08
-7.57967e-07
-9.50572e-07
-3.32744e-08
-1.36282e-08
2.39021e-07
-2.55493e-08
2.21845e-07
-3.78661e-08
2.19008e-07
-5.05604e-08
2.18674e-07
-6.15658e-08
2.12143e-07
-7.50133e-08
2.18156e-07
-7.56231e-08
1.71623e-07
-8.30829e-08
2.07231e-07
-6.59312e-08
1.3584e-07
-6.36726e-08
2.11613e-07
-4.80644e-08
1.96733e-07
-3.32151e-08
2.30549e-07
-1.06021e-08
2.42685e-07
1.71555e-08
2.37327e-07
6.05451e-08
2.46312e-07
1.21429e-07
1.85913e-07
1.96399e-07
2.18499e-07
3.27243e-07
8.8375e-08
3.80779e-07
2.0921e-07
6.09652e-07
3.43051e-08
9.99132e-07
-2.57222e-07
9.91552e-07
2.0219e-07
7.01094e-07
5.83876e-07
1.17427e-06
-7.18066e-07
1.55096e-06
-8.43701e-07
1.98173e-06
-1.24634e-06
1.77377e-06
-7.15911e-07
1.34577e-06
-4.47835e-07
7.43954e-07
-1.56153e-07
-9.90377e-08
-1.0758e-07
-1.34008e-08
2.52422e-07
-2.4821e-08
2.33266e-07
-3.68806e-08
2.31067e-07
-4.95645e-08
2.31358e-07
-6.05236e-08
2.23102e-07
-7.46434e-08
2.32276e-07
-7.45959e-08
1.71575e-07
-8.18521e-08
2.14488e-07
-5.9774e-08
1.13762e-07
-5.66633e-08
2.08503e-07
-4.01806e-08
1.8025e-07
-2.87532e-08
2.19121e-07
-1.43381e-08
2.28269e-07
5.55897e-09
2.1743e-07
4.54021e-08
2.06469e-07
1.15391e-07
1.15924e-07
1.78954e-07
1.54937e-07
3.34704e-07
-6.73754e-08
3.47704e-07
1.96211e-07
5.73155e-07
-1.91146e-07
8.87475e-07
-5.71542e-07
6.76838e-07
4.12826e-07
5.32283e-07
7.28431e-07
6.47532e-07
-8.33314e-07
1.21855e-06
-1.41472e-06
7.30294e-07
-7.58081e-07
9.22066e-08
-7.78239e-08
2.39943e-07
-5.95571e-07
4.54731e-07
-3.70941e-07
4.15766e-07
-6.00726e-08
-1.3182e-08
2.65604e-07
-2.40253e-08
2.44109e-07
-3.58097e-08
2.42851e-07
-4.85036e-08
2.44052e-07
-5.9695e-08
2.34294e-07
-7.45126e-08
2.47093e-07
-7.44877e-08
1.71551e-07
-8.15087e-08
2.21509e-07
-5.3974e-08
8.62274e-08
-4.83739e-08
2.02903e-07
-2.50074e-08
1.56884e-07
-5.70923e-09
1.99823e-07
1.95518e-08
2.03009e-07
3.30616e-08
2.03921e-07
6.53866e-08
1.74144e-07
8.56969e-08
9.56134e-08
1.67734e-07
7.28999e-08
1.92751e-07
-9.23923e-08
4.18831e-07
-2.98699e-08
4.98092e-07
-2.70407e-07
5.89314e-07
-6.62763e-07
7.15929e-07
2.86211e-07
1.00732e-06
4.37038e-07
1.11111e-06
-9.37105e-07
1.2027e-06
-1.50631e-06
8.25838e-07
-3.81218e-07
6.1737e-07
1.30644e-07
1.25548e-08
9.24365e-09
-5.72087e-08
-3.01177e-07
4.02393e-07
-4.38355e-08
-1.29786e-08
2.78583e-07
-2.31542e-08
2.54284e-07
-3.46546e-08
2.54352e-07
-4.73365e-08
2.56734e-07
-5.90605e-08
2.46018e-07
-7.46343e-08
2.62667e-07
-7.55003e-08
1.72417e-07
-8.23032e-08
2.28312e-07
-4.92e-08
5.31243e-08
-4.80649e-08
2.01768e-07
-3.6723e-08
1.45542e-07
-2.83921e-08
1.91492e-07
-2.87556e-08
2.03372e-07
-3.40004e-08
2.09165e-07
-5.98379e-09
1.46127e-07
2.47562e-08
6.48733e-08
9.72821e-08
3.73943e-10
1.0935e-07
-1.0446e-07
2.83376e-07
-2.03896e-07
3.17442e-07
-3.04473e-07
2.36306e-07
-5.81628e-07
5.80193e-07
-5.76756e-08
1.14376e-06
-1.26529e-07
9.93419e-07
-7.86765e-07
2.85317e-07
-7.98207e-07
8.6461e-08
-1.82362e-07
5.68577e-08
1.60248e-07
-4.00654e-07
4.66756e-07
-5.45539e-07
-1.56292e-07
-1.74976e-07
3.18297e-08
-1.27987e-08
2.91381e-07
-2.21973e-08
2.63683e-07
-3.34346e-08
2.65589e-07
-4.60192e-08
2.69318e-07
-5.85873e-08
2.58586e-07
-7.50171e-08
2.79097e-07
-7.78486e-08
1.75248e-07
-8.38611e-08
2.34324e-07
-4.2264e-08
1.15273e-08
-2.85438e-08
1.88047e-07
6.66672e-09
1.10331e-07
3.49672e-08
1.63192e-07
5.20649e-08
1.86274e-07
4.24445e-08
2.18786e-07
3.3923e-08
1.54649e-07
-5.71497e-09
1.04511e-07
-1.35077e-08
8.16686e-09
-6.58669e-08
-5.21011e-08
-5.14268e-08
-2.18336e-07
-1.55901e-07
-1.99999e-07
-2.10599e-07
-5.2693e-07
3.53316e-08
-3.03606e-07
1.58409e-07
-2.49607e-07
-4.46881e-07
-1.81475e-07
-8.23229e-07
-4.21858e-07
-9.73066e-07
-3.2525e-08
-7.55306e-07
-5.75118e-08
5.4312e-08
-3.42862e-07
3.92222e-08
-1.41203e-07
1.8307e-08
-1.54061e-07
-1.26508e-08
3.04032e-07
-2.11416e-08
2.72174e-07
-3.21522e-08
2.766e-07
-4.45088e-08
2.81675e-07
-5.82252e-08
2.72303e-07
-7.56784e-08
2.9655e-07
-8.19598e-08
1.8153e-07
-8.88765e-08
2.41241e-07
-4.21926e-08
-3.51567e-08
-4.66469e-08
1.92502e-07
-4.50766e-08
1.08761e-07
-4.09075e-08
1.59023e-07
-5.87679e-08
2.04134e-07
-1.02163e-07
2.62181e-07
-1.0562e-07
1.58105e-07
-6.81415e-08
6.70335e-08
-7.69504e-08
1.6976e-08
-5.6327e-08
-7.27245e-08
-7.2764e-08
-2.01899e-07
-9.94207e-08
-1.73342e-07
-2.43112e-07
-3.83239e-07
-1.23401e-07
-4.23317e-07
1.33197e-09
-3.7434e-07
4.55331e-09
-1.84696e-07
-1.05645e-07
-3.1166e-07
5.94127e-08
-1.97582e-07
3.73774e-07
-3.71873e-07
6.12756e-07
-5.81844e-07
4.8274e-07
-1.11871e-08
7.58012e-07
-2.56964e-07
-1.2544e-08
3.16576e-07
-1.99726e-08
2.79602e-07
-3.07939e-08
2.87421e-07
-4.2761e-08
2.93642e-07
-5.78915e-08
2.87433e-07
-7.65709e-08
3.15229e-07
-8.80956e-08
1.93055e-07
-8.93626e-08
2.42508e-07
-2.70378e-08
-9.74815e-08
-3.44497e-09
1.68909e-07
5.27038e-08
5.26118e-08
1.09695e-07
1.02032e-07
1.07345e-07
2.06484e-07
8.31369e-08
2.8639e-07
1.35114e-08
2.27731e-07
-7.13521e-08
1.51897e-07
-1.64548e-07
1.10172e-07
-2.13307e-07
-2.39654e-08
-3.69478e-07
-4.57292e-08
-4.60528e-07
-8.22918e-08
-4.29791e-07
-4.13977e-07
-1.39863e-07
-7.13245e-07
1.58714e-07
-6.72918e-07
6.57032e-07
-6.83013e-07
6.51147e-07
-3.05775e-07
6.36796e-07
-1.83231e-07
4.11721e-07
-1.46798e-07
-1.8426e-07
1.4137e-08
-1.15243e-07
-8.02037e-08
7.45751e-07
-1.02982e-07
-1.24878e-08
3.29064e-07
-1.86811e-08
2.85796e-07
-2.93414e-08
2.98082e-07
-4.07284e-08
3.05029e-07
-5.74641e-08
3.04169e-07
-7.78432e-08
3.35608e-07
-9.66835e-08
2.11895e-07
-1.06097e-07
2.51921e-07
-4.1424e-08
-1.62155e-07
-5.13344e-08
1.78819e-07
-5.65266e-08
5.78041e-08
-5.83656e-08
1.03871e-07
-8.03047e-08
2.28423e-07
-2.07077e-07
4.13163e-07
-2.14945e-07
2.35599e-07
-1.36782e-07
7.37341e-08
-3.1452e-07
2.8791e-07
-2.80186e-07
-5.83e-08
-4.34047e-07
1.08131e-07
-4.46193e-07
-7.01453e-08
-3.77663e-07
-4.82507e-07
-2.22692e-07
-8.68216e-07
-1.06733e-08
-8.84936e-07
-1.20041e-07
-5.73646e-07
-2.36652e-07
-1.89164e-07
-1.98813e-07
-2.2107e-07
-7.60588e-08
-2.69553e-07
1.53205e-08
-7.72422e-08
-7.26416e-07
6.61533e-07
6.97057e-07
-6.77722e-07
-1.249e-08
3.41554e-07
-1.72672e-08
2.90573e-07
-2.77731e-08
3.08588e-07
-3.83515e-08
3.15607e-07
-5.67475e-08
3.22565e-07
-7.89758e-08
3.57836e-07
-1.09783e-07
2.42702e-07
-9.7495e-08
2.39634e-07
-5.57678e-09
-2.54073e-07
1.69063e-08
1.56336e-07
9.94043e-08
-2.46938e-08
2.4798e-07
-4.4704e-08
2.04849e-07
2.71554e-07
1.8002e-07
4.37992e-07
4.80971e-08
3.67521e-07
-1.22702e-07
2.44533e-07
-2.10499e-07
3.75706e-07
-3.78351e-07
1.09552e-07
-8.22084e-07
5.51864e-07
-1.15628e-06
2.64051e-07
-9.58189e-07
-6.80598e-07
-1.27129e-06
-5.5512e-07
-2.00728e-06
-1.48946e-07
-1.73068e-06
-8.50245e-07
-1.63492e-06
-2.84924e-07
1.0143e-07
-1.95742e-06
6.76594e-07
-8.44717e-07
1.61853e-06
-1.01918e-06
3.80848e-07
1.89922e-06
3.49518e-08
1.04295e-06
-1.25715e-08
3.54125e-07
-1.57763e-08
2.93778e-07
-2.61005e-08
3.18912e-07
-3.55984e-08
3.25105e-07
-5.55196e-08
3.42486e-07
-8.15337e-08
3.8385e-07
-1.25682e-07
2.86851e-07
-1.35096e-07
2.49048e-07
-4.97473e-08
-3.39422e-07
-4.98886e-08
1.56477e-07
-7.45684e-08
-1.41151e-11
-5.9407e-08
-5.98652e-08
-8.20293e-08
2.94176e-07
-3.49168e-07
7.0513e-07
-1.84392e-07
2.02745e-07
-8.88146e-08
1.48956e-07
-4.85539e-07
7.72431e-07
1.50184e-07
-5.26171e-07
-6.97434e-08
7.71791e-07
6.99598e-08
1.24347e-07
2.67856e-07
-8.78494e-07
-1.53721e-06
1.24994e-06
-3.1497e-06
1.46354e-06
-4.73653e-07
-3.52629e-06
-7.22143e-08
-6.86364e-07
-1.24733e-06
-7.82298e-07
-9.01324e-07
-1.19073e-06
-1.57008e-07
-1.7635e-06
1.57264e-07
1.58494e-06
-8.46123e-07
1.03834e-06
-1.26885e-08
3.66814e-07
-1.40838e-08
2.95173e-07
-2.42227e-08
3.29051e-07
-3.22532e-08
3.33135e-07
-5.32435e-08
3.63477e-07
-8.12339e-08
4.11841e-07
-1.51274e-07
3.56892e-07
-1.07723e-07
2.05496e-07
2.78526e-08
-4.74997e-07
-1.03432e-08
1.94673e-07
1.42619e-07
-1.52976e-07
5.02212e-07
-4.19458e-07
3.11988e-07
4.844e-07
2.79002e-07
7.38116e-07
7.63046e-08
4.05442e-07
7.86214e-08
1.46639e-07
-7.51483e-08
9.26201e-07
-1.14154e-06
5.40226e-07
-6.50011e-07
2.80257e-07
1.33769e-06
-1.86335e-06
3.33917e-06
-2.87997e-06
6.0082e-06
-1.41909e-06
8.46866e-06
-9.96927e-07
5.37002e-06
-4.27648e-07
5.04027e-06
-3.56611e-07
3.23033e-06
1.02764e-06
2.1464e-06
-1.06791e-07
8.90181e-07
-5.07284e-07
1.38334e-06
1.09179e-06
-3.05399e-07
8.42616e-07
-1.30303e-08
3.79844e-07
-1.27807e-08
2.94923e-07
-2.2769e-08
3.3904e-07
-2.8692e-08
3.39058e-07
-4.98193e-08
3.84604e-07
-8.76968e-08
4.49718e-07
-1.83569e-07
4.52764e-07
-1.69576e-07
1.91503e-07
-4.98869e-08
-5.94687e-07
-2.20917e-08
1.66878e-07
-6.98891e-08
-1.05179e-07
9.06876e-09
-4.98416e-07
2.44347e-08
4.69035e-07
-3.65084e-07
1.12763e-06
3.30173e-07
-2.89814e-07
-3.71231e-08
5.13936e-07
-1.23542e-06
2.1245e-06
-7.67086e-07
7.18949e-08
-9.41582e-10
-4.85888e-07
-3.0443e-06
1.18e-06
-1.43589e-06
-4.48839e-06
-4.76941e-07
-2.37804e-06
-5.28719e-07
-9.45142e-07
-4.04786e-06
3.09149e-06
-3.85667e-06
-5.47805e-07
-6.4283e-07
-2.18619e-06
-1.20391e-06
4.54293e-07
-1.53022e-06
-1.8098e-07
-7.35774e-07
2.97343e-07
-8.76806e-07
-1.64367e-07
-1.32273e-08
3.93072e-07
-9.97208e-09
2.91668e-07
-1.99153e-08
3.48983e-07
-2.3636e-08
3.42779e-07
-4.3316e-08
4.04285e-07
-8.09944e-08
4.87397e-07
-2.25156e-07
5.96925e-07
-1.20122e-07
8.64687e-08
7.51506e-08
-7.89959e-07
-1.33027e-07
3.75055e-07
1.49779e-07
-3.87984e-07
9.41207e-07
-1.28984e-06
1.8133e-07
1.22891e-06
1.99782e-07
1.10918e-06
1.15311e-06
-1.24314e-06
1.46669e-06
2.00361e-07
1.5077e-06
2.08348e-06
1.38074e-06
1.9885e-07
-2.42273e-07
1.13713e-06
-1.1192e-06
2.05693e-06
-3.54153e-06
-2.06605e-06
-6.36637e-06
4.46809e-07
-7.53231e-06
2.20801e-07
-8.02535e-06
3.58454e-06
-7.19996e-06
-1.37319e-06
-4.40864e-06
-4.97752e-06
-2.79647e-06
-1.15788e-06
-2.24453e-06
-7.32917e-07
-7.98505e-07
-1.14868e-06
-2.17084e-06
4.95529e-07
-1.82577e-08
4.11329e-07
-1.11196e-08
2.8453e-07
-1.97081e-08
3.57571e-07
-1.93993e-08
3.4247e-07
-3.52381e-08
4.20123e-07
-9.77951e-08
5.49954e-07
-2.80061e-07
7.79191e-07
-1.91135e-07
-2.45759e-09
5.87956e-08
-1.03989e-06
4.1315e-07
2.07014e-08
-3.15055e-08
5.66707e-08
2.56804e-07
-1.57815e-06
2.48332e-07
1.23738e-06
8.04358e-07
5.53157e-07
1.69275e-07
-6.0806e-07
-6.82427e-07
1.05206e-06
1.303e-06
9.80531e-08
-1.12962e-06
2.63147e-06
-1.21002e-06
1.21752e-06
6.02545e-07
2.44363e-07
3.46096e-07
-1.8096e-06
1.10604e-06
-3.13135e-07
1.18328e-06
1.43566e-07
1.02226e-06
3.74554e-06
-4.46544e-07
9.56137e-08
-2.09687e-06
-3.32719e-06
-1.07932e-06
-2.17543e-06
-1.8075e-06
-4.73153e-09
-1.96126e-06
-9.94927e-07
-1.72027e-06
-2.41183e-06
1.03989e-07
3.0734e-07
-2.09777e-08
4.09497e-07
-1.02792e-08
3.46873e-07
-7.66563e-09
3.39856e-07
-1.59012e-08
4.28359e-07
-6.4863e-08
5.98915e-07
-3.74221e-07
1.08855e-06
1.06169e-07
-4.82847e-07
-2.18276e-06
1.24904e-06
-1.51155e-07
-2.0109e-06
3.15779e-09
-9.76425e-08
-3.48521e-06
1.91022e-06
-7.4825e-07
-1.49958e-06
2.70791e-06
-2.90301e-06
1.06332e-06
1.03653e-06
8.9937e-07
1.21602e-06
1.38332e-06
-3.85899e-07
2.53385e-06
1.48095e-06
4.98479e-06
-1.23343e-06
5.12342e-06
1.05739e-07
5.7805e-06
-2.46668e-06
5.03136e-06
4.36005e-07
3.69202e-06
1.4829e-06
6.12031e-06
1.31726e-06
6.0564e-06
1.59525e-07
3.23333e-06
-5.04129e-07
1.24662e-06
-1.88718e-07
1.11423e-06
1.27658e-07
3.71913e-07
-2.52609e-07
-7.33826e-07
-6.14533e-07
7.19736e-08
-7.67868e-08
1.52093e-07
-8.01192e-08
2.32135e-07
-8.00422e-08
3.08376e-07
-7.62412e-08
3.76907e-07
-6.85303e-08
4.3409e-07
-5.71836e-08
4.77279e-07
-4.3189e-08
5.04958e-07
-2.76791e-08
5.16725e-07
-1.17673e-08
5.13195e-07
3.5305e-09
4.96604e-07
1.65908e-08
4.68924e-07
2.76797e-08
4.32839e-07
3.60845e-08
3.91377e-07
4.14623e-08
3.47554e-07
4.3823e-08
3.04063e-07
4.34908e-08
2.63009e-07
4.10539e-08
2.25821e-07
3.71876e-08
1.93237e-07
3.25836e-08
1.65385e-07
2.78522e-08
1.41896e-07
2.34889e-08
1.22043e-07
1.98534e-08
1.04846e-07
1.71975e-08
8.93272e-08
1.55183e-08
7.46178e-08
1.47096e-08
6.016e-08
1.44577e-08
4.56767e-08
1.44833e-08
3.10242e-08
1.46527e-08
1.59663e-08
1.50577e-08
1.59664e-08
1.06283e-07
-1.87303e-07
2.09786e-07
-1.83622e-07
3.04274e-07
-1.7453e-07
3.86386e-07
-1.58353e-07
4.53307e-07
-1.35452e-07
5.03831e-07
-1.07708e-07
5.37658e-07
-7.70154e-08
5.55122e-07
-4.51436e-08
5.57102e-07
-1.37477e-08
5.45431e-07
1.52017e-08
5.22186e-07
3.98353e-08
4.89439e-07
6.04265e-08
4.49749e-07
7.57745e-08
4.05864e-07
8.53469e-08
3.60473e-07
8.92139e-08
3.15945e-07
8.80182e-08
2.74135e-07
8.28638e-08
2.36297e-07
7.5026e-08
2.03061e-07
6.58197e-08
1.74501e-07
5.64117e-08
1.50235e-07
4.77555e-08
1.29535e-07
4.05533e-08
1.11424e-07
3.53081e-08
9.49486e-08
3.19937e-08
7.92528e-08
3.04057e-08
6.38171e-08
2.98933e-08
4.83867e-08
2.99136e-08
3.28238e-08
3.02158e-08
1.68728e-08
3.1008e-08
3.28394e-08
2.31464e-07
-4.20084e-07
3.90676e-07
-3.42834e-07
4.97292e-07
-2.81146e-07
5.6864e-07
-2.29702e-07
6.12967e-07
-1.79779e-07
6.35704e-07
-1.30445e-07
6.40905e-07
-8.22166e-08
6.31748e-07
-3.59863e-08
6.10105e-07
7.89472e-09
5.80181e-07
4.51257e-08
5.42314e-07
7.77028e-08
4.98786e-07
1.03954e-07
4.51789e-07
1.22772e-07
4.03492e-07
1.33644e-07
3.55897e-07
1.36809e-07
3.10687e-07
1.33228e-07
2.69143e-07
1.24407e-07
2.32061e-07
1.12108e-07
1.99754e-07
9.81265e-08
1.72102e-07
8.4064e-08
1.4862e-07
7.12373e-08
1.28539e-07
6.06346e-08
1.10859e-07
5.29884e-08
9.46551e-08
4.81973e-08
7.90877e-08
4.59733e-08
6.37087e-08
4.52724e-08
4.83057e-08
4.53165e-08
3.27667e-08
4.5755e-08
1.68444e-08
4.69298e-08
4.9684e-08
5.43584e-07
-9.58663e-07
8.58695e-07
-6.57944e-07
9.34471e-07
-3.56923e-07
9.22769e-07
-2.18e-07
8.85725e-07
-1.42735e-07
8.39649e-07
-8.43693e-08
7.88722e-07
-3.12902e-08
7.33926e-07
1.88102e-08
6.79365e-07
6.24551e-08
6.2249e-07
1.02001e-07
5.64792e-07
1.35401e-07
5.07326e-07
1.6142e-07
4.51215e-07
1.78883e-07
3.97598e-07
1.87261e-07
3.47528e-07
1.86879e-07
3.01816e-07
1.78941e-07
2.60989e-07
1.65234e-07
2.2523e-07
1.47867e-07
1.9443e-07
1.28927e-07
1.6821e-07
1.10284e-07
1.45955e-07
9.34926e-08
1.26843e-07
7.97464e-08
1.0984e-07
6.99918e-08
9.40706e-08
6.39666e-08
7.8721e-08
6.1323e-08
6.34531e-08
6.05405e-08
4.81159e-08
6.06535e-08
3.26365e-08
6.12348e-08
1.67796e-08
6.27861e-08
6.64638e-08
7.14855e-07
-1.67211e-06
1.42997e-06
-1.37306e-06
1.55435e-06
-4.81304e-07
1.41691e-06
-8.05588e-08
1.23541e-06
3.87659e-08
1.07517e-06
7.58729e-08
9.45515e-07
9.83615e-08
8.38441e-07
1.25884e-07
7.44239e-07
1.56657e-07
6.59324e-07
1.86916e-07
5.81512e-07
2.13212e-07
5.10049e-07
2.32883e-07
4.44959e-07
2.43973e-07
3.86424e-07
2.45795e-07
3.34525e-07
2.38777e-07
2.89074e-07
2.24392e-07
2.49748e-07
2.0456e-07
2.16035e-07
1.81581e-07
1.87367e-07
1.57594e-07
1.63098e-07
1.34553e-07
1.42475e-07
1.14115e-07
1.24649e-07
9.7573e-08
1.08527e-07
8.61138e-08
9.3314e-08
7.91796e-08
7.82393e-08
7.63977e-08
6.31131e-08
7.56669e-08
4.78613e-08
7.59051e-08
3.24611e-08
7.66353e-08
1.66925e-08
7.85543e-08
8.31566e-08
2.87166e-07
-1.97506e-06
1.20163e-06
-2.28752e-06
1.49096e-06
-7.70637e-07
1.48995e-06
-7.95476e-08
1.33556e-06
1.93156e-07
1.1677e-06
2.43731e-07
1.01887e-06
2.47189e-07
8.89546e-07
2.5521e-07
7.75062e-07
2.71141e-07
6.7255e-07
2.89428e-07
5.80797e-07
3.04965e-07
4.99548e-07
3.14132e-07
4.28587e-07
3.14934e-07
3.67487e-07
3.06895e-07
3.15605e-07
2.90659e-07
2.7189e-07
2.68106e-07
2.35241e-07
2.41208e-07
2.04482e-07
2.1234e-07
1.78648e-07
1.83428e-07
1.56855e-07
1.56346e-07
1.38262e-07
1.32709e-07
1.22029e-07
1.13806e-07
1.06964e-07
1.01179e-07
9.24103e-08
9.37336e-08
7.76534e-08
9.11546e-08
6.26936e-08
9.06269e-08
4.75431e-08
9.10553e-08
3.22409e-08
9.19379e-08
1.65835e-08
9.42115e-08
9.97403e-08
-1.17366e-07
-1.85204e-06
2.18071e-07
-2.62296e-06
4.70125e-07
-1.02269e-06
7.08348e-07
-3.17771e-07
8.77165e-07
2.4339e-08
9.42171e-07
1.78725e-07
9.22624e-07
2.66735e-07
8.52238e-07
3.25596e-07
7.58052e-07
3.65327e-07
6.5751e-07
3.89969e-07
5.60974e-07
4.01501e-07
4.74398e-07
4.00708e-07
4.00453e-07
3.88879e-07
3.39391e-07
3.67957e-07
2.89948e-07
3.40102e-07
2.49911e-07
3.08144e-07
2.1743e-07
2.7369e-07
1.90669e-07
2.39101e-07
1.68407e-07
2.0569e-07
1.4961e-07
1.75143e-07
1.33416e-07
1.48903e-07
1.19081e-07
1.28141e-07
1.0519e-07
1.1507e-07
9.13862e-08
1.07537e-07
7.69753e-08
1.05565e-07
6.21991e-08
1.05403e-07
4.71624e-08
1.06092e-07
3.1976e-08
1.07125e-07
1.64528e-08
1.09734e-07
1.16193e-07
-8.89894e-08
-1.70201e-06
-5.46003e-07
-2.16594e-06
-3.26777e-07
-1.24192e-06
2.96565e-08
-6.74204e-07
5.39335e-07
-4.8534e-07
8.04086e-07
-8.60251e-08
8.66819e-07
2.04002e-07
8.18844e-07
3.7357e-07
7.21795e-07
4.62377e-07
6.11603e-07
5.0016e-07
5.09277e-07
5.03828e-07
4.23309e-07
4.86676e-07
3.53957e-07
4.58231e-07
2.99109e-07
4.22805e-07
2.56504e-07
3.82707e-07
2.22893e-07
3.41754e-07
1.96455e-07
3.00129e-07
1.74804e-07
2.60752e-07
1.56854e-07
2.23641e-07
1.41538e-07
1.90459e-07
1.28063e-07
1.62378e-07
1.1588e-07
1.40324e-07
1.03247e-07
1.27703e-07
9.02737e-08
1.20511e-07
7.62188e-08
1.1962e-07
6.16348e-08
1.19988e-07
4.67199e-08
1.21007e-07
3.16661e-08
1.22179e-07
1.63009e-08
1.251e-07
1.32494e-07
1.04874e-07
-1.75648e-06
-4.82268e-07
-1.5788e-06
3.56876e-08
-1.75987e-06
4.49938e-07
-1.08845e-06
9.54662e-07
-9.90064e-07
1.24613e-06
-3.77497e-07
1.15306e-06
2.97079e-07
9.21393e-07
6.05235e-07
7.20872e-07
6.62898e-07
5.70527e-07
6.50505e-07
4.52924e-07
6.21432e-07
3.64238e-07
5.75361e-07
2.9789e-07
5.2458e-07
2.50072e-07
4.70622e-07
2.16733e-07
4.16047e-07
1.91487e-07
3.67e-07
1.72856e-07
3.18759e-07
1.57281e-07
2.76327e-07
1.44307e-07
2.36615e-07
1.32873e-07
2.01893e-07
1.22336e-07
1.72916e-07
1.12495e-07
1.50165e-07
1.01186e-07
1.39012e-07
8.91127e-08
1.32584e-07
7.5399e-08
1.33334e-07
6.10062e-08
1.34381e-07
4.6216e-08
1.35797e-07
3.13109e-08
1.37084e-07
1.61281e-08
1.40282e-07
1.48622e-07
2.27721e-07
-2.01027e-06
1.34956e-07
-1.48604e-06
5.0766e-07
-2.13258e-06
1.00207e-06
-1.58286e-06
1.29787e-06
-1.28587e-06
1.46526e-06
-5.44885e-07
1.34634e-06
4.15999e-07
1.00712e-06
9.44457e-07
6.66994e-07
1.00302e-06
4.41547e-07
8.75953e-07
3.08756e-07
7.54222e-07
2.4373e-07
6.40388e-07
2.05701e-07
5.62609e-07
1.82101e-07
4.94222e-07
1.67769e-07
4.30379e-07
1.55368e-07
3.79401e-07
1.46995e-07
3.27132e-07
1.38425e-07
2.84896e-07
1.31027e-07
2.44014e-07
1.23704e-07
2.09216e-07
1.16294e-07
1.80326e-07
1.09041e-07
1.57417e-07
9.90738e-08
1.4898e-07
8.79492e-08
1.43709e-07
7.45313e-08
1.46752e-07
6.03183e-08
1.48594e-07
4.56506e-08
1.50464e-07
3.09099e-08
1.51825e-07
1.59352e-08
1.55257e-07
1.64558e-07
-8.64869e-08
-1.96553e-06
1.84657e-07
-1.75718e-06
-1.43983e-07
-1.80394e-06
2.04682e-07
-1.93152e-06
3.4583e-07
-1.42702e-06
3.6343e-07
-5.62485e-07
3.5238e-07
4.27049e-07
3.11204e-07
9.85633e-07
2.51823e-07
1.06241e-06
2.07922e-07
9.19854e-07
1.59033e-07
8.03111e-07
1.34139e-07
6.65282e-07
1.19297e-07
5.77452e-07
1.14236e-07
4.99282e-07
1.17123e-07
4.27492e-07
1.17272e-07
3.79253e-07
1.20077e-07
3.24327e-07
1.1871e-07
2.86263e-07
1.17334e-07
2.4539e-07
1.14218e-07
2.12331e-07
1.10088e-07
1.84456e-07
1.05664e-07
1.61841e-07
9.69812e-08
1.57663e-07
8.68338e-08
1.53856e-07
7.36298e-08
1.59956e-07
5.95756e-08
1.62648e-07
4.50227e-08
1.65017e-07
3.04621e-08
1.66386e-07
1.57228e-08
1.69996e-07
1.8028e-07
-7.1875e-07
-1.29475e-06
-8.73554e-07
-1.60237e-06
-1.35378e-06
-1.32371e-06
-1.34927e-06
-1.93603e-06
-1.32844e-06
-1.44786e-06
-1.52153e-06
-3.69396e-07
-1.32142e-06
2.26942e-07
-8.9765e-07
5.61864e-07
-5.91645e-07
7.56401e-07
-3.22206e-07
6.50415e-07
-1.77955e-07
6.5886e-07
-8.23134e-08
5.6964e-07
-1.58206e-08
5.10959e-07
2.63894e-08
4.57073e-07
6.00268e-08
3.93855e-07
7.69163e-08
3.62364e-07
9.31426e-08
3.08101e-07
9.87627e-08
2.80643e-07
1.03812e-07
2.40341e-07
1.04693e-07
2.1145e-07
1.03885e-07
1.85265e-07
1.02522e-07
1.63203e-07
9.49754e-08
1.65209e-07
8.58191e-08
1.63012e-07
7.27051e-08
1.7307e-07
5.87817e-08
1.76571e-07
4.433e-08
1.79468e-07
2.99661e-08
1.8075e-07
1.54919e-08
1.84471e-07
1.95772e-07
-5.91761e-07
-7.67862e-07
-8.87631e-07
-1.3065e-06
-8.34082e-07
-1.37726e-06
-1.2548e-06
-1.51531e-06
-1.42695e-06
-1.27571e-06
-1.49466e-06
-3.01686e-07
-1.32348e-06
5.57633e-08
-9.01672e-07
1.40053e-07
-7.24798e-07
5.79528e-07
-4.76681e-07
4.02298e-07
-3.29739e-07
5.11917e-07
-1.9561e-07
4.35511e-07
-9.92777e-08
4.14627e-07
-3.99292e-08
3.97724e-07
1.26459e-08
3.4128e-07
4.10472e-08
3.33962e-07
6.87321e-08
2.80416e-07
7.92698e-08
2.70105e-07
9.11553e-08
2.28456e-07
9.53442e-08
2.07261e-07
9.77839e-08
1.82826e-07
9.97769e-08
1.6121e-07
9.30937e-08
1.71892e-07
8.49576e-08
1.71149e-07
7.17595e-08
1.86268e-07
5.79385e-08
1.90392e-07
4.35683e-08
1.93838e-07
2.94201e-08
1.94898e-07
1.52436e-08
1.98647e-07
2.11016e-07
2.47973e-07
-1.03855e-06
2.55453e-07
-1.31398e-06
2.65029e-07
-1.38683e-06
-2.48338e-07
-1.00194e-06
-6.93787e-07
-8.30261e-07
-6.3383e-07
-3.61642e-07
-7.49373e-07
1.71306e-07
-6.6293e-07
5.36106e-08
-5.11292e-07
4.2789e-07
-4.68103e-07
3.59109e-07
-3.30142e-07
3.73957e-07
-2.54528e-07
3.59897e-07
-1.51517e-07
3.11616e-07
-8.66446e-08
3.32852e-07
-2.42355e-08
2.78871e-07
1.38826e-08
2.95845e-07
4.77817e-08
2.46517e-07
6.20183e-08
2.55868e-07
7.9951e-08
2.10523e-07
8.61901e-08
2.01023e-07
9.20461e-08
1.7697e-07
9.75986e-08
1.55658e-07
9.1323e-08
1.78168e-07
8.42989e-08
1.78173e-07
7.07758e-08
1.99791e-07
5.70462e-08
2.04122e-07
4.27309e-08
2.08154e-07
2.88218e-08
2.08807e-07
1.49797e-08
2.1249e-07
2.25995e-07
-1.62176e-07
-9.09647e-07
-7.38452e-07
-7.37708e-07
-1.23423e-06
-8.91052e-07
-1.32058e-06
-9.15592e-07
-1.34961e-06
-8.01239e-07
-1.26997e-06
-4.41277e-07
-8.75772e-07
-2.22893e-07
-1.10872e-06
2.86555e-07
-8.50379e-07
1.69553e-07
-5.9476e-07
1.0349e-07
-4.57776e-07
2.36974e-07
-3.31244e-07
2.33365e-07
-2.03687e-07
1.84059e-07
-1.28228e-07
2.57393e-07
-5.02762e-08
2.00919e-07
-6.00466e-09
2.51573e-07
3.12676e-08
2.09245e-07
4.8202e-08
2.38934e-07
7.03189e-08
1.88406e-07
7.72868e-08
1.94055e-07
8.7146e-08
1.67111e-07
9.61567e-08
1.46647e-07
8.99247e-08
1.844e-07
8.38865e-08
1.84211e-07
6.97164e-08
2.13962e-07
5.61045e-08
2.17733e-07
4.18063e-08
2.22452e-07
2.81684e-08
2.22445e-07
1.47019e-08
2.25956e-07
2.40697e-07
-9.26959e-07
-9.02678e-08
-1.45324e-06
-2.11427e-07
-1.88826e-06
-4.56035e-07
-2.00709e-06
-7.96764e-07
-1.55318e-06
-1.25514e-06
-1.16871e-06
-8.25754e-07
-7.21078e-07
-6.70522e-07
-1.03953e-06
6.05009e-07
-1.02922e-06
1.59236e-07
-6.27049e-07
-2.98676e-07
-4.02024e-07
1.19488e-08
-3.50609e-07
1.8195e-07
-2.12001e-07
4.54513e-08
-1.33567e-07
1.78959e-07
-6.58749e-08
1.33227e-07
-1.89688e-08
2.04667e-07
1.65148e-08
1.73762e-07
3.66628e-08
2.18786e-07
6.1923e-08
1.63146e-07
6.92153e-08
1.86762e-07
8.34457e-08
1.5288e-07
9.56215e-08
1.34471e-07
8.92704e-08
1.90751e-07
8.37435e-08
1.89738e-07
6.86405e-08
2.29065e-07
5.51129e-08
2.31261e-07
4.07864e-08
2.36779e-07
2.74573e-08
2.35774e-07
1.4413e-08
2.39001e-07
2.5511e-07
-4.87604e-07
3.37263e-07
-2.08744e-07
-4.90287e-07
-1.53276e-07
-5.11503e-07
-8.65569e-07
-8.44703e-08
-1.25077e-06
-8.69939e-07
-6.2972e-07
-1.4468e-06
-5.75924e-07
-7.24318e-07
-7.34152e-07
7.63237e-07
-9.17711e-07
3.42795e-07
-5.9284e-07
-6.23547e-07
-3.75592e-07
-2.05299e-07
-3.56984e-07
1.63342e-07
-2.01182e-07
-1.10351e-07
-1.36004e-07
1.13782e-07
-5.43164e-08
5.15385e-08
-1.11046e-08
1.61455e-07
2.12324e-08
1.41425e-07
3.26818e-08
2.07336e-07
5.77398e-08
1.38088e-07
6.31932e-08
1.81309e-07
8.12298e-08
1.34844e-07
9.61878e-08
1.19513e-07
8.9472e-08
1.97467e-07
8.3871e-08
1.95338e-07
6.76712e-08
2.45265e-07
5.40655e-08
2.44866e-07
3.96803e-08
2.51165e-07
2.66857e-08
2.48768e-07
1.41162e-08
2.51571e-07
2.69226e-07
8.87166e-09
2.84556e-07
-1.73486e-07
-3.07929e-07
-7.28166e-07
4.31777e-08
-9.04703e-07
9.20664e-08
-1.24688e-06
-5.27761e-07
-1.14638e-06
-1.5473e-06
-1.03924e-06
-8.31462e-07
-7.51262e-07
4.75261e-07
-6.19233e-07
2.10766e-07
-5.39983e-07
-7.02796e-07
-4.52265e-07
-2.93018e-07
-2.16843e-07
-7.20795e-08
-1.81233e-07
-1.4596e-07
-8.92846e-08
2.18333e-08
-6.56955e-08
2.79493e-08
-2.39649e-08
1.19724e-07
-3.78321e-09
1.21243e-07
1.71286e-08
1.86424e-07
4.36356e-08
1.11581e-07
5.36426e-08
1.71301e-07
7.92912e-08
1.09195e-07
9.799e-08
1.00814e-07
9.06016e-08
2.04856e-07
8.42625e-08
2.01677e-07
6.68322e-08
2.62696e-07
5.294e-08
2.58758e-07
3.84855e-08
2.6562e-07
2.58501e-08
2.61403e-07
1.38154e-08
2.63606e-07
2.83041e-07
5.12058e-07
-1.95672e-07
2.73078e-07
-6.89495e-08
-1.42277e-07
4.58533e-07
-1.37835e-07
8.76239e-08
-3.74063e-07
-2.91533e-07
-1.07407e-06
-8.47291e-07
-1.1506e-06
-7.54934e-07
-5.92146e-07
-8.31952e-08
-2.5126e-07
-1.30121e-07
-3.42424e-07
-6.11632e-07
-2.99152e-07
-3.36289e-07
-1.36499e-07
-2.34733e-07
-1.26759e-07
-1.557e-07
-5.36092e-08
-5.13166e-08
-8.10943e-09
-1.75507e-08
2.96924e-08
8.19223e-08
3.95822e-08
1.11353e-07
3.01401e-08
1.95866e-07
5.87221e-08
8.29994e-08
5.5899e-08
1.74124e-07
8.13948e-08
8.36998e-08
1.01822e-07
8.03867e-08
9.27985e-08
2.13879e-07
8.49057e-08
2.0957e-07
6.60845e-08
2.81517e-07
5.1692e-08
2.7315e-07
3.71963e-08
2.80116e-07
2.49458e-08
2.73653e-07
1.35154e-08
2.75036e-07
2.96556e-07
-2.93926e-07
-5.58062e-08
-5.34462e-08
-3.09429e-07
7.95925e-07
-3.90838e-07
8.62214e-07
2.13343e-08
7.26301e-07
-1.5562e-07
3.17784e-07
-4.38774e-07
-2.54034e-07
-1.83115e-07
-6.49034e-08
-2.72326e-07
1.73535e-07
-3.68559e-07
8.75656e-08
-5.25663e-07
-6.65251e-09
-2.42071e-07
2.42349e-08
-2.65621e-07
-1.27026e-08
-1.18763e-07
1.21342e-08
-7.61536e-08
-2.46937e-08
1.9277e-08
-1.08219e-08
6.80503e-08
-1.7612e-08
1.18143e-07
-5.88079e-09
1.84134e-07
1.9428e-08
5.76906e-08
3.65002e-08
1.57052e-07
7.05099e-08
4.96901e-08
1.04494e-07
4.64021e-08
9.61083e-08
2.22266e-07
8.57641e-08
2.19914e-07
6.53688e-08
3.01913e-07
5.02602e-08
2.88259e-07
3.58045e-08
2.94572e-07
2.39638e-08
2.85494e-07
1.3222e-08
2.85779e-07
3.09778e-07
-8.9939e-07
5.8662e-07
-8.92382e-07
-3.16438e-07
-5.50784e-07
-7.32436e-07
-2.11772e-07
-3.17678e-07
-1.58068e-08
-3.51585e-07
-7.07361e-08
-3.83844e-07
-5.1914e-08
-2.01937e-07
1.14689e-07
-4.38929e-07
2.5836e-07
-5.1223e-07
7.05974e-08
-3.379e-07
4.34394e-08
-2.14913e-07
2.03445e-08
-2.42526e-07
2.5324e-08
-1.23742e-07
4.11367e-08
-9.19663e-08
8.77382e-08
-2.73247e-08
9.9767e-08
5.60214e-08
7.92368e-08
1.38673e-07
3.18863e-08
2.31485e-07
6.80476e-08
2.15292e-08
5.15563e-08
1.73543e-07
8.73441e-08
1.39023e-08
1.18013e-07
1.57333e-08
1.01333e-07
2.38946e-07
8.68413e-08
2.34406e-07
6.46095e-08
3.24145e-07
4.85778e-08
3.0429e-07
3.42985e-08
3.08851e-07
2.28888e-08
2.96903e-07
1.29422e-08
2.95725e-07
3.2272e-07
-4.98967e-09
4.88628e-07
-1.93831e-07
-1.27596e-07
-9.5104e-07
2.47728e-08
-8.47782e-07
-4.20936e-07
-6.78007e-07
-5.2136e-07
-5.42631e-07
-5.1922e-07
-1.42983e-07
-6.01586e-07
1.15311e-07
-6.97223e-07
3.86284e-07
-7.83202e-07
3.1702e-07
-2.68637e-07
2.65364e-07
-1.63256e-07
1.66461e-07
-1.43623e-07
1.2406e-07
-8.13416e-08
8.52129e-08
-5.31195e-08
7.7496e-09
5.01385e-08
-6.84125e-09
7.0612e-08
-4.2208e-08
1.7404e-07
-5.18549e-08
2.41132e-07
-1.54102e-08
-1.49156e-08
1.38909e-08
1.44241e-07
5.95151e-08
-3.17221e-08
1.14659e-07
-3.94106e-08
1.07662e-07
2.45943e-07
8.79052e-08
2.54163e-07
6.36941e-08
3.48356e-07
4.65792e-08
3.21405e-07
3.2663e-08
3.22768e-07
2.16986e-08
3.07867e-07
1.26846e-08
3.0474e-07
3.35405e-07
-3.37199e-08
-1.55374e-07
1.21914e-07
-2.8323e-07
-1.36569e-07
2.83256e-07
-3.2773e-08
-5.24732e-07
2.31507e-07
-7.8564e-07
3.13387e-07
-6.011e-07
1.60384e-08
-3.04237e-07
7.53681e-08
-7.56553e-07
2.60301e-07
-9.68136e-07
2.82552e-07
-2.90888e-07
2.88494e-07
-1.69198e-07
1.85071e-07
-4.02002e-08
1.99937e-07
-9.62079e-08
1.41693e-07
5.12437e-09
2.23822e-07
-3.19901e-08
2.10027e-07
8.44062e-08
1.17285e-07
2.66782e-07
3.84584e-08
3.19958e-07
8.06612e-08
-5.71184e-08
4.70151e-08
1.77887e-07
9.37249e-08
-7.8432e-08
1.53208e-07
-9.88933e-08
1.1769e-07
2.81461e-07
8.92528e-08
2.826e-07
6.24877e-08
3.75121e-07
4.42012e-08
3.39691e-07
3.08813e-08
3.36088e-07
2.03684e-08
3.1838e-07
1.2459e-08
3.12649e-07
3.47864e-07
-1.007e-07
9.88278e-07
-6.96372e-07
3.12442e-07
6.39139e-07
-1.05226e-06
1.36774e-06
-1.25333e-06
1.0965e-06
-5.14405e-07
9.58158e-07
-4.62759e-07
8.25646e-07
-1.71725e-07
2.13503e-07
-1.44408e-07
-5.73457e-08
-6.97288e-07
3.88227e-07
-7.3646e-07
3.31512e-07
-1.12483e-07
2.34329e-07
5.69823e-08
1.53274e-07
-1.51535e-08
1.04623e-07
5.3776e-08
-2.47017e-08
9.73343e-08
-9.5088e-09
6.92133e-08
-8.41443e-08
3.41417e-07
-1.72876e-07
4.08689e-07
-7.20852e-08
-1.57909e-07
-1.40963e-08
1.19899e-07
5.20917e-08
-1.4462e-07
1.3521e-07
-1.82012e-07
1.29627e-07
2.87044e-07
8.96777e-08
3.22548e-07
6.07409e-08
4.04058e-07
4.13689e-08
3.59063e-07
2.89346e-08
3.48522e-07
1.88762e-08
3.28438e-07
1.22747e-08
3.19251e-07
3.60138e-07
1.497e-06
5.29619e-07
2.69803e-06
-8.88589e-07
4.3531e-06
-2.70733e-06
5.87086e-06
-2.77109e-06
2.50079e-06
2.85566e-06
2.25578e-07
1.81245e-06
-1.69232e-06
1.74617e-06
-3.77323e-06
1.93649e-06
-3.19737e-06
-1.27316e-06
-2.73632e-07
-3.66018e-06
2.07904e-07
-5.94019e-07
7.76581e-08
1.87229e-07
2.25811e-07
-1.63307e-07
2.02304e-07
7.72832e-08
3.85247e-07
-8.56095e-08
3.89656e-07
6.48042e-08
1.2151e-07
6.09563e-07
4.41397e-08
4.86059e-07
8.84599e-08
-2.02229e-07
3.79272e-08
1.70431e-07
1.042e-07
-2.10892e-07
2.11446e-07
-2.89258e-07
1.4679e-07
3.51699e-07
9.13143e-08
3.78024e-07
5.82409e-08
4.37132e-07
3.80437e-08
3.79259e-07
2.68346e-08
3.59732e-07
1.72552e-08
3.38017e-07
1.21529e-08
3.24353e-07
3.72291e-07
1.71744e-06
-3.45204e-07
2.19131e-06
-1.36246e-06
1.47628e-06
-1.9923e-06
5.39708e-06
-6.69189e-06
6.04479e-06
2.20794e-06
5.28129e-06
2.57595e-06
5.56777e-06
1.45968e-06
4.92409e-06
2.5802e-06
2.10486e-06
1.54606e-06
3.2191e-07
-1.87724e-06
5.39842e-07
-8.11952e-07
1.05694e-06
-3.29866e-07
7.08097e-07
1.85533e-07
1.90897e-07
5.94484e-07
-1.24266e-07
2.29553e-07
1.17016e-07
-1.76478e-07
-3.74555e-08
7.64035e-07
-4.63319e-07
9.11922e-07
-1.74369e-07
-4.91179e-07
-4.54362e-08
4.14984e-08
3.17908e-08
-2.88119e-07
1.76571e-07
-4.34038e-07
1.68902e-07
3.59369e-07
8.84945e-08
4.58431e-07
5.43499e-08
4.71277e-07
3.40061e-08
3.99603e-07
2.44731e-08
3.69265e-07
1.53898e-08
3.471e-07
1.20565e-08
3.27687e-07
3.84348e-07
7.82443e-08
-5.87815e-07
-4.52123e-07
-8.32092e-07
-7.01115e-07
-1.74331e-06
-9.0883e-07
-6.48419e-06
2.09761e-06
-7.98481e-07
3.38234e-06
1.29123e-06
5.97723e-06
-1.1352e-06
8.19608e-06
3.61353e-07
7.44768e-06
2.29449e-06
4.91765e-07
5.07866e-06
-7.96539e-07
4.76357e-07
-3.25927e-07
-8.00478e-07
-2.72693e-07
1.32299e-07
-2.74517e-07
5.96307e-07
3.4251e-07
-3.87473e-07
5.98615e-07
-4.32583e-07
-6.66219e-09
1.36931e-06
-5.15884e-08
9.56848e-07
5.26145e-08
-5.95381e-07
2.8062e-08
6.60509e-08
1.30014e-07
-3.90071e-07
3.04026e-07
-6.08051e-07
1.9192e-07
4.71476e-07
8.95769e-08
5.60774e-07
4.89882e-08
5.11866e-07
2.96111e-08
4.1898e-07
2.2338e-08
3.76538e-07
1.39108e-08
3.55527e-07
1.21603e-08
3.29438e-07
3.96508e-07
1.27344e-06
-1.36572e-06
1.73392e-06
-1.29258e-06
2.08601e-06
-2.0954e-06
-2.16101e-07
-4.18209e-06
2.55425e-07
-1.27003e-06
2.31715e-06
-7.70503e-07
3.48776e-06
-2.3058e-06
4.32339e-06
-4.74277e-07
7.19762e-09
6.61069e-06
-1.14488e-06
6.23073e-06
-5.59154e-07
-1.09384e-07
6.20759e-07
-1.98039e-06
1.91232e-06
-1.15926e-06
5.8184e-07
1.92678e-06
-6.52692e-07
8.47059e-07
4.34711e-07
-1.51999e-06
2.54582e-07
1.54944e-06
-1.19951e-06
2.41094e-06
-3.99868e-07
-1.39502e-06
-1.61401e-08
-3.17677e-07
-6.07115e-09
-4.0014e-07
2.62783e-07
-8.76905e-07
2.38846e-07
4.95412e-07
7.9617e-08
7.20003e-07
4.02692e-08
5.51214e-07
2.36776e-08
4.35571e-07
1.90715e-08
3.81144e-07
1.09108e-08
3.63688e-07
1.21498e-08
3.28199e-07
4.08657e-07
-1.22036e-06
-2.5572e-06
-9.64249e-07
-1.54868e-06
-1.99708e-06
-1.06257e-06
-2.44034e-06
-3.73881e-06
-3.04424e-06
-6.66131e-07
-5.54695e-06
1.73222e-06
-9.19875e-06
1.34603e-06
-1.08565e-05
1.18349e-06
-7.75649e-06
3.51066e-06
-1.14647e-06
-3.79292e-07
-1.59843e-06
3.42572e-07
-6.49517e-07
-2.9293e-06
4.3225e-07
-2.24102e-06
8.7021e-07
1.48882e-06
-1.06126e-06
2.77853e-06
-3.73327e-07
-2.20792e-06
-4.8152e-07
1.65763e-06
-4.39306e-07
2.36873e-06
-3.53275e-07
-1.48106e-06
-2.4215e-07
-4.28802e-07
3.29265e-07
-9.71554e-07
4.38498e-07
-9.86139e-07
2.54825e-07
6.79086e-07
8.22988e-08
8.92529e-07
2.95497e-08
6.03963e-07
1.84989e-08
4.46622e-07
1.83799e-08
3.81263e-07
1.19345e-08
3.70133e-07
1.71175e-08
3.23016e-07
4.25775e-07
-1.24526e-06
-2.04576e-06
4.17263e-07
-3.2112e-06
3.83801e-07
-1.02911e-06
-2.7427e-06
-6.1232e-07
-3.32202e-06
-8.68103e-08
-2.07841e-06
4.88612e-07
-2.76575e-06
2.03339e-06
-2.88452e-06
1.30224e-06
1.19592e-06
-5.69783e-07
-2.58676e-07
1.0753e-06
-1.39761e-06
1.48151e-06
-5.30691e-06
9.80001e-07
-4.54917e-06
-2.99877e-06
-4.98307e-07
-2.56204e-06
-4.08126e-07
2.68835e-06
-3.98108e-06
1.36503e-06
-1.47446e-06
-8.48983e-07
3.6379e-06
-2.74363e-06
3.20877e-07
1.83597e-06
7.54605e-07
-8.62531e-07
2.70371e-06
-2.92066e-06
2.081e-07
1.50947e-06
3.02107e-07
5.85079e-07
4.63686e-08
1.14827e-06
8.3416e-09
6.4199e-07
6.10456e-09
4.48859e-07
8.52207e-09
3.78846e-07
2.38978e-08
3.54757e-07
-1.14226e-07
4.6114e-07
3.11549e-07
-1.71726e-07
-1.14089e-08
4.03052e-08
1.97466e-07
-5.40123e-09
3.92579e-07
-6.06825e-09
3.40523e-07
-4.4942e-09
4.26785e-07
-2.42862e-08
6.18707e-07
-2.59598e-07
1.32386e-06
-8.18192e-07
7.57464e-08
-1.22921e-06
1.66006e-06
-7.88799e-07
-2.45131e-06
-6.96673e-07
-1.89768e-07
-5.93927e-07
1.80747e-06
-3.95557e-07
-1.69795e-06
-3.96934e-07
-2.90163e-06
3.78017e-08
6.01792e-07
3.07254e-07
9.46565e-07
2.31437e-07
-3.10081e-07
2.30808e-07
1.48158e-06
3.78595e-07
-1.38121e-06
3.5386e-07
1.30475e-07
2.55399e-07
-2.36822e-06
2.45512e-07
4.45891e-07
3.76112e-07
1.3523e-06
6.20817e-07
1.07255e-06
4.26556e-07
3.53785e-07
1.93821e-07
-2.71394e-07
1.39144e-07
-1.3404e-07
1.6227e-07
1.04532e-07
1.90379e-07
-2.80718e-07
-5.88926e-07
1.64771e-07
-2.02163e-07
-3.46642e-07
2.86441e-08
-3.33409e-08
-2.29101e-08
4.44134e-07
-2.3471e-08
3.41084e-07
-1.62937e-08
4.19608e-07
-3.11284e-08
6.33542e-07
-2.96925e-07
1.58966e-06
-9.32095e-07
7.10916e-07
-1.17514e-06
1.9031e-06
-8.40068e-07
-2.78638e-06
-1.03895e-06
9.11869e-09
-2.8809e-07
1.05661e-06
1.4947e-07
-2.13551e-06
-2.62583e-07
-2.48958e-06
-1.60331e-08
3.55243e-07
3.94154e-07
5.36378e-07
4.35915e-07
-3.51843e-07
-1.47076e-07
2.06457e-06
2.61717e-09
-1.53091e-06
3.24277e-07
-1.91185e-07
2.90408e-07
-2.33435e-06
2.52988e-07
4.83311e-07
4.19188e-07
1.1861e-06
6.72753e-07
8.18988e-07
3.57885e-07
6.68654e-07
2.25132e-07
-1.3864e-07
2.87331e-07
-1.9624e-07
3.61347e-07
3.0515e-08
3.1181e-07
-2.3118e-07
-5.05592e-07
2.28476e-07
-4.93585e-07
-6.38743e-07
-6.86337e-08
-4.58293e-07
-1.765e-07
5.52e-07
-1.80844e-07
3.45428e-07
-1.50888e-07
3.89652e-07
-7.32254e-08
5.55879e-07
-3.43386e-07
1.85982e-06
-1.10148e-06
1.46901e-06
-7.70721e-07
1.57234e-06
-3.5956e-07
-3.19754e-06
-1.36654e-06
1.0161e-06
-2.92691e-07
-1.72468e-08
-1.73245e-07
-2.25496e-06
-5.44153e-07
-2.11867e-06
-7.96095e-08
-1.09301e-07
6.32648e-07
-1.75879e-07
7.73261e-07
-4.92456e-07
-2.51634e-07
3.08947e-06
-1.82601e-07
-1.59994e-06
2.16122e-07
-5.89909e-07
2.27349e-07
-2.34557e-06
2.50763e-07
4.59898e-07
3.33858e-07
1.103e-06
3.40333e-07
8.12513e-07
3.71514e-07
6.37473e-07
3.69079e-07
-1.36205e-07
4.18346e-07
-2.45507e-07
5.56725e-07
-1.07864e-07
5.27789e-07
-2.02244e-07
-2.77881e-07
3.00078e-07
-1.56696e-06
-3.46992e-07
-1.49893e-06
-5.26325e-07
-9.11308e-07
-3.56178e-08
-7.57865e-07
1.91985e-07
-5.75856e-07
2.07643e-07
-2.62864e-07
2.42886e-07
-3.71457e-07
1.96841e-06
-1.16544e-06
2.26299e-06
-1.02298e-06
1.42988e-06
-1.40554e-07
-4.07997e-06
-4.98438e-07
1.37399e-06
-3.54075e-07
-1.61609e-07
-7.24544e-07
-1.88449e-06
-6.33034e-07
-2.21018e-06
-1.25628e-07
-6.16707e-07
1.06999e-06
-1.3715e-06
5.63687e-07
1.38503e-08
-5.90438e-07
4.24358e-06
-1.04582e-07
-2.0858e-06
2.91567e-07
-9.86058e-07
2.24336e-07
-2.27834e-06
2.68902e-07
4.15333e-07
3.55996e-07
1.01591e-06
3.22498e-07
8.46011e-07
5.26485e-07
4.33486e-07
5.86108e-07
-1.95827e-07
5.39412e-07
-1.98812e-07
5.96572e-07
-1.65023e-07
4.58803e-07
-6.4475e-08
-1.13003e-07
2.93925e-07
-1.45704e-06
-8.94494e-08
-1.52559e-06
-4.57769e-07
-1.5366e-06
-2.4607e-08
-1.1394e-06
-2.05214e-07
-9.37815e-07
6.05503e-09
-5.88917e-07
-1.06011e-07
-5.67869e-07
1.94736e-06
-1.44132e-06
3.13643e-06
-1.28819e-06
1.27676e-06
1.9792e-07
-5.56608e-06
8.92601e-07
6.79305e-07
-2.04765e-06
2.77864e-06
-1.28885e-06
-2.64329e-06
-1.31281e-07
-3.36775e-06
5.49164e-07
-1.29715e-06
2.44522e-06
-3.26756e-06
2.44534e-06
1.37299e-08
6.01001e-07
6.08791e-06
-9.03171e-08
-1.39448e-06
3.10581e-07
-1.38696e-06
7.87529e-08
-2.04651e-06
2.95122e-07
1.98964e-07
5.01631e-07
8.094e-07
4.46373e-07
9.01269e-07
5.66358e-07
3.13501e-07
5.88061e-07
-2.1753e-07
4.84512e-07
-9.52635e-08
4.05085e-07
-8.55961e-08
4.02282e-07
-6.16721e-08
-1.31471e-07
4.20751e-07
-1.7827e-06
3.39277e-07
-2.10969e-06
-1.30776e-07
-1.63194e-06
-5.02353e-07
-1.20245e-06
-6.34713e-07
-9.9547e-07
-2.00921e-07
-8.16216e-07
-2.85265e-07
-8.61742e-07
1.99289e-06
-1.78814e-06
4.06284e-06
-2.36923e-06
1.85784e-06
1.71525e-06
-9.65056e-06
1.73969e-06
6.54857e-07
-5.99012e-09
4.52433e-06
1.97616e-07
-2.84689e-06
8.12156e-09
-3.17826e-06
1.95358e-06
-3.24261e-06
2.8177e-06
-4.13168e-06
2.81544e-06
1.59788e-08
7.92412e-07
8.11096e-06
-2.36713e-09
-5.99695e-07
4.96777e-07
-1.8861e-06
6.87082e-08
-1.61844e-06
7.81426e-08
1.89529e-07
3.49721e-07
5.37822e-07
5.00935e-07
7.50055e-07
6.07106e-07
2.0733e-07
4.90732e-07
-1.01157e-07
4.53595e-07
-5.81264e-08
4.62156e-07
-9.41565e-08
3.61088e-07
3.93965e-08
7.45978e-08
1.55018e-07
-1.56579e-06
7.70755e-07
-2.20659e-06
5.10026e-07
-1.81031e-06
-8.98631e-07
-1.73432e-06
-7.10703e-07
-1.41796e-06
-5.17283e-07
-1.03829e-06
-6.64936e-07
-1.04137e-06
1.99597e-06
-1.78518e-06
4.80664e-06
-2.26248e-06
2.33514e-06
1.80456e-06
-1.37176e-05
1.90809e-06
5.51328e-07
-6.84651e-08
6.50089e-06
1.24762e-07
-3.04012e-06
2.94359e-07
-3.34785e-06
1.28411e-06
-4.23236e-06
1.11185e-06
-3.95942e-06
1.49662e-06
-3.68786e-07
1.1359e-06
8.47166e-06
1.13278e-06
-5.9657e-07
5.01062e-07
-1.25438e-06
6.91934e-08
-1.18658e-06
-1.28855e-08
2.71608e-07
3.00564e-07
2.24373e-07
5.35945e-07
5.14673e-07
6.05938e-07
1.37337e-07
5.6256e-07
-5.77782e-08
4.63244e-07
4.11895e-08
5.6e-07
-1.90914e-07
4.18257e-07
1.8114e-07
3.06812e-07
1.86042e-07
-1.35367e-06
1.24467e-06
-1.96593e-06
1.12228e-06
-1.74339e-06
-1.12117e-06
-1.54685e-06
-9.07244e-07
-1.28712e-06
-7.77013e-07
-1.09249e-06
-8.59565e-07
-1.03084e-06
1.93432e-06
-8.74915e-07
4.65071e-06
-1.19914e-06
2.65937e-06
5.01203e-07
-1.54179e-05
1.36966e-06
-3.17121e-07
6.735e-07
7.19704e-06
2.89898e-07
-2.65652e-06
-3.85577e-07
-2.67238e-06
-5.23528e-07
-4.09441e-06
-2.16025e-07
-4.26692e-06
-1.53126e-07
-4.31684e-07
6.89178e-07
7.62938e-06
7.05e-07
-6.12389e-07
4.54766e-07
-1.00414e-06
2.46807e-07
-9.78617e-07
3.29091e-07
1.89324e-07
4.70714e-07
8.27498e-08
4.49239e-07
5.36148e-07
2.82268e-07
3.04307e-07
2.87741e-07
-6.3251e-08
3.70906e-07
-4.19752e-08
3.40402e-07
-1.60409e-07
2.2878e-07
2.92761e-07
3.12344e-07
2.23249e-07
-1.09828e-06
1.72376e-06
-1.67894e-06
1.70294e-06
-1.55508e-06
-1.24503e-06
-1.77793e-06
-6.84387e-07
-2.54564e-06
-9.30777e-09
-1.31769e-06
-2.08751e-06
-1.11746e-06
1.73408e-06
-7.63215e-07
4.29647e-06
2.41687e-06
-5.20717e-07
1.8667e-06
-1.48678e-05
4.37197e-07
1.11238e-06
6.19133e-07
7.01511e-06
7.59801e-07
-2.79719e-06
-3.07411e-07
-1.60517e-06
-3.58353e-07
-4.04347e-06
-7.79753e-07
-3.84552e-06
1.48273e-07
-1.35971e-06
1.7084e-07
7.60682e-06
5.77526e-07
-1.01907e-06
6.95811e-07
-1.12243e-06
3.0247e-07
-5.85276e-07
4.38953e-07
5.28411e-08
5.13887e-07
7.81617e-09
2.85944e-07
7.64091e-07
2.13912e-07
3.76339e-07
1.80951e-07
-3.02899e-08
3.16824e-07
-1.77848e-07
2.75042e-07
-1.18627e-07
1.01708e-07
4.66095e-07
7.5233e-07
-3.3828e-07
-8.12896e-07
2.1179e-06
-1.29743e-06
2.18747e-06
-1.21627e-06
-1.32619e-06
-1.51155e-06
-3.89099e-07
-1.58066e-06
5.98007e-08
-1.28136e-06
-2.38681e-06
-1.2602e-06
1.71292e-06
-1.18844e-06
4.22471e-06
-1.45623e-06
-2.52925e-07
-3.18797e-06
-1.31361e-05
-1.07764e-06
-9.97955e-07
-7.31451e-07
6.66891e-06
-1.30373e-06
-2.22492e-06
-1.82505e-07
-2.72639e-06
9.88466e-08
-4.32483e-06
-1.0414e-06
-2.70527e-06
-1.09464e-06
-1.30647e-06
-7.09523e-08
6.58309e-06
3.91888e-07
-1.48191e-06
6.48213e-07
-1.37876e-06
2.38881e-07
-1.75944e-07
5.5967e-07
-2.67947e-07
8.06772e-07
-2.39286e-07
5.99068e-07
9.71796e-07
4.73654e-07
5.01752e-07
3.57891e-07
8.54744e-08
3.2009e-07
-1.40048e-07
1.0803e-07
9.34322e-08
4.39e-08
5.30225e-07
8.65906e-07
-6.96764e-08
-5.414e-07
2.37663e-06
-8.99349e-07
2.54541e-06
-8.86474e-07
-1.33906e-06
-1.06883e-06
-2.06742e-07
-1.55227e-06
5.43236e-07
-1.69666e-06
-2.24242e-06
-1.33156e-06
1.34782e-06
-1.31834e-06
4.2115e-06
-2.965e-06
1.39374e-06
-2.52958e-06
-1.35714e-05
-3.63462e-07
-3.16409e-06
-1.96813e-07
6.50225e-06
-8.65591e-07
-1.55615e-06
6.24817e-07
-4.21679e-06
2.59164e-06
-6.29166e-06
-1.7144e-07
5.78097e-08
-9.28778e-07
-5.49129e-07
7.41293e-07
4.91302e-06
-1.51438e-07
-5.89171e-07
4.31906e-07
-1.9621e-06
7.55879e-07
-4.99917e-07
8.25109e-07
-3.37178e-07
8.97937e-07
-3.12114e-07
7.74155e-07
1.09558e-06
6.59478e-07
6.16429e-07
5.25259e-07
2.19693e-07
3.7935e-07
5.8612e-09
2.68711e-07
2.0407e-07
1.3525e-07
6.63686e-07
8.61385e-07
1.39771e-07
-3.16803e-07
2.49103e-06
-5.40366e-07
2.76898e-06
-5.87943e-07
-1.29149e-06
-6.95345e-07
-9.93398e-08
-9.02467e-07
7.50357e-07
-1.07152e-06
-2.07337e-06
-1.42319e-06
1.69948e-06
-1.50511e-06
4.29342e-06
-3.34652e-06
3.23515e-06
-1.95573e-06
-1.49622e-05
5.72069e-07
-5.6919e-06
4.90657e-08
7.02525e-06
-4.24754e-07
-1.08233e-06
-1.3293e-06
-3.31225e-06
-4.2227e-07
-7.19867e-06
1.35646e-06
-1.72092e-06
4.08442e-07
3.98889e-07
1.6633e-06
3.65816e-06
2.12233e-07
8.61899e-07
4.12619e-07
-2.16249e-06
7.69438e-07
-8.56737e-07
9.0453e-07
-4.72272e-07
8.44933e-07
-2.52516e-07
7.95385e-07
1.14513e-06
8.8535e-07
5.26465e-07
8.43328e-07
2.61714e-07
4.06766e-07
4.42423e-07
-2.28388e-08
6.33676e-07
-5.6362e-08
6.97209e-07
1.9139e-06
-1.10888e-06
-1.614e-07
2.48991e-06
-2.65526e-07
2.8731e-06
-3.5574e-07
-1.20127e-06
-4.95368e-07
4.02883e-08
-1.42784e-06
1.68283e-06
-2.37527e-06
-1.12594e-06
-1.57413e-06
8.98344e-07
-1.61796e-06
4.33725e-06
-5.49403e-08
1.67213e-06
-1.61041e-06
-1.34068e-05
-2.68701e-07
-7.03361e-06
7.80248e-07
5.97631e-06
5.775e-07
-8.79596e-07
-1.47309e-07
-2.58744e-06
5.94463e-07
-7.94045e-06
-3.3159e-07
-7.94857e-07
2.01538e-06
-1.94808e-06
4.45557e-06
1.21796e-06
1.53032e-06
3.78715e-06
8.53682e-08
-7.17535e-07
-3.49846e-07
-4.21523e-07
4.58549e-07
-1.28067e-06
2.65946e-07
-5.99126e-08
8.77939e-07
5.33133e-07
1.67427e-06
-2.69869e-07
1.10149e-06
8.345e-07
4.18642e-07
1.12527e-06
-1.37998e-07
1.19032e-06
2.03193e-07
3.56019e-07
2.05631e-06
6.07813e-08
-7.45556e-08
2.4181e-06
-8.92735e-08
2.88782e-06
-1.96907e-07
-1.09364e-06
-2.68138e-07
1.1152e-07
-4.1624e-07
1.83093e-06
-6.93222e-07
-8.48959e-07
-1.45358e-06
1.6587e-06
-1.71167e-06
4.59534e-06
-5.9382e-06
5.89865e-06
-1.83151e-06
-1.75135e-05
5.79696e-08
-8.92307e-06
6.00507e-07
5.43377e-06
9.91391e-07
-1.27047e-06
-3.49093e-07
-1.24696e-06
-2.64433e-06
-5.64522e-06
-2.02639e-06
-1.4128e-06
-1.40298e-06
-2.5715e-06
1.93823e-07
-3.78828e-07
-2.67181e-07
4.24816e-06
-2.05015e-06
1.06543e-06
-7.93002e-07
-1.67867e-06
3.62707e-07
-2.43638e-06
5.25306e-07
-2.22512e-07
1.15379e-06
-9.53438e-08
1.2215e-06
-3.37585e-07
1.15745e-06
8.98552e-07
1.46792e-06
8.14797e-07
2.4043e-07
2.41781e-06
-1.08013e-07
7.04463e-07
4.59686e-07
1.48861e-06
-3.66333e-08
2.31284e-06
9.95927e-09
2.84122e-06
-1.07468e-07
-9.76214e-07
-1.53984e-07
1.58035e-07
-2.53669e-07
1.93061e-06
-1.08158e-06
-2.105e-08
-1.60979e-06
2.18691e-06
-1.68103e-06
4.66658e-06
-4.38802e-07
4.65642e-06
-3.71128e-07
-1.75811e-05
-1.56165e-06
-7.73254e-06
-7.30794e-07
4.60291e-06
-1.61142e-07
-1.84012e-06
-2.41252e-07
-1.16685e-06
-2.33277e-06
-3.55371e-06
-2.36491e-06
-1.38067e-06
-1.0389e-06
-3.89752e-06
1.16757e-06
-2.5853e-06
9.40362e-07
4.47537e-06
2.36936e-07
1.76886e-06
5.87217e-08
-1.50046e-06
5.80292e-08
-2.43568e-06
1.98315e-07
-3.62802e-07
-8.95237e-07
9.98207e-07
1.24139e-07
-1.35696e-06
3.44731e-07
6.77957e-07
-4.1697e-07
1.57649e-06
7.18536e-08
1.92899e-06
-2.46936e-07
1.02325e-06
6.55128e-07
-4.42378e-07
-2.44623e-08
2.19483e-06
4.85321e-08
2.76823e-06
-6.6366e-08
-8.61316e-07
-1.0007e-07
1.91739e-07
-1.1455e-07
1.94509e-06
-5.57162e-07
4.21561e-07
-1.31172e-06
2.94147e-06
-1.83746e-06
5.19232e-06
-1.68878e-07
2.98784e-06
-9.0405e-07
-1.6846e-05
-1.84592e-06
-6.79067e-06
-1.63305e-06
4.39004e-06
-1.29834e-06
-2.17483e-06
-1.98098e-06
-4.84212e-07
-2.00704e-06
-3.52766e-06
-1.90808e-06
-1.47964e-06
-1.4175e-06
-4.38809e-06
2.24595e-08
-4.02527e-06
9.63916e-07
3.53391e-06
3.9432e-07
2.33845e-06
-6.89898e-08
-1.03715e-06
1.42832e-07
-2.64751e-06
3.84619e-07
-6.0459e-07
9.08952e-07
4.73866e-07
2.46715e-08
-4.72688e-07
-1.53523e-06
2.23785e-06
-1.16067e-06
1.20193e-06
-6.16324e-07
1.38464e-06
-4.97367e-07
9.04296e-07
8.08443e-07
-6.50682e-07
-2.25015e-08
2.07251e-06
6.26383e-08
2.68309e-06
-5.1376e-08
-7.47302e-07
-7.81301e-08
2.18493e-07
-5.92679e-08
1.92623e-06
-2.24357e-07
5.86649e-07
-4.92983e-07
3.2101e-06
-5.27244e-07
5.22658e-06
-2.60401e-08
2.48664e-06
-2.58679e-07
-1.66134e-05
-6.81922e-07
-6.36743e-06
-1.17602e-07
3.82572e-06
-3.14706e-07
-1.97772e-06
-9.28316e-08
-7.06084e-07
-3.96083e-07
-3.22441e-06
-1.10065e-06
-7.75077e-07
5.11594e-07
-6.00033e-06
3.77447e-07
-3.89114e-06
2.3922e-06
1.51915e-06
1.79378e-06
2.93686e-06
5.68695e-07
1.87935e-07
5.26769e-07
-2.60559e-06
1.5499e-06
-1.62772e-06
5.45836e-07
1.47793e-06
-1.08006e-06
1.1532e-06
-4.84081e-07
1.64186e-06
-9.63158e-07
1.68101e-06
-7.33837e-07
1.15532e-06
-4.78114e-07
6.48573e-07
7.3427e-07
-4.03941e-07
-2.36819e-08
1.94881e-06
6.63433e-08
2.59306e-06
-4.7136e-08
-6.33823e-07
-7.07097e-08
2.42067e-07
-3.80766e-08
1.89359e-06
-1.06371e-07
6.54944e-07
-3.25194e-08
3.13625e-06
5.90201e-07
4.60386e-06
1.35717e-06
1.71967e-06
-8.68751e-07
-1.43874e-05
-1.33647e-06
-5.89972e-06
-3.24414e-07
2.81366e-06
-7.62343e-07
-1.53979e-06
-1.34174e-06
-1.26678e-07
-1.44621e-06
-3.11995e-06
-1.32646e-06
-8.9482e-07
3.54379e-07
-7.68117e-06
8.00797e-07
-4.33757e-06
2.30561e-06
1.43257e-08
3.45762e-06
1.78486e-06
3.18583e-06
4.59711e-07
9.34918e-07
-3.54683e-07
3.58842e-07
-1.05165e-06
3.1204e-07
1.52473e-06
2.42352e-07
1.22288e-06
-7.1344e-07
2.59764e-06
-8.61632e-07
1.8292e-06
-5.51686e-07
8.4537e-07
-1.08361e-07
2.05248e-07
4.13554e-07
2.12355e-07
-2.55793e-08
1.82505e-06
6.66293e-08
2.50085e-06
-4.60938e-08
-5.21099e-07
-6.84108e-08
2.64384e-07
-2.82115e-08
1.85339e-06
-6.03796e-08
6.87112e-07
1.92145e-07
2.88372e-06
9.5138e-07
3.84461e-06
1.53545e-06
1.13559e-06
-2.67173e-07
-1.25848e-05
-7.91567e-07
-5.37533e-06
-2.33469e-07
2.25557e-06
-5.53187e-07
-1.22008e-06
-1.59713e-06
9.17268e-07
-1.49598e-06
-3.22111e-06
-4.50434e-07
-1.94036e-06
-2.83251e-07
-7.84835e-06
-1.30398e-06
-3.31686e-06
1.66924e-06
-2.95891e-06
4.80439e-07
2.97367e-06
9.30862e-07
9.28025e-09
1.73347e-06
-1.1573e-06
2.65603e-07
4.1622e-07
5.92399e-08
1.73108e-06
-7.67949e-07
2.05007e-06
-6.98107e-07
2.5278e-06
-3.63649e-07
1.49474e-06
-1.21211e-07
6.02932e-07
1.68471e-07
-8.44345e-08
3.42774e-07
2.39251e-07
-2.75329e-08
1.70228e-06
6.56803e-08
2.40764e-06
-4.55222e-08
-4.09896e-07
-6.71681e-08
2.8603e-07
-2.17931e-08
1.80801e-06
-3.18563e-08
6.97176e-07
2.55296e-07
2.59657e-06
9.97142e-07
3.10276e-06
1.42866e-06
7.04072e-07
-3.60802e-07
-1.07954e-05
-7.07939e-07
-5.02819e-06
2.01547e-08
1.52749e-06
3.11467e-07
-1.5114e-06
7.6849e-07
4.60248e-07
7.3065e-07
-3.18328e-06
9.63949e-07
-2.17367e-06
7.79188e-07
-7.66358e-06
1.16462e-06
-3.70228e-06
2.45705e-06
-4.25136e-06
2.27535e-06
3.15536e-06
9.93422e-07
1.29121e-06
1.18014e-06
-1.34402e-06
2.03231e-06
-4.35949e-07
2.68413e-06
1.07927e-06
2.10204e-06
2.63215e-06
7.72535e-07
3.8573e-06
3.43336e-07
1.92394e-06
-7.89011e-08
1.02517e-06
-6.72992e-07
5.09655e-07
1.0131e-06
-1.34331e-06
-2.93608e-08
1.58168e-06
6.39386e-08
2.31434e-06
-4.4673e-08
-3.01283e-07
-6.55837e-08
3.06941e-07
-1.61505e-08
1.75858e-06
-5.12383e-09
6.86152e-07
2.75214e-07
2.31624e-06
9.42782e-07
2.43519e-06
1.37223e-06
2.74617e-07
-2.27596e-07
-9.19553e-06
-5.74781e-07
-4.681e-06
6.23888e-08
8.90328e-07
4.18594e-07
-1.86762e-06
9.64918e-07
-8.60751e-08
1.70733e-06
-3.92568e-06
1.42294e-06
-1.88928e-06
-2.4269e-07
-5.99795e-06
-7.2863e-07
-3.21634e-06
1.72881e-06
-6.70881e-06
4.38051e-06
5.03649e-07
3.07768e-06
2.59405e-06
1.24901e-06
4.84645e-07
9.78983e-07
-1.65916e-07
1.48716e-06
5.71097e-07
2.45147e-06
1.66784e-06
2.20858e-06
4.10019e-06
9.44176e-07
3.18834e-06
-1.30582e-06
3.27517e-06
-2.92712e-06
2.13095e-06
7.38524e-07
-2.65255e-06
-3.09531e-08
1.46457e-06
6.1412e-08
2.22197e-06
-4.3372e-08
-1.96496e-07
-6.32831e-08
3.26853e-07
-1.06916e-08
1.70598e-06
1.01266e-08
6.65336e-07
2.83051e-07
2.04332e-06
8.68377e-07
1.84986e-06
1.24358e-06
-1.00587e-07
-1.38806e-07
-7.81314e-06
-4.46198e-07
-4.37361e-06
1.35487e-07
3.08647e-07
4.87952e-07
-2.22009e-06
9.06845e-07
-5.0497e-07
8.00162e-07
-3.81898e-06
1.68938e-06
-2.77849e-06
4.77707e-07
-4.7863e-06
3.67628e-07
-3.10626e-06
8.95709e-07
-7.2369e-06
2.29017e-06
-8.90799e-07
2.31378e-06
2.57043e-06
1.38202e-06
1.41641e-06
3.35539e-08
1.18255e-06
-3.66505e-07
9.71156e-07
1.07134e-06
2.29992e-07
1.70487e-06
3.46666e-06
2.94463e-06
1.94858e-06
2.98352e-06
3.23628e-06
1.35985e-06
3.75462e-06
1.45538e-06
6.42991e-07
-3.21981e-08
1.35247e-06
5.80146e-08
2.13176e-06
-4.1555e-08
-9.69235e-08
-6.0145e-08
3.45445e-07
-5.49687e-09
1.65134e-06
2.3094e-08
6.36749e-07
2.83614e-07
1.7828e-06
7.9495e-07
1.33853e-06
1.12279e-06
-4.28428e-07
-5.09797e-08
-6.63937e-06
-3.39007e-07
-4.08558e-06
2.02098e-07
-2.32455e-07
4.70379e-07
-2.48838e-06
8.38485e-07
-8.73072e-07
6.72632e-07
-3.65312e-06
2.39794e-07
-2.34565e-06
-4.48125e-07
-4.09839e-06
-1.57981e-07
-3.39639e-06
-1.49207e-06
-5.9028e-06
1.21971e-07
-2.50483e-06
1.03045e-06
1.66196e-06
5.59184e-07
1.88767e-06
3.18415e-07
1.42332e-06
-3.84625e-08
1.32803e-06
7.74269e-07
-5.8275e-07
2.879e-06
1.36193e-06
2.36368e-06
2.46389e-06
1.28574e-06
4.31422e-06
1.26205e-06
3.77829e-06
2.34281e-06
3.74604e-07
-3.29455e-08
1.24707e-06
5.36881e-08
2.04512e-06
-3.92039e-08
-4.02771e-09
-5.61183e-08
3.62361e-07
3.91338e-10
1.59483e-06
3.48826e-08
6.02262e-07
2.7752e-07
1.54016e-06
7.22446e-07
8.93596e-07
1.0005e-06
-7.0648e-07
1.94258e-08
-5.6583e-06
-2.47983e-07
-3.81817e-06
2.29723e-07
-7.10155e-07
3.95702e-07
-2.65435e-06
8.40131e-07
-1.31749e-06
6.45516e-07
-3.45852e-06
1.0709e-06
-2.77103e-06
9.64252e-07
-3.99174e-06
9.60069e-07
-3.39218e-06
-1.18424e-06
-3.75848e-06
-1.18334e-06
-2.50573e-06
-1.63049e-07
6.41673e-07
4.14771e-08
1.68314e-06
7.11659e-07
7.53134e-07
9.34108e-07
1.10557e-06
5.64304e-07
-2.12943e-07
1.29202e-06
6.34208e-07
8.72536e-07
2.88339e-06
1.13524e-06
4.05151e-06
1.4778e-06
3.43573e-06
2.6568e-06
1.16381e-06
-3.30424e-08
1.15035e-06
4.82363e-08
1.96384e-06
-3.62633e-08
8.04758e-08
-5.11304e-08
3.77231e-07
6.62879e-09
1.53707e-06
4.4422e-08
5.64473e-07
2.64648e-07
1.31994e-06
6.48496e-07
5.09743e-07
8.75528e-07
-9.33511e-07
5.61307e-08
-4.8389e-06
-1.63143e-07
-3.5989e-06
2.4923e-07
-1.12252e-06
3.49333e-07
-2.75445e-06
6.4021e-07
-1.60837e-06
4.34363e-07
-3.25269e-06
3.73814e-07
-2.71047e-06
3.0796e-07
-3.92589e-06
-5.14536e-07
-2.56966e-06
-1.83443e-06
-2.43858e-06
-2.08904e-06
-2.25111e-06
-1.10796e-06
-3.39408e-07
6.27514e-08
5.12431e-07
6.98561e-07
1.17309e-07
1.07963e-06
7.2449e-07
7.82275e-07
8.44022e-08
9.53038e-07
4.63446e-07
1.38321e-06
2.45321e-06
2.25182e-06
3.18289e-06
2.53571e-06
3.15184e-06
2.79163e-06
2.40087e-06
-3.22771e-08
1.06452e-06
4.15522e-08
1.89002e-06
-3.2704e-08
1.54736e-07
-4.51953e-08
3.89727e-07
1.05221e-08
1.48135e-06
5.04989e-08
5.24501e-07
2.44273e-07
1.12617e-06
5.68933e-07
1.85075e-07
7.46518e-07
-1.1111e-06
8.5282e-08
-4.17767e-06
-9.42088e-08
-3.4194e-06
2.47555e-07
-1.46428e-06
2.84746e-07
-2.79165e-06
5.57141e-07
-1.88077e-06
3.12093e-07
-3.00766e-06
1.4287e-07
-2.54123e-06
-8.95935e-07
-2.88709e-06
-7.65126e-07
-2.70045e-06
-5.93553e-07
-2.61013e-06
-1.2231e-06
-1.62155e-06
-8.09592e-07
-7.52922e-07
-1.12784e-07
-1.84382e-07
2.02965e-07
-1.9846e-07
4.23135e-07
5.04317e-07
2.94084e-07
2.13454e-07
4.00165e-07
3.57363e-07
1.00956e-06
1.84382e-06
1.38162e-06
2.81083e-06
1.62708e-06
2.90637e-06
2.62327e-06
1.79544e-06
-3.0409e-08
9.92203e-07
3.34548e-08
1.82615e-06
-2.84686e-08
2.16661e-07
-3.83072e-08
3.99572e-07
1.20086e-08
1.43104e-06
5.16837e-08
4.8483e-07
2.1473e-07
9.63119e-07
4.7948e-07
-7.96816e-08
6.11605e-07
-1.24322e-06
1.02928e-07
-3.669e-06
-3.97208e-08
-3.27674e-06
2.27301e-07
-1.73129e-06
2.35329e-07
-2.7997e-06
4.186e-07
-2.06406e-06
2.84716e-07
-2.87379e-06
2.67275e-07
-2.52376e-06
7.92559e-08
-2.69909e-06
-2.28336e-07
-2.39286e-06
-7.96418e-07
-2.04204e-06
-9.20407e-07
-1.49757e-06
-7.18007e-07
-9.55327e-07
-3.07327e-07
-5.95069e-07
-1.74805e-07
-3.30995e-07
-4.05914e-07
7.35415e-07
-1.19177e-06
9.9932e-07
-1.43831e-06
6.03912e-07
-1.02394e-06
1.42945e-06
-7.13795e-07
2.50069e-06
2.63954e-08
2.16618e-06
1.93068e-06
7.18987e-07
-2.7164e-08
9.36505e-07
2.36859e-08
1.7753e-06
-2.34468e-08
2.63795e-07
-3.04134e-08
4.06546e-07
1.0865e-08
1.38976e-06
4.67213e-08
4.48976e-07
1.73908e-07
8.35932e-07
3.75443e-07
-2.81223e-07
4.66743e-07
-1.33451e-06
1.02798e-07
-3.30504e-06
1.73576e-10
-3.17411e-06
1.91042e-07
-1.92216e-06
1.76049e-07
-2.78472e-06
3.1763e-07
-2.20564e-06
1.70851e-07
-2.72702e-06
1.40247e-07
-2.49314e-06
-3.12377e-08
-2.52761e-06
-2.9201e-07
-2.13208e-06
-5.52132e-07
-1.7819e-06
-6.53496e-07
-1.39618e-06
-5.71313e-07
-1.0375e-06
-4.19794e-07
-7.46605e-07
-3.8554e-07
-3.65251e-07
-5.42626e-07
8.92505e-07
-1.92362e-06
2.38031e-06
-2.80712e-06
1.48742e-06
-2.32713e-06
9.49474e-07
-1.57959e-06
1.75316e-06
-7.52118e-07
1.33871e-06
1.22493e-06
-4.63698e-08
-2.24159e-08
9.01125e-07
1.18019e-08
1.74108e-06
-1.74575e-08
2.93056e-07
-2.14003e-08
4.10499e-07
6.79985e-09
1.36156e-06
3.43256e-08
4.21446e-07
1.18747e-07
7.51511e-07
2.51686e-07
-4.14162e-07
3.06026e-07
-1.38885e-06
8.04316e-08
-3.07944e-06
1.19664e-08
-3.10564e-06
1.33439e-07
-2.04364e-06
1.13729e-07
-2.76502e-06
1.9118e-07
-2.28308e-06
1.09096e-07
-2.64494e-06
2.84712e-08
-2.41252e-06
-1.69752e-07
-2.32938e-06
-2.52026e-07
-2.04979e-06
-3.47951e-07
-1.68597e-06
-4.44611e-07
-1.29953e-06
-5.29229e-07
-9.52886e-07
-5.96486e-07
-6.79345e-07
-6.33251e-07
-3.28484e-07
-3.37579e-07
5.96839e-07
-5.15338e-07
2.55808e-06
-1.84482e-06
2.81691e-06
-1.73041e-06
8.3507e-07
-1.08245e-06
1.10521e-06
-6.91819e-07
9.48083e-07
8.77354e-07
-3.44238e-07
-1.80619e-08
-2.90212e-09
-1.00802e-08
-1.06659e-08
6.67093e-10
1.5852e-08
4.7148e-08
9.68224e-08
1.15666e-07
3.41525e-08
6.65191e-09
5.07274e-08
3.76056e-08
7.27974e-08
4.1515e-08
4.28642e-08
3.04508e-08
-5.61981e-08
-1.27852e-07
-1.63594e-07
-1.68597e-07
-1.68781e-07
-4.55243e-08
3.74721e-07
-2.09281e-07
-1.89479e-06
-1.49718e-06
-1.05277e-06
-7.65708e-07
-5.35157e-07
-2.60919e-08
-1.8549e-06
-3.18759e-07
-2.91854e-06
-2.56134e-07
-1.09174e-06
-2.73746e-07
-5.94708e-07
-3.01576e-07
-5.89797e-08
-1.16389e-07
3.03426e-07
-1.00089e-07
2.0171e-06
6.89864e-08
1.13316e-06
9.15238e-08
-5.92319e-07
-2.88831e-07
1.45566e-06
-4.03317e-07
1.59599e-06
-5.93753e-07
1.17044e-06
-7.89749e-07
-2.80277e-06
-6.27762e-07
-2.72403e-06
3.97864e-08
2.0208e-06
8.18705e-07
5.8611e-07
8.3459e-07
-8.64868e-07
9.05585e-07
-2.81463e-06
1.03248e-06
1.70908e-06
6.37885e-07
-4.67937e-07
5.56285e-07
-2.83906e-06
4.17783e-07
1.64798e-06
1.24105e-07
8.78757e-07
1.25806e-08
1.25979e-06
2.15365e-09
6.52417e-07
4.33418e-09
4.46678e-07
4.15894e-09
3.79021e-07
-4.02274e-08
3.99144e-07
1.71076e-07
2.49836e-07
-6.74621e-09
-2.55904e-08
-1.60083e-06
-1.98357e-07
-2.74577e-06
-4.76244e-07
-8.13851e-07
-3.99704e-07
-6.71249e-07
-3.83584e-07
-7.51001e-08
-2.32439e-07
1.52283e-07
3.42131e-07
1.44253e-06
5.91312e-08
1.41616e-06
-3.55447e-07
-1.77742e-07
-2.30893e-07
1.3311e-06
-3.16511e-07
1.68161e-06
-6.95934e-07
1.54986e-06
-8.15797e-07
-2.68291e-06
-9.7767e-07
-2.56215e-06
-2.37086e-07
1.28022e-06
8.75072e-07
-5.26049e-07
1.29695e-06
-1.28675e-06
1.28197e-06
-2.79964e-06
1.22505e-06
1.76599e-06
5.85139e-07
1.71978e-07
7.40099e-07
-2.99402e-06
5.22041e-07
1.86603e-06
1.57961e-07
1.24284e-06
1.79198e-08
1.39983e-06
7.18039e-09
6.63157e-07
1.67296e-08
4.37129e-07
1.77988e-08
3.77952e-07
-3.07114e-08
4.47654e-07
1.97161e-07
2.19641e-08
-3.43082e-07
1.13678e-08
-1.31213e-06
-6.3223e-07
-2.10217e-06
-4.55906e-07
-9.90176e-07
-6.47389e-07
-4.79765e-07
-5.77432e-07
-1.45058e-07
-4.73198e-07
4.80484e-08
1.49536e-07
8.19799e-07
-1.18742e-07
1.68444e-06
-9.58063e-07
6.61579e-07
-2.44454e-07
6.17494e-07
-2.68274e-07
1.70543e-06
-5.58223e-07
1.83981e-06
-1.12358e-06
-2.11755e-06
-1.38037e-06
-2.30536e-06
-1.2144e-06
1.11425e-06
1.64396e-07
-1.90485e-06
1.55776e-06
-2.68012e-06
1.41134e-06
-2.65322e-06
1.41074e-06
1.76659e-06
7.56488e-07
8.26234e-07
1.01577e-06
-3.2533e-06
6.67975e-07
2.21382e-06
1.61406e-07
1.74941e-06
3.51825e-08
1.52606e-06
1.13782e-07
5.84557e-07
1.5444e-07
3.96471e-07
1.57583e-07
3.74809e-07
6.33474e-08
5.41889e-07
3.99933e-07
-3.14621e-07
-6.50979e-07
-1.70605e-07
-8.47596e-07
-1.23482e-06
-1.03797e-06
-6.69277e-07
-1.55572e-06
-8.3712e-07
-3.11922e-07
-8.88742e-07
-9.34346e-08
-8.21372e-07
-1.93215e-08
-3.12038e-07
3.10464e-07
2.03017e-07
1.16938e-06
-4.86468e-08
9.13241e-07
-2.71089e-07
8.39937e-07
-3.49059e-07
1.7834e-06
2.7156e-07
1.21919e-06
-8.14336e-07
-1.03166e-06
-2.52728e-06
-5.92427e-07
-1.96059e-06
5.47562e-07
3.17786e-07
-4.18322e-06
1.04463e-06
-3.40696e-06
1.02761e-06
-2.63621e-06
1.34842e-06
1.44578e-06
5.38746e-07
1.63591e-06
8.1841e-07
-3.53296e-06
8.09594e-07
2.22264e-06
1.89488e-07
2.36951e-06
1.89113e-07
1.52643e-06
5.06138e-07
2.67532e-07
6.80167e-07
2.22442e-07
8.30865e-07
2.24112e-07
1.33239e-06
4.0361e-08
1.3992e-06
-3.81433e-07
-4.25846e-07
7.20505e-08
-4.98897e-07
-9.16852e-08
-8.74225e-07
-6.84843e-07
-9.62558e-07
-9.74461e-07
-2.2305e-08
-1.18871e-06
1.20812e-07
-1.22395e-06
1.59241e-08
-9.37807e-07
2.43175e-08
-4.48865e-07
6.80438e-07
-4.09373e-07
8.7375e-07
-5.35143e-07
9.65707e-07
-5.02151e-07
1.75041e-06
-3.30016e-07
1.04705e-06
-5.43209e-07
-8.18463e-07
-1.83031e-06
6.94674e-07
-1.85813e-06
5.75385e-07
-3.53233e-07
-5.68813e-06
-1.40761e-07
-3.61943e-06
6.19486e-07
-3.39645e-06
1.02557e-06
1.0397e-06
4.12893e-07
2.24858e-06
1.56921e-06
-4.68928e-06
1.27887e-06
2.51297e-06
4.06329e-07
3.24206e-06
5.06866e-07
1.42589e-06
8.78674e-07
-1.04276e-07
1.10307e-06
-1.95278e-09
1.53966e-06
-2.12483e-07
1.63304e-06
-5.30114e-08
1.51483e-06
-2.63227e-07
-1.45327e-07
-8.55539e-07
5.11658e-07
-1.82838e-06
9.86092e-08
-6.94944e-07
-2.09599e-06
-7.23428e-07
6.17872e-09
-8.41915e-07
2.393e-07
-1.10009e-06
2.74098e-07
-1.20585e-06
1.30081e-07
-8.95291e-07
3.69877e-07
-4.99574e-07
4.78032e-07
-7.08101e-07
1.17423e-06
-6.67818e-07
1.71012e-06
-9.91073e-07
1.37031e-06
-1.70999e-06
-9.95492e-08
-1.50723e-06
4.91918e-07
-4.33104e-07
-4.98739e-07
6.56201e-07
-6.77743e-06
8.90919e-07
-3.85415e-06
6.96733e-07
-3.20227e-06
1.56589e-08
1.72077e-06
-3.09925e-07
2.57417e-06
1.05709e-06
-6.05629e-06
1.3559e-06
2.21416e-06
5.8075e-07
4.0172e-06
7.51321e-07
1.25532e-06
9.61072e-07
-3.14027e-07
1.13945e-06
-1.8033e-07
1.61268e-06
-6.85718e-07
2.1604e-06
-6.0073e-07
1.86405e-06
3.31278e-08
3.09703e-07
2.62071e-07
4.35632e-07
4.49503e-07
-8.88381e-08
-5.67815e-07
-1.07867e-06
-6.40764e-07
7.91279e-08
-4.95238e-07
9.37741e-08
-4.05404e-07
1.84265e-07
-5.69707e-07
2.94384e-07
-6.02404e-07
4.02573e-07
-2.87559e-07
1.63186e-07
-2.93951e-07
1.18063e-06
-4.67853e-07
1.88403e-06
-1.64127e-06
2.54373e-06
-2.20213e-06
4.6131e-07
-8.19463e-07
-8.90749e-07
1.35486e-06
-2.67306e-06
1.43116e-06
-6.85373e-06
7.45786e-07
-3.16877e-06
6.229e-07
-3.07938e-06
5.44808e-07
1.79887e-06
5.85754e-07
2.53322e-06
1.9175e-06
-7.38803e-06
1.11977e-06
3.01189e-06
7.39111e-07
4.39786e-06
9.97763e-07
9.9667e-07
1.21152e-06
-5.27788e-07
1.71465e-06
-6.83452e-07
1.75922e-06
-7.30291e-07
2.2262e-06
-1.06771e-06
1.60463e-06
6.5469e-07
7.50264e-07
-3.76753e-07
1.03564e-06
-1.54068e-06
1.07509e-06
-5.99561e-07
-2.01978e-06
-5.10517e-07
-9.91573e-09
-3.50431e-07
-6.63116e-08
-1.97235e-07
3.10691e-08
-3.38252e-07
4.35401e-07
-3.93367e-07
4.57688e-07
-4.07915e-07
1.77733e-07
-3.00556e-07
1.07327e-06
-5.27956e-07
2.11143e-06
-7.66961e-07
2.78273e-06
-6.40702e-07
3.35051e-07
-2.9289e-07
-1.23856e-06
1.95566e-07
-3.16152e-06
4.02872e-07
-7.06103e-06
3.75394e-07
-3.1413e-06
4.44741e-07
-3.14873e-06
-3.31293e-07
2.5749e-06
-1.05644e-06
3.25838e-06
-6.71932e-08
-8.37728e-06
-1.19177e-07
3.06388e-06
1.07458e-06
3.2041e-06
1.16539e-06
9.05865e-07
1.23378e-06
-5.96181e-07
1.13091e-06
-5.80579e-07
1.61949e-06
-1.21888e-06
1.95343e-06
-1.40164e-06
1.37725e-06
1.23087e-06
1.23286e-06
-1.57484e-08
7.13111e-07
2.7033e-07
7.89013e-07
-5.23382e-07
-1.22607e-06
-5.12624e-07
-2.06727e-08
-3.53883e-07
-2.25052e-07
-2.03955e-07
-1.1886e-07
-2.95246e-07
5.26691e-07
-3.88428e-07
5.50869e-07
-5.17416e-07
3.06722e-07
-6.78258e-07
1.23411e-06
-9.27259e-07
2.36043e-06
-4.13491e-07
2.26897e-06
-7.94094e-08
9.66238e-10
2.73265e-07
-1.59124e-06
8.50446e-07
-3.7387e-06
9.27602e-07
-7.13818e-06
-6.17879e-07
-1.59582e-06
-5.52423e-07
-3.21418e-06
-8.53993e-07
2.87647e-06
-1.13454e-06
3.53892e-06
-1.29301e-06
-8.2188e-06
-1.43077e-06
3.20163e-06
1.27443e-06
4.98903e-07
1.30948e-06
8.70815e-07
1.47811e-06
-7.64816e-07
1.18854e-06
-2.91005e-07
1.37101e-06
-1.40135e-06
1.65239e-06
-1.68302e-06
1.1121e-06
1.77116e-06
1.71828e-06
-3.57824e-07
1.00127e-06
-9.65649e-08
5.27756e-07
-7.0226e-07
-6.20381e-07
-5.10024e-07
-2.12912e-07
-4.14123e-07
-3.20953e-07
-3.98795e-07
-1.34188e-07
-4.07391e-07
5.35288e-07
-5.35529e-07
6.79007e-07
-5.62712e-07
3.33905e-07
-5.83894e-07
1.25529e-06
-7.95538e-07
2.57207e-06
-9.31164e-07
2.40459e-06
-5.09209e-07
-4.20993e-07
4.42177e-07
-2.54262e-06
-7.73855e-07
-2.52267e-06
-7.71337e-07
-7.1407e-06
5.25718e-07
-2.89287e-06
5.1459e-07
-3.20305e-06
-4.50965e-08
3.43615e-06
-8.66088e-07
4.35991e-06
-6.47945e-07
-8.43694e-06
4.49119e-07
2.10456e-06
1.25747e-06
-3.09446e-07
1.32551e-06
8.0277e-07
1.53493e-06
-9.74233e-07
1.16549e-06
7.84341e-08
1.10598e-06
-1.34184e-06
1.26844e-06
-1.84547e-06
8.21206e-07
2.2184e-06
2.11784e-06
-3.39976e-07
1.481e-06
-1.05169e-06
1.23947e-06
-4.31908e-07
-1.24015e-06
-5.3965e-07
-1.0517e-07
-3.5289e-07
-5.07713e-07
-4.0048e-07
-8.65982e-08
-5.06834e-07
6.41642e-07
-7.46567e-07
9.18739e-07
-8.63535e-07
4.50874e-07
-7.1954e-07
1.11129e-06
-7.96002e-07
2.64853e-06
-2.55605e-06
4.16464e-06
-8.94476e-07
-2.08257e-06
2.59395e-07
-3.6965e-06
1.15957e-07
-2.37924e-06
3.27676e-06
-1.03015e-05
3.77679e-06
-3.3929e-06
1.53587e-06
-9.62125e-07
1.07937e-06
3.89266e-06
5.20499e-07
4.91878e-06
2.0447e-07
-8.12091e-06
1.65419e-06
6.54843e-07
1.30023e-06
4.45195e-08
1.46016e-06
6.4284e-07
1.87528e-06
-1.38935e-06
1.09211e-06
8.61601e-07
8.15786e-07
-1.06552e-06
8.7017e-07
-1.89985e-06
5.44844e-07
2.54372e-06
2.38056e-06
-4.44061e-07
8.16181e-07
-5.07487e-07
1.30288e-06
-5.73624e-07
-1.17403e-06
-3.52044e-07
-3.26755e-07
-3.74862e-07
-4.84894e-07
-4.39486e-07
-2.19741e-08
-5.20365e-07
7.22521e-07
-6.3489e-07
1.03326e-06
-2.97963e-07
1.13947e-07
-9.89717e-07
1.80305e-06
-1.03471e-06
2.69352e-06
-7.4895e-07
3.87888e-06
-1.45174e-06
-1.37978e-06
-2.61293e-06
-2.53531e-06
-1.66479e-06
-3.32738e-06
-1.43872e-06
-1.05276e-05
-3.71539e-07
-4.46008e-06
6.72141e-07
-2.0058e-06
1.27208e-06
3.29272e-06
2.17332e-06
4.01752e-06
2.18666e-06
-8.13424e-06
2.35467e-06
4.8683e-07
1.42312e-06
9.76077e-07
1.52562e-06
5.40336e-07
1.15674e-06
-1.02047e-06
7.30315e-07
1.28802e-06
5.38691e-07
-8.73894e-07
5.12606e-07
-1.87377e-06
3.14928e-07
2.7414e-06
2.49623e-06
-1.24422e-06
2.1212e-06
2.26422e-07
-1.67756e-07
-3.73938e-08
-9.10193e-07
-6.37482e-07
2.73333e-07
-3.7011e-07
-7.52266e-07
-4.95181e-07
1.03097e-07
-5.00083e-07
7.27423e-07
-4.71766e-07
1.00495e-06
-1.87125e-07
-1.70695e-07
1.00692e-07
1.51523e-06
-7.31572e-07
3.52578e-06
-5.00801e-07
3.64811e-06
-1.25848e-06
-6.22104e-07
1.22317e-07
-3.9161e-06
1.90294e-06
-5.108e-06
-3.36679e-06
-5.25784e-06
-3.45673e-06
-4.37014e-06
7.16138e-07
-6.17866e-06
8.91245e-07
3.11762e-06
1.45289e-06
3.45587e-06
1.44136e-06
-8.1227e-06
1.99309e-06
-6.49025e-08
1.60481e-06
1.36436e-06
1.63011e-06
5.15034e-07
1.01415e-06
-4.04509e-07
4.76813e-07
1.82536e-06
3.26122e-07
-7.23201e-07
2.40428e-07
-1.78807e-06
1.54687e-07
2.82714e-06
2.49325e-06
2.50195e-06
1.10786e-06
1.76587e-06
5.68326e-07
8.4775e-07
7.9259e-09
2.0663e-07
9.14454e-07
-2.62598e-07
-2.83039e-07
-5.97311e-07
4.3781e-07
-7.84399e-07
9.14511e-07
-7.96049e-07
1.0166e-06
-1.68652e-06
7.19773e-07
-1.25801e-06
1.08672e-06
7.81945e-07
1.48581e-06
1.06027e-06
3.36978e-06
-1.36748e-06
1.80564e-06
-2.46482e-06
-2.81875e-06
-1.58846e-06
-5.98438e-06
-4.75909e-06
-2.08721e-06
-3.83201e-06
-5.29722e-06
-5.51123e-08
-9.95555e-06
-7.84549e-07
3.84706e-06
2.88158e-06
-2.10254e-07
5.96884e-06
-1.121e-05
1.93695e-06
3.96698e-06
1.57371e-06
1.7276e-06
1.50969e-06
5.79052e-07
8.04035e-07
3.01148e-07
3.11731e-07
2.31766e-06
1.83847e-07
-5.95316e-07
6.59823e-08
-1.67021e-06
6.47697e-08
2.82835e-06
2.4175e-06
2.41928e-07
4.23553e-07
2.25217e-07
5.85036e-07
-1.19625e-06
1.4294e-06
-8.21651e-07
5.39851e-07
-6.74271e-07
-4.3042e-07
-9.51971e-07
7.1551e-07
-1.14241e-06
1.10495e-06
-1.34853e-06
1.22272e-06
-1.79528e-06
1.16652e-06
-8.49602e-07
1.41047e-07
5.31998e-07
1.04195e-07
4.40621e-07
3.46116e-06
-2.53474e-07
2.49973e-06
-6.28167e-07
-2.44406e-06
-1.96268e-06
-4.64987e-06
-2.46451e-06
-1.58538e-06
-4.13684e-06
-3.62488e-06
-3.74464e-06
-1.03477e-05
-1.58749e-06
1.68991e-06
-1.37664e-07
-1.66008e-06
-2.16338e-07
-1.11313e-05
1.81024e-06
1.94041e-06
1.7396e-06
1.79825e-06
1.12317e-06
1.19548e-06
3.77922e-07
1.04639e-06
2.01463e-07
2.49412e-06
1.04281e-07
-4.98133e-07
-2.91769e-08
-1.53675e-06
2.55677e-08
2.77361e-06
2.30766e-06
-3.23254e-08
-1.94804e-07
-4.3679e-08
5.9639e-07
-6.68779e-07
2.05449e-06
-1.60505e-06
1.47612e-06
-1.46343e-06
-5.72042e-07
-1.31076e-06
5.62843e-07
-1.57638e-06
1.37057e-06
-1.50276e-06
1.1491e-06
-2.20755e-06
1.87131e-06
-1.63163e-06
-4.34875e-07
-1.02752e-06
-4.99921e-07
-8.2177e-07
3.2554e-06
6.21581e-07
1.05637e-06
1.39727e-06
-3.21975e-06
-8.38463e-07
-2.41413e-06
-1.66139e-06
-7.62444e-07
-3.72721e-06
-1.55907e-06
-2.01537e-06
-1.20596e-05
-8.85506e-07
5.60053e-07
4.08144e-07
-2.95373e-06
1.36935e-06
-1.20925e-05
1.95929e-06
1.35047e-06
1.26018e-06
2.49735e-06
5.16569e-07
1.9391e-06
1.23306e-07
1.43965e-06
1.45131e-07
2.47229e-06
6.79646e-08
-4.20965e-07
-6.87501e-08
-1.40003e-06
1.29817e-08
2.69188e-06
2.18515e-06
-1.48607e-07
-4.50138e-07
-2.06864e-07
6.54646e-07
-3.24162e-07
2.17179e-06
-1.9477e-06
3.09966e-06
-2.13609e-06
-3.83647e-07
-1.86581e-06
2.92558e-07
-2.05785e-06
1.5626e-06
-1.26823e-06
3.59479e-07
1.53729e-07
4.49357e-07
1.45536e-06
-1.73651e-06
-5.68416e-07
1.52385e-06
-4.74756e-07
3.16174e-06
1.95381e-07
3.8622e-07
-9.79245e-07
-2.04513e-06
-2.37427e-06
-1.01911e-06
-3.31208e-06
1.75368e-07
-4.3255e-06
-5.4565e-07
-1.65648e-06
-1.47286e-05
-3.94648e-07
-7.01774e-07
6.06424e-08
-3.40903e-06
-7.49712e-07
-1.12821e-05
2.75068e-07
3.25688e-07
3.61181e-07
2.41123e-06
7.00948e-08
2.23019e-06
3.46456e-08
1.4751e-06
1.2113e-07
2.3858e-06
5.44312e-08
-3.54264e-07
-8.24302e-08
-1.26317e-06
1.06502e-08
2.5988e-06
2.05839e-06
-1.60417e-07
-7.73657e-08
-5.17666e-07
1.01189e-06
-4.96056e-07
2.15018e-06
-1.20839e-06
3.812e-06
-1.5277e-06
-6.43385e-08
-2.73079e-06
1.49564e-06
-2.15805e-06
9.89868e-07
-1.02024e-06
-7.78334e-07
-1.62467e-06
1.05378e-06
-1.55171e-06
-1.80948e-06
-6.72965e-07
6.45104e-07
7.19294e-07
1.76947e-06
1.58085e-06
-4.75344e-07
9.84321e-07
-1.4486e-06
7.14078e-07
-7.48863e-07
-1.66951e-06
2.55896e-06
-3.20092e-06
9.85763e-07
-2.5141e-06
-1.54154e-05
-9.11413e-07
-2.30446e-06
-4.066e-07
-3.91385e-06
-1.25779e-06
-1.04309e-05
-6.01904e-07
-3.30194e-07
-1.23665e-07
1.93298e-06
-7.16792e-08
2.1782e-06
4.4234e-09
1.39899e-06
1.11326e-07
2.2789e-06
4.99569e-08
-2.92893e-07
-8.59213e-08
-1.12729e-06
1.1402e-08
2.50147e-06
1.93023e-06
-3.62269e-07
5.24154e-07
-1.42203e-06
2.07166e-06
-1.23545e-06
1.9636e-06
-2.87592e-06
5.45246e-06
-2.50949e-06
-4.30769e-07
-2.90442e-06
1.89057e-06
-2.139e-06
2.24448e-07
-1.50468e-06
-1.41266e-06
-1.14367e-06
6.92761e-07
-1.52312e-06
-1.43004e-06
-1.14404e-06
2.66015e-07
1.39853e-06
-7.73101e-07
2.79796e-06
-1.87477e-06
5.79452e-07
7.6991e-07
-9.71908e-07
8.02497e-07
-1.82e-06
3.40705e-06
-2.12771e-06
1.29347e-06
-1.51517e-06
-1.60279e-05
-9.21241e-07
-2.89839e-06
3.53166e-07
-5.18826e-06
-7.76334e-07
-9.30144e-06
-9.0894e-07
-1.97586e-07
-3.27504e-07
1.35154e-06
-1.14366e-07
1.96506e-06
-1.29698e-08
1.29759e-06
1.06091e-07
2.15984e-06
4.79893e-08
-2.34789e-07
-8.6037e-08
-9.93264e-07
1.29121e-08
2.40252e-06
1.80196e-06
-2.14134e-06
1.32219e-06
-1.95409e-06
1.8844e-06
-2.93487e-06
2.94438e-06
-3.49766e-06
6.01524e-06
-3.64428e-06
-2.84165e-07
-3.68548e-06
1.93178e-06
-3.79441e-06
3.33371e-07
-3.3396e-06
-1.86749e-06
-1.25569e-06
-1.39115e-06
-9.50889e-07
-1.73485e-06
-6.26426e-07
-5.84549e-08
6.1896e-07
-2.01848e-06
1.05495e-06
-2.31076e-06
1.35935e-06
4.65504e-07
1.51783e-06
6.44015e-07
-2.16769e-07
5.14164e-06
-3.33929e-07
1.41063e-06
-9.82994e-07
-1.53789e-05
-8.33685e-07
-3.0477e-06
-4.56894e-07
-5.56506e-06
-1.49701e-06
-8.26132e-06
-9.63067e-07
-7.31532e-07
-4.00753e-07
7.89222e-07
-1.33984e-07
1.6983e-06
-2.6134e-08
1.18974e-06
1.01431e-07
2.03227e-06
4.6237e-08
-1.79593e-07
-8.48308e-08
-8.62195e-07
1.4561e-08
2.30313e-06
1.67469e-06
-3.02376e-06
1.6934e-06
-3.02971e-06
1.89034e-06
-3.36468e-06
3.27935e-06
-2.11264e-06
4.76318e-06
-2.34949e-06
-4.73178e-08
-2.25656e-06
1.83884e-06
-2.6219e-06
6.98705e-07
-3.43712e-06
-1.05227e-06
-2.1054e-06
-2.72288e-06
-1.01781e-06
-2.82243e-06
-5.58866e-07
-5.17407e-07
-7.37974e-07
-1.83936e-06
-7.7738e-07
-2.27136e-06
1.48178e-07
-4.60059e-07
7.90294e-07
1.8869e-09
1.22998e-06
4.70194e-06
7.83308e-07
1.8573e-06
-7.41693e-07
-1.38539e-05
-5.98899e-07
-3.1905e-06
-1.99837e-07
-5.96413e-06
-1.01558e-06
-7.44557e-06
-8.82946e-07
-8.64164e-07
-4.21885e-07
3.28154e-07
-1.46973e-07
1.42338e-06
-3.53042e-08
1.07806e-06
9.60771e-08
1.90089e-06
4.41138e-08
-1.27627e-07
-8.26927e-08
-7.35386e-07
1.61907e-08
2.20425e-06
1.54962e-06
-6.51706e-08
2.40154e-06
-1.66429e-06
3.48945e-06
-1.11784e-06
2.7329e-06
2.62128e-07
3.38321e-06
-1.15966e-06
1.37447e-06
-1.42235e-06
2.10152e-06
-1.93053e-06
1.20688e-06
-2.36724e-06
-6.15564e-07
-2.47893e-06
-2.6112e-06
-1.15107e-06
-4.15029e-06
-3.8656e-07
-1.28192e-06
-6.42294e-07
-1.58363e-06
-3.88084e-07
-2.52558e-06
-2.81168e-07
-5.66994e-07
-3.76736e-07
9.7434e-08
1.85326e-06
2.47193e-06
2.76667e-06
9.43878e-07
-3.26036e-07
-1.07612e-05
-3.40055e-07
-3.17649e-06
-3.19461e-07
-5.98473e-06
-1.12145e-06
-6.64359e-06
-8.27843e-07
-1.15776e-06
-4.27669e-07
-7.20261e-08
-1.57217e-07
1.15294e-06
-4.29256e-08
9.63773e-07
8.97474e-08
1.76821e-06
4.15243e-08
-7.94005e-08
-7.96032e-08
-6.14257e-07
1.77229e-08
2.10692e-06
1.42812e-06
6.80831e-07
2.09531e-06
1.73134e-08
4.15296e-06
-7.31734e-08
2.82338e-06
4.28226e-07
2.88182e-06
-5.21264e-08
1.85482e-06
-1.97698e-07
2.24709e-06
-1.85821e-08
1.02775e-06
-2.37902e-07
-3.96241e-07
-6.64048e-07
-2.18506e-06
-8.34451e-07
-3.97988e-06
-7.82889e-08
-2.03807e-06
2.05667e-07
-1.86759e-06
-7.23951e-07
-1.59597e-06
-4.75138e-07
-8.15823e-07
1.91964e-07
-5.69682e-07
1.70909e-06
9.54799e-07
2.40317e-06
2.4978e-07
-4.37296e-08
-8.31431e-06
-1.91463e-07
-3.02876e-06
-3.41952e-07
-5.83424e-06
-9.88909e-07
-5.99663e-06
-7.54106e-07
-1.39256e-06
-4.24318e-07
-4.0182e-07
-1.65e-07
8.9362e-07
-4.91337e-08
8.47907e-07
8.24407e-08
1.63664e-06
3.84917e-08
-3.54484e-08
-7.54537e-08
-5.00309e-07
1.90723e-08
2.01239e-06
1.31175e-06
9.86493e-07
2.27262e-06
1.55624e-06
3.58321e-06
1.69356e-06
2.68606e-06
1.80266e-06
2.77273e-06
1.65309e-06
2.00437e-06
2.66555e-06
1.23463e-06
3.03203e-06
6.61268e-07
2.59097e-06
4.48197e-08
2.76245e-06
-2.35653e-06
2.37416e-06
-3.59159e-06
2.05079e-06
-1.7147e-06
1.21535e-06
-1.03215e-06
2.57122e-07
-6.37751e-07
-7.96131e-10
-5.57913e-07
-1.08961e-07
-4.61528e-07
9.9802e-07
-1.52184e-07
1.65296e-06
-4.05179e-07
1.20544e-08
-6.67341e-06
-8.46655e-08
-2.93205e-06
-3.33225e-07
-5.58568e-06
-9.16772e-07
-5.41308e-06
-6.86945e-07
-1.62238e-06
-4.10679e-07
-6.7809e-07
-1.69571e-07
6.52514e-07
-5.3518e-08
7.31856e-07
7.42557e-08
1.50886e-06
3.50654e-08
3.74538e-09
-7.01248e-08
-3.95117e-07
2.01338e-08
1.92213e-06
1.20226e-06
1.84749e-06
2.82601e-06
2.44643e-06
2.98427e-06
2.73618e-06
2.39631e-06
2.7069e-06
2.80201e-06
2.92871e-06
1.78255e-06
3.86856e-06
2.94786e-07
3.91261e-06
6.17218e-07
3.54151e-06
4.15927e-07
2.86313e-06
-1.67815e-06
1.26994e-06
-1.9984e-06
-1.24778e-07
-3.19979e-07
-4.59484e-07
-6.97446e-07
-1.80918e-07
-9.16319e-07
8.77172e-08
-8.2655e-07
3.71625e-07
-7.45449e-07
9.82859e-07
-7.63416e-07
1.23291e-06
-6.55245e-07
7.72375e-08
-5.51774e-06
-2.97481e-08
-2.82507e-06
-3.23821e-07
-5.29161e-06
-8.17411e-07
-4.91949e-06
-6.15764e-07
-1.82402e-06
-3.8651e-07
-9.07347e-07
-1.69452e-07
4.35458e-07
-5.55432e-08
6.1795e-07
6.53023e-08
1.38801e-06
3.13014e-08
3.77496e-08
-6.34334e-08
-3.00381e-07
2.07954e-08
1.8379e-06
1.10165e-06
1.88406e-06
2.73739e-06
2.49069e-06
2.37765e-06
2.86531e-06
2.02169e-06
3.52485e-06
2.14246e-06
4.24389e-06
1.06352e-06
4.0712e-06
4.67492e-07
3.85831e-06
8.30113e-07
3.51373e-06
7.60502e-07
1.90586e-06
-7.0287e-08
3.90165e-07
-4.82701e-07
-6.73422e-07
7.4361e-07
-3.34914e-07
-1.03595e-06
-3.50199e-07
-9.0104e-07
-3.35485e-08
-1.1432e-06
3.52908e-08
-8.143e-07
5.31672e-07
-1.2598e-06
8.91334e-07
-1.01492e-06
7.59218e-08
-4.70233e-06
8.04162e-09
-2.75719e-06
-2.97423e-07
-4.98614e-06
-7.1157e-07
-4.50535e-06
-5.40146e-07
-1.99544e-06
-3.51172e-07
-1.09632e-06
-1.62882e-07
2.47168e-07
-5.46119e-08
5.09683e-07
5.57368e-08
1.27767e-06
2.73017e-08
6.61879e-08
-5.51995e-08
-2.17878e-07
2.08998e-08
1.7618e-06
1.0122e-06
1.46464e-06
1.99173e-06
2.16354e-06
1.67876e-06
2.69071e-06
1.49452e-06
3.45087e-06
1.3823e-06
3.40988e-06
1.10452e-06
2.56295e-06
1.31442e-06
2.04039e-06
1.35267e-06
1.57827e-06
1.22262e-06
8.2318e-07
6.8481e-07
2.69089e-07
7.13923e-08
2.94917e-07
7.17783e-07
2.53432e-07
-9.94462e-07
2.8963e-07
-9.37247e-07
2.97221e-07
-1.15079e-06
3.56833e-07
-8.73917e-07
5.59776e-07
-1.46274e-06
6.86975e-07
-1.14213e-06
9.91331e-08
-4.11449e-06
3.60705e-08
-2.69414e-06
-2.59605e-07
-4.69047e-06
-5.92669e-07
-4.17229e-06
-4.55646e-07
-2.13246e-06
-3.03644e-07
-1.24833e-06
-1.47775e-07
9.12968e-08
-5.00695e-08
4.11982e-07
4.56818e-08
1.18191e-06
2.31031e-08
8.87694e-08
-4.51432e-08
-1.4963e-07
2.03024e-08
1.69636e-06
9.36626e-07
6.92154e-07
1.25321e-06
1.19909e-06
1.17183e-06
1.55121e-06
1.14241e-06
1.75884e-06
1.17467e-06
1.57613e-06
1.28724e-06
1.45188e-06
1.43867e-06
1.46497e-06
1.33958e-06
1.4861e-06
1.20148e-06
1.34823e-06
8.22687e-07
9.53063e-07
4.66561e-07
1.04275e-06
6.28089e-07
6.9978e-07
-6.51491e-07
2.01616e-07
-4.39092e-07
1.25407e-07
-1.07459e-06
1.06508e-07
-8.55021e-07
2.64163e-07
-1.6204e-06
4.61638e-07
-1.33961e-06
6.37085e-08
-3.71657e-06
3.5136e-08
-2.66557e-06
-2.09816e-07
-4.44552e-06
-4.59094e-07
-3.92301e-06
-3.57624e-07
-2.23393e-06
-2.42257e-07
-1.36369e-06
-1.22225e-07
-2.87368e-08
-4.11787e-08
3.30939e-07
3.51762e-08
1.10556e-06
1.87227e-08
1.05225e-07
-3.29159e-08
-9.79905e-08
1.88485e-08
1.64459e-06
8.78156e-07
2.07095e-08
8.88269e-07
2.62987e-07
9.29564e-07
4.19828e-07
9.85578e-07
5.18929e-07
1.07558e-06
6.1238e-07
1.1938e-06
7.80067e-07
1.27099e-06
8.96079e-07
1.22357e-06
9.75924e-07
1.12164e-06
9.14669e-07
8.83945e-07
6.76317e-07
7.0491e-07
7.4902e-07
5.5538e-07
4.08077e-07
-3.10553e-07
4.02129e-07
-4.33147e-07
2.43848e-07
-9.1631e-07
2.46593e-07
-8.57768e-07
2.57259e-07
-1.63107e-06
3.05622e-07
-1.38798e-06
5.15216e-08
-3.46247e-06
2.73299e-08
-2.64138e-06
-1.43525e-07
-4.27466e-06
-3.04723e-07
-3.76181e-06
-2.39844e-07
-2.29881e-06
-1.64241e-07
-1.4393e-06
-8.41173e-08
-1.08861e-07
-2.7008e-08
2.73832e-07
2.40977e-08
1.05445e-06
1.40939e-08
1.1523e-07
-1.7939e-08
-6.59568e-08
1.65725e-08
1.61008e-06
8.4071e-07
-3.31582e-07
-1.71882e-07
-4.5921e-08
6.72756e-08
1.90451e-07
3.13479e-07
3.86449e-07
4.11526e-07
3.72002e-07
3.69032e-07
3.95282e-07
2.36964e-07
6.08644e-08
3.50745e-08
1.54399e-08
3.29554e-08
1.04929e-07
8.76502e-09
1.45726e-08
-5.30531e-08
-1.15062e-07
-9.20545e-08
-6.48349e-08
-3.43403e-08
-7.85473e-09
1.16019e-08
8.35251e-09
2.33173e-10
1.56486e-08
)
;

boundaryField
{
    leftWall
    {
        type            calculated;
        value           uniform 0;
    }
    rightWall
    {
        type            calculated;
        value           uniform 0;
    }
    lowerWall
    {
        type            calculated;
        value           uniform 0;
    }
    atmosphere
    {
        type            calculated;
        value           nonuniform List<scalar> 
120
(
4.90475e-07
5.37396e-07
7.85687e-07
1.27521e-06
1.19949e-06
1.35397e-06
1.13431e-06
8.79756e-07
6.19199e-07
4.18752e-07
2.82669e-07
2.02402e-07
1.62522e-07
1.46366e-07
1.41896e-07
1.42471e-07
1.44827e-07
1.47378e-07
1.49343e-07
1.50303e-07
1.49968e-07
1.48066e-07
1.44304e-07
1.38341e-07
1.29773e-07
1.18107e-07
1.02727e-07
8.28637e-08
5.77967e-08
3.02006e-08
8.88986e-07
1.72592e-06
3.00236e-07
4.11095e-07
1.35023e-06
4.0625e-07
7.20213e-07
-4.63824e-07
-1.40768e-06
-2.99792e-06
-3.07814e-06
-2.08771e-06
-2.7519e-06
-2.31826e-06
-2.61367e-06
-2.41387e-06
-2.31694e-06
-1.96314e-06
-1.61432e-06
-1.26378e-06
-9.47889e-07
-6.79155e-07
-4.51734e-07
1.76595e-07
3.14208e-06
4.50242e-06
4.37464e-07
6.60802e-07
6.61024e-07
6.46805e-07
6.84701e-07
7.69875e-07
8.59627e-07
9.6239e-07
1.07062e-06
1.14796e-06
1.1506e-06
1.09657e-06
9.23468e-07
7.07876e-07
5.29123e-07
-1.52238e-07
-2.57048e-07
-8.90525e-07
-8.38137e-07
-1.64859e-06
-1.45996e-06
-3.36631e-06
-2.64719e-06
-4.20704e-06
-3.69981e-06
-2.32182e-06
-1.46651e-06
-1.39356e-07
2.47349e-07
1.035e-06
1.1848e-07
-5.78371e-08
1.59467e-06
8.27594e-07
4.89371e-07
5.33496e-07
7.0783e-07
1.17407e-06
1.23431e-06
1.40902e-06
1.16407e-06
8.94652e-07
6.26672e-07
4.2165e-07
2.8213e-07
1.99251e-07
1.57675e-07
1.40522e-07
1.3541e-07
1.35488e-07
1.3741e-07
1.39568e-07
1.41179e-07
1.41836e-07
1.41265e-07
1.39223e-07
1.35444e-07
1.29626e-07
1.21407e-07
1.10344e-07
9.58816e-08
7.73182e-08
5.40185e-08
2.87649e-08
)
;
    }
    defaultFaces
    {
        type            empty;
        value           nonuniform 0();
    }
}


// ************************************************************************* //
