/*--------------------------------*- C++ -*----------------------------------*\
| =========                 |                                                 |
| \\      /  F ield         | OpenFOAM: The Open Source CFD Toolbox           |
|  \\    /   O peration     | Version:  2.4.0                                 |
|   \\  /    A nd           | Web:      www.OpenFOAM.org                      |
|    \\/     M anipulation  |                                                 |
\*---------------------------------------------------------------------------*/
FoamFile
{
    version     2.0;
    format      ascii;
    class       surfaceScalarField;
    location    "0.021";
    object      phiAlpha;
}
// * * * * * * * * * * * * * * * * * * * * * * * * * * * * * * * * * * * * * //

dimensions      [0 3 -1 0 0 0 0];

internalField   nonuniform List<scalar> 
7080
(
-1.49543e-08
1.49543e-08
-2.90516e-08
1.4097e-08
-4.28196e-08
1.37683e-08
-5.65738e-08
1.37542e-08
-7.05997e-08
1.40257e-08
-8.53292e-08
1.47299e-08
-1.01399e-07
1.60701e-08
-1.19686e-07
1.82868e-08
-1.41079e-07
2.13926e-08
-1.66423e-07
2.53442e-08
-1.96282e-07
2.98593e-08
-2.30869e-07
3.4587e-08
-2.69915e-07
3.90464e-08
-3.12565e-07
4.26493e-08
-3.57293e-07
4.47287e-08
-4.01934e-07
4.46406e-08
-4.43769e-07
4.18353e-08
-4.79802e-07
3.60323e-08
-5.07064e-07
2.72617e-08
-5.22967e-07
1.59027e-08
-5.25693e-07
2.72612e-09
-5.13023e-07
-1.26704e-08
-4.84548e-07
-2.8475e-08
-4.40777e-07
-4.37712e-08
-3.83313e-07
-5.74632e-08
-3.1486e-07
-6.84531e-08
-2.39055e-07
-7.58054e-08
-1.59752e-07
-7.93022e-08
-8.06203e-08
-7.91319e-08
-7.56142e-08
-5.00602e-09
-1.58293e-08
3.07839e-08
-3.07885e-08
2.90558e-08
-4.54367e-08
2.84168e-08
-6.01094e-08
2.84271e-08
-7.50885e-08
2.90045e-08
-9.07876e-08
3.04295e-08
-1.07814e-07
3.30963e-08
-1.27032e-07
3.75058e-08
-1.49309e-07
4.36685e-08
-1.75484e-07
5.15202e-08
-2.06117e-07
6.04924e-08
-2.41434e-07
6.99034e-08
-2.81216e-07
7.88292e-08
-3.24715e-07
8.61472e-08
-3.70577e-07
9.05909e-08
-4.16882e-07
9.09452e-08
-4.61224e-07
8.61769e-08
-5.00917e-07
7.57253e-08
-5.33253e-07
5.95981e-08
-5.55751e-07
3.84e-08
-5.66431e-07
1.34064e-08
-5.63329e-07
-1.57727e-08
-5.44721e-07
-4.70825e-08
-5.09879e-07
-7.86132e-08
-4.58593e-07
-1.08749e-07
-3.91279e-07
-1.35767e-07
-3.09258e-07
-1.57827e-07
-2.15431e-07
-1.73129e-07
-1.13138e-07
-1.81425e-07
-1.84292e-07
-4.45997e-09
-1.58024e-08
4.65866e-08
-3.07305e-08
4.39836e-08
-4.53466e-08
4.30331e-08
-5.99738e-08
4.30546e-08
-7.48659e-08
4.38963e-08
-9.03956e-08
4.59598e-08
-1.07117e-07
4.98173e-08
-1.25889e-07
5.62789e-08
-1.47546e-07
6.53252e-08
-1.72958e-07
7.69325e-08
-2.02725e-07
9.02585e-08
-2.37175e-07
1.04354e-07
-2.7629e-07
1.17944e-07
-3.19639e-07
1.29496e-07
-3.66327e-07
1.37279e-07
-4.14999e-07
1.39617e-07
-4.63916e-07
1.35093e-07
-5.11045e-07
1.22855e-07
-5.54217e-07
1.0277e-07
-5.91264e-07
7.5447e-08
-6.19951e-07
4.2093e-08
-6.40043e-07
4.31879e-09
-6.47379e-07
-3.97459e-08
-6.40213e-07
-8.57795e-08
-6.1552e-07
-1.33443e-07
-5.69403e-07
-1.81884e-07
-4.96629e-07
-2.30601e-07
-3.89365e-07
-2.80393e-07
-2.31384e-07
-3.39405e-07
-4.14024e-07
-1.65325e-09
-1.57406e-08
6.23274e-08
-3.06001e-08
5.88428e-08
-4.51452e-08
5.75783e-08
-5.96797e-08
5.75894e-08
-7.44157e-08
5.8632e-08
-8.96669e-08
6.12117e-08
-1.05897e-07
6.60472e-08
-1.23967e-07
7.43497e-08
-1.4465e-07
8.60077e-08
-1.68865e-07
1.01147e-07
-1.97254e-07
1.18648e-07
-2.30289e-07
1.37388e-07
-2.6821e-07
1.55865e-07
-3.11016e-07
1.72301e-07
-3.58425e-07
1.84688e-07
-4.09828e-07
1.9102e-07
-4.64343e-07
1.89609e-07
-5.20847e-07
1.79358e-07
-5.78134e-07
1.60057e-07
-6.35029e-07
1.32342e-07
-6.90449e-07
9.75122e-08
-7.43069e-07
5.69388e-08
-7.95399e-07
1.25833e-08
-8.42886e-07
-3.82923e-08
-8.84946e-07
-9.13829e-08
-9.17299e-07
-1.49532e-07
-9.24246e-07
-2.23654e-07
-8.45783e-07
-3.58857e-07
-5.34513e-07
-6.50675e-07
-9.53149e-07
4.61284e-09
-1.56577e-08
7.79854e-08
-3.04251e-08
7.361e-08
-4.4876e-08
7.20293e-08
-5.92897e-08
7.20035e-08
-7.38247e-08
7.31668e-08
-8.8723e-08
7.61106e-08
-1.04309e-07
8.16327e-08
-1.21464e-07
9.15055e-08
-1.40852e-07
1.05396e-07
-1.63472e-07
1.23767e-07
-1.89981e-07
1.45156e-07
-2.20998e-07
1.68405e-07
-2.57037e-07
1.91904e-07
-2.98569e-07
2.13833e-07
-3.46005e-07
2.32123e-07
-3.99592e-07
2.44607e-07
-4.59435e-07
2.49451e-07
-5.25364e-07
2.45287e-07
-5.97101e-07
2.31794e-07
-6.74524e-07
2.09765e-07
-7.58208e-07
1.81196e-07
-8.50154e-07
1.48885e-07
-9.53814e-07
1.16242e-07
-1.07938e-06
8.72712e-08
-1.23453e-06
6.37708e-08
-1.41019e-06
2.61241e-08
-1.54555e-06
-8.82948e-08
-1.42448e-06
-4.79927e-07
-7.23862e-07
-1.35129e-06
-1.67889e-06
1.87426e-09
-1.55545e-08
9.35401e-08
-3.02063e-08
8.82616e-08
-4.45413e-08
8.63644e-08
-5.88099e-08
8.62725e-08
-7.31051e-08
8.74618e-08
-8.75933e-08
9.05994e-08
-1.02393e-07
9.64321e-08
-1.18446e-07
1.07559e-07
-1.36224e-07
1.23173e-07
-1.56863e-07
1.44406e-07
-1.80973e-07
1.69266e-07
-2.09291e-07
1.96724e-07
-2.42564e-07
2.25176e-07
-2.8169e-07
2.52959e-07
-3.27739e-07
2.78172e-07
-3.81761e-07
2.98629e-07
-4.44731e-07
3.12421e-07
-5.17208e-07
3.17763e-07
-5.99481e-07
3.14067e-07
-6.91591e-07
3.01875e-07
-7.93659e-07
2.83264e-07
-9.06795e-07
2.6202e-07
-1.03392e-06
2.43371e-07
-1.17968e-06
2.33031e-07
-1.34418e-06
2.28265e-07
-1.49775e-06
1.79694e-07
-1.50219e-06
-8.38522e-08
-1.22428e-06
-7.57836e-07
-3.24483e-07
-2.25109e-06
-1.98814e-06
-1.52284e-08
-1.54314e-08
1.08972e-07
-2.99442e-08
1.02774e-07
-4.41431e-08
1.00563e-07
-5.82463e-08
1.00376e-07
-7.22698e-08
1.01485e-07
-8.6308e-08
1.04638e-07
-1.00197e-07
1.10321e-07
-1.15004e-07
1.22367e-07
-1.30854e-07
1.39023e-07
-1.49153e-07
1.62705e-07
-1.70346e-07
1.90459e-07
-1.95245e-07
2.21623e-07
-2.24715e-07
2.54645e-07
-2.59978e-07
2.88222e-07
-3.02733e-07
3.20926e-07
-3.54838e-07
3.50734e-07
-4.18446e-07
3.76029e-07
-4.94793e-07
3.9411e-07
-5.83547e-07
4.0282e-07
-6.81888e-07
4.00216e-07
-7.83637e-07
3.85013e-07
-8.77972e-07
3.56355e-07
-9.46781e-07
3.1218e-07
-9.62328e-07
2.48578e-07
-8.90528e-07
1.56465e-07
-7.16648e-07
5.814e-09
-4.72875e-07
-3.27625e-07
-2.29142e-07
-1.00157e-06
1.29649e-07
-2.60988e-06
-1.86222e-06
3.72434e-09
-1.52893e-08
1.24261e-07
-2.96393e-08
1.17124e-07
-4.36838e-08
1.14608e-07
-5.76061e-08
1.14299e-07
-7.13333e-08
1.15212e-07
-8.49001e-08
1.18205e-07
-9.77683e-08
1.23189e-07
-1.11251e-07
1.3585e-07
-1.24845e-07
1.52617e-07
-1.40511e-07
1.78371e-07
-1.58289e-07
2.08237e-07
-1.79048e-07
2.42382e-07
-2.03577e-07
2.79174e-07
-2.3314e-07
3.17785e-07
-2.69835e-07
3.57622e-07
-3.15656e-07
3.96555e-07
-3.73774e-07
4.34148e-07
-4.4655e-07
4.66886e-07
-5.36098e-07
4.92368e-07
-6.41999e-07
5.06118e-07
-7.55409e-07
4.98422e-07
-8.54637e-07
4.55582e-07
-9.02515e-07
3.60059e-07
-8.34655e-07
1.80718e-07
-5.48654e-07
-1.29536e-07
-1.24831e-08
-5.30357e-07
3.73141e-07
-7.13249e-07
6.14006e-07
-1.24243e-06
1.98248e-07
-2.19412e-06
-1.72285e-06
5.88814e-08
-1.5129e-08
1.3939e-07
-2.92922e-08
1.31287e-07
-4.31655e-08
1.28481e-07
-5.68972e-08
1.28031e-07
-7.03116e-08
1.28626e-07
-8.34107e-08
1.31305e-07
-9.51347e-08
1.34913e-07
-1.07264e-07
1.47979e-07
-1.18308e-07
1.63662e-07
-1.31169e-07
1.91232e-07
-1.45085e-07
2.22153e-07
-1.61084e-07
2.58382e-07
-1.79641e-07
2.97732e-07
-2.01792e-07
3.39936e-07
-2.30412e-07
3.86242e-07
-2.67505e-07
4.33647e-07
-3.19237e-07
4.85881e-07
-3.89967e-07
5.37615e-07
-4.83709e-07
5.8611e-07
-6.07245e-07
6.29654e-07
-7.65394e-07
6.56571e-07
-9.75773e-07
6.65961e-07
-1.21386e-06
5.98142e-07
-1.29728e-06
2.64139e-07
-9.85822e-07
-4.40992e-07
-4.62784e-07
-1.0534e-06
-1.64121e-09
-1.17439e-06
5.69719e-07
-1.81379e-06
-5.91246e-09
-1.61849e-06
-1.77986e-06
5.11019e-08
-1.49516e-08
1.54342e-07
-2.8903e-08
1.45239e-07
-4.25904e-08
1.42168e-07
-5.61278e-08
1.41569e-07
-6.92209e-08
1.41718e-07
-8.18902e-08
1.43975e-07
-9.23295e-08
1.45352e-07
-1.03132e-07
1.58781e-07
-1.11319e-07
1.7185e-07
-1.2128e-07
2.01193e-07
-1.30997e-07
2.3187e-07
-1.41698e-07
2.69083e-07
-1.53237e-07
3.09271e-07
-1.65609e-07
3.52308e-07
-1.81562e-07
4.02196e-07
-2.00022e-07
4.52106e-07
-2.2782e-07
5.13679e-07
-2.70866e-07
5.80662e-07
-3.42243e-07
6.57488e-07
-4.84015e-07
7.71427e-07
-7.21048e-07
8.93604e-07
-1.07237e-06
1.01728e-06
-1.41425e-06
9.4002e-07
-1.52187e-06
3.71765e-07
-1.34423e-06
-6.18635e-07
-1.04634e-06
-1.35128e-06
-5.43452e-07
-1.67728e-06
-1.86698e-07
-2.17055e-06
-2.97443e-07
-1.50774e-06
-2.053e-06
-2.43066e-08
-1.47585e-08
1.69101e-07
-2.84717e-08
1.58952e-07
-4.19601e-08
1.55656e-07
-5.53064e-08
1.54916e-07
-6.8076e-08
1.54488e-07
-8.03964e-08
1.56295e-07
-8.93807e-08
1.54336e-07
-9.89991e-08
1.684e-07
-1.03899e-07
1.7675e-07
-1.11014e-07
2.08308e-07
-1.16286e-07
2.37141e-07
-1.21397e-07
2.74193e-07
-1.25474e-07
3.13348e-07
-1.2733e-07
3.54164e-07
-1.30733e-07
4.056e-07
-1.32404e-07
4.53777e-07
-1.41769e-07
5.23044e-07
-1.62197e-07
6.0109e-07
-1.91636e-07
6.86926e-07
-2.45649e-07
8.25441e-07
-2.93487e-07
9.41442e-07
-3.5591e-07
1.0797e-06
-3.93244e-07
9.77355e-07
-3.98609e-07
3.77131e-07
-3.75318e-07
-6.41926e-07
-2.25316e-07
-1.50128e-06
7.60155e-08
-1.97862e-06
-2.8239e-07
-1.81214e-06
-2.39585e-09
-1.78774e-06
-2.01281e-06
-4.25821e-08
-1.45512e-08
1.83652e-07
-2.79977e-08
1.72398e-07
-4.12758e-08
1.68934e-07
-5.4441e-08
1.68081e-07
-6.68866e-08
1.66933e-07
-7.89912e-08
1.684e-07
-8.62958e-08
1.61641e-07
-9.503e-08
1.77134e-07
-9.61247e-08
1.77845e-07
-1.00693e-07
2.12876e-07
-1.01413e-07
2.37861e-07
-1.00949e-07
2.73729e-07
-9.73093e-08
3.09708e-07
-8.69988e-08
3.43853e-07
-7.29974e-08
3.91599e-07
-4.39401e-08
4.2472e-07
-5.41672e-09
4.8452e-07
5.92679e-08
5.36406e-07
1.52652e-07
5.93541e-07
2.97497e-07
6.80597e-07
5.67417e-07
6.71523e-07
8.77034e-07
7.70086e-07
1.29891e-06
5.55477e-07
1.47639e-06
1.99652e-07
1.30146e-06
-4.66993e-07
1.33833e-06
-1.53816e-06
1.30361e-06
-1.94389e-06
8.35842e-07
-1.34438e-06
6.66396e-07
-1.61829e-06
-1.29865e-06
-4.77696e-08
-1.43316e-08
1.97984e-07
-2.748e-08
1.85547e-07
-4.05376e-08
1.81992e-07
-5.35394e-08
1.81083e-07
-6.56478e-08
1.79041e-07
-7.77357e-08
1.80488e-07
-8.3169e-08
1.67074e-07
-9.1388e-08
1.85353e-07
-8.82068e-08
1.74664e-07
-9.06629e-08
2.15332e-07
-8.69012e-08
2.341e-07
-8.14475e-08
2.68276e-07
-7.12251e-08
2.99486e-07
-5.00783e-08
3.22707e-07
-2.49906e-08
3.66511e-07
2.3894e-08
3.75836e-07
7.98057e-08
4.28608e-07
1.72997e-07
4.43216e-07
3.04695e-07
4.61843e-07
4.52009e-07
5.33284e-07
6.97907e-07
4.25625e-07
8.83029e-07
5.84965e-07
1.30134e-06
1.37166e-07
1.44414e-06
5.68505e-08
1.38023e-06
-4.03078e-07
1.1901e-06
-1.34803e-06
7.86567e-07
-1.54036e-06
8.63746e-07
-1.42155e-06
5.14373e-07
-1.26892e-06
-7.18859e-07
-6.54164e-08
-1.4102e-08
2.12086e-07
-2.69165e-08
1.98361e-07
-3.97442e-08
1.94819e-07
-5.26086e-08
1.93948e-07
-6.43326e-08
1.90765e-07
-7.66763e-08
1.92832e-07
-8.02374e-08
1.70636e-07
-8.82025e-08
1.93318e-07
-8.05196e-08
1.66982e-07
-8.12024e-08
2.16015e-07
-7.3056e-08
2.25953e-07
-6.35982e-08
2.58818e-07
-4.84123e-08
2.843e-07
-2.10418e-08
2.95337e-07
1.3797e-08
3.31672e-07
7.05252e-08
3.19108e-07
1.31791e-07
3.67342e-07
2.30508e-07
3.44499e-07
3.02611e-07
3.89741e-07
4.36107e-07
3.99788e-07
4.72949e-07
3.88783e-07
6.18618e-07
4.39296e-07
6.88762e-07
6.70221e-08
5.80199e-07
1.65413e-07
6.06663e-07
-4.29543e-07
1.1956e-07
-8.6093e-07
-3.60823e-07
-1.05997e-06
-3.40327e-07
-1.44205e-06
-3.13546e-07
-1.2957e-06
-1.0086e-06
-2.38028e-08
-1.38652e-08
2.25951e-07
-2.63045e-08
2.108e-07
-3.88929e-08
2.07408e-07
-5.16551e-08
2.0671e-07
-6.29903e-08
2.021e-07
-7.5834e-08
2.05676e-07
-7.77754e-08
1.72577e-07
-8.55631e-08
2.01105e-07
-7.329e-08
1.54709e-07
-7.24717e-08
2.15197e-07
-6.01637e-08
2.13645e-07
-4.79067e-08
2.46562e-07
-2.98034e-08
2.66197e-07
-4.0191e-10
2.65935e-07
4.05007e-08
2.9077e-07
1.11716e-07
2.47894e-07
1.84431e-07
2.94627e-07
3.08454e-07
2.20476e-07
4.3353e-07
2.64666e-07
5.68591e-07
2.64727e-07
8.22476e-07
1.34899e-07
1.06363e-06
1.98141e-07
8.35251e-07
2.95401e-07
1.24415e-06
-2.43489e-07
1.28241e-06
-4.67802e-07
1.23776e-06
-8.16277e-07
1.1027e-06
-9.24917e-07
5.43603e-07
-8.82953e-07
1.73516e-08
-7.69448e-07
-9.59203e-07
-3.20471e-08
-1.36248e-08
2.39576e-07
-2.56397e-08
2.22815e-07
-3.79779e-08
2.19746e-07
-5.06798e-08
2.19412e-07
-6.17335e-08
2.13154e-07
-7.52119e-08
2.19154e-07
-7.59487e-08
1.73314e-07
-8.35639e-08
2.08721e-07
-6.65803e-08
1.37725e-07
-6.45057e-08
2.13123e-07
-4.90531e-08
1.98192e-07
-3.43736e-08
2.31883e-07
-1.1959e-08
2.43783e-07
1.56539e-08
2.38323e-07
5.91347e-08
2.47289e-07
1.20056e-07
1.86972e-07
1.95335e-07
2.19349e-07
3.26387e-07
8.94241e-08
3.81162e-07
2.09891e-07
6.12132e-07
3.3757e-08
1.00202e-06
-2.54986e-07
9.93605e-07
2.06553e-07
7.09985e-07
5.79021e-07
1.19152e-06
-7.25019e-07
1.56679e-06
-8.43078e-07
2.00098e-06
-1.25047e-06
1.79036e-06
-7.14292e-07
1.35273e-06
-4.45327e-07
7.44446e-07
-1.61161e-07
-1.07486e-07
-1.07271e-07
-1.33851e-08
2.52961e-07
-2.49164e-08
2.34347e-07
-3.69889e-08
2.31818e-07
-4.96695e-08
2.32093e-07
-6.06616e-08
2.24146e-07
-7.48137e-08
2.33306e-07
-7.48813e-08
1.73382e-07
-8.2325e-08
2.16164e-07
-6.03983e-08
1.15798e-07
-5.74947e-08
2.1022e-07
-4.11174e-08
1.81815e-07
-2.97964e-08
2.20562e-07
-1.55907e-08
2.29578e-07
4.1631e-09
2.18569e-07
4.41368e-08
2.07316e-07
1.14014e-07
1.17095e-07
1.77862e-07
1.55501e-07
3.33516e-07
-6.62306e-08
3.47217e-07
1.9619e-07
5.73398e-07
-1.92424e-07
8.86479e-07
-5.68067e-07
6.73419e-07
4.19613e-07
5.33332e-07
7.19107e-07
6.57606e-07
-8.49294e-07
1.22559e-06
-1.41106e-06
7.31709e-07
-7.56588e-07
9.78454e-08
-8.04275e-08
2.51708e-07
-5.9919e-07
4.62374e-07
-3.71827e-07
4.15998e-07
-6.11103e-08
-1.31513e-08
2.66112e-07
-2.41284e-08
2.45324e-07
-3.59146e-08
2.43604e-07
-4.85942e-08
2.44773e-07
-5.98001e-08
2.35351e-07
-7.46489e-08
2.48155e-07
-7.47277e-08
1.73461e-07
-8.19733e-08
2.23409e-07
-5.45727e-08
8.83976e-08
-4.92663e-08
2.04913e-07
-2.60876e-08
1.58637e-07
-6.85604e-09
2.0133e-07
1.82943e-08
2.04428e-07
3.16497e-08
2.05213e-07
6.4029e-08
1.74937e-07
8.43143e-08
9.68096e-08
1.66422e-07
7.33941e-08
1.91575e-07
-9.13843e-08
4.17538e-07
-2.97734e-08
4.95947e-07
-2.70833e-07
5.87942e-07
-6.60063e-07
7.15753e-07
2.91802e-07
1.00636e-06
4.28498e-07
1.11114e-06
-9.54068e-07
1.20953e-06
-1.50946e-06
8.2795e-07
-3.75009e-07
6.18562e-07
1.28961e-07
1.14257e-08
7.94605e-09
-5.76447e-08
-3.02757e-07
4.02178e-07
-4.38241e-08
-1.29298e-08
2.79042e-07
-2.32687e-08
2.55663e-07
-3.47552e-08
2.5509e-07
-4.74127e-08
2.57431e-07
-5.91302e-08
2.47069e-07
-7.47286e-08
2.63753e-07
-7.56897e-08
1.74422e-07
-8.27561e-08
2.30475e-07
-4.97487e-08
5.53903e-08
-4.88836e-08
2.04048e-07
-3.75929e-08
1.47346e-07
-2.93457e-08
1.93082e-07
-3.00301e-08
2.05113e-07
-3.52523e-08
2.10435e-07
-7.45988e-09
1.47144e-07
2.31391e-08
6.62108e-08
9.6119e-08
4.13988e-10
1.08765e-07
-1.0403e-07
2.83201e-07
-2.0421e-07
3.1705e-07
-3.04682e-07
2.38685e-07
-5.81698e-07
5.87146e-07
-5.6659e-08
1.14632e-06
-1.3068e-07
9.88134e-07
-7.95877e-07
2.89185e-07
-8.10509e-07
9.61956e-08
-1.82019e-07
6.33622e-08
1.61794e-07
-3.99331e-07
4.70639e-07
-5.45914e-07
-1.56173e-07
-1.74714e-07
3.0978e-08
-1.27281e-08
2.9177e-07
-2.23277e-08
2.65263e-07
-3.35302e-08
2.66293e-07
-4.60806e-08
2.69981e-07
-5.86191e-08
2.59607e-07
-7.50588e-08
2.80192e-07
-7.79833e-08
1.77347e-07
-8.43203e-08
2.36812e-07
-4.28194e-08
1.38895e-08
-2.95479e-08
1.90776e-07
5.4461e-09
1.12353e-07
3.36392e-08
1.64889e-07
5.0774e-08
1.87978e-07
4.10191e-08
2.2019e-07
3.26075e-08
1.55556e-07
-7.10173e-09
1.0592e-07
-1.49695e-08
8.28159e-09
-6.71217e-08
-5.18773e-08
-5.18072e-08
-2.19525e-07
-1.55181e-07
-2.01308e-07
-2.07156e-07
-5.29723e-07
4.09705e-08
-3.04785e-07
1.63031e-07
-2.52741e-07
-4.45291e-07
-1.87554e-07
-8.2547e-07
-4.3033e-07
-9.71812e-07
-3.56772e-08
-7.50633e-07
-5.93844e-08
6.24707e-08
-3.42465e-07
4.53316e-08
-1.39034e-07
2.35229e-08
-1.52906e-07
-1.25547e-08
3.04325e-07
-2.12929e-08
2.74001e-07
-3.22425e-08
2.77242e-07
-4.45545e-08
2.82293e-07
-5.82166e-08
2.7327e-07
-7.56531e-08
2.97628e-07
-8.20334e-08
1.83728e-07
-8.9287e-08
2.44066e-07
-4.25617e-08
-3.28356e-08
-4.7531e-08
1.95746e-07
-4.5948e-08
1.1077e-07
-4.16301e-08
1.60571e-07
-6.0186e-08
2.06534e-07
-1.03586e-07
2.6359e-07
-1.07263e-07
1.59232e-07
-7.02662e-08
6.89243e-08
-7.88488e-08
1.68642e-08
-5.80494e-08
-7.26765e-08
-7.44024e-08
-2.03172e-07
-1.00941e-07
-1.74769e-07
-2.4402e-07
-3.86644e-07
-1.23124e-07
-4.25681e-07
2.80522e-09
-3.7867e-07
2.15999e-09
-1.86909e-07
-1.11513e-07
-3.16657e-07
5.17774e-08
-1.98967e-07
3.69003e-07
-3.7661e-07
6.13261e-07
-5.86723e-07
4.83196e-07
-8.96953e-09
7.61175e-07
-2.54456e-07
-1.24184e-08
3.16743e-07
-2.01502e-08
2.81733e-07
-3.08794e-08
2.87971e-07
-4.279e-08
2.94204e-07
-5.78401e-08
2.8832e-07
-7.64611e-08
3.16249e-07
-8.81029e-08
1.9537e-07
-8.98677e-08
2.45831e-07
-2.75947e-08
-9.51086e-08
-4.64965e-09
1.72801e-07
5.18113e-08
5.43086e-08
1.0826e-07
1.04123e-07
1.06114e-07
2.0868e-07
8.17833e-08
2.87921e-07
1.21462e-08
2.2887e-07
-7.32664e-08
1.54337e-07
-1.67322e-07
1.1092e-07
-2.16604e-07
-2.33948e-08
-3.72622e-07
-4.71549e-08
-4.63071e-07
-8.43196e-08
-4.32233e-07
-4.17482e-07
-1.41179e-07
-7.16729e-07
1.5815e-07
-6.77992e-07
6.56725e-07
-6.85479e-07
6.55752e-07
-3.15693e-07
6.36357e-07
-1.79571e-07
4.01046e-07
-1.41298e-07
-1.93129e-07
7.44109e-09
-1.16423e-07
-8.56758e-08
7.47449e-07
-1.02697e-07
-1.23283e-08
3.29071e-07
-1.88891e-08
2.88294e-07
-2.94227e-08
2.98505e-07
-4.07402e-08
3.05521e-07
-5.73677e-08
3.04948e-07
-7.76213e-08
3.36503e-07
-9.66135e-08
2.14362e-07
-1.06494e-07
2.55711e-07
-4.12429e-08
-1.6036e-07
-5.2146e-08
1.83704e-07
-5.74808e-08
5.96433e-08
-5.92245e-08
1.05866e-07
-8.18486e-08
2.31304e-07
-2.08765e-07
4.14837e-07
-2.17146e-07
2.3725e-07
-1.40239e-07
7.74294e-08
-3.17328e-07
2.88008e-07
-2.82617e-07
-5.81051e-08
-4.38233e-07
1.0846e-07
-4.52807e-07
-6.97457e-08
-3.79701e-07
-4.83479e-07
-2.01094e-07
-6.34832e-07
-1.2015e-08
-5.26336e-07
-8.22969e-08
-2.95543e-07
-1.62755e-07
-8.53965e-08
-1.82392e-07
-1.0169e-07
-5.7058e-08
-2.00835e-07
1.08904e-08
-5.33392e-08
-7.53647e-07
4.40221e-07
6.76606e-07
-6.82804e-07
-1.22922e-08
3.41364e-07
-1.75076e-08
2.93509e-07
-2.78509e-08
3.08848e-07
-3.83463e-08
3.16016e-07
-5.66035e-08
3.23205e-07
-7.86183e-08
3.58517e-07
-1.09651e-07
2.45395e-07
-9.80986e-08
2.44158e-07
-6.47683e-09
-2.51981e-07
1.53236e-08
1.61904e-07
9.90363e-08
-2.40694e-08
2.46332e-07
-4.14296e-08
2.03853e-07
2.73784e-07
1.78955e-07
4.39736e-07
4.72184e-08
3.68986e-07
-1.24133e-07
2.4878e-07
-2.15033e-07
3.78908e-07
-3.82659e-07
1.09521e-07
-8.28529e-07
5.54331e-07
-1.16438e-06
2.66127e-07
-5.60388e-07
-3.18415e-07
-3.99189e-07
-3.44671e-08
-4.04032e-07
-3.30099e-09
-1.23855e-07
-3.46254e-09
-1.04379e-07
-6.43367e-10
3.68385e-08
-1.63289e-07
2.28071e-07
-1.84152e-07
2.6411e-07
-2.38766e-07
9.76739e-08
1.21599e-07
4.71091e-10
3.50362e-07
-1.23302e-08
3.53694e-07
-1.60496e-08
2.97228e-07
-2.6175e-08
3.18974e-07
-3.55776e-08
3.25419e-07
-5.53239e-08
3.42952e-07
-8.09672e-08
3.8416e-07
-1.25367e-07
2.89795e-07
-1.35819e-07
2.5461e-07
-4.90187e-08
-3.38782e-07
-5.08379e-08
1.63723e-07
-7.57725e-08
8.65427e-10
-6.0223e-08
-5.69788e-08
-8.33597e-08
2.9692e-07
-3.51541e-07
7.07917e-07
-1.88411e-07
2.05857e-07
-9.41867e-08
1.54555e-07
-4.89715e-07
7.74447e-07
1.44948e-07
-5.25057e-07
-7.55239e-08
7.74832e-07
3.89995e-08
1.16212e-07
1.9592e-08
-1.39966e-07
-1.21741e-09
-8.57947e-09
-1.99605e-09
-2.26631e-09
-1.15003e-10
-5.44608e-09
1.59279e-10
-6.8858e-10
-8.87774e-09
-4.08007e-10
-3.57803e-08
-1.58701e-09
-3.30592e-09
-1.70925e-07
1.27351e-08
1.79317e-07
-1.55425e-07
3.51602e-08
-1.23983e-08
3.66092e-07
-1.43906e-08
2.99221e-07
-2.42924e-08
3.28876e-07
-3.22223e-08
3.33349e-07
-5.29952e-08
3.63725e-07
-8.04622e-08
4.11627e-07
-1.50978e-07
3.60311e-07
-1.08651e-07
2.12283e-07
2.66241e-08
-4.74057e-07
-1.16986e-08
2.02045e-07
1.42901e-07
-1.53734e-07
5.00193e-07
-4.1427e-07
3.11048e-07
4.86065e-07
2.79153e-07
7.39811e-07
7.69872e-08
4.08022e-07
7.5269e-08
1.56273e-07
-8.08663e-08
9.30583e-07
-1.14179e-06
5.35863e-07
-6.22845e-07
2.88889e-07
1.59507e-07
-9.49601e-07
-7.06652e-08
-2.35713e-07
-3.50205e-08
-7.7876e-10
8.89325e-09
-7.00017e-10
3.53627e-09
-3.57104e-10
3.15868e-09
-3.86818e-10
2.18294e-09
7.47372e-10
1.79443e-08
-1.721e-08
3.31293e-07
-1.01609e-07
3.14755e-07
2.04658e-07
-2.20062e-07
2.79348e-07
-1.26824e-08
3.78774e-07
-1.31246e-08
2.99663e-07
-2.28289e-08
3.3858e-07
-2.86588e-08
3.39178e-07
-4.9509e-08
3.84575e-07
-8.64431e-08
4.48561e-07
-1.82607e-07
4.56474e-07
-1.70815e-07
2.00491e-07
-4.8458e-08
-5.96414e-07
-2.24907e-08
1.76078e-07
-7.19971e-08
-1.04227e-07
8.84971e-09
-4.95117e-07
2.46131e-08
4.70302e-07
-3.67415e-07
1.13184e-06
3.26203e-07
-2.85595e-07
-4.30107e-08
5.25487e-07
-1.2388e-06
2.12637e-06
-7.58551e-07
5.56659e-08
1.35658e-08
-4.75201e-07
-1.14762e-06
6.6261e-07
-7.69273e-10
-1.03552e-06
-1.92345e-10
-1.38433e-09
-1.33318e-10
-7.3629e-10
-2.23097e-09
1.71062e-09
-2.24609e-09
-5.87099e-10
-5.75465e-11
-1.39117e-08
-1.32474e-07
8.65979e-08
-2.74068e-07
-9.44495e-08
-4.97638e-07
1.44022e-07
-5.14183e-07
-5.6857e-08
-1.28184e-08
3.91593e-07
-1.03487e-08
2.97193e-07
-2.00003e-08
3.48232e-07
-2.36214e-08
3.42799e-07
-4.29558e-08
4.0391e-07
-7.95854e-08
4.85191e-07
-2.25436e-07
6.02325e-07
-1.20236e-07
9.52911e-08
7.36427e-08
-7.90292e-07
-1.34933e-07
3.84654e-07
1.51787e-07
-3.90947e-07
9.39716e-07
-1.28305e-06
1.77558e-07
1.23246e-06
2.0134e-07
1.10806e-06
1.15467e-06
-1.23892e-06
1.46438e-06
2.15774e-07
1.51091e-06
2.07984e-06
1.35883e-06
2.07747e-07
-2.38069e-07
1.1217e-06
-9.85005e-07
1.66498e-06
-2.47318e-09
-1.15094e-06
-4.0609e-09
1.84086e-10
-4.86184e-09
3.15221e-11
-6.83923e-09
3.75617e-09
-8.26028e-09
2.77524e-10
9.69207e-09
-3.67211e-08
-4.68332e-07
-2.26628e-08
-1.45854e-06
-1.41288e-07
-5.02309e-07
-3.73561e-07
-4.16599e-07
2.1893e-07
-1.76991e-08
4.09292e-07
-1.15473e-08
2.91041e-07
-1.97962e-08
3.56481e-07
-1.94272e-08
3.4243e-07
-3.4798e-08
4.19281e-07
-9.51095e-08
5.45502e-07
-2.79809e-07
7.87025e-07
-1.93764e-07
9.24597e-09
6.03055e-08
-1.04436e-06
4.14757e-07
3.02025e-08
-2.91334e-08
5.29487e-08
2.53284e-07
-1.56546e-06
2.53658e-07
1.23209e-06
8.00123e-07
5.61592e-07
1.4962e-07
-5.8829e-07
-6.95679e-07
1.06095e-06
1.29252e-06
9.16316e-08
-9.96002e-07
2.49627e-06
-9.58233e-07
6.09807e-07
2.88983e-07
1.67117e-07
1.80253e-07
-8.83795e-07
5.47498e-08
-1.51513e-07
2.46271e-09
5.23941e-08
2.95094e-10
6.523e-09
-7.12998e-09
-1.84753e-08
-2.89785e-08
-5.36439e-08
-6.95809e-09
-1.01426e-07
-4.17771e-07
5.87884e-09
-3.43753e-07
-1.75071e-07
-2.52953e-08
-8.42972e-08
1.04371e-07
3.04921e-07
-2.14096e-08
4.16822e-07
-1.04989e-08
3.4557e-07
-7.83605e-09
3.39767e-07
-1.54493e-08
4.26894e-07
-6.26403e-08
5.92693e-07
-3.71612e-07
1.096e-06
9.63777e-08
-4.58744e-07
-2.15511e-06
1.20713e-06
-1.22593e-07
-2.00231e-06
-8.02576e-09
-6.1676e-08
-2.72919e-06
1.42491e-06
-6.6748e-07
-4.49597e-07
2.73868e-06
-2.87669e-06
1.05339e-06
1.09713e-06
9.17707e-07
1.19671e-06
9.09578e-07
-2.22365e-07
1.72878e-06
3.91092e-07
3.50192e-06
-6.42686e-07
3.77183e-06
3.26415e-08
4.97512e-06
-2.41862e-06
4.40017e-06
5.69021e-07
2.96191e-06
1.45585e-06
2.09531e-06
1.02241e-06
7.77768e-07
9.61282e-08
5.75721e-07
-1.51239e-07
5.46808e-07
-1.08819e-07
2.60037e-07
9.90259e-08
4.29622e-08
-2.56901e-07
-5.22678e-08
-5.32532e-07
7.04994e-08
-7.55054e-08
1.49418e-07
-7.89184e-08
2.28436e-07
-7.9018e-08
3.03904e-07
-7.54683e-08
3.71985e-07
-6.80806e-08
4.29057e-07
-5.70723e-08
4.72437e-07
-4.33804e-08
5.00548e-07
-2.81107e-08
5.12917e-07
-1.23687e-08
5.10041e-07
2.87596e-09
4.94139e-07
1.59021e-08
4.6712e-07
2.7019e-08
4.31626e-07
3.54943e-08
3.9066e-07
4.09662e-08
3.47231e-07
4.34283e-08
3.04039e-07
4.31925e-08
2.63199e-07
4.08399e-08
2.26156e-07
3.70429e-08
1.93663e-07
3.2493e-08
1.6586e-07
2.78027e-08
1.42391e-07
2.34698e-08
1.22534e-07
1.98564e-08
1.05317e-07
1.72176e-08
8.97642e-08
1.55526e-08
7.50075e-08
1.47566e-08
6.04907e-08
1.45169e-08
4.59371e-08
1.45535e-08
3.12042e-08
1.4733e-08
1.60589e-08
1.51452e-08
1.60589e-08
1.03557e-07
-1.83522e-07
2.05259e-07
-1.8062e-07
2.98558e-07
-1.72317e-07
3.80086e-07
-1.56997e-07
4.46934e-07
-1.34929e-07
4.97765e-07
-1.07903e-07
5.32162e-07
-7.77774e-08
5.50357e-07
-4.63052e-08
5.53126e-07
-1.51372e-08
5.42235e-07
1.37673e-08
5.19745e-07
3.83919e-08
4.87678e-07
5.90856e-08
4.48572e-07
7.46003e-08
4.05167e-07
8.43708e-08
3.60154e-07
8.84413e-08
3.15912e-07
8.74349e-08
2.74307e-07
8.24444e-08
2.36609e-07
7.4741e-08
2.03463e-07
6.56401e-08
1.74954e-07
5.63122e-08
1.50708e-07
4.77157e-08
1.30007e-07
4.05575e-08
1.11879e-07
3.53459e-08
9.5371e-08
3.20603e-08
7.96302e-08
3.04972e-08
6.41378e-08
3.00094e-08
4.86394e-08
3.00518e-08
3.29985e-08
3.03739e-08
1.69626e-08
3.11811e-08
3.30214e-08
2.24044e-07
-4.09219e-07
3.79658e-07
-3.36235e-07
4.85823e-07
-2.78482e-07
5.57974e-07
-2.29148e-07
6.03602e-07
-1.80556e-07
6.2781e-07
-1.32111e-07
6.34469e-07
-8.44362e-08
6.26648e-07
-3.84834e-08
6.06093e-07
5.4177e-09
5.7718e-07
4.26794e-08
5.40146e-07
7.54257e-08
4.97298e-07
1.01934e-07
4.50845e-07
1.21053e-07
4.02975e-07
1.3224e-07
3.55708e-07
1.35709e-07
3.10741e-07
1.32401e-07
2.69372e-07
1.23813e-07
2.32409e-07
1.11705e-07
2.00177e-07
9.78723e-08
1.72566e-07
8.39235e-08
1.491e-07
7.1182e-08
1.29014e-07
6.06429e-08
1.11315e-07
5.30453e-08
9.50782e-08
4.82969e-08
7.94656e-08
4.61096e-08
6.40296e-08
4.54456e-08
4.85583e-08
4.5523e-08
3.29412e-08
4.5991e-08
1.69338e-08
4.71884e-08
4.99552e-08
5.33177e-07
-9.37783e-07
8.36019e-07
-6.39077e-07
9.11801e-07
-3.54263e-07
9.04686e-07
-2.22033e-07
8.72346e-07
-1.48215e-07
8.29949e-07
-8.97141e-08
7.81824e-07
-3.63111e-08
7.28875e-07
1.44653e-08
6.75824e-07
5.84687e-08
6.20055e-07
9.84479e-08
5.6317e-07
1.32311e-07
5.06304e-07
1.58799e-07
4.50639e-07
1.76718e-07
3.97355e-07
1.85525e-07
3.47533e-07
1.85531e-07
3.02001e-07
1.77933e-07
2.61304e-07
1.64512e-07
2.25632e-07
1.47377e-07
1.94885e-07
1.28619e-07
1.68693e-07
1.10116e-07
1.46445e-07
9.343e-08
1.27325e-07
7.97636e-08
1.103e-07
7.00703e-08
9.44958e-08
6.41008e-08
7.91004e-08
6.15048e-08
6.37748e-08
6.07715e-08
4.83689e-08
6.09288e-08
3.28108e-08
6.1549e-08
1.68686e-08
6.31305e-08
6.68238e-08
7.23494e-07
-1.6594e-06
1.41812e-06
-1.33371e-06
1.53466e-06
-4.70805e-07
1.39806e-06
-8.54329e-08
1.22189e-06
2.79633e-08
1.0663e-06
6.58714e-08
9.39815e-07
9.01739e-08
8.34934e-07
1.19346e-07
7.4208e-07
1.51323e-07
6.58022e-07
1.82506e-07
5.80775e-07
2.09559e-07
5.09695e-07
2.29879e-07
4.44873e-07
2.4154e-07
3.86531e-07
2.43867e-07
3.34772e-07
2.37291e-07
2.89422e-07
2.23283e-07
2.50167e-07
2.03767e-07
2.16501e-07
1.81043e-07
1.87862e-07
1.57259e-07
1.63604e-07
1.34374e-07
1.42979e-07
1.14055e-07
1.25138e-07
9.76048e-08
1.08991e-07
8.62169e-08
9.37421e-08
7.93501e-08
7.86208e-08
7.6626e-08
6.34359e-08
7.59566e-08
4.81146e-08
7.62501e-08
3.26352e-08
7.70284e-08
1.67809e-08
7.89849e-08
8.36048e-08
3.06368e-07
-1.981e-06
1.22641e-06
-2.25375e-06
1.5089e-06
-7.53299e-07
1.49974e-06
-7.6272e-08
1.34008e-06
1.87624e-07
1.1698e-06
2.36149e-07
1.01989e-06
2.40085e-07
8.90153e-07
2.49084e-07
7.75546e-07
2.6593e-07
6.73017e-07
2.85035e-07
5.81274e-07
3.01302e-07
5.00038e-07
3.11116e-07
4.29088e-07
3.1249e-07
3.67998e-07
3.04958e-07
3.16125e-07
2.89164e-07
2.72419e-07
2.66989e-07
2.35776e-07
2.40409e-07
2.05021e-07
2.11798e-07
1.79186e-07
1.83094e-07
1.57387e-07
1.56173e-07
1.3878e-07
1.32662e-07
1.22527e-07
1.13859e-07
1.07434e-07
1.0131e-07
9.28419e-08
9.39424e-08
7.80375e-08
9.14302e-08
6.30177e-08
9.09767e-08
4.77969e-08
9.14708e-08
3.24149e-08
9.24106e-08
1.66711e-08
9.47287e-08
1.00276e-07
-1.18823e-07
-1.85845e-06
2.5957e-07
-2.63214e-06
5.1392e-07
-1.00765e-06
7.44705e-07
-3.07057e-07
9.01913e-07
3.04162e-08
9.57168e-07
1.80894e-07
9.31597e-07
2.65656e-07
8.57738e-07
3.22945e-07
7.61569e-07
3.621e-07
6.59887e-07
3.86717e-07
5.62695e-07
3.98495e-07
4.75729e-07
3.98082e-07
4.01536e-07
3.86683e-07
3.40305e-07
3.66189e-07
2.90742e-07
3.38727e-07
2.50622e-07
3.0711e-07
2.18082e-07
2.72949e-07
1.91282e-07
2.38599e-07
1.6899e-07
2.05386e-07
1.50169e-07
1.74994e-07
1.33951e-07
1.48881e-07
1.19587e-07
1.28222e-07
1.05666e-07
1.15231e-07
9.18221e-08
1.07787e-07
7.73625e-08
1.0589e-07
6.25248e-08
1.05815e-07
4.74167e-08
1.06579e-07
3.21496e-08
1.07678e-07
1.65394e-08
1.10339e-07
1.16815e-07
-9.94692e-08
-1.7001e-06
-5.29179e-07
-2.20243e-06
-3.09257e-07
-1.22757e-06
4.72881e-08
-6.63602e-07
5.52031e-07
-4.74326e-07
8.12974e-07
-8.00493e-08
8.74028e-07
2.04603e-07
8.2464e-07
3.72332e-07
7.26199e-07
4.60542e-07
6.14968e-07
4.97947e-07
5.1191e-07
5.01553e-07
4.25377e-07
4.84615e-07
3.55584e-07
4.56476e-07
3.00402e-07
4.21372e-07
2.5755e-07
3.81579e-07
2.23773e-07
3.40887e-07
1.97214e-07
2.99508e-07
1.75488e-07
2.60326e-07
1.5748e-07
2.23394e-07
1.42124e-07
1.9035e-07
1.28614e-07
1.62391e-07
1.16396e-07
1.4044e-07
1.03731e-07
1.27896e-07
9.07143e-08
1.20803e-07
7.66095e-08
1.19994e-07
6.19622e-08
1.20462e-07
4.69747e-08
1.21566e-07
3.18394e-08
1.22813e-07
1.63862e-08
1.25792e-07
1.33202e-07
9.88351e-08
-1.74783e-06
-5.00915e-07
-1.60268e-06
1.88516e-08
-1.74734e-06
4.35899e-07
-1.08065e-06
9.4747e-07
-9.85897e-07
1.24255e-06
-3.75133e-07
1.15215e-06
2.95004e-07
9.23361e-07
6.01125e-07
7.24295e-07
6.59607e-07
5.73974e-07
6.48269e-07
4.55945e-07
6.19582e-07
3.66704e-07
5.73857e-07
2.99865e-07
5.23315e-07
2.51637e-07
4.69601e-07
2.17977e-07
4.15239e-07
1.92509e-07
3.66356e-07
1.73708e-07
3.18309e-07
1.58027e-07
2.76007e-07
1.4497e-07
2.36451e-07
1.33483e-07
2.01836e-07
1.22901e-07
1.72973e-07
1.13021e-07
1.50321e-07
1.01678e-07
1.39239e-07
8.95584e-08
1.32923e-07
7.57937e-08
1.33759e-07
6.13354e-08
1.34921e-07
4.64713e-08
1.3643e-07
3.14838e-08
1.37801e-07
1.62118e-08
1.41064e-07
1.49413e-07
2.37534e-07
-2.00967e-06
1.21909e-07
-1.48706e-06
5.13345e-07
-2.13877e-06
1.00565e-06
-1.57295e-06
1.30388e-06
-1.28413e-06
1.47268e-06
-5.43938e-07
1.35179e-06
4.15892e-07
1.0111e-06
9.41815e-07
6.7102e-07
9.9969e-07
4.45649e-07
8.7364e-07
3.12461e-07
7.5277e-07
2.46763e-07
6.39555e-07
2.08093e-07
5.61986e-07
1.83936e-07
4.93758e-07
1.69195e-07
4.2998e-07
1.56513e-07
3.79038e-07
1.47923e-07
3.26899e-07
1.39226e-07
2.84703e-07
1.31721e-07
2.43956e-07
1.24338e-07
2.0922e-07
1.16874e-07
1.80437e-07
1.09577e-07
1.57618e-07
9.95741e-08
1.49241e-07
8.84005e-08
1.44097e-07
7.49304e-08
1.47228e-07
6.06494e-08
1.49202e-07
4.59064e-08
1.51173e-07
3.10823e-08
1.52625e-07
1.60168e-08
1.5613e-07
1.6543e-07
-7.06513e-08
-1.98161e-06
1.95401e-07
-1.75311e-06
-1.22921e-07
-1.82045e-06
2.27454e-07
-1.92333e-06
3.71931e-07
-1.4286e-06
3.90311e-07
-5.62317e-07
3.75629e-07
4.30575e-07
3.28178e-07
9.89266e-07
2.62835e-07
1.06503e-06
2.15252e-07
9.21224e-07
1.6396e-07
8.04061e-07
1.37653e-07
6.65863e-07
1.21865e-07
5.77774e-07
1.16165e-07
4.99458e-07
1.18623e-07
4.27522e-07
1.18483e-07
3.79178e-07
1.2105e-07
3.24332e-07
1.19555e-07
2.86199e-07
1.18049e-07
2.45461e-07
1.14872e-07
2.12397e-07
1.1068e-07
1.84629e-07
1.06209e-07
1.62089e-07
9.74908e-08
1.57959e-07
8.72909e-08
1.54297e-07
7.40339e-08
1.60485e-07
5.99087e-08
1.63327e-07
4.52789e-08
1.65803e-07
3.06339e-08
1.6727e-07
1.58019e-08
1.70962e-07
1.81232e-07
-7.13178e-07
-1.3162e-06
-8.58284e-07
-1.608e-06
-1.35584e-06
-1.3229e-06
-1.3455e-06
-1.93367e-06
-1.31699e-06
-1.45711e-06
-1.50574e-06
-3.73559e-07
-1.3074e-06
2.32231e-07
-8.85739e-07
5.67604e-07
-5.82539e-07
7.61832e-07
-3.1652e-07
6.55206e-07
-1.73921e-07
6.61463e-07
-7.94003e-08
5.71343e-07
-1.35347e-08
5.11908e-07
2.82454e-08
4.57678e-07
6.15114e-08
3.94256e-07
7.81565e-08
3.62533e-07
9.41293e-08
3.08359e-07
9.96422e-08
2.80686e-07
1.04532e-07
2.40572e-07
1.05365e-07
2.11564e-07
1.04484e-07
1.8551e-07
1.03075e-07
1.63498e-07
9.54951e-08
1.65539e-07
8.62826e-08
1.63509e-07
7.31146e-08
1.73653e-07
5.91167e-08
1.77325e-07
4.45865e-08
1.80333e-07
3.01373e-08
1.81719e-07
1.55678e-08
1.85531e-07
1.968e-07
-6.12703e-07
-7.68909e-07
-9.11638e-07
-1.30907e-06
-8.636e-07
-1.37094e-06
-1.27153e-06
-1.52574e-06
-1.43633e-06
-1.29231e-06
-1.50132e-06
-3.08571e-07
-1.33013e-06
6.10399e-08
-9.03961e-07
1.41434e-07
-7.23128e-07
5.80999e-07
-4.74348e-07
4.06426e-07
-3.26899e-07
5.14014e-07
-1.93297e-07
4.3774e-07
-9.72774e-08
4.15889e-07
-3.82953e-08
3.98695e-07
1.40681e-08
3.41892e-07
4.21943e-08
3.34407e-07
6.97055e-08
2.80848e-07
8.0172e-08
2.70219e-07
9.18637e-08
2.2888e-07
9.60351e-08
2.07392e-07
9.83861e-08
1.83159e-07
1.00338e-07
1.61546e-07
9.36257e-08
1.72251e-07
8.5428e-08
1.71707e-07
7.21751e-08
1.86906e-07
5.82751e-08
1.91225e-07
4.3825e-08
1.94783e-07
2.95906e-08
1.95953e-07
1.53157e-08
1.99806e-07
2.12115e-07
2.39663e-07
-1.03237e-06
2.49072e-07
-1.31848e-06
2.7271e-07
-1.39457e-06
-2.40303e-07
-1.01273e-06
-6.94019e-07
-8.38591e-07
-6.35034e-07
-3.67556e-07
-7.47494e-07
1.73501e-07
-6.62443e-07
5.63834e-08
-5.1088e-07
4.29435e-07
-4.6708e-07
3.62626e-07
-3.29002e-07
3.75937e-07
-2.53121e-07
3.61859e-07
-1.50145e-07
3.12912e-07
-8.53049e-08
3.33856e-07
-2.30728e-08
2.7966e-07
1.4889e-08
2.96445e-07
4.8738e-08
2.46999e-07
6.28733e-08
2.56084e-07
8.06396e-08
2.11114e-07
8.69103e-08
2.01122e-07
9.26407e-08
1.77429e-07
9.81681e-08
1.56018e-07
9.18668e-08
1.78552e-07
8.47769e-08
1.78797e-07
7.1199e-08
2.00483e-07
5.73842e-08
2.0504e-07
4.29876e-08
2.0918e-07
2.89918e-08
2.09949e-07
1.50469e-08
2.13751e-07
2.27162e-07
-1.45177e-07
-9.19245e-07
-7.1487e-07
-7.48783e-07
-1.21263e-06
-8.96817e-07
-1.30892e-06
-9.16429e-07
-1.3454e-06
-8.02118e-07
-1.27071e-06
-4.42248e-07
-8.75424e-07
-2.21782e-07
-1.10773e-06
2.88691e-07
-8.51424e-07
1.73127e-07
-5.94802e-07
1.06004e-07
-4.57272e-07
2.38407e-07
-3.30522e-07
2.35109e-07
-2.02768e-07
1.85158e-07
-1.2718e-07
2.58267e-07
-4.92316e-08
2.01712e-07
-4.9265e-09
2.5214e-07
3.22022e-08
2.0987e-07
4.90032e-08
2.39283e-07
7.09959e-08
1.89121e-07
7.80157e-08
1.94102e-07
8.77188e-08
1.67726e-07
9.67344e-08
1.47003e-07
9.04738e-08
1.84813e-07
8.43733e-08
1.84898e-07
7.01477e-08
2.14709e-07
5.64432e-08
2.18744e-07
4.20629e-08
2.2356e-07
2.83381e-08
2.23674e-07
1.47632e-08
2.27326e-07
2.41925e-07
-9.28063e-07
-9.84522e-08
-1.4621e-06
-2.14742e-07
-1.90568e-06
-4.53245e-07
-2.0269e-06
-7.95203e-07
-1.5696e-06
-1.25942e-06
-1.18644e-06
-8.25407e-07
-7.29883e-07
-6.78339e-07
-1.04174e-06
6.00544e-07
-1.0328e-06
1.64188e-07
-6.30193e-07
-2.966e-07
-4.02931e-07
1.11455e-08
-3.5024e-07
1.82417e-07
-2.11435e-07
4.63536e-08
-1.32678e-07
1.79511e-07
-6.48832e-08
1.33917e-07
-1.79949e-08
2.05252e-07
1.74756e-08
1.744e-07
3.74355e-08
2.19323e-07
6.26006e-08
1.63956e-07
6.99086e-08
1.86794e-07
8.39746e-08
1.5366e-07
9.62078e-08
1.3477e-07
8.98238e-08
1.91196e-07
8.42407e-08
1.90481e-07
6.90769e-08
2.29872e-07
5.54519e-08
2.32369e-07
4.1043e-08
2.37969e-07
2.76271e-08
2.3709e-07
1.44671e-08
2.40486e-07
2.56392e-07
-4.97606e-07
3.38043e-07
-2.2153e-07
-4.90818e-07
-1.5857e-07
-5.16205e-07
-8.67231e-07
-8.65412e-08
-1.25972e-06
-8.66936e-07
-6.40576e-07
-1.44455e-06
-5.76999e-07
-7.41916e-07
-7.31246e-07
7.54791e-07
-9.17339e-07
3.50282e-07
-5.93691e-07
-6.20248e-07
-3.75601e-07
-2.06944e-07
-3.56319e-07
1.63136e-07
-2.00572e-07
-1.09393e-07
-1.35071e-07
1.1401e-07
-5.34695e-08
5.23149e-08
-1.01807e-08
1.61963e-07
2.21112e-08
1.42108e-07
3.33639e-08
2.0807e-07
5.83292e-08
1.38991e-07
6.38097e-08
1.81314e-07
8.1716e-08
1.35754e-07
9.67861e-08
1.197e-07
9.00337e-08
1.97949e-07
8.43807e-08
1.96134e-07
6.81102e-08
2.46143e-07
5.44044e-08
2.46075e-07
3.99363e-08
2.52436e-07
2.68562e-08
2.5017e-07
1.41613e-08
2.53181e-07
2.70554e-07
9.11265e-09
2.85106e-07
-1.72289e-07
-3.09416e-07
-7.29617e-07
4.1122e-08
-9.07451e-07
9.12931e-08
-1.2543e-06
-5.2009e-07
-1.14638e-06
-1.55247e-06
-1.03917e-06
-8.49122e-07
-7.5175e-07
4.67372e-07
-6.18591e-07
2.17123e-07
-5.38471e-07
-7.00368e-07
-4.51716e-07
-2.93699e-07
-2.16395e-07
-7.21857e-08
-1.80525e-07
-1.45263e-07
-8.84923e-08
2.19768e-08
-6.46741e-08
2.84964e-08
-2.30704e-08
1.20359e-07
-3.01593e-09
1.22053e-07
1.77814e-08
1.87273e-07
4.43336e-08
1.12439e-07
5.4281e-08
1.71366e-07
7.98476e-08
1.10187e-07
9.86135e-08
1.00934e-07
9.11774e-08
2.05384e-07
8.47865e-08
2.02525e-07
6.72736e-08
2.63655e-07
5.32788e-08
2.6007e-07
3.87402e-08
2.66975e-07
2.60225e-08
2.62887e-07
1.38495e-08
2.65354e-07
2.84403e-07
5.12184e-07
-1.96099e-07
2.71198e-07
-6.84297e-08
-1.50458e-07
4.62778e-07
-1.48174e-07
8.90094e-08
-3.76708e-07
-2.91556e-07
-1.06921e-06
-8.59965e-07
-1.1547e-06
-7.63634e-07
-5.99889e-07
-8.74409e-08
-2.5427e-07
-1.28496e-07
-3.4272e-07
-6.11919e-07
-2.99629e-07
-3.3679e-07
-1.36399e-07
-2.35415e-07
-1.26089e-07
-1.55573e-07
-5.27093e-08
-5.14033e-08
-7.33642e-09
-1.68767e-08
3.04543e-08
8.25684e-08
4.04613e-08
1.12046e-07
3.06923e-08
1.97042e-07
5.92055e-08
8.39252e-08
5.64724e-08
1.74099e-07
8.18281e-08
8.4831e-08
1.02451e-07
8.03108e-08
9.33939e-08
2.14441e-07
8.54455e-08
2.10473e-07
6.65292e-08
2.82571e-07
5.2031e-08
2.74568e-07
3.74487e-08
2.81557e-07
2.51216e-08
2.75215e-07
1.35361e-08
2.76939e-07
2.97939e-07
-2.98246e-07
-5.07587e-08
-6.24786e-08
-3.04196e-07
7.90891e-07
-3.90591e-07
8.6169e-07
1.82097e-08
7.28775e-07
-1.5864e-07
3.15349e-07
-4.46538e-07
-2.59496e-07
-1.8879e-07
-7.15942e-08
-2.75342e-07
1.69298e-07
-3.69388e-07
8.6125e-08
-5.28746e-07
-7.16777e-09
-2.43497e-07
2.45965e-08
-2.6718e-07
-1.20075e-08
-1.1897e-07
1.3091e-08
-7.6502e-08
-2.35355e-08
1.97496e-08
-9.99182e-09
6.90246e-08
-1.66535e-08
1.18707e-07
-5.22398e-09
1.85612e-07
2.00429e-08
5.86582e-08
3.70729e-08
1.57069e-07
7.11569e-08
5.07468e-08
1.05261e-07
4.62068e-08
9.6737e-08
2.22965e-07
8.63216e-08
2.20889e-07
6.58174e-08
3.03075e-07
5.05992e-08
2.89786e-07
3.60535e-08
2.96102e-07
2.41452e-08
2.87123e-07
1.32263e-08
2.87858e-07
3.11166e-07
-8.98469e-07
5.93254e-07
-8.91667e-07
-3.10986e-07
-5.4422e-07
-7.37994e-07
-2.03981e-07
-3.2203e-07
-1.03465e-08
-3.52275e-07
-7.14457e-08
-3.85439e-07
-5.42853e-08
-2.0595e-07
1.13604e-07
-4.43232e-07
2.58259e-07
-5.14043e-07
7.12249e-08
-3.41712e-07
4.4619e-08
-2.16892e-07
2.17493e-08
-2.4431e-07
2.69679e-08
-1.24188e-07
4.24726e-08
-9.20067e-08
8.89602e-08
-2.67381e-08
1.00665e-07
5.73203e-08
8.01739e-08
1.39198e-07
3.21969e-08
2.33589e-07
6.83255e-08
2.25294e-08
5.20077e-08
1.73386e-07
8.78209e-08
1.49334e-08
1.18557e-07
1.5471e-08
1.01987e-07
2.39534e-07
8.74147e-08
2.35461e-07
6.50622e-08
3.25427e-07
4.89156e-08
3.05933e-07
3.45428e-08
3.10475e-07
2.30791e-08
2.98587e-07
1.29268e-08
2.9801e-07
3.24092e-07
-9.74845e-10
4.91532e-07
-1.87589e-07
-1.24372e-07
-9.47532e-07
2.21996e-08
-8.48391e-07
-4.21168e-07
-6.81631e-07
-5.19029e-07
-5.48922e-07
-5.18143e-07
-1.46e-07
-6.08874e-07
1.17089e-07
-7.06313e-07
3.8806e-07
-7.85003e-07
3.18503e-07
-2.72155e-07
2.67041e-07
-1.6543e-07
1.68441e-07
-1.4571e-07
1.2614e-07
-8.18877e-08
8.70355e-08
-5.29017e-08
9.06039e-09
5.1237e-08
-6.19892e-09
7.25797e-08
-4.1272e-08
1.74271e-07
-5.11196e-08
2.43436e-07
-1.50116e-08
-1.3579e-08
1.44264e-08
1.43948e-07
5.99852e-08
-3.06256e-08
1.15588e-07
-4.01316e-08
1.08383e-07
2.46739e-07
8.84977e-08
2.55347e-07
6.41505e-08
3.49774e-07
4.69133e-08
3.2317e-07
3.29012e-08
3.24487e-07
2.19021e-08
3.09586e-07
1.26456e-08
3.07266e-07
3.36738e-07
-4.01863e-08
-1.3975e-07
1.07831e-07
-2.39743e-07
-1.39404e-07
2.69702e-07
-3.73717e-08
-4.18416e-07
2.00159e-07
-6.38288e-07
2.52591e-07
-4.03417e-07
4.67902e-09
-1.4445e-07
7.54751e-08
-3.58099e-07
2.64273e-07
-6.73721e-07
2.88723e-07
-2.89175e-07
2.93459e-07
-1.70166e-07
1.88454e-07
-4.07053e-08
2.03033e-07
-9.64667e-08
1.43757e-07
6.37438e-09
2.25476e-07
-3.04816e-08
2.11407e-07
8.66493e-08
1.18413e-07
2.67265e-07
3.77073e-08
3.24142e-07
8.04416e-08
-5.63136e-08
4.73416e-08
1.77048e-07
9.42268e-08
-7.75109e-08
1.53686e-07
-9.95903e-08
1.18448e-07
2.81976e-07
8.98511e-08
2.83944e-07
6.2946e-08
3.76679e-07
4.45283e-08
3.41587e-07
3.11115e-08
3.37903e-07
2.059e-08
3.20107e-07
1.2392e-08
3.15464e-07
3.4913e-07
-3.18076e-08
7.49594e-08
-3.46828e-07
1.13048e-08
2.18746e-07
-1.75548e-07
4.48676e-07
-2.05226e-08
3.38213e-07
-1.22514e-07
1.53573e-07
-1.19366e-07
7.8071e-08
-8.22231e-09
4.59746e-08
-6.42651e-09
-1.43376e-08
-4.98519e-08
3.80154e-07
-2.3057e-07
3.35503e-07
-1.11359e-07
2.38566e-07
5.62309e-08
1.56681e-07
-1.45811e-08
1.08514e-07
5.45415e-08
-2.25322e-08
1.00565e-07
-9.77688e-09
7.3894e-08
-8.35574e-08
3.41045e-07
-1.71766e-07
4.1235e-07
-7.19039e-08
-1.56176e-07
-1.30698e-08
1.18214e-07
5.29391e-08
-1.4352e-07
1.36316e-07
-1.82968e-07
1.30538e-07
2.87755e-07
9.03004e-08
3.24181e-07
6.11985e-08
4.05781e-07
4.1685e-08
3.61101e-07
2.91541e-08
3.50434e-07
1.91197e-08
3.30142e-07
1.21748e-08
3.22409e-07
3.61305e-07
2.05408e-08
2.9453e-08
1.95536e-08
-3.16042e-08
3.0973e-08
-1.91636e-07
1.93325e-08
-1.10381e-08
1.77792e-07
1.02545e-08
1.03802e-08
-4.83354e-09
-1.41459e-09
-5.1697e-10
-7.45863e-09
-5.42674e-10
-5.57532e-08
-1.70896e-09
-1.10507e-07
-4.71003e-10
2.11345e-07
-1.4742e-07
8.21022e-08
1.85492e-07
2.29869e-07
-1.62221e-07
2.05671e-07
7.87406e-08
3.88035e-07
-8.17981e-08
3.92007e-07
6.99215e-08
1.22678e-07
6.10374e-07
4.20473e-08
4.92981e-07
8.76599e-08
-2.01789e-07
3.78235e-08
1.6805e-07
1.04376e-07
-2.10073e-07
2.1198e-07
-2.90572e-07
1.47729e-07
3.52006e-07
9.19005e-08
3.80009e-07
5.86896e-08
4.38992e-07
3.83437e-08
3.81447e-07
2.70396e-08
3.61738e-07
1.75216e-08
3.3966e-07
1.20141e-08
3.27917e-07
3.73319e-07
3.73882e-08
-5.71679e-08
2.29658e-07
-5.1162e-07
6.86729e-09
-8.20102e-08
4.28087e-09
-7.46761e-09
1.45078e-08
6.61007e-10
8.55034e-09
1.02359e-09
7.07178e-09
2.64805e-09
2.46841e-09
2.60056e-09
5.08438e-10
6.96902e-11
4.97494e-11
-2.13376e-10
2.54209e-07
-2.93975e-07
1.06286e-06
-3.13202e-07
7.09761e-07
1.90883e-07
1.96421e-07
5.92081e-07
-1.23889e-07
2.38512e-07
1.11951e-07
-1.65919e-07
-3.72723e-08
7.59598e-07
-4.61734e-07
9.17442e-07
-1.74842e-07
-4.8868e-07
-4.40497e-08
3.72578e-08
3.34738e-08
-2.87597e-07
1.77496e-07
-4.34594e-07
1.70165e-07
3.59337e-07
8.91023e-08
4.61072e-07
5.4782e-08
4.73312e-07
3.42864e-08
4.01943e-07
2.46576e-08
3.71367e-07
1.56765e-08
3.48641e-07
1.18732e-08
3.3172e-07
3.85192e-07
9.71845e-09
-3.21408e-07
-1.09317e-07
-4.19525e-07
-1.86108e-08
-3.12124e-07
-4.62527e-10
-2.58998e-08
4.18468e-10
-9.93656e-11
8.7111e-10
3.56072e-10
2.97946e-09
-4.15952e-10
2.38862e-09
1.00981e-10
1.80623e-09
4.7048e-10
7.5847e-10
6.52445e-10
-6.92176e-07
2.07517e-07
-3.2704e-07
-6.78347e-07
-2.72275e-07
1.36111e-07
-2.64991e-07
5.84797e-07
3.50476e-07
-3.76955e-07
6.05048e-07
-4.20492e-07
-4.70142e-09
1.36935e-06
-5.48859e-08
9.67626e-07
5.22762e-08
-5.95842e-07
2.73581e-08
6.21758e-08
1.29698e-07
-3.89936e-07
3.04513e-07
-6.09409e-07
1.93532e-07
4.70318e-07
8.99916e-08
5.64612e-07
4.93796e-08
5.13924e-07
2.98666e-08
4.21456e-07
2.24916e-08
3.78742e-07
1.42181e-08
3.56915e-07
1.19241e-08
3.34014e-07
3.97116e-07
4.21822e-07
-7.07544e-08
3.41493e-07
-2.45615e-07
-9.14328e-10
-1.78307e-07
-5.72543e-10
-2.63662e-08
5.15801e-11
-9.17274e-10
2.71733e-10
-7.89551e-11
5.51872e-10
-9.34348e-10
1.11019e-09
-1.04825e-09
-3.43779e-10
1.34232e-09
-8.49472e-08
8.50548e-08
-3.10792e-07
-7.23943e-08
6.25376e-07
-1.9261e-06
1.92188e-06
-1.16042e-06
5.94204e-07
1.91248e-06
-6.54023e-07
8.71272e-07
4.23729e-07
-1.49824e-06
2.54165e-07
1.53891e-06
-1.19954e-06
2.42134e-06
-4.02741e-07
-1.39264e-06
-1.45057e-08
-3.26059e-07
-3.77937e-09
-4.00662e-07
2.63625e-07
-8.76813e-07
2.41009e-07
4.92934e-07
7.99376e-08
7.25683e-07
4.05909e-08
5.53271e-07
2.39099e-08
4.38137e-07
1.92152e-08
3.83436e-07
1.1234e-08
3.64896e-07
1.18593e-08
3.33388e-07
4.08976e-07
-6.34198e-08
-1.60861e-07
-7.81784e-08
-9.00284e-08
-1.01815e-07
-6.30954e-08
-1.72514e-08
-9.87571e-08
-7.08793e-10
-1.77764e-08
-2.09171e-09
1.08958e-09
-4.22438e-09
9.00279e-10
-7.30808e-09
1.64566e-09
-4.03589e-08
3.43825e-08
-6.76777e-07
-9.38016e-09
-1.50936e-06
3.32821e-07
-6.19109e-07
-2.79806e-06
4.41429e-07
-2.22085e-06
8.86672e-07
1.46725e-06
-1.0319e-06
2.78984e-06
-3.80283e-07
-2.12552e-06
-4.94592e-07
1.65323e-06
-4.28088e-07
2.35484e-06
-3.49881e-07
-1.32383e-06
-2.47529e-07
-4.2841e-07
3.2231e-07
-9.705e-07
4.38964e-07
-9.93466e-07
2.57788e-07
6.74109e-07
8.23375e-08
9.01134e-07
2.97429e-08
6.05865e-07
1.87099e-08
4.4917e-07
1.84899e-08
3.83656e-07
1.22934e-08
3.71092e-07
1.6682e-08
3.29e-07
4.25658e-07
-5.45955e-08
-2.7823e-07
3.89747e-08
-8.38966e-08
1.11963e-07
-1.29661e-07
-5.34831e-07
-3.44808e-07
-9.06658e-08
-1.23934e-07
-1.07163e-09
9.21917e-08
-1.80571e-09
6.91217e-10
-1.51668e-08
5.32633e-09
3.47642e-08
-4.32345e-09
-1.70717e-08
5.48862e-08
-9.16251e-07
1.03661e-06
-4.16845e-06
8.30289e-07
-3.15169e-06
-1.64412e-06
-5.36759e-07
-6.94353e-07
-3.5061e-07
2.30761e-06
-3.81947e-06
1.42852e-06
-1.48828e-06
-7.49555e-07
3.4573e-06
-2.84627e-06
2.971e-07
1.63245e-06
7.11021e-07
-7.0402e-07
2.07915e-06
-1.32199e-06
2.10517e-07
1.20632e-06
3.08561e-07
5.76066e-07
4.66836e-08
1.16301e-06
8.39985e-09
6.44149e-07
6.33582e-09
4.51234e-07
8.69854e-09
3.81294e-07
2.41767e-08
3.55614e-07
-1.14417e-07
4.67593e-07
3.11241e-07
-1.71572e-07
-5.30896e-09
3.99116e-08
2.05339e-07
-5.3653e-09
3.90847e-07
-6.03353e-09
3.40436e-07
-4.42512e-09
4.25286e-07
-2.3143e-08
6.11411e-07
-2.52526e-07
1.32538e-06
-8.11446e-07
1.0025e-07
-1.19319e-06
1.59011e-06
-7.81064e-07
-2.24489e-06
-6.51585e-07
-1.60546e-07
-7.23668e-08
9.43032e-07
-3.23434e-07
-4.342e-08
-4.11383e-07
-2.22227e-06
3.51734e-08
6.50579e-07
3.06269e-07
9.25618e-07
5.17435e-08
-1.23561e-07
7.92787e-08
8.19485e-08
2.37245e-07
-4.98101e-07
3.22347e-07
1.11958e-07
2.41445e-07
-2.33851e-06
2.43967e-07
5.65844e-07
3.72605e-07
1.32593e-06
3.79649e-07
7.61511e-07
1.72637e-07
2.16302e-07
1.49819e-07
-1.53503e-07
1.28874e-07
-1.00841e-07
1.52008e-07
1.15245e-07
1.85605e-07
-2.90481e-07
-5.74076e-07
8.48421e-08
-5.22631e-08
-1.73041e-10
1.91091e-08
-4.57318e-09
-2.24833e-08
2.58925e-07
-2.33722e-08
2.67629e-07
-1.63261e-08
4.18239e-07
-2.96086e-08
6.24694e-07
-2.88585e-07
1.58436e-06
-9.18952e-07
7.32766e-07
-6.11616e-07
1.52593e-06
-7.07008e-07
-8.19225e-07
-7.81562e-07
3.2932e-09
-7.80109e-09
2.58167e-07
2.82715e-09
-5.94377e-08
-2.73626e-07
-8.96152e-07
-1.76673e-08
3.81713e-07
2.59827e-07
2.62035e-07
2.7206e-08
-9.93472e-08
-2.59379e-09
-1.43286e-08
1.79176e-08
-3.94055e-07
3.05575e-07
-1.54816e-07
2.78306e-07
-2.31214e-06
2.56105e-07
5.88241e-07
4.06675e-07
1.17495e-06
3.51818e-07
6.76619e-07
1.76533e-07
5.19609e-07
2.20212e-07
-1.31744e-07
2.92658e-07
-1.78183e-07
3.66386e-07
4.1576e-08
3.10833e-07
-2.3492e-07
-5.08886e-07
1.35461e-07
-1.55474e-09
-2.74404e-10
-9.32469e-09
-2.00379e-09
-5.35348e-08
-1.66283e-08
-1.14197e-07
3.24616e-08
-1.32817e-07
1.72935e-07
-7.20607e-08
4.2458e-07
-3.32856e-07
1.8452e-06
-1.04858e-06
1.46689e-06
-5.70083e-08
8.92352e-07
-2.76297e-07
-8.04245e-08
-4.61126e-07
2.91424e-07
-7.17989e-09
3.38127e-09
-1.17491e-08
-5.89956e-08
-4.6586e-07
-6.42349e-07
-5.60589e-08
-3.63241e-08
1.41064e-07
-7.19307e-08
3.05721e-08
-2.60324e-08
8.66987e-09
3.98351e-09
-1.44946e-07
-5.8879e-07
2.08781e-07
-6.00789e-07
2.20667e-07
-2.32379e-06
2.54321e-07
5.54873e-07
3.27073e-07
1.10238e-06
2.52976e-07
7.67913e-07
3.09717e-07
6.06622e-07
3.69586e-07
-1.5777e-07
4.2878e-07
-2.37306e-07
5.65027e-07
-9.46624e-08
5.31232e-07
-2.01122e-07
-2.68749e-07
1.6777e-07
-2.09096e-09
-9.81546e-11
-1.20228e-08
-4.93969e-09
-1.36884e-07
-1.1867e-08
-3.48706e-07
1.65435e-08
-4.1286e-07
6.20173e-08
-2.67276e-07
1.43559e-07
-3.621e-07
1.93993e-06
-1.02888e-06
2.17935e-06
-2.35221e-08
5.12843e-07
-3.15027e-08
-5.62543e-08
-1.73452e-07
1.90116e-07
-2.35814e-08
-2.67733e-08
-5.09438e-08
-4.11553e-08
-5.59085e-07
-5.96311e-07
-3.19385e-08
-4.74367e-07
3.6011e-08
-1.41171e-07
5.82181e-09
-2.03763e-10
-1.61144e-08
2.03682e-08
-8.14001e-08
-5.45134e-07
2.87579e-07
-8.9304e-07
2.17962e-07
-2.25343e-06
2.78428e-07
4.94643e-07
3.64152e-07
1.01527e-06
3.22577e-07
8.38863e-07
5.33063e-07
3.94934e-07
5.87994e-07
-2.12018e-07
5.46154e-07
-1.95454e-07
6.01816e-07
-1.50319e-07
4.57038e-07
-5.63411e-08
-1.17313e-07
1.9255e-07
-2.47424e-09
-4.30973e-11
-1.29608e-07
-6.08445e-09
-3.26454e-07
-1.53477e-09
-4.41537e-07
-1.77217e-08
-5.93426e-07
1.09923e-09
-5.97148e-07
-7.5285e-08
-5.49041e-07
1.89069e-06
-1.04025e-06
2.80098e-06
-2.87376e-08
2.24505e-07
2.23201e-09
-9.02436e-08
7.79103e-08
1.89942e-08
-1.1713e-07
3.30002e-07
-1.05385e-07
-6.57471e-08
-7.88901e-08
-3.38688e-07
2.006e-07
-2.28752e-07
1.36657e-08
-3.45411e-08
1.28097e-08
-3.39317e-10
1.59455e-08
1.89161e-08
-1.97249e-08
-1.95598e-07
3.09911e-07
-1.05432e-06
7.30246e-08
-2.01606e-06
3.02473e-07
2.65314e-07
5.04688e-07
8.13474e-07
4.53369e-07
8.90249e-07
5.74389e-07
2.71534e-07
5.90833e-07
-2.29364e-07
4.83796e-07
-8.84331e-08
4.09511e-07
-7.60275e-08
4.15537e-07
-6.23624e-08
-1.18077e-07
1.94213e-07
-7.2947e-09
1.22076e-09
-4.34829e-10
-3.98489e-12
-9.53709e-10
-2.16072e-10
-1.7584e-08
-9.67085e-10
-1.52705e-07
-1.2967e-08
-7.6003e-07
-1.71756e-07
-8.1376e-07
1.58624e-06
-1.03051e-06
3.30156e-06
-1.50228e-07
1.50284e-07
2.68242e-08
-3.72272e-07
2.64563e-08
1.14245e-10
-9.32767e-10
5.26458e-07
1.17662e-09
-8.04975e-08
1.838e-09
-1.92965e-07
2.11529e-08
-1.12407e-07
7.20726e-09
-2.18415e-08
6.20091e-09
-5.33765e-10
1.3425e-08
1.26515e-08
2.64496e-08
-4.22431e-08
4.84472e-07
-1.29889e-06
5.79469e-08
-1.5893e-06
7.05404e-08
2.52749e-07
3.47131e-07
5.36913e-07
5.09839e-07
7.27563e-07
6.06757e-07
1.73007e-07
4.89611e-07
-1.12638e-07
4.58457e-07
-5.65381e-08
4.6743e-07
-8.49965e-08
3.68801e-07
3.6272e-08
2.42392e-08
8.89232e-08
-4.72378e-09
3.94971e-10
-6.04571e-10
4.78209e-11
2.9354e-10
-2.16273e-10
-4.94712e-10
-3.0566e-10
-1.59705e-07
-1.03332e-08
-8.04307e-07
-2.18785e-07
-9.04273e-07
1.14495e-06
-6.93515e-07
3.45025e-06
-3.52445e-07
8.33041e-08
4.51011e-08
-1.49122e-06
2.35373e-08
1.13878e-09
-2.13712e-09
2.94993e-07
3.83496e-09
-1.94177e-07
1.44657e-08
-2.05757e-07
4.23394e-08
-2.91843e-07
3.368e-09
-3.72795e-08
2.32659e-09
-8.96836e-12
8.55187e-09
6.94414e-09
3.34957e-07
-5.38998e-08
4.76136e-07
-1.12433e-06
6.00152e-08
-1.17288e-06
-8.00032e-09
3.20396e-07
3.0669e-07
2.22254e-07
5.41749e-07
4.92532e-07
6.00812e-07
9.79779e-08
5.53597e-07
-6.55328e-08
4.67702e-07
3.79179e-08
5.66721e-07
-1.8399e-07
3.97834e-07
2.05167e-07
1.49294e-07
1.90358e-08
-2.15466e-09
-3.1187e-11
-1.76325e-10
1.66785e-11
-1.00271e-10
-3.02915e-11
-1.25271e-10
-1.20992e-10
-2.93135e-08
-5.06103e-09
-5.75151e-07
-2.32526e-07
-8.57258e-07
7.70817e-07
-1.49715e-07
2.94185e-06
-1.05527e-07
4.34317e-08
1.42598e-08
-5.84904e-08
9.37557e-09
-2.35677e-09
2.37393e-08
3.86326e-10
1.28019e-08
-3.36895e-08
-2.38372e-08
-1.5773e-07
-2.32481e-08
-2.80199e-07
-1.73623e-09
-2.21444e-07
-2.07952e-11
9.9648e-11
4.2585e-09
2.90569e-09
2.20797e-07
-3.60202e-08
4.28706e-07
-9.01598e-07
2.40455e-07
-9.84731e-07
3.40327e-07
2.20212e-07
4.48729e-07
7.70376e-08
4.17392e-07
4.36069e-07
2.53577e-07
1.92198e-07
2.97549e-07
-8.27666e-08
3.78976e-07
-4.10707e-08
3.37168e-07
-1.45906e-07
2.31678e-07
3.10681e-07
1.10483e-07
2.97622e-08
-3.3387e-11
-2.43198e-13
-1.65098e-12
-1.21404e-13
-3.17554e-11
-1.12321e-12
-1.28726e-10
-3.04297e-11
-3.48916e-08
1.25269e-10
-6.07928e-07
-2.63389e-07
-8.44499e-07
5.40622e-07
-2.35599e-07
2.41243e-06
5.85784e-08
6.52871e-08
6.35222e-10
-8.91934e-11
3.81864e-10
-1.37349e-10
3.20935e-09
8.62006e-10
2.7715e-09
-4.15093e-08
-2.11052e-08
-1.19295e-07
-2.50365e-08
-2.63547e-07
-4.60336e-09
-2.29493e-07
4.83731e-10
-7.31428e-11
2.032e-09
1.44072e-09
1.28227e-07
-4.06858e-08
5.63089e-07
-6.89552e-07
2.90772e-07
-6.20915e-07
4.43744e-07
6.71354e-08
4.10619e-07
2.61756e-08
2.31639e-07
4.16591e-07
1.93508e-07
2.02343e-07
1.91863e-07
-5.56966e-08
3.21515e-07
-1.72879e-07
2.63823e-07
-9.27035e-08
8.71178e-08
4.46829e-07
1.22317e-07
-1.68157e-08
-2.61535e-13
-9.80236e-16
-2.17939e-13
-1.08665e-14
-1.57135e-12
-1.31012e-13
-2.80732e-11
-4.84166e-12
1.44898e-11
3.78737e-11
-3.43743e-07
-1.96154e-07
-8.70346e-07
3.51068e-07
-5.1845e-07
3.11845e-06
-5.81729e-11
1.38248e-07
-1.21866e-10
-2.60979e-11
-2.50946e-10
-1.36189e-11
1.94437e-10
1.2242e-10
-7.58814e-08
-3.04613e-09
-1.47969e-08
-1.70106e-07
-3.60467e-09
-2.59873e-07
-1.58311e-10
-8.64849e-08
-1.2969e-10
-1.06885e-10
4.45663e-10
9.17177e-10
1.05099e-07
-1.53339e-07
3.15313e-07
-2.36943e-07
2.2797e-07
-1.49522e-07
5.61165e-07
-2.65079e-07
5.99162e-07
-2.02472e-07
3.50593e-07
3.37376e-07
3.23324e-07
1.06407e-07
3.59485e-07
3.5846e-08
3.09401e-07
-1.27524e-07
8.23388e-08
9.70881e-08
2.20296e-08
3.98886e-07
1.29052e-07
-5.1667e-10
-1.69348e-15
2.13596e-16
-7.1736e-15
4.86673e-16
-1.34267e-13
-1.24163e-14
-4.95271e-12
-2.66239e-13
-1.60438e-10
1.68608e-10
-3.61893e-07
-5.32454e-08
-1.00891e-06
2.52006e-07
-7.50541e-07
3.21399e-06
-8.77175e-12
7.74089e-07
-9.42422e-12
-2.55866e-11
-1.82205e-11
-5.4178e-12
-1.51233e-10
2.64965e-10
-3.63612e-08
-2.77747e-08
2.59858e-08
-1.99535e-07
6.15826e-08
-2.77343e-08
-7.22621e-11
-2.57302e-10
-1.04715e-10
-7.99425e-11
2.23111e-10
5.84362e-10
-2.20498e-09
-5.78767e-08
4.47476e-08
-1.72466e-07
4.36102e-07
-1.8491e-07
5.92646e-07
-1.79375e-07
5.99889e-07
-1.80053e-07
3.55828e-07
2.48825e-07
3.613e-07
6.27208e-08
4.90814e-07
1.04655e-07
3.39301e-07
1.90977e-08
1.71261e-07
2.09868e-07
7.62596e-08
4.55251e-07
1.5205e-07
4.05804e-09
-7.75297e-17
1.66096e-16
-3.21378e-16
7.27671e-16
-2.28296e-15
-1.7648e-15
-2.09681e-13
-5.98088e-14
6.47053e-10
1.41926e-11
-8.4151e-08
-2.60637e-08
-1.0662e-06
1.05455e-07
-5.79129e-07
3.11008e-06
-1.2569e-11
1.47922e-06
-3.89438e-12
-3.49966e-11
1.20548e-12
-1.11555e-11
1.00108e-12
8.43953e-11
-1.11223e-08
-1.42271e-09
-1.78947e-09
-1.72555e-07
-6.23693e-11
-3.02765e-08
2.71428e-10
-1.6392e-09
1.58008e-10
2.75115e-11
7.4362e-09
1.71318e-08
2.30194e-08
1.23264e-07
2.11675e-08
-1.73213e-07
1.41389e-07
-6.16202e-08
2.09218e-07
-9.58132e-08
2.36144e-07
-5.16399e-08
2.14663e-07
3.72456e-08
2.81373e-07
3.95242e-08
7.25409e-07
6.8894e-08
3.77169e-07
3.89169e-07
-2.98277e-08
6.0145e-07
-2.01722e-08
4.247e-07
5.38791e-08
-7.06418e-09
-5.67112e-18
8.08065e-17
-1.97728e-16
1.07759e-16
-1.79975e-15
-5.3424e-17
-7.57535e-14
3.49072e-15
-8.96962e-11
1.00267e-10
-1.06818e-07
-2.92716e-09
-1.03136e-06
4.36582e-08
-1.39273e-06
1.8788e-06
-3.02689e-11
1.33838e-06
-3.5331e-12
-5.97002e-11
-3.14081e-12
-1.22377e-11
3.77458e-10
6.27779e-11
2.2613e-09
-5.59657e-09
-4.93158e-09
-1.30403e-07
-5.17033e-10
-3.35175e-08
-5.90903e-11
-3.8068e-10
5.03982e-10
-5.49737e-10
1.73092e-08
3.22325e-10
1.46695e-07
1.86725e-07
3.40089e-09
-3.1969e-09
-6.86312e-09
-1.81413e-09
4.41964e-08
-6.9143e-08
2.94909e-08
-4.95998e-09
1.01238e-07
2.23235e-09
2.15557e-07
-4.37465e-08
6.54376e-07
5.71992e-08
3.60049e-07
5.29693e-07
-8.98078e-08
1.03489e-06
5.56961e-08
2.32545e-07
1.3582e-07
1.90888e-10
-1.69673e-18
1.89617e-17
-3.71563e-18
6.90512e-17
-9.33221e-17
-2.92274e-17
3.03586e-15
8.92423e-17
6.2867e-11
1.9725e-12
-7.37306e-09
-3.51898e-10
-7.5458e-07
-5.59109e-09
-9.48997e-07
9.69914e-07
-1.8815e-10
1.43762e-06
-5.76093e-12
-2.33073e-10
-1.47655e-14
-1.34016e-11
5.37981e-11
1.62928e-11
1.13265e-08
-3.34552e-09
-1.0021e-08
-6.92721e-08
-2.05622e-09
-1.34798e-07
-8.0405e-10
-1.03616e-09
-9.536e-10
-4.05357e-10
2.11442e-09
-1.13765e-10
-1.36371e-09
3.86639e-07
-6.54699e-09
-8.4733e-10
-6.87766e-09
-3.68675e-09
1.96648e-08
-1.73213e-08
5.64613e-08
-2.05799e-08
9.90033e-08
-7.81713e-09
1.03608e-07
-1.04168e-08
2.05656e-07
5.25432e-09
4.91086e-07
-4.49956e-09
1.85951e-07
1.13753e-06
-3.3086e-08
3.59705e-07
1.9734e-07
1.5562e-07
-6.68221e-19
3.35409e-18
2.39222e-19
5.24958e-17
-6.27379e-17
-1.26492e-17
-3.90453e-16
7.46449e-17
1.38827e-12
6.23089e-15
-3.54671e-10
-1.45968e-12
-2.98361e-07
-8.52452e-09
-6.95453e-07
1.02553e-07
-8.10982e-10
7.41814e-07
-6.64806e-12
-1.04241e-09
1.40551e-11
-2.78251e-11
-2.52516e-10
2.94548e-10
-9.30606e-09
-1.48995e-08
-9.8382e-09
-2.58611e-08
-1.5926e-08
-1.54381e-07
-5.54928e-10
-1.65924e-08
-1.21862e-10
-9.17062e-10
4.05837e-10
-7.92179e-10
7.62614e-08
9.9731e-08
8.89323e-11
1.63937e-08
6.94867e-10
-5.99437e-09
8.93014e-10
-1.79617e-08
7.11025e-09
-6.07566e-09
-3.30431e-09
2.45871e-09
1.03141e-09
-4.65482e-09
1.10773e-08
2.8572e-09
-1.18181e-07
4.52404e-08
6.05007e-08
6.73734e-07
-9.00277e-08
3.74183e-07
5.15394e-07
-1.63235e-07
-2.56297e-19
5.77587e-19
5.20088e-19
2.81664e-17
-9.06911e-19
-4.44468e-18
5.32845e-18
2.29327e-18
5.89129e-15
8.78134e-17
-9.53792e-12
-1.82787e-13
-8.33764e-09
-2.27941e-10
-9.98864e-08
-3.4997e-10
-3.59672e-11
8.00141e-10
-2.24231e-11
-9.31532e-11
-4.66875e-11
-2.32476e-11
-1.81993e-10
4.1296e-10
-2.92089e-08
-1.72156e-09
-2.23599e-08
-1.0554e-08
-2.64609e-08
-1.20399e-08
-4.36828e-09
-2.87853e-08
-3.30662e-10
-6.1887e-09
-1.3107e-09
-1.61341e-10
7.01501e-09
2.90165e-09
1.89157e-09
1.19217e-09
-8.6634e-10
-1.08565e-08
1.25623e-09
-2.75733e-08
1.90868e-09
-1.00042e-08
3.3416e-09
1.98555e-10
5.26049e-10
-2.46896e-09
-1.01079e-08
1.29477e-08
-8.81998e-08
9.30353e-08
-2.3587e-07
7.99361e-07
-3.65737e-07
7.44852e-07
7.16276e-07
-5.42766e-07
-9.10232e-20
1.07043e-19
2.49061e-19
1.03493e-17
-8.07416e-20
-1.19581e-18
-1.17627e-17
3.16994e-19
-2.16983e-16
2.96213e-16
-1.96495e-13
-1.43219e-15
-2.28096e-10
-4.91132e-13
-7.57706e-10
1.83373e-11
4.12302e-11
3.21174e-11
-6.71327e-13
-2.65368e-11
-4.33974e-11
-2.56444e-12
-3.85405e-12
4.59847e-11
-1.4493e-09
-1.58788e-10
-3.30635e-10
-1.9605e-09
-6.18425e-09
-1.95801e-08
-1.62195e-09
-1.54613e-08
1.27973e-10
-4.06722e-10
7.27272e-12
-1.16695e-11
2.89154e-09
3.88715e-11
3.93059e-09
5.42372e-11
5.46165e-09
6.3707e-10
5.97426e-09
-2.46195e-08
1.70221e-08
-1.74781e-08
1.55396e-09
1.11332e-08
-5.74391e-09
4.0448e-09
-5.82389e-09
1.35053e-08
-5.10139e-07
6.49518e-07
-5.98233e-07
9.61619e-07
-4.07741e-07
5.56742e-07
6.49075e-07
-3.38564e-07
-2.70638e-20
1.95525e-20
7.41325e-20
2.82133e-18
-1.49527e-20
-2.49032e-19
-7.55136e-19
7.34367e-20
-7.90374e-18
2.05849e-17
-5.09984e-15
1.65611e-16
-6.75205e-13
3.52152e-15
1.22142e-11
1.09429e-12
3.60061e-11
-2.13143e-13
-1.71228e-13
-6.75535e-13
-2.65505e-12
-8.69389e-14
6.03225e-13
1.0023e-13
-1.71032e-11
-1.07875e-11
1.05183e-09
-5.18053e-11
-2.19693e-08
-1.85596e-08
-1.25824e-09
-1.52764e-08
8.42789e-12
-2.59162e-11
2.03517e-12
-1.20706e-11
4.6093e-11
-1.91956e-12
9.46106e-11
2.85008e-12
6.56627e-09
7.10329e-11
8.15981e-09
-1.3008e-09
3.59622e-09
-9.52999e-09
2.30621e-09
1.5653e-08
1.22741e-09
4.10999e-09
-5.01526e-08
3.28214e-08
-7.03594e-07
8.79738e-07
-4.82477e-07
7.43355e-07
-1.0185e-07
1.78487e-07
3.58382e-07
1.90977e-07
-6.40443e-21
3.14693e-21
1.63602e-20
5.97842e-19
-2.87461e-21
-4.04825e-20
-5.9241e-20
1.61711e-20
-2.68025e-19
1.63169e-18
-1.40815e-17
7.55279e-18
2.53522e-15
5.34644e-16
9.37399e-13
2.64954e-14
6.69844e-13
-1.99833e-14
-7.32247e-16
-5.78487e-15
-8.45687e-14
-3.10859e-15
5.9074e-15
3.53769e-15
-1.07815e-11
-1.39487e-16
-4.65047e-09
3.27668e-10
-8.09732e-09
-1.67469e-11
-3.13643e-11
-1.80785e-13
-1.21784e-12
-4.94964e-11
-1.61027e-12
-1.5229e-11
7.9529e-13
-2.04189e-12
1.6868e-12
2.71654e-12
1.23626e-10
-5.37079e-11
1.0446e-08
-8.65108e-09
2.9466e-09
2.52532e-09
1.79882e-09
1.68518e-08
-7.0355e-09
1.17617e-08
-2.96975e-08
4.24874e-08
-3.02046e-07
4.72891e-07
-8.78637e-08
5.14451e-07
1.27216e-07
-6.38441e-08
3.03107e-07
1.84802e-07
-1.20344e-21
4.23977e-22
2.82682e-21
1.00803e-19
-4.8359e-22
-5.13741e-21
-5.91342e-21
3.04025e-21
-6.42279e-21
1.61806e-19
-5.66013e-18
2.4781e-19
8.5667e-17
4.55255e-16
2.57387e-14
5.1283e-16
5.74106e-15
-9.86211e-16
-2.3876e-17
-5.3258e-17
-3.12204e-15
-4.57801e-17
1.55044e-16
2.25741e-16
1.08953e-17
-1.20122e-18
1.67259e-11
1.4872e-13
1.77194e-13
-1.92912e-13
2.99838e-15
-2.44505e-15
5.1864e-12
-4.46791e-15
1.00415e-12
-4.58998e-13
1.36569e-12
-6.2373e-13
3.77427e-12
7.3543e-13
5.93344e-09
4.74254e-09
1.96605e-08
-1.43777e-08
3.48938e-08
-2.86242e-09
4.37507e-08
1.68741e-08
2.80866e-08
1.78361e-08
4.73219e-08
2.10694e-08
1.51737e-07
6.40444e-08
-3.19103e-08
1.2309e-07
-3.32626e-07
2.17308e-08
6.77961e-08
-6.10589e-07
-1.8123e-22
4.72191e-23
3.90036e-22
1.37227e-20
-6.83812e-23
-5.00842e-22
-7.48036e-22
4.77955e-22
-2.00807e-22
2.03966e-20
-5.53671e-20
1.09208e-20
6.30158e-18
2.62492e-17
6.57048e-16
-5.04197e-16
7.2988e-17
8.2465e-18
-1.95198e-18
-6.53192e-18
-7.74732e-17
-3.33718e-18
8.69543e-18
1.32445e-16
3.6923e-19
-5.59281e-19
1.49305e-13
-7.81368e-20
1.37272e-15
-1.20253e-17
1.29262e-16
-1.15223e-18
-1.64319e-15
-6.03489e-16
-3.00048e-13
-1.58769e-13
1.03896e-12
-2.387e-12
1.67094e-12
2.50308e-13
3.69296e-08
3.08392e-08
1.63084e-08
5.05677e-09
4.71426e-09
-1.8691e-09
9.08517e-09
-3.33548e-10
2.11702e-08
3.03181e-09
2.49781e-08
1.64453e-08
6.09746e-08
9.65737e-09
-4.34565e-08
-7.45943e-09
-7.51577e-08
-1.4961e-08
-6.79365e-09
-4.56293e-08
-2.20891e-23
4.35378e-24
4.34453e-23
1.5269e-21
-8.07559e-24
-3.53847e-23
-9.8833e-23
6.27784e-23
-1.16694e-23
2.71106e-21
1.89947e-23
1.05102e-21
1.92561e-19
1.31218e-18
2.4293e-17
5.36927e-17
7.96558e-18
-1.01946e-19
-1.1336e-19
-5.14992e-19
-1.16068e-17
-9.80877e-20
3.40042e-18
1.03521e-17
1.58629e-19
-3.55022e-20
6.56291e-18
-3.00725e-21
1.55449e-19
-1.16682e-20
1.03775e-18
-7.74621e-19
1.88864e-15
-2.46634e-15
4.66786e-13
-1.37388e-13
1.82773e-10
-1.84257e-10
3.06406e-08
-3.49063e-09
2.87104e-08
3.45143e-08
1.84883e-08
2.05692e-08
-5.26332e-10
1.30784e-09
-9.75908e-10
-3.23142e-10
3.43054e-09
1.58982e-10
1.16407e-08
7.27886e-09
2.45354e-08
-4.35239e-09
1.73452e-08
-3.38757e-10
1.98073e-09
-6.93308e-10
-9.58943e-11
1.15901e-09
-2.19969e-24
3.34078e-25
3.93884e-24
1.40508e-22
-7.99738e-25
-1.41384e-24
-1.17329e-23
6.93901e-24
-5.09089e-25
3.28171e-22
4.33984e-24
1.12323e-22
8.2345e-21
5.15668e-20
3.44914e-18
5.85894e-18
6.67283e-19
-1.36461e-20
-1.55601e-21
-2.02556e-20
-4.60692e-19
-6.99317e-22
2.6451e-19
-1.29586e-21
8.07816e-21
-3.75141e-22
5.8356e-21
-5.06753e-23
2.26868e-21
-2.09915e-22
8.32303e-20
-2.79571e-18
-2.48506e-15
-7.4003e-19
-1.39908e-13
-1.95458e-17
-1.72498e-10
-1.11297e-11
1.00053e-10
-1.13473e-09
1.49363e-08
2.43218e-08
6.25603e-11
1.06313e-10
7.31002e-11
1.38514e-11
-2.39954e-11
1.40861e-10
2.33411e-09
-5.28797e-10
6.87726e-09
1.69894e-09
1.19542e-09
-3.6056e-10
1.06912e-09
-1.78864e-10
3.42067e-10
1.34471e-10
1.88e-10
6.60333e-11
-1.80335e-25
2.14436e-26
2.92603e-25
1.08148e-23
-6.68431e-26
4.8592e-25
-1.18636e-24
6.50962e-25
8.26846e-26
3.43878e-23
6.16996e-25
1.02207e-23
2.75854e-22
1.52356e-21
1.67978e-19
2.08714e-19
2.77888e-20
-5.30714e-22
1.11684e-23
-4.22502e-22
-2.3472e-21
-5.81585e-24
2.08049e-21
-1.20092e-25
6.3813e-23
-2.37645e-24
5.3253e-23
-5.88873e-25
4.01039e-23
-3.19829e-24
1.28966e-18
-1.63158e-20
1.70508e-19
-1.55546e-19
3.50359e-16
-3.70136e-16
-1.0555e-11
-5.74432e-13
-2.09554e-09
-3.13988e-11
-6.53476e-11
2.18362e-11
5.46286e-13
1.05375e-11
4.11379e-12
5.00333e-12
4.76292e-11
6.43093e-12
2.70132e-11
-2.38564e-13
7.48473e-10
1.24667e-11
5.90262e-11
1.22938e-10
2.93419e-10
1.65517e-10
1.12467e-10
3.24239e-10
1.5987e-10
1.1448e-10
-1.22435e-26
1.15579e-27
1.78251e-26
7.0355e-25
-4.72597e-27
1.8597e-25
-1.00653e-25
5.21896e-26
1.92956e-26
3.09113e-24
6.27105e-26
7.6967e-25
7.54332e-24
3.73507e-23
3.67488e-21
2.87927e-21
6.10823e-22
-9.07565e-24
3.32984e-24
-4.59461e-24
-3.27783e-26
-1.67908e-25
4.74143e-26
-1.05266e-26
3.33471e-25
-1.14269e-25
3.05896e-25
-1.85918e-26
4.41813e-25
-4.56381e-26
2.4544e-21
-9.48145e-25
1.3921e-20
-3.18875e-19
-3.64135e-16
-1.62923e-18
-5.78361e-13
-2.342e-17
-3.19796e-11
-1.00459e-15
-1.00273e-11
-4.45714e-14
9.61482e-14
1.15044e-14
5.79176e-13
3.93667e-14
2.13285e-12
-2.77171e-13
6.82016e-13
5.4547e-14
1.09765e-11
1.8134e-12
6.77799e-11
4.29118e-11
4.18054e-10
2.47275e-10
2.59238e-10
7.60788e-10
3.16891e-10
1.08428e-10
-6.8953e-28
5.24192e-29
8.86937e-28
3.90486e-26
-2.82435e-28
2.25955e-26
-7.12646e-27
3.59154e-27
2.08163e-27
2.39068e-25
4.78397e-27
4.80592e-26
2.25049e-25
1.0272e-24
3.14455e-23
9.92906e-24
6.91919e-24
-8.40839e-26
7.35978e-26
-3.39491e-26
-1.01622e-27
-6.95139e-27
2.47852e-27
-6.37036e-28
1.25824e-26
-3.93477e-27
6.79329e-27
-5.33288e-28
4.77585e-27
-3.60696e-28
5.74444e-26
-8.35521e-29
-5.4295e-19
-8.13847e-21
-7.2609e-19
-8.132e-19
-9.86708e-18
-1.33529e-17
-9.64331e-16
-4.94954e-17
-4.53443e-14
-3.1185e-16
-3.43316e-14
-4.84563e-15
3.88342e-13
-2.15121e-13
7.08301e-13
3.76869e-12
5.43113e-13
6.62226e-13
2.32362e-12
4.89916e-13
1.41094e-10
6.16894e-11
2.98018e-10
6.0933e-10
3.83164e-10
7.30125e-10
4.39117e-10
6.15099e-11
-3.21126e-29
2.00064e-30
3.54074e-29
1.86541e-27
-1.42585e-29
1.86842e-27
-4.17722e-28
2.14079e-28
1.54126e-28
1.60004e-26
2.77469e-28
2.51686e-27
8.70831e-27
3.85888e-26
5.96587e-26
-1.53082e-29
4.47404e-26
-1.34907e-27
7.87724e-28
-5.8105e-28
-2.06998e-29
-3.26683e-28
1.03523e-28
-2.86066e-29
3.52468e-28
-9.4638e-29
1.24759e-28
-1.00179e-29
3.68851e-29
-1.74161e-30
9.15761e-30
-1.33849e-31
2.10266e-22
-3.37882e-22
-1.19545e-18
-3.08328e-19
-2.41339e-17
-5.86853e-18
-9.3898e-17
-3.68002e-17
-1.79404e-16
-8.23446e-17
-1.3175e-15
-3.35673e-15
-1.19851e-12
-1.30015e-13
-6.07594e-13
2.70912e-11
-8.71339e-12
9.25973e-12
-1.64119e-11
7.52161e-12
-2.94958e-10
1.99673e-10
-1.98319e-10
6.6874e-10
-3.4812e-12
3.5916e-10
1.40967e-10
2.18489e-12
-1.2233e-30
6.40539e-32
1.07667e-30
7.74261e-29
-5.98774e-31
1.18099e-28
-1.98912e-29
1.10908e-29
8.1252e-30
9.33212e-28
1.21388e-29
1.12755e-28
3.40495e-28
1.61426e-27
6.54273e-29
-2.14495e-30
4.9346e-28
-4.50926e-29
1.55792e-29
-1.79441e-29
-6.21769e-32
-1.35021e-29
3.27356e-30
-9.46432e-31
6.31898e-30
-1.55019e-30
1.61423e-30
-1.10143e-31
1.13269e-31
-9.19892e-33
8.09676e-33
-3.22611e-34
-2.44567e-21
-9.86599e-22
-8.21423e-19
-6.35959e-20
-1.35897e-17
-2.04667e-18
-5.57657e-17
-3.47718e-17
8.88799e-17
-2.63509e-16
1.97046e-14
-2.29566e-14
1.28294e-12
-1.39034e-12
-2.2953e-10
1.72865e-10
-5.19779e-11
1.25983e-09
-1.46563e-10
9.37024e-11
-2.43003e-10
4.96429e-11
-1.96039e-10
2.94526e-11
-4.69556e-11
1.23612e-12
1.09738e-12
-6.74704e-13
-3.73577e-32
1.70311e-33
2.03611e-32
2.82456e-30
-1.97621e-32
5.91622e-30
-7.32336e-31
4.9222e-31
2.65318e-31
4.78299e-29
3.74556e-31
4.44665e-30
1.02974e-29
6.4181e-29
1.85237e-30
-1.16463e-31
1.01227e-29
-1.64729e-30
4.21187e-31
-5.39706e-31
3.96815e-32
-4.66588e-31
6.77638e-32
-2.00724e-32
6.71603e-32
-1.72675e-32
1.00038e-32
-4.86049e-34
4.00097e-34
-1.47735e-35
4.65964e-36
-1.90496e-37
-4.88868e-21
-8.87554e-29
-2.86646e-19
-4.39602e-23
-8.62528e-18
-5.24754e-21
-1.12228e-16
-2.11808e-19
-3.82785e-16
-5.28041e-18
-2.15326e-14
-1.71308e-16
-1.18251e-12
-2.45321e-14
-5.48935e-10
1.95693e-10
-4.76775e-10
4.96695e-09
-5.61717e-11
3.13123e-09
-1.91488e-11
2.36897e-12
-1.66258e-12
5.48743e-12
-1.00579e-12
2.95083e-13
4.40087e-14
-1.01583e-13
-9.64466e-34
-1.8536e-33
-4.43602e-34
-1.6804e-32
1.51326e-33
6.40796e-33
1.62458e-31
2.65424e-32
1.34965e-31
5.82694e-33
8.66779e-34
5.12053e-34
2.49837e-34
1.61471e-35
2.50686e-37
3.55266e-39
1.18121e-30
-1.75065e-22
-2.09811e-20
-9.20833e-19
-1.38224e-17
-2.00192e-16
-2.47324e-14
2.42146e-10
-6.09479e-10
-2.30033e-10
-5.20936e-12
-1.55235e-13
-2.48882e-14
-2.46889e-15
-1.44255e-08
-3.08844e-07
-7.59509e-09
-8.97299e-08
-9.82151e-08
-2.23392e-07
-2.41796e-07
-5.21387e-07
-2.46888e-07
-1.04152e-07
-3.22222e-09
2.00539e-07
-1.78266e-10
5.13213e-08
6.53879e-10
3.67611e-09
2.24488e-09
-3.69167e-09
-8.58132e-08
2.30059e-07
-3.2726e-07
1.31863e-06
-3.11854e-07
9.56812e-07
-1.08973e-07
-1.10223e-06
-4.58298e-07
-5.09985e-07
3.58203e-08
1.30561e-06
8.17495e-07
6.52584e-07
8.0266e-07
-7.28357e-07
8.79122e-07
-2.91568e-06
9.25045e-07
1.6183e-06
4.71294e-07
-3.80403e-07
1.42012e-07
-1.19117e-06
3.9912e-07
9.1531e-07
1.23277e-07
8.58336e-07
1.23882e-08
1.2739e-06
2.1338e-09
6.54404e-07
4.32309e-09
4.49045e-07
4.13587e-09
3.81481e-07
-3.9873e-08
3.99623e-07
1.70941e-07
2.56779e-07
-2.82969e-09
-3.06922e-10
-3.00448e-07
-7.92025e-09
-1.50917e-07
-3.07152e-07
-1.75537e-07
-3.75002e-07
-6.3935e-07
-3.73324e-07
-1.03106e-07
-1.40283e-07
1.15951e-07
3.21852e-08
8.46333e-07
2.7501e-10
5.46723e-08
-8.84488e-09
2.07392e-09
-1.53537e-07
4.6458e-07
-2.55651e-07
1.52723e-06
-2.36515e-07
1.15546e-06
-8.22523e-08
-1.57351e-07
-3.87732e-07
-3.67493e-07
-2.06656e-07
3.14344e-07
8.76517e-07
-3.62925e-07
1.26249e-06
-1.10744e-06
1.23624e-06
-2.87044e-06
1.17954e-06
1.66017e-06
4.05789e-07
2.2482e-07
1.77099e-07
-1.1355e-06
4.46678e-07
6.25047e-07
1.5647e-07
1.17242e-06
1.74482e-08
1.41292e-06
7.16272e-09
6.64689e-07
1.66628e-08
4.39544e-07
1.77118e-08
3.80432e-07
-2.2422e-08
2.87966e-07
6.21916e-08
2.33591e-09
-1.70303e-10
1.11314e-09
-2.72676e-07
-1.66583e-08
-1.63118e-07
-2.54467e-07
-3.55784e-07
-6.28001e-07
-4.89063e-07
-5.7458e-07
-1.53845e-07
-4.78109e-07
2.27465e-08
-9.04999e-10
6.65314e-07
-1.21244e-09
8.03379e-08
-3.81735e-08
5.46953e-08
-2.15347e-07
3.6033e-07
-2.32427e-07
1.59357e-06
-5.27178e-08
1.37132e-06
-9.00454e-08
-1.51366e-07
-5.20647e-07
-7.05645e-08
-4.25565e-07
6.45971e-08
7.46676e-08
-2.32277e-07
1.40259e-06
-2.17535e-06
1.10762e-06
-2.20999e-06
1.32136e-06
1.45057e-06
6.74425e-07
7.65068e-07
1.81083e-07
-5.59472e-07
4.76165e-07
3.86863e-07
1.58058e-07
1.54113e-06
3.48695e-08
1.53625e-06
1.08363e-07
5.09153e-07
1.148e-07
2.17292e-07
6.32789e-08
4.84611e-08
9.75637e-09
-1.54235e-08
1.8933e-09
-1.5296e-09
-2.88084e-10
-2.07343e-08
-1.49052e-07
-1.73987e-07
-2.99201e-08
-5.64648e-07
-4.73045e-07
-8.13854e-07
-3.38614e-07
-8.73999e-07
-9.19821e-08
-8.27136e-07
-2.09046e-08
-1.56628e-07
2.41814e-07
2.82688e-08
6.28207e-07
-1.09345e-08
1.10097e-07
-2.64965e-07
6.61186e-07
-3.08246e-07
1.68572e-06
8.49382e-08
1.00409e-06
-2.10376e-08
-8.63547e-08
-8.87264e-08
-7.56502e-09
-5.16381e-08
1.07125e-09
1.25388e-08
-3.66829e-07
6.70359e-07
-2.22432e-06
5.69986e-07
-1.9053e-06
1.16537e-06
9.60044e-07
4.61753e-07
1.09936e-06
3.70337e-08
-1.26025e-07
4.51831e-07
1.35854e-07
1.86813e-07
1.87761e-06
1.92536e-07
1.53113e-06
3.85257e-07
1.84215e-07
3.02822e-07
7.0666e-08
1.0075e-07
1.2909e-08
9.76981e-09
-2.09766e-09
2.39555e-09
-2.86541e-09
-2.08993e-10
-2.94812e-09
-7.04633e-08
-7.68802e-09
-4.38775e-08
-4.00172e-07
-3.70359e-07
-9.18283e-07
-5.84094e-08
-1.14912e-06
1.39578e-07
-1.21653e-06
4.8563e-08
-8.69036e-07
1.60452e-08
-2.9354e-07
6.49054e-07
-3.64885e-07
8.3727e-07
-5.1564e-07
9.08381e-07
-4.56111e-07
1.65614e-06
-1.08752e-07
8.25845e-07
-9.13131e-09
-5.88985e-08
-2.71604e-08
6.57836e-09
-3.51534e-08
3.43494e-09
-7.86687e-08
-4.15154e-07
-2.67314e-08
-1.86139e-06
3.44966e-07
-2.23817e-06
7.5871e-07
6.53591e-07
1.42567e-07
2.88489e-07
2.17254e-08
-2.858e-08
4.90207e-07
3.51536e-08
3.8013e-07
2.2442e-06
5.13576e-07
1.39845e-06
6.14271e-07
-8.28533e-08
4.58144e-07
-2.75344e-10
3.39855e-07
-2.62357e-08
1.21353e-07
-2.5616e-09
2.9028e-09
-2.17686e-09
-7.59706e-11
-5.50853e-08
1.59959e-08
-1.24639e-07
1.14224e-08
-4.96858e-07
-3.71611e-07
-7.00372e-07
-5.80858e-08
-8.0388e-07
2.43381e-07
-1.03457e-06
2.96991e-07
-1.13535e-06
1.51871e-07
-8.64379e-07
3.6103e-07
-4.78022e-07
4.69814e-07
-6.49005e-07
1.08909e-06
-6.07757e-07
1.62626e-06
-2.66061e-07
1.11198e-06
-1.87506e-08
-1.81351e-09
-1.64023e-08
4.58565e-09
-1.61376e-08
-1.49281e-09
1.81404e-07
-2.13778e-07
4.40493e-07
-1.65456e-06
3.27693e-07
-1.96767e-06
-1.12088e-08
9.51276e-07
-2.71829e-09
-5.21961e-08
6.06757e-09
-3.88992e-08
4.02749e-07
2.72258e-08
5.411e-07
2.52176e-06
7.03944e-07
9.71851e-07
2.61311e-07
-2.12746e-07
2.54413e-08
-2.31503e-08
1.87509e-09
-1.97513e-09
4.74574e-10
-2.81344e-10
7.51333e-09
-6.5887e-11
1.12256e-09
3.72719e-09
2.44577e-09
4.68168e-09
-3.15843e-09
-2.80651e-07
-1.8076e-07
-6.37816e-07
3.90201e-08
-4.90366e-07
9.61636e-08
-3.83537e-07
1.92572e-07
-4.69463e-07
3.0612e-07
-5.22626e-07
3.45352e-07
-2.77838e-07
1.09039e-07
-2.41699e-07
1.05872e-06
-3.87476e-07
1.78338e-06
-5.22731e-08
1.81736e-06
-3.20209e-08
9.11056e-10
-1.70308e-08
-7.09643e-09
3.97999e-08
-1.0823e-07
7.72704e-08
-1.48594e-07
4.96754e-07
-1.52081e-06
1.89205e-07
-1.17021e-06
1.33929e-07
7.33028e-07
1.07952e-09
2.34626e-09
2.56314e-08
-8.18184e-08
1.73517e-07
4.78887e-08
5.9173e-07
2.33844e-06
7.38907e-07
4.52645e-07
2.17239e-07
-2.73295e-07
2.81912e-09
-4.12675e-08
-4.06091e-10
-4.64018e-10
5.92664e-10
-2.2147e-10
4.95266e-09
1.09394e-10
3.91355e-10
-7.57954e-09
2.02759e-08
-3.6783e-08
1.57242e-08
-2.96034e-07
-1.17883e-07
-5.20402e-07
-3.68216e-08
-3.62257e-07
-6.1741e-08
-1.9888e-07
2.93764e-08
-3.14901e-07
4.45778e-07
-3.52569e-07
4.57157e-07
-3.50407e-07
1.00727e-07
-2.85176e-07
7.00746e-07
-4.41831e-07
1.96595e-06
-1.996e-08
1.56025e-06
-8.97794e-09
1.63271e-09
-1.3119e-08
-7.94583e-09
1.32382e-08
-1.12677e-07
7.02042e-09
-1.32403e-07
2.16139e-07
-1.14449e-06
5.88175e-08
-1.65753e-07
-6.29934e-09
2.47387e-07
-1.43533e-08
6.75528e-09
2.08192e-09
-1.53396e-07
-1.06445e-07
1.1013e-07
6.44944e-07
7.22042e-07
6.09304e-07
2.77354e-07
1.35591e-07
-2.46514e-07
-2.69165e-11
-1.60717e-08
-2.93588e-11
-2.53742e-10
1.31188e-10
-3.00087e-11
2.20802e-09
6.68962e-13
-3.15975e-11
-2.13855e-10
2.00376e-09
6.23196e-09
3.23681e-09
-1.12196e-07
-3.50839e-08
-5.22023e-07
-3.77845e-08
-3.67564e-07
-2.1603e-07
-2.09184e-07
-1.28821e-07
-2.91857e-07
5.28666e-07
-3.21406e-07
5.62781e-07
-3.57141e-07
1.42299e-07
-6.28078e-07
4.61456e-07
-6.80209e-07
2.06231e-06
-1.47165e-08
6.30577e-07
-3.39593e-09
9.59977e-10
3.62716e-09
-2.49252e-08
6.70829e-08
-1.53554e-07
2.73926e-08
-9.75166e-08
-2.73968e-09
-5.19276e-09
-1.80668e-08
-2.7647e-10
-2.43463e-09
-5.74054e-10
-3.72373e-09
4.71303e-09
-4.98161e-10
-7.06117e-09
-2.89334e-07
1.7213e-07
7.93763e-07
1.56263e-07
6.51048e-07
2.88833e-07
8.83296e-08
-2.06221e-07
1.81534e-10
-2.01232e-09
3.30048e-11
-1.15403e-10
2.26343e-12
-2.03521e-12
3.38225e-11
-3.70211e-13
-2.6416e-13
-2.2587e-09
1.99312e-09
-2.34759e-09
1.25378e-09
-5.61095e-08
-7.66373e-09
-4.17407e-07
-9.78052e-08
-4.21401e-07
-3.08715e-07
-4.00486e-07
-1.4954e-07
-4.05032e-07
5.33431e-07
-5.07296e-07
6.91235e-07
-2.70858e-07
1.71986e-07
-4.91794e-07
8.47807e-08
-5.4595e-07
1.6394e-06
-2.67382e-08
7.55052e-07
-1.08238e-08
-1.30051e-09
9.42643e-09
-4.08211e-08
-8.55881e-09
-1.08732e-08
-1.16885e-10
-7.23327e-08
1.90502e-11
-5.12163e-09
2.34097e-11
-5.27859e-10
1.58106e-10
-3.38406e-10
-1.15851e-10
-2.95774e-10
2.03484e-12
-1.50297e-09
3.37957e-08
4.55612e-07
7.51449e-07
-1.97307e-08
5.59484e-07
2.53527e-07
1.93888e-08
-1.674e-07
8.25728e-11
7.5749e-12
3.36e-12
-3.88923e-11
4.78462e-13
-3.63851e-13
2.82718e-13
-1.39715e-14
-1.01194e-15
-2.87401e-09
7.02398e-09
-1.05254e-08
7.35728e-09
-2.08161e-09
-1.61666e-08
-3.763e-07
-3.4204e-08
-3.58277e-07
-4.74399e-07
-3.98222e-07
-1.09391e-07
-4.9617e-07
6.31612e-07
-7.23571e-07
9.28143e-07
-2.58055e-07
2.41992e-07
-3.36189e-07
2.73044e-08
-3.68603e-07
1.92857e-07
-4.46713e-08
8.05192e-07
-5.3376e-09
-5.08598e-09
1.42859e-09
-5.47019e-09
6.18877e-10
-1.26375e-08
1.70106e-08
-9.1563e-08
1.05481e-09
-4.53374e-09
9.59388e-11
-7.24445e-13
4.65491e-10
-2.55646e-11
2.08401e-10
-2.16305e-11
6.79671e-09
-5.32304e-11
8.65226e-07
5.31932e-07
8.89808e-07
2.8468e-07
4.3654e-07
1.62129e-07
5.64714e-10
-1.31594e-07
3.33791e-11
4.56171e-10
3.21986e-13
-6.50596e-12
9.18217e-15
-4.79282e-14
1.71352e-15
-2.07333e-16
2.15202e-16
-3.21905e-09
2.63641e-09
-4.58948e-09
8.77175e-09
-2.40621e-09
-1.67559e-08
-2.10614e-07
-1.09649e-07
-3.76264e-07
-4.72762e-07
-4.35728e-07
-4.97071e-08
-5.09391e-07
7.0552e-07
-6.02405e-07
1.03173e-06
-5.24219e-08
7.05295e-08
-4.21885e-08
1.31895e-08
-3.69395e-07
-2.69296e-08
-3.12208e-08
5.41009e-07
-1.8316e-09
-6.62898e-09
-5.44044e-09
-2.31856e-09
-1.6482e-08
-4.77967e-09
-3.25931e-09
-8.23474e-08
-5.84489e-12
-4.37776e-13
-6.32967e-12
-8.71987e-14
7.44103e-11
2.95051e-12
4.19203e-11
9.28245e-12
1.62667e-10
-1.82438e-10
9.05587e-07
3.01173e-07
9.48287e-07
6.1321e-07
3.31414e-07
8.48608e-08
-1.99063e-10
-4.83882e-08
5.44304e-12
2.37032e-10
3.2863e-14
-1.18213e-12
2.59493e-16
-5.53856e-15
4.79622e-17
1.21908e-16
1.70093e-16
-1.72334e-08
2.20234e-08
1.09305e-08
4.83788e-11
1.31539e-09
-7.08968e-09
-4.14579e-07
6.0084e-08
-3.66236e-07
-6.90123e-07
-4.89741e-07
7.40388e-08
-5.00472e-07
7.16518e-07
-4.34973e-07
9.78364e-07
-1.212e-08
-2.2514e-08
-4.75489e-10
1.07823e-09
-3.66446e-08
4.70908e-09
-4.49836e-09
9.70787e-09
-1.22098e-09
-2.91745e-09
2.47316e-10
-4.28176e-09
3.04917e-09
-8.1304e-09
-2.48998e-13
-4.15937e-08
-1.77727e-13
-3.58105e-13
2.64404e-14
-1.96279e-13
3.09947e-12
4.88406e-14
9.31009e-12
1.88005e-12
1.27431e-09
-1.45086e-09
1.02873e-06
2.14915e-07
1.08357e-06
9.80449e-07
2.13627e-07
4.45289e-08
-8.31693e-11
-5.56269e-09
1.06415e-12
1.48671e-10
4.73343e-15
-1.18371e-13
1.73287e-17
-7.43654e-16
5.42071e-18
1.06111e-16
8.36583e-17
4.79523e-08
1.31091e-07
4.25211e-08
5.56221e-08
8.07696e-08
1.05353e-08
4.86639e-08
1.67845e-07
-2.62966e-07
-3.01179e-07
-5.88549e-07
3.9987e-07
-7.79253e-07
9.07625e-07
-4.51826e-07
8.85411e-07
-3.1076e-09
5.04326e-08
-2.28507e-09
1.85528e-10
1.84668e-09
1.81449e-10
7.7487e-09
8.958e-10
-2.65835e-09
3.31807e-09
-6.06227e-09
-1.41364e-09
-3.04552e-09
-1.31826e-08
-3.53626e-12
-6.1131e-09
-3.1892e-13
-3.47825e-12
-1.37812e-14
-2.69891e-13
-2.67228e-14
6.72585e-14
4.41367e-13
-6.67104e-14
1.2111e-08
-1.35644e-08
1.08675e-06
5.91493e-07
9.5838e-07
6.46079e-07
6.17033e-08
6.28161e-09
-1.39816e-10
-2.66671e-10
1.13168e-13
8.00485e-12
7.30301e-16
-7.1144e-15
8.79158e-18
-4.85893e-17
1.47189e-18
6.80226e-17
2.00227e-17
6.5831e-08
2.9739e-07
9.66298e-08
4.40073e-07
-3.68399e-07
4.50866e-07
-7.66596e-07
4.22911e-07
-6.77129e-07
-3.89687e-07
-9.34929e-07
6.58083e-07
-1.10942e-06
1.08327e-06
-6.55414e-07
9.12939e-07
-2.87235e-10
1.1912e-07
-1.39387e-10
-2.026e-12
5.74377e-11
-1.72867e-11
2.16395e-10
2.47384e-10
4.82912e-11
6.65381e-10
-7.72782e-09
2.38811e-09
-8.4923e-09
-8.33113e-08
-3.43271e-11
1.05654e-10
-1.30958e-13
-3.77331e-11
-5.91627e-14
-3.75405e-13
-5.03752e-16
1.22693e-14
3.60167e-13
-1.43268e-13
-2.17641e-08
-2.13905e-11
4.30175e-07
6.66255e-08
2.94437e-07
-8.96416e-09
4.00085e-09
-3.33067e-09
-8.12374e-12
-5.05889e-11
7.33902e-15
-1.52025e-13
1.436e-16
-2.90839e-17
-6.46587e-19
-1.8846e-17
4.89852e-19
5.39234e-17
3.56873e-18
-4.70266e-08
-1.6038e-07
-3.11999e-08
4.75458e-07
-2.75278e-07
5.01222e-07
-8.08454e-07
4.72831e-07
-1.40541e-06
-2.61327e-07
-1.28779e-06
4.12103e-07
-1.32841e-06
1.1376e-06
-5.44481e-07
3.58506e-07
-2.76348e-09
1.3e-07
-1.48736e-10
-2.61877e-09
-1.0476e-10
-8.41683e-11
-2.63102e-11
1.40746e-10
5.42692e-10
9.41385e-11
1.08893e-08
-4.61756e-08
-7.51711e-09
-5.22561e-08
-4.66584e-10
-1.03265e-09
-3.36977e-12
-5.01228e-10
-3.51172e-14
-3.69997e-12
-2.36439e-14
1.04899e-15
6.31958e-14
-5.53692e-17
1.69767e-12
-2.27667e-11
1.20908e-08
5.05811e-11
3.3783e-09
6.57191e-12
5.10058e-11
-2.91699e-11
1.51416e-13
-8.70549e-14
9.88231e-17
-1.10969e-15
3.22359e-18
-1.89123e-18
-7.75407e-19
-6.82806e-18
1.49745e-19
2.92932e-17
5.96911e-19
-1.41012e-07
-2.99891e-07
-1.05509e-07
4.69139e-07
-1.26139e-07
4.31383e-07
-2.25115e-07
7.53741e-08
-6.87624e-07
-1.23735e-08
-8.98952e-07
2.40192e-09
-3.52451e-07
9.51749e-08
-9.49774e-08
1.22006e-09
2.13395e-09
8.91041e-10
2.10145e-10
-3.21205e-10
-5.84489e-11
1.56904e-10
-4.22337e-12
8.16713e-11
7.87919e-11
8.03297e-12
-1.95462e-08
-2.04984e-08
-3.66728e-08
-2.23005e-08
-1.1956e-08
5.59649e-09
-2.52747e-11
-4.10963e-10
-1.06003e-15
-2.89713e-11
-2.20849e-18
-1.53512e-18
1.24785e-16
-1.55045e-16
-3.93641e-11
-4.5333e-13
1.34978e-11
-6.25233e-13
2.94953e-11
7.56268e-13
9.43476e-14
1.36168e-14
5.71426e-16
2.29432e-16
3.13529e-17
-6.094e-16
1.93244e-19
-1.97964e-19
-3.44913e-19
-1.91493e-18
4.81567e-20
1.06394e-17
1.05024e-19
-1.42562e-07
-6.45992e-08
-2.49279e-07
5.41766e-07
-4.7416e-08
1.54511e-07
-3.11691e-09
1.70487e-08
-1.57003e-08
-4.11918e-11
-4.93926e-08
-1.26123e-09
-2.26364e-09
2.93372e-09
-9.88853e-10
-5.66728e-11
-7.07012e-11
-3.81685e-11
-6.8165e-11
-3.68823e-10
-1.7568e-11
7.28163e-11
1.90151e-11
4.2103e-11
3.5515e-11
-1.2e-11
2.15082e-08
-3.81284e-08
1.36283e-08
-5.51127e-09
-1.8411e-08
4.44021e-08
-1.51469e-10
2.42622e-08
-4.88341e-17
-1.80314e-10
-3.8326e-17
-4.862e-18
-6.8223e-17
-1.18313e-16
-4.48728e-13
-4.49198e-15
-1.01615e-12
-4.36651e-14
-1.2052e-14
1.22814e-14
-1.87935e-16
8.6811e-16
2.90846e-20
4.31678e-17
2.67822e-18
5.29365e-17
2.16589e-20
-2.5903e-20
-9.99275e-20
-4.21051e-19
1.43785e-20
2.85354e-18
1.84134e-20
-2.50134e-07
2.73426e-07
-1.49531e-07
2.04061e-07
-1.09616e-08
1.08105e-08
-1.21274e-09
6.80358e-09
-1.26132e-09
-1.60668e-11
-2.93474e-09
2.07263e-10
-6.39603e-11
5.95814e-11
-8.26694e-11
-5.00417e-11
-1.28159e-10
1.27273e-11
-2.37271e-10
-2.06044e-10
-3.23553e-11
1.06754e-10
4.10593e-11
-3.69684e-11
1.79046e-10
-1.53812e-10
9.14131e-09
6.83362e-10
-1.61039e-08
-1.61577e-09
-3.22946e-08
1.31492e-08
-9.12987e-10
1.02156e-08
-3.42881e-17
-1.0933e-09
-2.62813e-17
-5.29729e-18
1.22917e-17
-3.80478e-17
-4.38183e-15
-1.37676e-16
-1.63803e-14
-2.80741e-16
-8.05891e-16
9.18978e-16
-4.86803e-18
6.49539e-17
-2.46855e-20
1.81069e-17
3.47424e-19
6.82461e-18
3.24007e-21
-3.2678e-21
-2.17936e-20
-7.35846e-20
3.5114e-21
5.96843e-19
2.89428e-21
-2.1083e-07
3.3099e-08
-1.51771e-08
7.4315e-09
-5.82833e-09
1.35555e-09
-1.91935e-10
1.15684e-09
-2.01752e-10
-6.7637e-12
-1.07453e-10
8.25763e-11
-9.43557e-11
1.04427e-11
-9.20164e-11
-7.06012e-11
-6.6985e-11
-2.67316e-11
-3.66002e-10
-4.34683e-10
-1.07328e-10
-7.15742e-11
7.33934e-11
-3.38257e-10
8.73378e-11
-7.15187e-10
2.34392e-08
7.57537e-09
1.25944e-08
3.24414e-09
-3.03531e-09
1.79961e-10
-1.14881e-10
2.27627e-08
-1.29701e-17
-1.98799e-09
-5.10008e-18
-5.27892e-18
-5.61386e-18
-1.36299e-17
-1.64564e-16
-1.676e-17
-3.7822e-16
-9.01706e-18
-1.04903e-17
3.56523e-16
-3.91102e-19
4.50728e-17
-5.36528e-21
3.72313e-18
2.64017e-20
5.10633e-19
4.81724e-22
-3.6035e-22
-3.75049e-21
-1.03387e-20
6.83911e-22
9.98027e-20
3.84815e-22
-9.07788e-09
-9.74721e-10
-1.7524e-09
3.41159e-10
-8.90189e-10
4.29887e-10
-4.23375e-11
3.00968e-10
-6.07183e-11
-1.00739e-12
-4.52968e-11
5.26276e-11
-9.91056e-11
3.61569e-11
-1.47328e-10
-5.78473e-11
-1.13716e-10
-9.01631e-11
-5.63242e-10
-5.4711e-10
-2.56114e-10
-3.08112e-10
-2.95297e-11
-8.96978e-10
-1.56783e-09
-1.55466e-10
1.78361e-10
-1.91743e-14
1.1568e-10
-3.04136e-12
2.06272e-10
3.27005e-11
2.49889e-09
1.41614e-10
-9.88651e-18
-1.70591e-10
-1.37049e-18
-5.57921e-18
-3.48566e-19
-9.47197e-18
-1.48875e-17
-1.81634e-18
-1.53055e-17
-1.40112e-18
-1.6817e-18
7.5486e-18
-4.15063e-20
5.76189e-18
-5.68026e-22
3.26142e-19
1.84563e-21
3.52795e-20
6.44144e-23
-3.24143e-23
-5.17884e-22
-1.17796e-21
1.06752e-22
1.35228e-20
4.25143e-23
5.55213e-11
1.94163e-10
-2.12535e-10
5.1981e-10
-8.63286e-11
2.46926e-10
2.62302e-11
1.79448e-10
-2.74631e-11
3.9903e-11
-1.26942e-10
1.41122e-10
-1.45089e-09
7.61576e-10
-7.98994e-10
-1.94088e-09
-5.09039e-10
-2.02127e-09
-6.24293e-10
-1.51656e-09
-2.52779e-10
-3.47361e-10
-4.32518e-11
-9.00774e-10
-2.73835e-16
-1.94373e-10
-1.76729e-14
-4.41243e-15
-3.06214e-12
1.35726e-15
2.8969e-11
5.68067e-13
1.69092e-10
8.73147e-13
-2.25821e-17
-1.49889e-12
-4.98365e-19
-1.91196e-17
-6.93426e-20
-5.12066e-19
-1.99269e-18
-1.17701e-19
-4.29087e-18
-1.34024e-19
-1.32345e-19
1.32694e-19
-2.97628e-21
3.63368e-19
-6.30921e-23
1.9534e-20
1.52985e-22
2.91521e-21
7.33393e-24
-2.26799e-24
-5.79035e-23
-1.09491e-22
1.34697e-23
1.50057e-21
3.89834e-24
1.83557e-10
9.94122e-11
2.60789e-11
1.78459e-09
-1.31132e-12
3.74483e-10
2.71074e-11
1.52675e-10
4.20822e-12
3.93929e-10
1.47365e-11
9.47035e-10
-1.23287e-10
1.9574e-09
-6.42647e-10
-1.11207e-09
-9.9839e-10
-6.02769e-09
-2.31584e-10
-3.41122e-09
-5.90633e-11
-8.23071e-10
9.28272e-11
-8.29935e-10
-5.23739e-13
-2.7279e-10
-7.57533e-16
-5.29073e-13
2.21956e-16
-9.37468e-18
6.11989e-13
1.90326e-15
1.49583e-12
1.19225e-15
-2.56777e-17
-3.00141e-15
-1.47001e-20
-1.34079e-18
-5.52968e-21
-2.01002e-20
-1.21946e-19
-5.12063e-21
-2.02495e-19
-7.56181e-21
-6.00758e-21
-6.53325e-22
-1.97359e-22
1.29554e-20
-7.51217e-24
1.08565e-21
1.43636e-23
2.76125e-22
7.01191e-25
-1.1307e-25
-5.2791e-24
-8.33254e-24
1.38537e-24
1.37801e-22
2.97777e-25
7.18005e-11
8.71662e-11
8.75376e-10
1.54631e-09
6.96025e-10
1.16172e-09
-2.36926e-11
6.80211e-10
2.42738e-10
3.35965e-11
1.17879e-09
3.74589e-11
7.80991e-09
1.13894e-09
6.93559e-09
8.53639e-11
7.08061e-09
-5.57379e-09
1.9239e-11
-2.0351e-09
3.06681e-10
-9.83512e-10
3.20162e-10
-3.90216e-10
5.28743e-13
-3.10723e-15
-2.97687e-16
-7.29685e-17
-3.42429e-16
-5.40193e-18
1.56103e-15
-1.11475e-19
2.95643e-15
-3.76712e-16
4.18784e-19
-3.12371e-17
-2.45338e-22
-1.5183e-19
-2.64317e-22
-1.27898e-21
-5.18307e-21
-1.32243e-22
-1.42706e-21
-2.70276e-22
-1.9371e-22
-2.34405e-24
-1.41968e-23
3.18214e-22
-8.20908e-25
6.5645e-23
1.28291e-24
2.52764e-23
5.63541e-26
-2.65211e-27
-3.94582e-25
-5.19826e-25
1.16996e-25
1.05817e-23
1.90273e-26
1.56307e-10
4.01252e-12
5.59266e-10
1.85271e-10
1.24259e-09
1.07723e-09
9.55936e-11
6.6308e-10
7.57288e-11
2.83782e-11
1.12157e-10
2.04974e-12
6.76342e-09
6.53279e-11
1.0969e-08
3.12498e-10
5.20436e-09
-2.67381e-09
7.64577e-10
-3.40855e-09
-1.38199e-10
-2.84024e-10
-1.97029e-15
-3.49722e-12
-2.3273e-18
-5.05715e-15
1.04283e-18
-5.84456e-17
3.88777e-18
-3.98906e-18
6.39445e-19
-9.67564e-20
4.37044e-17
-1.17383e-19
3.77166e-19
-1.12376e-19
-4.08206e-24
-6.39853e-22
-7.4505e-24
-7.1716e-24
-1.4026e-22
-1.96807e-24
-2.40427e-24
-5.47535e-24
-6.45162e-24
-1.27195e-25
-1.00196e-24
7.65709e-24
-7.57409e-26
3.92574e-24
9.94868e-26
2.05313e-24
3.81963e-27
2.52985e-27
-2.42177e-26
-2.64775e-26
8.16243e-27
6.86159e-25
1.02025e-27
6.00819e-12
3.24659e-11
1.29236e-10
4.99764e-12
5.63876e-10
9.80023e-12
3.21459e-10
3.47387e-11
1.29605e-10
3.41732e-11
1.18673e-10
3.17069e-12
3.22923e-09
1.06404e-10
5.65088e-09
1.85961e-11
1.92019e-09
-3.0655e-12
9.40742e-10
-1.04346e-09
-1.68322e-10
1.15617e-09
-3.38184e-13
-1.71493e-10
-1.04153e-15
-3.42142e-13
-2.96569e-19
-8.81351e-16
1.21478e-19
-3.35026e-17
6.48581e-20
-1.56147e-18
1.64197e-19
-3.97322e-20
1.58885e-21
-4.97476e-21
4.59336e-24
-1.05242e-23
-1.13337e-25
-3.80248e-26
-2.18449e-24
-2.27422e-26
-8.1922e-26
-7.72267e-26
-2.79054e-25
-7.19067e-27
-6.00466e-26
2.15829e-25
-5.73552e-27
2.03085e-25
6.50144e-27
1.44911e-25
2.21528e-28
4.58127e-28
-1.21579e-27
-1.09132e-27
4.71573e-28
3.79125e-26
4.59776e-29
-1.05464e-13
7.84492e-12
4.23949e-12
1.65658e-13
1.26624e-11
3.98946e-13
2.43818e-11
5.58464e-13
2.29208e-11
-1.44131e-12
1.17667e-11
3.56075e-12
2.33853e-10
3.43089e-11
1.1642e-10
-1.00692e-12
1.12012e-10
1.23846e-12
4.98433e-10
6.09521e-11
6.01058e-10
1.45341e-09
-2.48906e-13
-1.29218e-10
4.86764e-16
-5.96338e-13
2.17465e-16
-7.08841e-16
1.37463e-17
-6.86739e-18
6.7573e-19
-5.1845e-20
2.72876e-20
-3.9164e-22
1.06488e-22
-1.92414e-23
1.67919e-25
-2.15775e-26
-1.25928e-27
-1.30328e-28
-2.33592e-26
-3.99609e-28
-3.16365e-27
-1.38438e-27
-1.20202e-26
-3.45182e-28
-2.85343e-27
4.61953e-27
-3.50068e-28
8.68505e-27
3.53225e-28
8.89999e-27
1.10041e-29
4.04313e-29
-4.91297e-29
-3.5863e-29
2.25663e-29
1.80075e-27
1.74256e-30
-4.31331e-14
2.97148e-13
9.03531e-14
1.01692e-14
4.35405e-13
1.61568e-14
8.37042e-13
1.06782e-13
1.15335e-12
6.6731e-13
1.08449e-11
1.10306e-11
3.50302e-12
-9.44385e-13
2.44016e-12
6.07832e-16
3.67098e-12
3.42982e-15
5.23344e-10
1.85264e-12
5.62294e-10
1.9088e-12
5.95461e-13
-3.66633e-12
8.62961e-16
-1.94402e-15
8.48877e-17
-1.21148e-17
7.57644e-19
-1.98174e-19
9.04489e-21
-5.0426e-21
1.59234e-22
-4.16305e-23
3.02079e-25
-1.0457e-24
3.19496e-28
-1.02728e-27
-1.94561e-29
-4.20486e-30
-3.02712e-28
-1.09653e-29
-1.03357e-28
-4.18645e-29
-4.15291e-28
-1.43191e-29
-1.04258e-28
-1.72915e-31
-1.66221e-29
3.12651e-28
1.56589e-29
4.80159e-28
4.57128e-31
2.57025e-30
-1.52877e-30
-9.28246e-31
8.89849e-31
7.42462e-29
5.54828e-32
-6.77876e-17
7.46176e-15
7.80424e-16
5.1375e-15
6.16075e-15
5.75884e-15
9.9516e-14
7.12802e-15
8.81024e-13
7.23965e-13
1.03297e-12
2.38471e-14
2.35244e-14
2.16398e-15
2.07738e-14
1.34855e-15
2.20272e-14
1.12586e-15
1.85747e-12
1.2035e-14
3.66219e-12
1.20979e-14
2.00257e-15
-6.96104e-15
3.68637e-17
-1.954e-18
2.2035e-18
-1.34719e-20
5.47349e-20
-1.77143e-23
7.79581e-22
-1.12842e-26
9.49824e-24
-6.62681e-30
1.45842e-26
-3.5505e-32
1.14571e-29
-7.61943e-33
-3.90789e-31
-7.78111e-32
-5.79071e-30
-2.85075e-31
-2.61168e-30
-1.2956e-30
-1.05247e-29
-5.20063e-31
-2.75461e-30
-1.92342e-31
-5.48302e-31
1.00802e-29
5.39e-31
2.30783e-29
1.53319e-32
1.26667e-31
-3.1172e-32
-2.00624e-32
2.87962e-32
2.69001e-30
1.47647e-33
-2.12049e-16
-1.28879e-16
-4.51507e-17
3.76466e-16
1.45117e-14
3.76354e-15
3.88442e-16
2.80353e-16
4.78651e-17
4.93063e-15
7.8408e-15
3.12404e-17
2.11654e-19
4.73601e-22
2.78278e-25
2.15107e-28
4.9892e-31
9.04791e-35
4.37396e-35
-3.93643e-33
-6.56905e-32
-3.43133e-32
-1.51759e-31
-3.90169e-32
-6.91804e-33
1.14015e-32
3.50241e-34
3.03629e-35
8.60246e-34
)
;

boundaryField
{
    leftWall
    {
        type            calculated;
        value           uniform 0;
    }
    rightWall
    {
        type            calculated;
        value           uniform 0;
    }
    lowerWall
    {
        type            calculated;
        value           uniform 0;
    }
    atmosphere
    {
        type            calculated;
        value           nonuniform List<scalar> 
120
(
4.23618e-07
4.39365e-08
2.04138e-10
3.42762e-10
5.5649e-10
2.0036e-09
2.01604e-09
6.76097e-10
2.65847e-12
2.51397e-14
5.37218e-16
1.34054e-17
5.30734e-18
1.1647e-18
2.09673e-19
3.82648e-20
7.6387e-21
1.51026e-21
2.63025e-22
3.82359e-23
4.57267e-24
4.4952e-25
3.6398e-26
2.42849e-27
1.33064e-28
5.93195e-30
2.11101e-31
5.76952e-33
1.10991e-34
1.28094e-36
3.73855e-35
9.18966e-32
2.36553e-31
1.86326e-32
2.17497e-30
1.59609e-31
2.43942e-30
0
0
0
0
0
0
0
0
0
0
0
0
0
0
0
0
2.65942e-12
4.36886e-09
6.52878e-09
1.42038e-11
9.19798e-14
3.0675e-14
1.00423e-14
1.08148e-15
4.7043e-16
6.00869e-16
7.71997e-16
8.26259e-14
2.41663e-14
2.1503e-15
7.42865e-16
1.1795e-16
5.71702e-15
7.66101e-15
0
0
0
0
0
0
0
0
0
0
0
0
0
3.19952e-31
1.00518e-30
4.89914e-33
0
8.69423e-32
3.31755e-35
4.32547e-07
5.56955e-08
2.40633e-10
3.99707e-10
6.24244e-10
2.05399e-09
2.10111e-09
6.97242e-10
2.70386e-12
2.5399e-14
5.39266e-16
1.34698e-17
5.31874e-18
1.18047e-18
2.13324e-19
3.77717e-20
7.1603e-21
1.36017e-21
2.31695e-22
3.3305e-23
3.961e-24
3.88448e-25
3.143e-26
2.09715e-27
1.1493e-28
5.12212e-30
1.82202e-31
4.98484e-33
9.66291e-35
1.16597e-36
)
;
    }
    defaultFaces
    {
        type            empty;
        value           nonuniform 0();
    }
}


// ************************************************************************* //
