/*--------------------------------*- C++ -*----------------------------------*\
| =========                 |                                                 |
| \\      /  F ield         | OpenFOAM: The Open Source CFD Toolbox           |
|  \\    /   O peration     | Version:  2.4.0                                 |
|   \\  /    A nd           | Web:      www.OpenFOAM.org                      |
|    \\/     M anipulation  |                                                 |
\*---------------------------------------------------------------------------*/
FoamFile
{
    version     2.0;
    format      ascii;
    class       volVectorField;
    location    "0.094";
    object      U;
}
// * * * * * * * * * * * * * * * * * * * * * * * * * * * * * * * * * * * * * //

dimensions      [0 1 -1 0 0 0 0];

internalField   nonuniform List<vector> 
3600
(
(-0.00471383 0.000227797 0)
(-0.0114049 7.81839e-05 0)
(-0.0128059 -6.18043e-05 0)
(-0.0108863 -0.000152691 0)
(-0.00680963 -0.000256668 0)
(-0.000325765 -0.000355374 0)
(0.00784861 -0.000427691 0)
(0.0170504 -0.000474157 0)
(0.0267761 -0.00048837 0)
(0.0357703 -0.000446907 0)
(0.0462594 -0.000432167 0)
(0.0482361 -0.000143844 0)
(0.0627025 -0.000289249 0)
(0.0526809 0.000969114 0)
(0.0572989 0.000209366 0)
(0.0569672 0.00315365 0)
(0.0244716 0.00175209 0)
(0.0284477 0.00465688 0)
(-0.00286095 0.00409725 0)
(-0.017099 0.00111365 0)
(-0.0467901 0.00768223 0)
(-0.0908732 0.010367 0)
(-0.0856153 -0.00225101 0)
(-0.0478602 -0.0210157 0)
(-0.00359876 -0.016405 0)
(0.0265773 -0.0132974 0)
(0.045903 -0.013169 0)
(0.0570486 -0.00414229 0)
(0.0415213 0.0124261 0)
(0.0139327 0.0202304 0)
(-0.00654985 0.000925139 0)
(-0.0164406 0.000496755 0)
(-0.0199202 -1.66489e-05 0)
(-0.0192298 -0.000382851 0)
(-0.01564 -0.000826141 0)
(-0.00861763 -0.00130224 0)
(0.0011245 -0.00173825 0)
(0.0128875 -0.00212131 0)
(0.0259845 -0.00240036 0)
(0.0388097 -0.00255016 0)
(0.0540336 -0.00246429 0)
(0.0581321 -0.00211438 0)
(0.081124 -0.0023972 0)
(0.0683985 0.00238328 0)
(0.0818521 -0.0033622 0)
(0.0869499 0.00834067 0)
(0.0523197 0.00828333 0)
(0.0552551 0.00570342 0)
(0.0390349 0.0165729 0)
(-0.000218797 0.0207741 0)
(-0.067286 0.024467 0)
(-0.0980648 0.0213209 0)
(-0.0841472 -0.0266748 0)
(-0.0574782 -0.0499507 0)
(-0.0381846 -0.0443684 0)
(-0.00232773 -0.0363985 0)
(0.00906567 -0.0147269 0)
(0.012165 0.0145699 0)
(0.000811858 0.0334182 0)
(0.000320016 0.0357935 0)
(-0.00687891 0.00175876 0)
(-0.0173741 0.000994348 0)
(-0.0213339 0.000106622 0)
(-0.0210686 -0.000537307 0)
(-0.0178198 -0.00133333 0)
(-0.0109787 -0.00221129 0)
(-0.00124574 -0.00304636 0)
(0.0106796 -0.00380307 0)
(0.0240639 -0.00437772 0)
(0.0372683 -0.00475789 0)
(0.0528648 -0.00455437 0)
(0.0571618 -0.0043493 0)
(0.0820455 -0.0042848 0)
(0.0642104 0.00287083 0)
(0.0932669 -0.00738348 0)
(0.0824151 0.013351 0)
(0.0702652 0.0130402 0)
(0.0581759 0.00896198 0)
(0.0539136 0.0260899 0)
(0.0230377 0.0453536 0)
(-0.0317012 0.0509704 0)
(-0.0797926 0.0248119 0)
(-0.0618772 -0.0291043 0)
(-0.0662715 -0.0595207 0)
(-0.0467613 -0.0594734 0)
(-0.0339035 -0.0511351 0)
(-0.0189791 -0.024224 0)
(-0.00333158 0.0124827 0)
(-0.00844464 0.0335534 0)
(-0.00117302 0.0291397 0)
(-0.00695957 0.00260062 0)
(-0.0175891 0.00150573 0)
(-0.0216343 0.000235442 0)
(-0.0214589 -0.000687948 0)
(-0.0183027 -0.0018426 0)
(-0.0115151 -0.0031318 0)
(-0.00179 -0.00437556 0)
(0.0101765 -0.00551643 0)
(0.0236406 -0.00639221 0)
(0.0369747 -0.00701197 0)
(0.0526836 -0.00666052 0)
(0.0567748 -0.00683585 0)
(0.0841676 -0.00537923 0)
(0.0562839 0.00150222 0)
(0.109201 -0.0102335 0)
(0.0671118 0.0169577 0)
(0.0871123 0.017223 0)
(0.0609762 0.00982154 0)
(0.064957 0.0333516 0)
(0.0437946 0.060512 0)
(-0.00102092 0.0652004 0)
(-0.0409257 0.050923 0)
(-0.0413458 -0.0263676 0)
(-0.0669047 -0.063488 0)
(-0.0635974 -0.0651699 0)
(-0.0566319 -0.0589157 0)
(-0.0388364 -0.0379744 0)
(-0.0159531 0.000291024 0)
(-0.00897692 0.0247166 0)
(0.00727771 0.0290757 0)
(-0.00701008 0.00344718 0)
(-0.0177091 0.00202069 0)
(-0.0217686 0.000366686 0)
(-0.0216134 -0.000832656 0)
(-0.0184999 -0.00234729 0)
(-0.0117356 -0.00405042 0)
(-0.00201047 -0.00570596 0)
(0.00998337 -0.00723536 0)
(0.0234976 -0.00841472 0)
(0.0369461 -0.00928483 0)
(0.0527167 -0.00874418 0)
(0.0568274 -0.00959296 0)
(0.0860249 -0.0054349 0)
(0.0495296 -0.00191794 0)
(0.121997 -0.0100418 0)
(0.0394827 0.0199741 0)
(0.107152 0.017642 0)
(0.054541 0.0143093 0)
(0.065887 0.0397066 0)
(0.0558314 0.0708626 0)
(0.0302428 0.0893975 0)
(-0.00980878 0.0541786 0)
(-0.0162668 -0.016395 0)
(-0.0533915 -0.0539262 0)
(-0.0664412 -0.0693316 0)
(-0.0603032 -0.0721953 0)
(-0.0512737 -0.0544957 0)
(-0.0267472 -0.0156664 0)
(-0.0200864 0.00615334 0)
(0.00158492 0.0264188 0)
(-0.00706568 0.00429917 0)
(-0.0178367 0.00253771 0)
(-0.0218994 0.000497979 0)
(-0.0217544 -0.000975388 0)
(-0.0186842 -0.00284965 0)
(-0.0119464 -0.00496837 0)
(-0.00222787 -0.00703896 0)
(0.00978504 -0.0089617 0)
(0.0233404 -0.0104476 0)
(0.0369223 -0.0115787 0)
(0.0526947 -0.0108477 0)
(0.0573453 -0.0125224 0)
(0.0867533 -0.00500658 0)
(0.0485314 -0.0064666 0)
(0.127398 -0.00683767 0)
(0.0193471 0.0212879 0)
(0.117717 0.0151736 0)
(0.047529 0.021955 0)
(0.074755 0.039029 0)
(0.070882 0.0783871 0)
(0.0535705 0.101265 0)
(0.0298647 0.074255 0)
(0.0280582 0.0139959 0)
(-0.000344493 -0.0336225 0)
(-0.0354584 -0.0586422 0)
(-0.0566378 -0.0710559 0)
(-0.0585899 -0.0667546 0)
(-0.035713 -0.0331399 0)
(-0.0259965 -0.00894818 0)
(-0.00870131 0.00283887 0)
(-0.00713191 0.00515818 0)
(-0.0179879 0.00305714 0)
(-0.0220522 0.000629183 0)
(-0.0219174 -0.00111484 0)
(-0.0188994 -0.00334779 0)
(-0.0121954 -0.0058842 0)
(-0.00248816 -0.00837277 0)
(0.00954442 -0.0106939 0)
(0.0231454 -0.0124904 0)
(0.036892 -0.0138898 0)
(0.0525961 -0.0130176 0)
(0.0584728 -0.0154787 0)
(0.0857979 -0.00472161 0)
(0.0557123 -0.0118536 0)
(0.127516 -0.00200201 0)
(0.0245071 0.0219669 0)
(0.106969 0.0119082 0)
(0.0589491 0.027281 0)
(0.0700983 0.0295413 0)
(0.0888125 0.075872 0)
(0.0776021 0.108782 0)
(0.0671639 0.0802494 0)
(0.0509792 0.0101776 0)
(0.0566129 -0.0158862 0)
(0.0165893 -0.0265126 0)
(-0.0222612 -0.0519699 0)
(-0.0504369 -0.0701852 0)
(-0.042089 -0.0595077 0)
(-0.0202832 -0.0231533 0)
(-0.00831599 -0.021664 0)
(-0.00720973 0.00602555 0)
(-0.0181652 0.00357948 0)
(-0.0222303 0.000760264 0)
(-0.0221074 -0.00125033 0)
(-0.0191517 -0.00384112 0)
(-0.012489 -0.0067975 0)
(-0.00279654 -0.00970795 0)
(0.00925847 -0.0124322 0)
(0.0229111 -0.0145453 0)
(0.0368496 -0.016217 0)
(0.0524219 -0.0153208 0)
(0.0601708 -0.0181306 0)
(0.0821455 -0.00573885 0)
(0.0730437 -0.015829 0)
(0.112272 0.000747871 0)
(0.0602928 0.026606 0)
(0.0790601 0.00565538 0)
(0.081389 0.0338227 0)
(0.0537975 0.0302433 0)
(0.0886574 0.068846 0)
(0.102272 0.108611 0)
(0.092675 0.0901278 0)
(0.0912907 0.0298507 0)
(0.0799196 -0.0138741 0)
(0.0508243 -0.00404782 0)
(0.0334834 -0.0183792 0)
(-0.00961913 -0.051823 0)
(-0.0245344 -0.0721039 0)
(-0.0196493 -0.047049 0)
(-0.000537042 -0.0333002 0)
(-0.00729944 0.0069026 0)
(-0.0183693 0.00410516 0)
(-0.0224344 0.000891143 0)
(-0.0223248 -0.0013814 0)
(-0.019442 -0.00432916 0)
(-0.0128281 -0.00770779 0)
(-0.00315388 -0.0110452 0)
(0.00892663 -0.0141762 0)
(0.0226373 -0.0166126 0)
(0.0367819 -0.0185635 0)
(0.0522657 -0.0177841 0)
(0.0616449 -0.0202432 0)
(0.0785226 -0.00925247 0)
(0.088232 -0.0157132 0)
(0.0859224 -0.000682317 0)
(0.0906955 0.0321873 0)
(0.0793472 0.00527067 0)
(0.100329 0.0345824 0)
(0.0774105 0.0322845 0)
(0.0743903 0.0545249 0)
(0.107553 0.102389 0)
(0.118275 0.0942705 0)
(0.125922 0.0328327 0)
(0.10796 0.00534334 0)
(0.071885 0.00604656 0)
(0.0676945 0.00375207 0)
(0.0462119 -0.00205759 0)
(0.032316 -0.039419 0)
(0.00036833 -0.0579337 0)
(0.00637648 -0.0435139 0)
(-0.00740129 0.00779073 0)
(-0.0186006 0.00463461 0)
(-0.0226644 0.0010217 0)
(-0.0225694 -0.00150719 0)
(-0.0197705 -0.00481072 0)
(-0.0132133 -0.00861331 0)
(-0.00356055 -0.0123847 0)
(0.00854885 -0.0159256 0)
(0.0223229 -0.0186937 0)
(0.0366774 -0.0209429 0)
(0.0522211 -0.0203205 0)
(0.0621557 -0.0223117 0)
(0.0798038 -0.0136911 0)
(0.0889024 -0.0143221 0)
(0.0806798 -0.00314646 0)
(0.0981767 0.0327958 0)
(0.109085 0.00509887 0)
(0.0910568 0.0306213 0)
(0.0998523 0.0452857 0)
(0.0730949 0.0469917 0)
(0.0958013 0.0774188 0)
(0.113223 0.0833522 0)
(0.117175 0.0446956 0)
(0.110364 0.0215135 0)
(0.0941792 0.0146527 0)
(0.0676841 0.00988521 0)
(0.0464414 -0.0152706 0)
(0.0523524 -0.0346222 0)
(0.0329072 -0.0276169 0)
(0.00947801 -0.0191434 0)
(-0.00751555 0.00869132 0)
(-0.0188595 0.00516822 0)
(-0.0229202 0.00115178 0)
(-0.022841 -0.00162681 0)
(-0.0201371 -0.00528478 0)
(-0.0136452 -0.00951387 0)
(-0.00401726 -0.0137275 0)
(0.00812423 -0.0176799 0)
(0.021966 -0.0207887 0)
(0.0365387 -0.0233694 0)
(0.0522065 -0.0228497 0)
(0.0624196 -0.0248383 0)
(0.0833368 -0.0171168 0)
(0.0823628 -0.0139594 0)
(0.0976952 -0.0064821 0)
(0.101194 0.0243168 0)
(0.120372 0.0131355 0)
(0.0715794 0.0312268 0)
(0.108317 0.0437289 0)
(0.0750323 0.0544409 0)
(0.0691649 0.0770246 0)
(0.10225 0.0741159 0)
(0.0981603 0.0333105 0)
(0.0765179 0.018897 0)
(0.0575612 0.0427568 0)
(0.0561887 0.0513045 0)
(0.0717805 0.012875 0)
(0.0391958 -0.0162034 0)
(0.00831001 -0.00982327 0)
(0.00613765 0.00205099 0)
(-0.00764251 0.00960582 0)
(-0.0191465 0.00570641 0)
(-0.0232018 0.00128116 0)
(-0.0231392 -0.0017396 0)
(-0.020542 -0.00575102 0)
(-0.0141244 -0.0104094 0)
(-0.00452413 -0.0150739 0)
(0.00765273 -0.0194389 0)
(0.0215641 -0.0228947 0)
(0.0363697 -0.0258487 0)
(0.0521244 -0.0254098 0)
(0.0633031 -0.0276973 0)
(0.0842197 -0.0194397 0)
(0.0810718 -0.0168444 0)
(0.114371 -0.00961862 0)
(0.0949394 0.023915 0)
(0.116225 0.0182703 0)
(0.0778162 0.0308751 0)
(0.096902 0.0481708 0)
(0.0754747 0.0633829 0)
(0.0837564 0.0606569 0)
(0.0774312 0.0701931 0)
(0.0713862 0.0665179 0)
(0.0814563 0.0398527 0)
(0.0901305 0.0179077 0)
(0.104589 -0.00515034 0)
(0.0826763 0.00375793 0)
(0.0255776 0.0266579 0)
(0.00325104 0.0108184 0)
(0.000694067 0.00133975 0)
(-0.00778252 0.0105357 0)
(-0.0194623 0.00624952 0)
(-0.0235089 0.00140957 0)
(-0.0234635 -0.00184481 0)
(-0.0209851 -0.00620733 0)
(-0.0146515 -0.0112974 0)
(-0.00508191 -0.0164242 0)
(0.00713444 -0.0212017 0)
(0.0211147 -0.0250102 0)
(0.0361621 -0.0283845 0)
(0.052012 -0.0280745 0)
(0.0645747 -0.0303886 0)
(0.0819519 -0.0225476 0)
(0.0914255 -0.0202463 0)
(0.11049 -0.0110031 0)
(0.099526 0.0214614 0)
(0.10654 0.0253477 0)
(0.0832839 0.0347501 0)
(0.0889492 0.0444704 0)
(0.0826917 0.0635219 0)
(0.0636587 0.0737477 0)
(0.0630264 0.0789145 0)
(0.0915451 0.031554 0)
(0.0782032 0.0106218 0)
(0.0533581 0.0441818 0)
(0.0232102 0.0693237 0)
(-0.00615509 0.0706156 0)
(-0.00606231 0.0463943 0)
(0.00325871 0.0123323 0)
(0.000475117 0.00410654 0)
(-0.00793595 0.0114824 0)
(-0.0198074 0.00679793 0)
(-0.0238416 0.00153664 0)
(-0.0238134 -0.00194167 0)
(-0.0214666 -0.00665342 0)
(-0.0152276 -0.0121772 0)
(-0.00569086 -0.0177774 0)
(0.00656971 -0.0229675 0)
(0.0206136 -0.0271383 0)
(0.0359042 -0.0309882 0)
(0.0519729 -0.0308191 0)
(0.0653078 -0.0329336 0)
(0.0807215 -0.0265378 0)
(0.0986586 -0.0238039 0)
(0.107248 -0.0115607 0)
(0.0935253 0.0253722 0)
(0.0961874 0.0261342 0)
(0.106638 0.0360356 0)
(0.0779986 0.0526979 0)
(0.0732447 0.0705357 0)
(0.0648448 0.0734991 0)
(0.0700381 0.066904 0)
(0.0685914 0.0646611 0)
(0.0556965 0.0543637 0)
(0.0434375 0.0506855 0)
(0.0336482 0.0568275 0)
(0.0407345 0.0484733 0)
(0.0563534 0.0280044 0)
(0.0374713 0.0154268 0)
(0.00892748 0.0158425 0)
(-0.0081032 0.0124475 0)
(-0.0201824 0.00735196 0)
(-0.0241995 0.00166193 0)
(-0.0241885 -0.00202896 0)
(-0.0219863 -0.00708783 0)
(-0.0158532 -0.013048 0)
(-0.00635148 -0.0191305 0)
(0.00595817 -0.0247373 0)
(0.0200562 -0.0292827 0)
(0.0355936 -0.033674 0)
(0.0520203 -0.033584 0)
(0.0652603 -0.0353335 0)
(0.0807298 -0.0319264 0)
(0.103528 -0.0254153 0)
(0.0913992 -0.00861643 0)
(0.0965126 0.0245187 0)
(0.11477 0.0275669 0)
(0.111166 0.0357038 0)
(0.11485 0.0616494 0)
(0.100743 0.0812291 0)
(0.111105 0.0706501 0)
(0.12093 0.0605799 0)
(0.141121 0.0344576 0)
(0.151227 0.0317866 0)
(0.1352 0.0557728 0)
(0.122703 0.0590829 0)
(0.106979 0.0525565 0)
(0.0673712 0.0575619 0)
(0.0235461 0.0611383 0)
(0.00655316 0.0572579 0)
(-0.00828473 0.0134325 0)
(-0.0205883 0.00791191 0)
(-0.0245826 0.00178486 0)
(-0.024588 -0.00210553 0)
(-0.0225444 -0.00750913 0)
(-0.016529 -0.0139082 0)
(-0.00706419 -0.0204946 0)
(0.00529938 -0.026498 0)
(0.0194361 -0.0314498 0)
(0.0352306 -0.0364585 0)
(0.0521523 -0.0362263 0)
(0.0637426 -0.0382146 0)
(0.0858569 -0.0360267 0)
(0.086493 -0.0264317 0)
(0.107834 -0.0084005 0)
(0.103954 0.015407 0)
(0.136679 0.0245531 0)
(0.129658 0.0272152 0)
(0.136309 0.0415626 0)
(0.138484 0.053809 0)
(0.128285 0.0672196 0)
(0.0961738 0.0699813 0)
(0.0432214 0.0524988 0)
(-0.00775799 0.0548445 0)
(0.00982879 0.0736838 0)
(0.0212998 0.0883169 0)
(0.0144275 0.0927755 0)
(-0.00927287 0.092091 0)
(-0.0134187 0.0734023 0)
(-0.00334119 0.0590213 0)
(-0.00848105 0.0144392 0)
(-0.0210257 0.00847805 0)
(-0.0249905 0.00190465 0)
(-0.0250112 -0.00217055 0)
(-0.0231407 -0.00791836 0)
(-0.0172569 -0.0147565 0)
(-0.00782764 -0.0218779 0)
(0.00459359 -0.0282373 0)
(0.0187429 -0.0336487 0)
(0.0348351 -0.0393413 0)
(0.0520118 -0.0386959 0)
(0.0628278 -0.0416921 0)
(0.0857296 -0.0366988 0)
(0.0729689 -0.0325375 0)
(0.138998 -0.0150416 0)
(0.120907 0.0128647 0)
(0.126195 0.0240684 0)
(0.082446 0.036721 0)
(0.0553759 0.0867646 0)
(0.0550109 0.102123 0)
(0.0593798 0.0867557 0)
(0.0724741 0.0951052 0)
(0.025221 0.0897985 0)
(-0.0468154 0.0612476 0)
(-0.0549067 0.049155 0)
(-0.0569073 0.0665651 0)
(-0.0454181 0.0922275 0)
(-0.0396802 0.0840588 0)
(-0.0219698 0.0526502 0)
(-0.00716053 0.0343824 0)
(-0.0086927 0.015469 0)
(-0.0214957 0.00905062 0)
(-0.0254231 0.00202034 0)
(-0.0254576 -0.00222248 0)
(-0.0237754 -0.00831163 0)
(-0.0180386 -0.0155914 0)
(-0.00864061 -0.023278 0)
(0.00383989 -0.0299514 0)
(0.0179654 -0.0358916 0)
(0.0344083 -0.0422892 0)
(0.0514119 -0.0411421 0)
(0.0633314 -0.0444032 0)
(0.0767719 -0.0383312 0)
(0.095475 -0.0438225 0)
(0.138765 -0.0181212 0)
(0.112101 0.018644 0)
(0.0953072 0.0484349 0)
(0.0689001 0.0408532 0)
(0.105955 0.0350721 0)
(0.131904 0.0489638 0)
(0.130228 0.0597427 0)
(0.10738 0.0847548 0)
(0.12583 0.10738 0)
(0.0925634 0.100921 0)
(0.061969 0.0732507 0)
(0.0096084 0.0660087 0)
(-0.0112164 0.0867513 0)
(-0.00797449 0.0759093 0)
(-0.000339315 0.0430322 0)
(-0.00084789 0.0242364 0)
(-0.00892027 0.0165239 0)
(-0.0219992 0.00962982 0)
(-0.02588 0.00213074 0)
(-0.025926 -0.00225973 0)
(-0.0244484 -0.00868802 0)
(-0.018876 -0.0164105 0)
(-0.00950139 -0.0246983 0)
(0.00303612 -0.0316319 0)
(0.017092 -0.0381894 0)
(0.0339329 -0.045266 0)
(0.050539 -0.0436325 0)
(0.0638255 -0.0457988 0)
(0.0675742 -0.0444879 0)
(0.12118 -0.0502191 0)
(0.110891 -0.0178008 0)
(0.125814 0.0332796 0)
(0.106367 0.0374902 0)
(0.163807 0.0346235 0)
(0.0476918 0.088561 0)
(0.00455267 0.0772444 0)
(0.012406 0.103168 0)
(-0.0151791 0.0970346 0)
(0.0537427 0.115962 0)
(0.072406 0.133912 0)
(0.0571147 0.122068 0)
(0.0315637 0.111881 0)
(0.0241751 0.105398 0)
(0.0296266 0.0801517 0)
(0.0276318 0.0500003 0)
(0.00958338 0.0357182 0)
(-0.00916441 0.0176055 0)
(-0.0225375 0.0102158 0)
(-0.0263609 0.00223454 0)
(-0.0264156 -0.00228068 0)
(-0.0251597 -0.00904784 0)
(-0.0197712 -0.0172102 0)
(-0.0104078 -0.0261429 0)
(0.00217952 -0.033272 0)
(0.0161127 -0.0405475 0)
(0.0334062 -0.0482596 0)
(0.0496442 -0.0460552 0)
(0.0623917 -0.047103 0)
(0.0691212 -0.050968 0)
(0.106921 -0.0554808 0)
(0.118144 -0.0288299 0)
(0.167809 0.0121558 0)
(0.140218 0.0381346 0)
(0.0993289 0.0390832 0)
(0.112576 0.0882358 0)
(-0.024351 0.0797381 0)
(0.0770245 0.0730061 0)
(0.0615222 0.0824914 0)
(-0.0401293 0.0686162 0)
(-0.0461661 0.0935447 0)
(-0.0233707 0.094829 0)
(-0.000833066 0.0923848 0)
(0.0215415 0.0873758 0)
(0.0380553 0.0740662 0)
(0.0351904 0.0624672 0)
(0.0134028 0.0611001 0)
(-0.00942582 0.0187157 0)
(-0.0231117 0.0108087 0)
(-0.0268652 0.0023306 0)
(-0.0269254 -0.00228381 0)
(-0.025909 -0.00938924 0)
(-0.0207268 -0.0179892 0)
(-0.0113576 -0.0276153 0)
(0.00126715 -0.0348661 0)
(0.0150218 -0.0429714 0)
(0.0328139 -0.0512738 0)
(0.0480276 -0.0483408 0)
(0.058573 -0.0489533 0)
(0.0694311 -0.0540294 0)
(0.0870366 -0.0688252 0)
(0.179777 -0.0454757 0)
(0.0206799 0.0420128 0)
(0.0709817 0.0585176 0)
(-0.0652435 0.0493528 0)
(0.0884338 0.138592 0)
(0.147414 0.0687501 0)
(0.108368 0.0535218 0)
(0.164519 0.127189 0)
(0.0994202 0.139504 0)
(0.0345777 0.12989 0)
(0.012507 0.0922385 0)
(0.00733257 0.0646793 0)
(0.0203572 0.0635761 0)
(0.033001 0.0702111 0)
(0.0317582 0.0786052 0)
(0.0123111 0.0881785 0)
(-0.00970528 0.0198567 0)
(-0.0237233 0.0114088 0)
(-0.0273925 0.00241807 0)
(-0.0274541 -0.00226847 0)
(-0.0266965 -0.00971178 0)
(-0.0217453 -0.0187455 0)
(-0.0123477 -0.0291196 0)
(0.000296234 -0.0364169 0)
(0.0138205 -0.0454583 0)
(0.031653 -0.0542728 0)
(0.0432658 -0.0503487 0)
(0.0517265 -0.0502468 0)
(0.0643731 -0.059275 0)
(0.105667 -0.0844596 0)
(0.0862517 0.00479907 0)
(-0.325571 0.0641097 0)
(-0.0665948 0.061648 0)
(-0.153493 0.0121867 0)
(0.0233975 0.0612633 0)
(-0.00527925 0.0727868 0)
(-0.04824 0.0596102 0)
(0.105513 0.106714 0)
(0.1722 0.168184 0)
(0.135541 0.174103 0)
(0.0872583 0.122047 0)
(0.0357501 0.0781327 0)
(0.00663337 0.0638702 0)
(0.0136832 0.0682575 0)
(0.0178666 0.0910533 0)
(0.00733017 0.107976 0)
(-0.0100037 0.0210291 0)
(-0.0243737 0.0120143 0)
(-0.0279422 0.00249679 0)
(-0.0280007 -0.00223314 0)
(-0.0275219 -0.0100103 0)
(-0.0228299 -0.0194762 0)
(-0.0133757 -0.0306597 0)
(-0.000735944 -0.037926 0)
(0.0124646 -0.0479369 0)
(0.0274638 -0.0568122 0)
(0.0314975 -0.0511605 0)
(0.0444138 -0.0528169 0)
(0.0801478 -0.063656 0)
(-0.137055 -0.0801543 0)
(0.152075 0.160347 0)
(-0.337755 0.118165 0)
(-0.0874299 0.000695295 0)
(-0.0972041 0.00915075 0)
(-0.136704 0.068042 0)
(-0.117328 0.0716976 0)
(-0.0414151 0.00361193 0)
(0.018506 0.04341 0)
(0.0624763 0.109399 0)
(0.138894 0.196571 0)
(0.117238 0.172734 0)
(0.0480856 0.125392 0)
(0.0130022 0.0854499 0)
(0.00650919 0.0661957 0)
(0.00727627 0.0917222 0)
(0.00322015 0.113337 0)
(-0.01032 0.0222411 0)
(-0.0250644 0.0126351 0)
(-0.0285136 0.00256392 0)
(-0.0285635 -0.00218108 0)
(-0.0283848 -0.0102887 0)
(-0.0239835 -0.0201821 0)
(-0.0144387 -0.0322376 0)
(-0.00183531 -0.039393 0)
(0.0105294 -0.0499284 0)
(0.0133058 -0.0572592 0)
(0.0143506 -0.0519263 0)
(0.0643273 -0.0634162 0)
(0.134896 -0.0276921 0)
(-0.527117 -0.0703109 0)
(-0.485687 -0.0991106 0)
(-0.475692 0.0256776 0)
(-0.202868 -0.0995779 0)
(-0.126513 0.0398586 0)
(-0.142605 0.0853511 0)
(-0.0668783 0.0270991 0)
(-0.0633465 -0.0187278 0)
(0.0550324 0.0396189 0)
(0.0195247 0.052549 0)
(0.12331 0.175242 0)
(0.132142 0.182892 0)
(0.076492 0.145513 0)
(0.0373693 0.107092 0)
(0.0131821 0.0792291 0)
(0.00557473 0.09431 0)
(0.00230309 0.112636 0)
(-0.0106838 0.0234709 0)
(-0.0257975 0.0132216 0)
(-0.0291069 0.00262569 0)
(-0.0291416 -0.00210035 0)
(-0.0292856 -0.0105348 0)
(-0.0252097 -0.0208498 0)
(-0.015537 -0.0338598 0)
(-0.00303532 -0.0408057 0)
(0.00579998 -0.0499493 0)
(-0.0198048 -0.0555542 0)
(0.0178223 -0.0629236 0)
(0.406296 -0.0894866 0)
(0.451347 0.0341009 0)
(0.207451 0.17293 0)
(-0.796056 0.148654 0)
(-0.836939 0.197071 0)
(-0.474194 -0.270387 0)
(-0.192458 0.037495 0)
(-0.120023 0.0293858 0)
(-0.0420947 0.0219367 0)
(-0.0930147 -0.0455229 0)
(0.0185646 0.000412666 0)
(0.045441 0.0536276 0)
(0.0879455 0.133185 0)
(0.107845 0.191543 0)
(0.0681964 0.181316 0)
(0.0268751 0.135654 0)
(0.00812411 0.094813 0)
(0.000148298 0.101664 0)
(0.000148236 0.113075 0)
(-0.010771 0.0248055 0)
(-0.0265736 0.0140029 0)
(-0.0297177 0.00265546 0)
(-0.0297319 -0.0020096 0)
(-0.0302215 -0.01079 0)
(-0.0265107 -0.0215181 0)
(-0.0166946 -0.0355425 0)
(-0.00467241 -0.0416549 0)
(-0.0100089 -0.0473903 0)
(-0.0352835 -0.0633159 0)
(0.299705 -0.150938 0)
(1.14826 -0.116709 0)
(0.325295 0.0676 0)
(0.937894 0.207259 0)
(-0.48511 0.170593 0)
(-0.630754 0.19292 0)
(-0.648468 -0.0520472 0)
(-0.173697 -0.0714169 0)
(-0.15523 0.000237132 0)
(-0.0913036 0.0259234 0)
(-0.0989985 -0.0565897 0)
(-0.0688204 -0.0566936 0)
(0.0333634 0.0224593 0)
(0.0273224 0.133067 0)
(0.0691341 0.213476 0)
(0.0317864 0.206854 0)
(0.015647 0.157927 0)
(0.00223604 0.111017 0)
(-0.00349578 0.104968 0)
(-0.000857468 0.107297 0)
(-0.0134987 0.0259914 0)
(-0.0273773 0.0140182 0)
(-0.0303641 0.00273627 0)
(-0.0303402 -0.00187688 0)
(-0.0311994 -0.0109385 0)
(-0.027906 -0.0220605 0)
(-0.0180566 -0.037159 0)
(-0.00907085 -0.0401955 0)
(-0.0532636 -0.0489671 0)
(0.0934429 -0.115209 0)
(0.438346 -0.299473 0)
(0.254012 0.00175734 0)
(0.208707 0.0527303 0)
(0.560996 0.276504 0)
(-0.313336 0.306748 0)
(-0.549397 0.0465762 0)
(0.410467 -0.665517 0)
(-0.0788691 -0.283102 0)
(-0.178234 -0.00669705 0)
(-0.140513 -0.00282577 0)
(-0.109703 -0.0497837 0)
(-0.130053 -0.091344 0)
(-0.0264256 0.00248496 0)
(-0.020548 0.114333 0)
(0.0261878 0.21528 0)
(0.00587572 0.21298 0)
(0.00821882 0.170408 0)
(0.00247749 0.123144 0)
(-0.00265763 0.107832 0)
(0.00049949 0.104749 0)
(0.00131539 0.0276935 0)
(-0.0285521 0.0164223 0)
(-0.0309045 0.00261066 0)
(-0.0308998 -0.00171771 0)
(-0.0322036 -0.0111795 0)
(-0.0294631 -0.02271 0)
(-0.020504 -0.0386367 0)
(-0.0255438 -0.0352331 0)
(-0.0720148 -0.0589129 0)
(0.318948 -0.137554 0)
(0.310706 -0.194097 0)
(0.266429 -0.0356244 0)
(0.134502 0.0525906 0)
(0.32644 0.300803 0)
(0.0288877 0.490204 0)
(-0.0529354 0.0319018 0)
(-0.527981 0.0874658 0)
(-0.885099 0.0465241 0)
(-0.176321 0.0283492 0)
(-0.155435 -0.0326776 0)
(-0.140504 -0.0630344 0)
(-0.177275 -0.11641 0)
(-0.106056 -0.0372802 0)
(-0.0633232 0.106078 0)
(-0.012776 0.201616 0)
(-0.0227197 0.213234 0)
(-0.000919192 0.169409 0)
(-0.00140389 0.128232 0)
(-0.00194213 0.109109 0)
(-0.00179954 0.10189 0)
(-0.0713336 0.0287186 0)
(-0.0262626 0.0137282 0)
(-0.03242 0.00297943 0)
(-0.0319983 -0.00161688 0)
(-0.0334363 -0.0112706 0)
(-0.0317886 -0.022954 0)
(-0.0284893 -0.0381996 0)
(-0.0648399 -0.0356807 0)
(0.201383 -0.117811 0)
(0.0119669 -0.171017 0)
(0.150623 -0.237954 0)
(0.197294 -0.0270511 0)
(0.113594 0.0569864 0)
(0.13609 0.27725 0)
(0.396466 0.533696 0)
(0.259084 0.207646 0)
(0.499691 -0.309165 0)
(-0.0106677 -0.265102 0)
(-0.358677 -0.157313 0)
(-0.122741 -0.0506594 0)
(-0.130572 -0.0478341 0)
(-0.186209 -0.10926 0)
(-0.148198 -0.0640944 0)
(-0.0947456 0.0892882 0)
(-0.0711595 0.175841 0)
(-0.0434065 0.202598 0)
(-0.027624 0.15281 0)
(-0.00726772 0.124176 0)
(-0.00519758 0.111551 0)
(-0.00561149 0.0978982 0)
(0.144604 0.0309103 0)
(-0.0392068 0.0171827 0)
(-0.0290663 0.00238827 0)
(-0.0306448 -0.00130194 0)
(-0.0337818 -0.0112588 0)
(-0.038778 -0.0224647 0)
(-0.0557423 -0.035111 0)
(-0.141503 -0.0549606 0)
(0.259901 -0.0577176 0)
(0.705781 -0.194049 0)
(0.176834 -0.193675 0)
(0.0448078 -0.0234508 0)
(0.0396609 0.070927 0)
(0.0122009 0.230497 0)
(0.465222 0.431702 0)
(0.480588 0.206841 0)
(0.513392 -0.0138639 0)
(-0.0723586 0.11254 0)
(-0.0130592 0.00210993 0)
(-0.310269 -0.200183 0)
(-0.0980142 -0.0509732 0)
(-0.141382 -0.101064 0)
(-0.160454 -0.106608 0)
(-0.138493 0.0684896 0)
(-0.109308 0.159184 0)
(-0.0628115 0.178428 0)
(-0.0506651 0.123915 0)
(-0.0115916 0.111527 0)
(-0.00974858 0.109503 0)
(-0.00545795 0.0894209 0)
(-0.0118667 0.021689 0)
(-0.0410726 0.0134455 0)
(-0.0562238 -0.00390768 0)
(-0.0470422 -0.0129277 0)
(-0.0266199 -0.0135019 0)
(0.00240197 -0.016068 0)
(0.0464267 -0.0211045 0)
(0.0844709 -0.00263369 0)
(0.0908066 0.0101941 0)
(0.0470973 0.00774703 0)
(0.0171158 0.00135519 0)
(0.00248651 0.0041567 0)
(-0.0286225 0.00464003 0)
(-0.0248209 0.00177672 0)
(-0.0570534 0.00312545 0)
(-0.0575838 0.000218637 0)
(-0.0526564 0.000929001 0)
(-0.0625195 -0.000276027 0)
(-0.0482377 -0.000160633 0)
(-0.046016 -0.00042313 0)
(-0.0356997 -0.000447476 0)
(-0.0267032 -0.000484154 0)
(-0.0170156 -0.000474704 0)
(-0.00781313 -0.000427726 0)
(0.000347676 -0.000354699 0)
(0.00681555 -0.000255967 0)
(0.0108753 -0.000151917 0)
(0.012772 -6.119e-05 0)
(0.0113721 7.7827e-05 0)
(0.00470703 0.000227151 0)
(-0.000752959 0.0359193 0)
(-4.31371e-05 0.0342173 0)
(-0.0123838 0.0155356 0)
(-0.00936448 -0.0137247 0)
(0.00205033 -0.0363569 0)
(0.0378565 -0.0435194 0)
(0.0567923 -0.0498172 0)
(0.083079 -0.0275319 0)
(0.0977011 0.0207666 0)
(0.0670748 0.0243032 0)
(-0.000587694 0.0208924 0)
(-0.0389367 0.0165383 0)
(-0.0554663 0.00576163 0)
(-0.052692 0.00823218 0)
(-0.0869705 0.00831505 0)
(-0.0821777 -0.00335772 0)
(-0.0682854 0.00224733 0)
(-0.0808921 -0.00233843 0)
(-0.0581372 -0.00216828 0)
(-0.0537435 -0.00243746 0)
(-0.0387247 -0.00254908 0)
(-0.0258943 -0.00238741 0)
(-0.0128423 -0.00212148 0)
(-0.00108369 -0.00173677 0)
(0.00863736 -0.00129943 0)
(0.0156364 -0.000823259 0)
(0.0192073 -0.000380537 0)
(0.0198753 -1.48797e-05 0)
(0.0164012 0.000495062 0)
(0.00654323 0.000922871 0)
(-0.00330862 0.0286353 0)
(0.0063706 0.0328783 0)
(0.00249424 0.013128 0)
(0.0190474 -0.0236326 0)
(0.0346955 -0.0513172 0)
(0.0474379 -0.0584022 0)
(0.0670409 -0.0590973 0)
(0.0616995 -0.0299149 0)
(0.0795891 0.0243757 0)
(0.031493 0.05107 0)
(-0.0227919 0.0453676 0)
(-0.054162 0.0260187 0)
(-0.0580329 0.00907123 0)
(-0.0708044 0.0130517 0)
(-0.0821859 0.013243 0)
(-0.0936136 -0.00733723 0)
(-0.0640187 0.00262091 0)
(-0.0818038 -0.00416855 0)
(-0.0571661 -0.00444087 0)
(-0.0525674 -0.00450931 0)
(-0.0371821 -0.00475489 0)
(-0.023972 -0.00435683 0)
(-0.0106342 -0.00380211 0)
(0.0012872 -0.00304277 0)
(0.010998 -0.00220638 0)
(0.0178144 -0.00132842 0)
(0.0210441 -0.000533083 0)
(0.0212877 0.000109539 0)
(0.0173338 0.00099119 0)
(0.0068724 0.00175485 0)
(-0.0060725 0.0282509 0)
(0.00995417 0.0221909 0)
(0.0158245 8.29572e-05 0)
(0.0392722 -0.0380866 0)
(0.0565265 -0.0594478 0)
(0.0636377 -0.064261 0)
(0.0675598 -0.0631157 0)
(0.0414329 -0.026714 0)
(0.0403065 0.050412 0)
(0.0010829 0.0653493 0)
(-0.0435509 0.0604936 0)
(-0.0648349 0.0333921 0)
(-0.0611816 0.0100125 0)
(-0.0874874 0.0171155 0)
(-0.0667315 0.0168344 0)
(-0.109417 -0.0101507 0)
(-0.0561039 0.00116073 0)
(-0.0838809 -0.00520414 0)
(-0.0567946 -0.00696349 0)
(-0.0523749 -0.00659769 0)
(-0.0368903 -0.00700676 0)
(-0.0235481 -0.0063634 0)
(-0.0101319 -0.00551413 0)
(0.00183214 -0.00436987 0)
(0.0115347 -0.00312456 0)
(0.0182972 -0.00183538 0)
(0.0214341 -0.000681847 0)
(0.0215877 0.000239471 0)
(0.0175484 0.00150108 0)
(0.00695304 0.00259502 0)
(0.000458382 0.0263874 0)
(0.0207431 0.00591829 0)
(0.0264009 -0.0150882 0)
(0.052033 -0.0540754 0)
(0.0599184 -0.072074 0)
(0.0667698 -0.0685011 0)
(0.0539174 -0.0534178 0)
(0.0160578 -0.0164667 0)
(0.00964303 0.0537669 0)
(-0.0308428 0.0889342 0)
(-0.0557252 0.0707864 0)
(-0.06621 0.03977 0)
(-0.0536654 0.014689 0)
(-0.107882 0.0174896 0)
(-0.0386962 0.0197703 0)
(-0.122085 -0.00985212 0)
(-0.0494589 -0.00235151 0)
(-0.0856931 -0.00521052 0)
(-0.0568685 -0.00975308 0)
(-0.0523954 -0.00866466 0)
(-0.0368642 -0.00927685 0)
(-0.0234053 -0.00837788 0)
(-0.00994045 -0.00723195 0)
(0.00205303 -0.00569822 0)
(0.0117553 -0.00404093 0)
(0.0184943 -0.00233737 0)
(0.0215884 -0.000825178 0)
(0.0217214 0.000371822 0)
(0.017668 0.00201453 0)
(0.00700351 0.00343988 0)
(0.00883375 0.00348804 0)
(0.0258791 -0.00852783 0)
(0.0354721 -0.0335025 0)
(0.0590782 -0.0673912 0)
(0.0562276 -0.0713402 0)
(0.0365318 -0.0583456 0)
(0.000890094 -0.033253 0)
(-0.0285113 0.0140253 0)
(-0.0302169 0.0742335 0)
(-0.053439 0.101362 0)
(-0.0710649 0.0781878 0)
(-0.0748629 0.0386538 0)
(-0.0474487 0.0224372 0)
(-0.11809 0.0150672 0)
(-0.0191083 0.0208939 0)
(-0.12737 -0.00654666 0)
(-0.0486962 -0.00698429 0)
(-0.0863705 -0.00475705 0)
(-0.0574119 -0.0127106 0)
(-0.0523585 -0.0107528 0)
(-0.0368432 -0.0115673 0)
(-0.0232492 -0.0104031 0)
(-0.00974444 -0.00895698 0)
(0.00227078 -0.00702936 0)
(0.0119664 -0.00495677 0)
(0.0186785 -0.0028371 0)
(0.0217291 -0.000966104 0)
(0.0218517 0.000504243 0)
(0.0177951 0.00253003 0)
(0.00705908 0.00429014 0)
(0.00808408 -0.0212132 0)
(0.020354 -0.0228209 0)
(0.0425124 -0.0595072 0)
(0.0505699 -0.0703118 0)
(0.021862 -0.0524961 0)
(-0.0155711 -0.0262967 0)
(-0.0569345 -0.0143159 0)
(-0.0512772 0.0104874 0)
(-0.0670062 0.0795407 0)
(-0.0777325 0.108393 0)
(-0.0885381 0.0757495 0)
(-0.0697683 0.0293166 0)
(-0.0587279 0.0279538 0)
(-0.107448 0.0116458 0)
(-0.0251156 0.0216211 0)
(-0.127518 -0.00173702 0)
(-0.0561447 -0.0124321 0)
(-0.0853593 -0.00447983 0)
(-0.0585623 -0.0156887 0)
(-0.052243 -0.0129082 0)
(-0.0368154 -0.0138742 0)
(-0.0230549 -0.0124386 0)
(-0.00950631 -0.0106877 0)
(0.00253142 -0.00836159 0)
(0.0122155 -0.00587048 0)
(0.0188936 -0.00333314 0)
(0.0218918 -0.00110383 0)
(0.0220037 0.000636592 0)
(0.0179456 0.00304792 0)
(0.00712527 0.0051474 0)
(0.000420928 -0.0332778 0)
(0.0201835 -0.0474763 0)
(0.0248681 -0.0719243 0)
(0.0095574 -0.0515772 0)
(-0.0351792 -0.0176404 0)
(-0.0519908 -0.00341286 0)
(-0.080068 -0.0135053 0)
(-0.0910548 0.0293627 0)
(-0.09207 0.0901196 0)
(-0.102395 0.108498 0)
(-0.0881837 0.0685318 0)
(-0.0539161 0.0297494 0)
(-0.0809451 0.0348723 0)
(-0.0796336 0.00572668 0)
(-0.0616364 0.0260619 0)
(-0.112091 0.000995058 0)
(-0.0736684 -0.0164499 0)
(-0.0816244 -0.00553136 0)
(-0.0602719 -0.0183516 0)
(-0.0520517 -0.0151974 0)
(-0.0367761 -0.0161969 0)
(-0.022822 -0.0144862 0)
(-0.00922323 -0.0124246 0)
(0.00284019 -0.00969552 0)
(0.0125093 -0.00678126 0)
(0.0191458 -0.00382425 0)
(0.0220814 -0.00123767 0)
(0.022181 0.000768837 0)
(0.0181222 0.0035687 0)
(0.00720303 0.00601299 0)
(-0.0054835 -0.0437666 0)
(0.000804814 -0.0584329 0)
(-0.030774 -0.0390401 0)
(-0.0448558 -0.00114006 0)
(-0.0674196 0.00420741 0)
(-0.0716172 0.00608877 0)
(-0.107613 0.00586015 0)
(-0.125617 0.0327557 0)
(-0.118373 0.0935721 0)
(-0.107153 0.102285 0)
(-0.0740879 0.0542414 0)
(-0.0783032 0.0320768 0)
(-0.100203 0.0354377 0)
(-0.0797964 0.0054731 0)
(-0.0921086 0.0317171 0)
(-0.0852738 -0.000676516 0)
(-0.0887828 -0.0162656 0)
(-0.0779287 -0.00910985 0)
(-0.0617364 -0.020463 0)
(-0.0518795 -0.0176457 0)
(-0.0367115 -0.0185385 0)
(-0.0225497 -0.016546 0)
(-0.00889462 -0.0141664 0)
(0.00319803 -0.0110324 0)
(0.0128487 -0.00768865 0)
(0.0194359 -0.00430977 0)
(0.0222985 -0.00136692 0)
(0.0223841 0.000900908 0)
(0.0183255 0.00409279 0)
(0.00729268 0.00688823 0)
(-0.00801856 -0.0198621 0)
(-0.0331727 -0.0275153 0)
(-0.0514303 -0.0341694 0)
(-0.0446041 -0.0144144 0)
(-0.0680514 0.0102965 0)
(-0.0942774 0.0146919 0)
(-0.110505 0.02123 0)
(-0.115148 0.0445653 0)
(-0.11321 0.0831607 0)
(-0.0955346 0.0777041 0)
(-0.0729646 0.0466964 0)
(-0.0997897 0.0448293 0)
(-0.0900127 0.0320158 0)
(-0.109697 0.00563264 0)
(-0.0994631 0.0318916 0)
(-0.0795916 -0.00315212 0)
(-0.0892785 -0.0148055 0)
(-0.0791931 -0.0136126 0)
(-0.0622198 -0.0225258 0)
(-0.0518213 -0.0201649 0)
(-0.0366099 -0.0209124 0)
(-0.0222372 -0.0186195 0)
(-0.00852052 -0.015914 0)
(0.00360505 -0.0123721 0)
(0.0132344 -0.00859242 0)
(0.0197642 -0.00478872 0)
(0.0225427 -0.00149089 0)
(0.022613 0.00103269 0)
(0.0185558 0.00462062 0)
(0.00739446 0.0077745 0)
(-0.00270784 0.00250373 0)
(-0.00582885 -0.00965363 0)
(-0.0361255 -0.0180073 0)
(-0.0697355 0.0146758 0)
(-0.0541416 0.0548423 0)
(-0.0564725 0.0434325 0)
(-0.0763185 0.0183277 0)
(-0.0964784 0.0331233 0)
(-0.102872 0.0739013 0)
(-0.0693779 0.0764663 0)
(-0.0722138 0.0544944 0)
(-0.107872 0.0432146 0)
(-0.0704176 0.0325011 0)
(-0.120324 0.0140657 0)
(-0.103 0.023335 0)
(-0.0967407 -0.00693706 0)
(-0.0826012 -0.0142333 0)
(-0.0827813 -0.0171312 0)
(-0.0624357 -0.0250416 0)
(-0.0517984 -0.0226747 0)
(-0.0364741 -0.0233321 0)
(-0.0218827 -0.0207062 0)
(-0.00810009 -0.0176675 0)
(0.00406211 -0.0137146 0)
(0.0136668 -0.00949077 0)
(0.0201306 -0.00526018 0)
(0.0228137 -0.00160883 0)
(0.0228676 0.00116402 0)
(0.0188137 0.00515259 0)
(0.00750865 0.0086732 0)
(-0.00201925 0.00189261 0)
(-0.00442811 0.0129697 0)
(-0.0301013 0.0282034 0)
(-0.089639 0.00404817 0)
(-0.105806 -0.00355209 0)
(-0.0891691 0.018604 0)
(-0.0816402 0.0392985 0)
(-0.0714792 0.0670069 0)
(-0.0778659 0.0719316 0)
(-0.0848101 0.0606342 0)
(-0.0728682 0.0620354 0)
(-0.0959535 0.0480587 0)
(-0.0768418 0.0330568 0)
(-0.116809 0.0194156 0)
(-0.0961627 0.0228421 0)
(-0.114365 -0.0103209 0)
(-0.0810134 -0.0170404 0)
(-0.0838132 -0.0195319 0)
(-0.0632314 -0.0278891 0)
(-0.0517155 -0.0252111 0)
(-0.036308 -0.0258041 0)
(-0.021484 -0.0228034 0)
(-0.00763341 -0.0194258 0)
(0.00456953 -0.015061 0)
(0.0141467 -0.0103829 0)
(0.0205352 -0.00572317 0)
(0.0231113 -0.00171979 0)
(0.0231478 0.00129469 0)
(0.0190996 0.00568909 0)
(0.00763554 0.00958575 0)
(-0.00166538 0.00423778 0)
(-0.00357179 0.0145231 0)
(0.00699414 0.0492845 0)
(0.00500613 0.0713607 0)
(-0.0239463 0.0680108 0)
(-0.0536272 0.0428056 0)
(-0.0773713 0.0102988 0)
(-0.0907088 0.032041 0)
(-0.0630183 0.077122 0)
(-0.0640818 0.0703457 0)
(-0.0820635 0.0621216 0)
(-0.0890038 0.0446664 0)
(-0.0827266 0.0366298 0)
(-0.10752 0.0270562 0)
(-0.100693 0.020406 0)
(-0.110561 -0.0121109 0)
(-0.091153 -0.0202416 0)
(-0.081748 -0.0227646 0)
(-0.0643665 -0.0305609 0)
(-0.0516108 -0.0278476 0)
(-0.0361037 -0.02833 0)
(-0.0210383 -0.0249115 0)
(-0.00712064 -0.0211877 0)
(0.00512792 -0.016411 0)
(0.0146748 -0.0112684 0)
(0.0209781 -0.00617659 0)
(0.023435 -0.001823 0)
(0.0234534 0.00142443 0)
(0.019414 0.00623048 0)
(0.00777546 0.0105136 0)
(-0.0124741 0.0153788 0)
(-0.0419354 0.0159424 0)
(-0.0577768 0.0309132 0)
(-0.0417761 0.0510468 0)
(-0.0365332 0.0576698 0)
(-0.0474979 0.0504863 0)
(-0.0595273 0.0525977 0)
(-0.0687502 0.0661138 0)
(-0.0673629 0.0720485 0)
(-0.0657619 0.0753114 0)
(-0.0736213 0.0699977 0)
(-0.0776286 0.0516975 0)
(-0.106941 0.0399605 0)
(-0.0978548 0.0270326 0)
(-0.0953769 0.0246038 0)
(-0.106948 -0.0135989 0)
(-0.0978975 -0.0232888 0)
(-0.080848 -0.0269316 0)
(-0.064916 -0.0330815 0)
(-0.0515852 -0.0305601 0)
(-0.0358503 -0.0309195 0)
(-0.0205419 -0.0270338 0)
(-0.00656176 -0.022953 0)
(0.00573753 -0.0177647 0)
(0.0152519 -0.012146 0)
(0.0214593 -0.00661968 0)
(0.0237842 -0.00191776 0)
(0.0237844 0.00155288 0)
(0.0197577 0.00677712 0)
(0.00792878 0.0114583 0)
(-0.0068417 0.0581867 0)
(-0.0268253 0.0610237 0)
(-0.0711649 0.0569166 0)
(-0.107609 0.0531309 0)
(-0.12142 0.0596229 0)
(-0.13264 0.0552828 0)
(-0.150981 0.0297083 0)
(-0.149248 0.0325888 0)
(-0.128285 0.0555704 0)
(-0.114223 0.0654052 0)
(-0.0992554 0.0753628 0)
(-0.116674 0.0594464 0)
(-0.111287 0.0388943 0)
(-0.117184 0.0300731 0)
(-0.0984769 0.0230065 0)
(-0.0907835 -0.0115487 0)
(-0.102263 -0.0240649 0)
(-0.0811671 -0.0325511 0)
(-0.064694 -0.0354495 0)
(-0.0516427 -0.0332922 0)
(-0.0355462 -0.033586 0)
(-0.0199906 -0.0291734 0)
(-0.00595667 -0.0247229 0)
(0.0063989 -0.0191208 0)
(0.0158787 -0.0130148 0)
(0.0219787 -0.00705188 0)
(0.0241584 -0.00200314 0)
(0.0241405 0.00167958 0)
(0.0201312 0.00732934 0)
(0.00809593 0.0124212 0)
(0.00440591 0.061634 0)
(0.0132874 0.0768152 0)
(0.00645227 0.0930139 0)
(-0.0169125 0.0920892 0)
(-0.024573 0.0873221 0)
(-0.0111873 0.0719599 0)
(0.00872949 0.0548284 0)
(-0.0391714 0.0585526 0)
(-0.0880574 0.0775065 0)
(-0.118099 0.0683403 0)
(-0.131149 0.0570009 0)
(-0.130007 0.0429426 0)
(-0.133668 0.0358313 0)
(-0.138405 0.0237887 0)
(-0.108603 0.0153468 0)
(-0.1068 -0.0134216 0)
(-0.0855151 -0.0238714 0)
(-0.0864251 -0.0371313 0)
(-0.0630593 -0.0382579 0)
(-0.0517751 -0.0359098 0)
(-0.0351926 -0.0363446 0)
(-0.0193783 -0.0313352 0)
(-0.00530469 -0.0264835 0)
(0.00711251 -0.0204886 0)
(0.0165559 -0.0138721 0)
(0.0225365 -0.00747052 0)
(0.0245571 -0.00207806 0)
(0.0245216 0.00180396 0)
(0.0205353 0.00788742 0)
(0.00827734 0.0134041 0)
(0.00788918 0.0369446 0)
(0.02366 0.0571502 0)
(0.039768 0.0865635 0)
(0.0443553 0.0938058 0)
(0.0540521 0.067027 0)
(0.0507876 0.0476055 0)
(0.0361866 0.0610253 0)
(-0.0442541 0.0878665 0)
(-0.0830756 0.0862901 0)
(-0.0692127 0.0738438 0)
(-0.0487714 0.0935459 0)
(-0.0507378 0.0830093 0)
(-0.0850696 0.0425566 0)
(-0.129859 0.0281331 0)
(-0.128321 0.0105971 0)
(-0.137716 -0.0224474 0)
(-0.0720194 -0.0283128 0)
(-0.0864357 -0.0385678 0)
(-0.0620153 -0.0415852 0)
(-0.051633 -0.0383725 0)
(-0.0348091 -0.0391934 0)
(-0.0186951 -0.0335306 0)
(-0.00460633 -0.0282232 0)
(0.00787702 -0.0218743 0)
(0.0172859 -0.0147175 0)
(0.0231325 -0.00787462 0)
(0.0249795 -0.00214094 0)
(0.0249275 0.00192526 0)
(0.020971 0.00845164 0)
(0.00847353 0.0144084 0)
(0.000318957 0.0261161 0)
(0.0020749 0.0467536 0)
(0.0109176 0.0782594 0)
(0.0146724 0.088437 0)
(-0.00551864 0.0668061 0)
(-0.0602515 0.0744376 0)
(-0.0875886 0.103361 0)
(-0.122394 0.109443 0)
(-0.0965913 0.0875544 0)
(-0.101381 0.057694 0)
(-0.125212 0.0538427 0)
(-0.0834985 0.0394411 0)
(-0.0599081 0.0665573 0)
(-0.100845 0.0459595 0)
(-0.118256 0.0179797 0)
(-0.13655 -0.02797 0)
(-0.0931083 -0.0371741 0)
(-0.0776849 -0.0411356 0)
(-0.0623094 -0.0440798 0)
(-0.0510398 -0.0408348 0)
(-0.0343956 -0.0420991 0)
(-0.0179304 -0.0357724 0)
(-0.0038605 -0.0299391 0)
(0.00869118 -0.0232779 0)
(0.0180698 -0.0155483 0)
(0.0237668 -0.00826451 0)
(0.0254247 -0.00219055 0)
(0.0253578 0.00204249 0)
(0.021439 0.00902223 0)
(0.00868504 0.015436 0)
(-0.00987653 0.0358487 0)
(-0.0258081 0.0505892 0)
(-0.0263267 0.0805735 0)
(-0.0215316 0.10677 0)
(-0.029794 0.114775 0)
(-0.0609268 0.123433 0)
(-0.0812564 0.134052 0)
(-0.0650077 0.116242 0)
(-0.00229786 0.0930023 0)
(-0.0351184 0.0791616 0)
(0.0227736 0.0722013 0)
(-0.0573234 0.0731665 0)
(-0.12998 0.0495149 0)
(-0.120936 0.052149 0)
(-0.119112 0.0266782 0)
(-0.114835 -0.0288612 0)
(-0.11673 -0.04131 0)
(-0.0692883 -0.0484151 0)
(-0.062505 -0.0452656 0)
(-0.0501944 -0.0433588 0)
(-0.0339327 -0.0450272 0)
(-0.0170731 -0.0380696 0)
(-0.00306516 -0.0316221 0)
(0.00955356 -0.0247036 0)
(0.0189099 -0.0163621 0)
(0.0244394 -0.00863797 0)
(0.025892 -0.00222553 0)
(0.0258122 0.00215446 0)
(0.0219404 0.00959938 0)
(0.00891245 0.0164884 0)
(-0.0111095 0.0609863 0)
(-0.0318785 0.062395 0)
(-0.0355617 0.0750277 0)
(-0.020446 0.0903672 0)
(0.000575127 0.098265 0)
(0.0168191 0.105314 0)
(0.0386256 0.100662 0)
(0.0268761 0.0704342 0)
(-0.0827182 0.0812769 0)
(-0.120364 0.0465375 0)
(-0.0114581 0.0800699 0)
(-0.102423 0.089666 0)
(-0.155278 0.0712242 0)
(-0.165507 0.0363453 0)
(-0.154101 0.00909261 0)
(-0.128315 -0.0408426 0)
(-0.100533 -0.0455793 0)
(-0.0721288 -0.0559587 0)
(-0.0607008 -0.0464033 0)
(-0.0493593 -0.0458189 0)
(-0.0334177 -0.0479655 0)
(-0.0161136 -0.0404303 0)
(-0.00221739 -0.0332653 0)
(0.0104619 -0.0261542 0)
(0.0198082 -0.0171583 0)
(0.02515 -0.00899386 0)
(0.0263804 -0.00224412 0)
(0.0262905 0.00225986 0)
(0.0224765 0.0101833 0)
(0.00915642 0.0175675 0)
(-0.00763295 0.0876755 0)
(-0.026258 0.0783813 0)
(-0.0289416 0.0719302 0)
(-0.0160164 0.0681215 0)
(0.000901931 0.0723584 0)
(0.00369769 0.0966503 0)
(-0.00510508 0.130941 0)
(-0.0700575 0.147981 0)
(-0.163004 0.149464 0)
(0.027226 0.025076 0)
(-0.133532 0.075046 0)
(-0.100107 0.115719 0)
(0.0342798 0.0750721 0)
(-0.0261263 0.0699168 0)
(-0.0637977 0.0193007 0)
(-0.108494 -0.0588913 0)
(-0.0823981 -0.0574529 0)
(-0.0728179 -0.0590369 0)
(-0.0564314 -0.0481071 0)
(-0.0478868 -0.0481358 0)
(-0.0328352 -0.0509199 0)
(-0.0150475 -0.0428601 0)
(-0.00131423 -0.0348647 0)
(0.0114139 -0.0276332 0)
(0.0207674 -0.0179338 0)
(0.0258988 -0.00933058 0)
(0.0268888 -0.00224488 0)
(0.026792 0.00235759 0)
(0.0230483 0.0107739 0)
(0.00941766 0.018675 0)
(-0.00136986 0.107293 0)
(-0.0123197 0.0911266 0)
(-0.00946197 0.069435 0)
(-0.000503107 0.0640494 0)
(-0.0207041 0.077604 0)
(-0.065547 0.117414 0)
(-0.115577 0.174855 0)
(-0.170288 0.17445 0)
(-0.11087 0.0861587 0)
(0.138231 0.00172531 0)
(-0.0282704 0.107152 0)
(0.0543426 0.0633759 0)
(-0.021519 0.0357041 0)
(0.153407 0.063347 0)
(0.246139 0.0449871 0)
(0.756225 0.0212603 0)
(-0.0891316 -0.0471245 0)
(-0.0674689 -0.0623781 0)
(-0.0491693 -0.0494393 0)
(-0.0434635 -0.0501848 0)
(-0.0316871 -0.0538641 0)
(-0.0138775 -0.045354 0)
(-0.000352677 -0.0364215 0)
(0.0124069 -0.0291449 0)
(0.0217902 -0.0186866 0)
(0.0266856 -0.0096472 0)
(0.0274161 -0.00222724 0)
(0.0273163 0.00244684 0)
(0.0236573 0.0113718 0)
(0.00969691 0.0198133 0)
(0.0031235 0.113597 0)
(-0.00172678 0.0936004 0)
(-0.00181656 0.0660386 0)
(-0.00567504 0.0811275 0)
(-0.0368235 0.11984 0)
(-0.103446 0.169865 0)
(-0.131703 0.201854 0)
(-0.0930791 0.138141 0)
(-0.0208597 -0.00471464 0)
(0.0259876 -0.0174079 0)
(0.0414385 0.113621 0)
(0.140625 0.107726 0)
(0.0890204 0.0507274 0)
(0.191089 -0.0308805 0)
(0.293603 -0.219709 0)
(-0.103364 0.0341364 0)
(-0.168292 0.099713 0)
(-0.0881521 -0.0743891 0)
(-0.0417673 -0.0522902 0)
(-0.0322425 -0.0510106 0)
(-0.0275547 -0.0563895 0)
(-0.01256 -0.0478419 0)
(0.00066966 -0.0379378 0)
(0.0134383 -0.0306962 0)
(0.0228797 -0.0194125 0)
(0.0275102 -0.0099414 0)
(0.027961 -0.00219061 0)
(0.0278629 0.00252742 0)
(0.024305 0.011975 0)
(0.00999512 0.0209828 0)
(0.00384804 0.113239 0)
(0.00037668 0.0964607 0)
(-0.00713941 0.0775341 0)
(-0.029413 0.101599 0)
(-0.0653883 0.145317 0)
(-0.124784 0.190621 0)
(-0.124081 0.19977 0)
(-0.0136588 0.0743297 0)
(-0.0595953 0.00858932 0)
(0.0497372 -0.0361299 0)
(0.0224518 0.0634567 0)
(0.130086 0.0660426 0)
(0.147578 0.0247526 0)
(0.230312 -0.0636457 0)
(1.34285 0.153329 0)
(0.111616 0.205634 0)
(-0.462052 -0.0185972 0)
(-0.171538 -0.0862498 0)
(-0.0617095 -0.0621261 0)
(-0.0149823 -0.0515506 0)
(-0.0136331 -0.0568974 0)
(-0.0106714 -0.0498609 0)
(0.00175843 -0.0394128 0)
(0.0145055 -0.0322864 0)
(0.0240391 -0.0201131 0)
(0.0283721 -0.0102178 0)
(0.028522 -0.00213465 0)
(0.0284311 0.00259656 0)
(0.0249928 0.0125933 0)
(0.0103112 0.0221918 0)
(0.00406493 0.113429 0)
(0.0043042 0.103588 0)
(-0.00342124 0.0929263 0)
(-0.0224511 0.128194 0)
(-0.0625132 0.175258 0)
(-0.102385 0.193257 0)
(-0.0911959 0.153231 0)
(-0.0339502 0.0731337 0)
(0.00422603 -0.0260494 0)
(0.0889508 -0.0482406 0)
(-0.00057849 0.0623286 0)
(0.114196 0.033347 0)
(0.196648 0.0144362 0)
(0.566786 -0.571954 0)
(0.462814 0.189636 0)
(-0.140573 0.359858 0)
(-0.421311 0.0936631 0)
(-0.324209 -0.152674 0)
(-0.402997 -0.0921758 0)
(-0.0163436 -0.0627767 0)
(0.0191781 -0.0552362 0)
(-0.00600604 -0.0499292 0)
(0.00294918 -0.0408389 0)
(0.0156085 -0.0339176 0)
(0.0252719 -0.0207735 0)
(0.029272 -0.0104574 0)
(0.0290985 -0.00205066 0)
(0.0290207 0.0026604 0)
(0.0257228 0.0131773 0)
(0.0106747 0.0234185 0)
(0.00374202 0.107306 0)
(0.00687873 0.105993 0)
(0.00145798 0.108925 0)
(-0.0120689 0.151919 0)
(-0.0297951 0.203943 0)
(-0.0650423 0.219504 0)
(-0.0227886 0.140367 0)
(-0.0353586 0.0353356 0)
(0.0788519 -0.0844375 0)
(0.0841652 -0.0374309 0)
(0.0681055 0.0463149 0)
(0.155591 -0.010109 0)
(0.227394 -0.134743 0)
(0.650204 0.01465 0)
(-0.0859297 0.209412 0)
(-0.29735 0.45808 0)
(-0.424983 0.119072 0)
(-0.522337 -0.100227 0)
(-1.17373 -0.0924548 0)
(-0.315091 -0.155702 0)
(0.0365687 -0.0627971 0)
(0.0096437 -0.0473547 0)
(0.00457362 -0.0417134 0)
(0.0167715 -0.0356164 0)
(0.0265803 -0.0214327 0)
(0.0302066 -0.0107014 0)
(0.0296869 -0.00195933 0)
(0.0296278 0.00269241 0)
(0.0264957 0.0139565 0)
(0.0107618 0.0247499 0)
(0.00260879 0.104645 0)
(0.00600266 0.107928 0)
(0.00188946 0.120644 0)
(-0.00659717 0.165055 0)
(-0.00232089 0.210952 0)
(-0.021129 0.219924 0)
(0.0298745 0.131647 0)
(0.0422717 0.0197083 0)
(0.128374 -0.0942187 0)
(0.111734 -0.0424123 0)
(0.119802 0.0205035 0)
(0.185099 -0.0253692 0)
(0.283894 -0.251608 0)
(-0.0503106 -0.430027 0)
(-0.244839 0.333541 0)
(-0.410025 0.483674 0)
(-0.270805 0.138 0)
(-0.237731 -0.068359 0)
(-0.368295 -0.0242539 0)
(-0.421934 -0.294155 0)
(-0.0929984 -0.116674 0)
(0.0530818 -0.0489067 0)
(0.00892152 -0.0402786 0)
(0.0181355 -0.0372499 0)
(0.0279843 -0.0219684 0)
(0.0311828 -0.0108445 0)
(0.0302926 -0.0018215 0)
(0.0302703 0.00277526 0)
(0.0272965 0.0139663 0)
(0.0134878 0.0259319 0)
(0.00323927 0.101869 0)
(0.00329413 0.1088 0)
(0.00275611 0.126921 0)
(0.00261842 0.165123 0)
(0.0195166 0.206551 0)
(0.00859411 0.204856 0)
(0.0613269 0.111791 0)
(0.118854 -0.0165309 0)
(0.18264 -0.126367 0)
(0.143536 -0.0364288 0)
(0.139403 -0.0120423 0)
(0.0476717 -0.0923058 0)
(0.191062 -0.187705 0)
(-0.0229176 0.044619 0)
(-0.384841 0.386377 0)
(-0.505086 0.467431 0)
(-0.0919387 0.110043 0)
(-0.182374 -0.0412424 0)
(-0.362686 -0.0349768 0)
(-0.321938 -0.22803 0)
(-0.325166 -0.138077 0)
(0.0725794 -0.0585463 0)
(0.0252479 -0.035296 0)
(0.020556 -0.0387509 0)
(0.0295469 -0.0226104 0)
(0.0321852 -0.0110805 0)
(0.0308509 -0.00165961 0)
(0.0308067 0.00265312 0)
(0.0284606 0.0163745 0)
(-0.00131851 0.0276318 0)
(0.00516314 0.0986348 0)
(0.00387377 0.11129 0)
(0.0064941 0.122369 0)
(0.0271029 0.150415 0)
(0.0381466 0.205071 0)
(0.067682 0.171555 0)
(0.0821895 0.0907805 0)
(0.145171 -0.0632242 0)
(0.18858 -0.110415 0)
(0.138054 -0.0336382 0)
(0.157443 0.0439378 0)
(0.585092 0.00251566 0)
(-0.0219761 -0.142256 0)
(-0.131218 0.08619 0)
(-0.483742 0.442072 0)
(-0.553276 0.398676 0)
(-0.00398225 0.0631432 0)
(-0.147435 -0.0113388 0)
(-0.282692 -0.0460638 0)
(-0.142452 -0.252236 0)
(-0.0492903 -0.170321 0)
(-0.201181 -0.118698 0)
(0.064588 -0.0356955 0)
(0.0284064 -0.0383476 0)
(0.0318578 -0.0228473 0)
(0.0334121 -0.0111599 0)
(0.0319426 -0.00156664 0)
(0.0323164 0.00302149 0)
(0.0262092 0.0136676 0)
(0.0712962 0.0286506 0)
(0.00406225 0.0906802 0)
(0.00766337 0.109349 0)
(0.011083 0.108856 0)
(0.048924 0.123816 0)
(0.0609244 0.179463 0)
(0.108236 0.167482 0)
(0.133506 0.0697275 0)
(0.153007 -0.0917188 0)
(0.136858 -0.107693 0)
(0.115431 -0.0454691 0)
(0.151195 -0.100988 0)
(0.216553 -0.0230477 0)
(-0.0821857 -0.0298426 0)
(-0.186773 0.177912 0)
(-0.51308 0.493506 0)
(-0.433983 0.304281 0)
(-0.00121545 0.0208288 0)
(-0.0478339 0.0115892 0)
(-0.123175 -0.0430129 0)
(-0.20304 -0.218201 0)
(-0.748819 -0.197388 0)
(-0.259589 -0.064912 0)
(0.142519 -0.0550501 0)
(0.0550697 -0.0353215 0)
(0.0387216 -0.0223627 0)
(0.0337592 -0.0111453 0)
(0.0305697 -0.00125119 0)
(0.0289512 0.00243443 0)
(0.0390206 0.0171283 0)
(-0.144552 0.0308461 0)
(-0.147702 0.0274916 0)
(-0.010688 0.0205386 0)
(-0.0339324 0.00236436 0)
(-0.0328256 -0.00104561 0)
(-0.0391457 -0.0107157 0)
(-0.0682588 -0.0188645 0)
(-0.207557 -0.0299963 0)
(0.106178 -0.128 0)
(1.08939 -0.184895 0)
(0.637091 -0.15336 0)
(0.145282 -0.136192 0)
(-0.0257864 -0.0140147 0)
(-0.00659329 0.0714214 0)
(-0.0350756 0.186673 0)
(0.383242 0.33734 0)
(0.514974 0.214015 0)
(0.524315 -0.00528819 0)
(-0.0417248 0.0532233 0)
(-0.00111317 0.0217022 0)
(-0.669526 0.00489168 0)
(-0.142314 -0.114951 0)
(-0.122391 -0.0676645 0)
(-0.182056 -0.10205 0)
(-0.146393 0.0517472 0)
(-0.113623 0.139943 0)
(-0.0723032 0.144928 0)
(-0.0562619 0.104141 0)
(-0.0164681 0.0958713 0)
(-0.0125158 0.102733 0)
(-0.00365378 0.0821705 0)
(-0.356145 0.021699 0)
(0.0567329 0.0176577 0)
(-0.0422782 0.00363911 0)
(-0.0425418 -0.00086286 0)
(-0.0526248 -0.00969819 0)
(-0.0909843 -0.0137063 0)
(-0.211488 -0.0372619 0)
(0.515209 -0.0825122 0)
(0.349914 -0.0761875 0)
(0.403827 -0.136752 0)
(0.0732654 -0.111468 0)
(-0.0634868 -0.00786533 0)
(-0.0339967 0.0718083 0)
(-0.058627 0.160903 0)
(0.296194 0.284302 0)
(0.497652 0.211934 0)
(0.52426 0.0515903 0)
(-0.0150576 0.0938843 0)
(0.0771276 0.051499 0)
(0.271698 -0.0488972 0)
(-0.28089 -0.199949 0)
(-0.13217 -0.0667047 0)
(-0.169811 -0.102202 0)
(-0.17947 0.03725 0)
(-0.112108 0.130559 0)
(-0.078991 0.119878 0)
(-0.0481146 0.0947724 0)
(-0.0215731 0.0824424 0)
(-0.0148055 0.0969655 0)
(-0.00224581 0.077408 0)
(-0.443308 0.0122215 0)
(0.0244929 0.0103686 0)
(-0.0774647 0.00607543 0)
(-0.0805753 -0.000309004 0)
(-0.0865172 -0.00827745 0)
(-0.130499 -0.00953413 0)
(-0.157321 -0.0677931 0)
(0.371448 -0.325513 0)
(0.215286 -0.121277 0)
(0.219214 -0.130577 0)
(0.00295871 -0.090986 0)
(-0.0902657 -0.00360963 0)
(-0.0532749 0.0713224 0)
(-0.0763598 0.139475 0)
(0.210025 0.237268 0)
(0.42137 0.199358 0)
(0.510347 0.100203 0)
(0.00271066 0.135343 0)
(0.0759275 0.0622925 0)
(-0.25743 0.0224457 0)
(-0.102484 -0.0860745 0)
(-0.0873286 -0.0965185 0)
(-0.160333 -0.0907354 0)
(-0.178905 0.0317748 0)
(-0.0965396 0.114935 0)
(-0.106618 0.0943441 0)
(-0.0244574 0.0799995 0)
(-0.0331236 0.0740069 0)
(-0.0148024 0.0882731 0)
(-0.00128234 0.0713884 0)
(-0.483758 0.000351696 0)
(-0.14567 0.00353776 0)
(-0.153211 0.00772463 0)
(-0.151019 -0.000239809 0)
(-0.148658 -0.00657218 0)
(-0.200059 -0.0139493 0)
(0.383836 -0.0758142 0)
(1.52574 -0.0529 0)
(0.340903 -0.0402862 0)
(0.0950869 -0.111576 0)
(-0.049373 -0.0763001 0)
(-0.105351 -0.00200508 0)
(-0.0637758 0.0697878 0)
(-0.0903334 0.121107 0)
(0.152389 0.195225 0)
(0.278256 0.177448 0)
(0.487758 0.139896 0)
(0.0184158 0.178319 0)
(0.0713053 0.104853 0)
(-0.166839 -0.00458169 0)
(-0.132411 -0.215776 0)
(-0.104428 -0.0691208 0)
(-0.131743 -0.0561582 0)
(-0.148744 0.00112221 0)
(-0.0854905 0.110984 0)
(-0.0838237 0.0727168 0)
(-0.0282123 0.0658995 0)
(-0.0307406 0.0704039 0)
(-0.00907492 0.0742645 0)
(0.00185042 0.0658437 0)
(-0.473876 -0.00471732 0)
(-0.289302 -0.00141986 0)
(-0.252352 0.0066396 0)
(-0.232203 -0.000500392 0)
(-0.222675 -0.00467197 0)
(-0.287869 -0.0353125 0)
(0.413904 -0.154168 0)
(-0.276765 -0.271688 0)
(0.119448 -0.0281323 0)
(0.00497467 -0.0941443 0)
(-0.0796859 -0.0663154 0)
(-0.11048 -0.00244509 0)
(-0.0664709 0.0675436 0)
(-0.0993326 0.104724 0)
(0.116163 0.165165 0)
(0.106452 0.148478 0)
(0.475124 0.165493 0)
(0.0340629 0.221708 0)
(0.0874642 0.145867 0)
(-0.189179 0.07584 0)
(-0.712241 -0.060987 0)
(-0.161704 -0.0816036 0)
(-0.108877 -0.0620791 0)
(-0.0837415 -0.011728 0)
(-0.106394 0.0805649 0)
(-0.0383593 0.0617629 0)
(-0.0445103 0.0502518 0)
(-0.0260586 0.059957 0)
(-0.00608585 0.0628012 0)
(0.00284085 0.0650357 0)
(-0.459423 -0.00916224 0)
(-0.355918 -0.00390187 0)
(-0.326422 0.00451581 0)
(-0.294067 -0.00195901 0)
(-0.271967 -0.00408801 0)
(-0.331085 -0.108934 0)
(-0.128978 -0.16836 0)
(-0.0877214 -0.159866 0)
(-0.0069969 -0.0428102 0)
(-0.0436924 -0.0854145 0)
(-0.0900177 -0.0602292 0)
(-0.108422 -0.00394484 0)
(-0.0629309 0.0649244 0)
(-0.0994442 0.0906024 0)
(0.0913076 0.148848 0)
(-0.013089 0.108866 0)
(0.487277 0.170563 0)
(0.0627316 0.268912 0)
(0.0877117 0.184081 0)
(-0.303015 0.106836 0)
(-0.198397 -0.116545 0)
(-0.184545 -0.326168 0)
(-0.108236 -0.110257 0)
(-0.0347429 -0.00962118 0)
(-0.088315 0.0641996 0)
(-0.0254446 0.0468688 0)
(-0.0598359 0.0543909 0)
(-0.029117 0.0430779 0)
(-0.0138664 0.0489753 0)
(-0.00262571 0.0615049 0)
(-0.410922 -0.0116941 0)
(-0.367833 -0.00468632 0)
(-0.355354 0.00246736 0)
(-0.320509 -0.00394367 0)
(-0.288902 -0.0026116 0)
(0.605948 0.0042466 0)
(0.107191 -0.151906 0)
(-0.119005 -0.164804 0)
(-0.0706804 -0.0506135 0)
(-0.060086 -0.0811578 0)
(-0.088626 -0.056547 0)
(-0.101785 -0.00586189 0)
(-0.0543296 0.061865 0)
(-0.0889965 0.07846 0)
(0.0812444 0.13961 0)
(-0.0264019 0.0573939 0)
(0.500624 0.154931 0)
(0.107974 0.320753 0)
(0.155659 0.240526 0)
(-0.187917 0.1679 0)
(-0.066921 -0.0668952 0)
(-0.367987 -0.20996 0)
(-0.176465 -0.0723583 0)
(-0.0904019 -0.0215987 0)
(-0.0625778 0.0828974 0)
(-0.0611233 0.0471246 0)
(-0.0363741 0.0456894 0)
(-0.0197054 0.0346944 0)
(-0.020013 0.036278 0)
(-0.00510407 0.0509643 0)
(-0.295668 -0.0148561 0)
(-0.349124 -0.00607777 0)
(-0.364283 0.00252096 0)
(-0.31074 -0.00528284 0)
(-0.282402 -0.0883586 0)
(-0.0756521 -0.0526247 0)
(-0.0494712 -0.143883 0)
(-0.0867008 -0.155711 0)
(-0.0766721 -0.0565359 0)
(-0.0631359 -0.0788187 0)
(-0.0830377 -0.0540362 0)
(-0.0928519 -0.00819453 0)
(-0.0416126 0.0576002 0)
(-0.0625342 0.0666618 0)
(0.0891407 0.129197 0)
(0.0354871 0.00600154 0)
(0.459259 0.133247 0)
(0.132317 0.37064 0)
(0.326182 0.294129 0)
(0.00925175 0.201048 0)
(0.0644009 -0.0409391 0)
(0.143966 -0.286901 0)
(-0.0123072 -0.303345 0)
(-0.148227 -0.0762409 0)
(-0.0734294 0.0575482 0)
(-0.0689284 0.019928 0)
(-0.011209 0.00802332 0)
(0.0058575 0.0333241 0)
(-0.011596 0.0300866 0)
(-0.000170548 0.0361199 0)
(-0.200437 -0.0105888 0)
(-0.253902 -0.00338986 0)
(-0.366996 0.000236137 0)
(-0.277825 -0.0163495 0)
(-0.142076 -0.081823 0)
(-0.0465633 -0.0498461 0)
(-0.00470481 -0.150064 0)
(-0.0701516 -0.152276 0)
(-0.0732342 -0.0629393 0)
(-0.0624987 -0.0760856 0)
(-0.0763115 -0.0524922 0)
(-0.0830414 -0.011248 0)
(-0.0282859 0.0501228 0)
(-0.00924365 0.0526879 0)
(0.113019 0.108439 0)
(0.0945135 -0.0272662 0)
(0.330416 0.141705 0)
(-0.00219012 0.399113 0)
(0.51162 0.302949 0)
(0.309215 0.284127 0)
(0.0910789 -0.021383 0)
(0.300839 -0.12829 0)
(-0.599363 0.0565566 0)
(-0.187882 0.0412435 0)
(-0.0597866 0.026516 0)
(-0.0243402 -0.00204233 0)
(-0.0172838 -0.0103243 0)
(0.0108851 0.0466027 0)
(-0.00234844 0.0373096 0)
(0.00502345 0.039433 0)
(-0.133092 -0.00850692 0)
(-0.185508 0.00480679 0)
(-0.361121 0.0042887 0)
(-0.23734 -0.0298306 0)
(-0.0465376 -0.0771694 0)
(-0.0190294 -0.0611387 0)
(0.000629254 -0.142668 0)
(-0.0630752 -0.143152 0)
(-0.0685472 -0.0651136 0)
(-0.0605702 -0.073843 0)
(-0.0692812 -0.0517459 0)
(-0.0735316 -0.0149882 0)
(-0.0202302 0.0363737 0)
(0.0407048 0.0331059 0)
(0.156411 0.090139 0)
(0.115125 -0.0351013 0)
(0.185302 0.170853 0)
(-0.166007 0.352034 0)
(0.403331 0.109084 0)
(0.472606 0.351254 0)
(0.337269 0.0383052 0)
(0.174422 -0.0581796 0)
(0.0957247 -0.0784802 0)
(0.124295 -0.171988 0)
(-0.146284 -0.129394 0)
(-0.0658308 -0.0317891 0)
(-0.096537 -0.0113166 0)
(-0.0516851 0.0273186 0)
(-0.0239585 0.036381 0)
(-0.00757344 0.0381311 0)
(-0.0850041 -0.00644336 0)
(-0.135941 0.0134027 0)
(-0.337311 0.00694014 0)
(-0.182375 -0.0487882 0)
(-0.0113615 -0.0843263 0)
(0.000471443 -0.0645966 0)
(0.00358278 -0.141865 0)
(-0.0549727 -0.136525 0)
(-0.0637597 -0.0697598 0)
(-0.0580738 -0.0715791 0)
(-0.062166 -0.0516233 0)
(-0.0649572 -0.0188894 0)
(-0.0159278 0.0212238 0)
(0.0210711 0.0144683 0)
(0.12281 0.0741693 0)
(0.0779799 -0.0174361 0)
(0.0481244 0.220979 0)
(-0.0581274 0.290029 0)
(0.0926217 -0.0566725 0)
(0.447315 0.291907 0)
(0.448874 0.159134 0)
(0.333073 0.0127974 0)
(0.130447 0.0452912 0)
(-0.0896491 0.104872 0)
(-0.220945 0.132262 0)
(-0.0957524 -0.0875398 0)
(-0.136935 -0.00384996 0)
(-0.11079 -0.0450436 0)
(-0.0526445 -0.00881228 0)
(-0.0225161 -0.0103836 0)
(-0.0509885 -0.00430772 0)
(-0.0957455 0.0231982 0)
(-0.294869 0.00905816 0)
(-0.118292 -0.0671466 0)
(-0.0164112 -0.0905473 0)
(0.0112902 -0.0682117 0)
(0.00429979 -0.136592 0)
(-0.048582 -0.12835 0)
(-0.0588728 -0.0718909 0)
(-0.0552479 -0.0694693 0)
(-0.0550889 -0.0520793 0)
(-0.0566711 -0.0225881 0)
(-0.0147036 0.00998504 0)
(0.00767792 0.00149844 0)
(0.0691557 0.0595825 0)
(0.0623758 0.0059495 0)
(-0.0127201 0.229965 0)
(0.203686 0.267147 0)
(-0.0369078 -0.137063 0)
(0.375418 0.221172 0)
(0.467096 0.176243 0)
(0.275031 0.133128 0)
(0.0224806 0.135135 0)
(-0.0469114 0.189109 0)
(-0.0502124 -0.0744718 0)
(-0.0960941 -0.0677861 0)
(-0.136387 -0.0458435 0)
(-0.111355 -0.0732157 0)
(-0.0768583 -0.0876637 0)
(-0.0427754 -0.0687417 0)
(-0.0275303 -0.00240267 0)
(-0.058652 0.0329552 0)
(-0.237307 0.0101248 0)
(-0.0601208 -0.0820084 0)
(-0.026773 -0.0943582 0)
(0.0167959 -0.0724694 0)
(0.00303096 -0.132186 0)
(-0.0435552 -0.121296 0)
(-0.0539361 -0.074784 0)
(-0.052207 -0.0678454 0)
(-0.0484808 -0.0529447 0)
(-0.0486902 -0.0262923 0)
(-0.0126507 9.73372e-05 0)
(0.00720758 -0.00645423 0)
(0.0415728 0.0428593 0)
(0.0867343 0.0233157 0)
(-0.00136967 0.166092 0)
(0.365309 0.280563 0)
(0.122355 -0.126248 0)
(0.293269 0.0806001 0)
(0.44622 0.235316 0)
(0.345786 0.277901 0)
(0.117081 0.26243 0)
(0.0445686 0.190156 0)
(0.0217163 0.0841302 0)
(-0.0764437 0.0512071 0)
(-0.115827 -0.0399788 0)
(-0.118866 -0.107689 0)
(-0.110709 -0.130382 0)
(-0.101741 -0.110381 0)
(-0.0132702 -0.00118519 0)
(-0.0240636 0.0415214 0)
(-0.168705 0.0104589 0)
(-0.0165626 -0.0930517 0)
(-0.0258545 -0.0956467 0)
(0.0194651 -0.0765248 0)
(0.00119666 -0.127036 0)
(-0.0389394 -0.114222 0)
(-0.0490037 -0.0764967 0)
(-0.0488715 -0.0663897 0)
(-0.0430266 -0.054185 0)
(-0.0415281 -0.0303527 0)
(-0.00985949 -0.00982126 0)
(0.0130728 -0.0134994 0)
(0.0382688 0.0240973 0)
(0.102689 0.0336909 0)
(0.0453242 0.072151 0)
(0.39234 0.24826 0)
(0.341502 -0.0156184 0)
(0.228486 -0.043825 0)
(0.396868 0.185873 0)
(0.41284 0.36439 0)
(0.231468 0.41071 0)
(0.152408 0.28042 0)
(0.0518074 0.122771 0)
(-0.0442908 0.0986266 0)
(-0.0602618 0.00274624 0)
(-0.0963709 -0.0751061 0)
(-0.127964 -0.102146 0)
(-0.157879 -0.0745675 0)
(-0.00427647 -0.00118542 0)
(0.00662237 0.0478347 0)
(-0.0960172 0.010485 0)
(0.0134448 -0.100279 0)
(-0.0172837 -0.0952136 0)
(0.0207068 -0.0799555 0)
(-0.000422659 -0.121865 0)
(-0.0346481 -0.107908 0)
(-0.0446578 -0.0781766 0)
(-0.0458502 -0.065371 0)
(-0.038804 -0.05568 0)
(-0.0356294 -0.0349111 0)
(-0.00791492 -0.0202387 0)
(0.0178216 -0.0213381 0)
(0.0434014 0.00275883 0)
(0.116236 0.0258395 0)
(0.113948 0.0103521 0)
(0.311058 0.129322 0)
(0.322821 0.00157704 0)
(0.179153 -0.0457616 0)
(0.289269 0.14232 0)
(0.437179 0.361643 0)
(0.397175 0.500225 0)
(0.328539 0.436715 0)
(0.218987 0.275735 0)
(0.110895 0.185862 0)
(0.0448267 0.085607 0)
(-0.0221805 0.00529059 0)
(-0.0864502 -0.0246428 0)
(-0.142283 0.00152601 0)
(0.00108629 -0.00224268 0)
(0.0262881 0.0512128 0)
(-0.0262682 0.0101226 0)
(0.0351662 -0.103304 0)
(-0.00758976 -0.0933275 0)
(0.0213442 -0.0824975 0)
(-0.00154234 -0.116439 0)
(-0.0305061 -0.101968 0)
(-0.0401395 -0.0789984 0)
(-0.0426538 -0.0644881 0)
(-0.0354417 -0.0572367 0)
(-0.0310457 -0.0398712 0)
(-0.00733332 -0.0306364 0)
(0.0179882 -0.0308442 0)
(0.0469447 -0.0196895 0)
(0.112088 -0.00217135 0)
(0.132697 -0.0151543 0)
(0.218205 0.0745334 0)
(0.269393 0.0528898 0)
(0.214255 -0.0203848 0)
(0.207291 0.0481606 0)
(0.365338 0.265151 0)
(0.456525 0.463779 0)
(0.467164 0.523783 0)
(0.400909 0.435942 0)
(0.291678 0.322996 0)
(0.190371 0.219197 0)
(0.0984862 0.141701 0)
(0.0116987 0.105425 0)
(-0.0600545 0.117733 0)
(0.00452337 -0.00381038 0)
(0.0347526 0.0509944 0)
(0.0323727 0.00940485 0)
(0.0487849 -0.102258 0)
(0.000764636 -0.0902392 0)
(0.021551 -0.084173 0)
(-0.00217678 -0.110959 0)
(-0.0267159 -0.0966507 0)
(-0.0358651 -0.0794156 0)
(-0.0396172 -0.0639409 0)
(-0.0329534 -0.0587598 0)
(-0.0276804 -0.0449817 0)
(-0.00797179 -0.040099 0)
(0.0142848 -0.0413118 0)
(0.041816 -0.0389338 0)
(0.0863981 -0.0270841 0)
(0.117047 -0.0292728 0)
(0.169609 0.0357846 0)
(0.236806 0.0277846 0)
(0.255936 -0.00454749 0)
(0.214112 0.00804103 0)
(0.266317 0.148628 0)
(0.378489 0.360374 0)
(0.450038 0.479697 0)
(0.456374 0.496075 0)
(0.403677 0.442439 0)
(0.313053 0.365919 0)
(0.211957 0.303596 0)
(0.118003 0.267244 0)
(0.0384393 0.262769 0)
(0.00700983 -0.00545399 0)
(0.0333558 0.0469144 0)
(0.0719 0.00862814 0)
(0.0570095 -0.0977202 0)
(0.0074852 -0.0865707 0)
(0.0213569 -0.0847506 0)
(-0.0023849 -0.105415 0)
(-0.0233069 -0.0917766 0)
(-0.0316265 -0.0791257 0)
(-0.0362874 -0.0634729 0)
(-0.0297711 -0.060103 0)
(-0.0249243 -0.0500492 0)
(-0.00928118 -0.0482529 0)
(0.00940323 -0.0515238 0)
(0.0330458 -0.0547734 0)
(0.0679366 -0.0512432 0)
(0.106154 -0.0519188 0)
(0.158194 -0.019185 0)
(0.222521 -0.0117243 0)
(0.262307 -0.000612681 0)
(0.252239 0.0231795 0)
(0.227176 0.1095 0)
(0.272503 0.270752 0)
(0.34284 0.410524 0)
(0.378479 0.491667 0)
(0.366205 0.518161 0)
(0.31323 0.492982 0)
(0.240242 0.458149 0)
(0.164597 0.434412 0)
(0.0966624 0.42534 0)
(0.00890787 -0.00677599 0)
(0.0271471 0.0401443 0)
(0.0893286 0.00700404 0)
(0.060199 -0.0909473 0)
(0.0124879 -0.0826529 0)
(0.0207693 -0.0842127 0)
(-0.00226284 -0.0999273 0)
(-0.0202924 -0.0873784 0)
(-0.0277078 -0.0783585 0)
(-0.0327939 -0.0636686 0)
(-0.026286 -0.061334 0)
(-0.0228102 -0.0543189 0)
(-0.0108035 -0.0550676 0)
(0.00388235 -0.0611143 0)
(0.0240905 -0.0698352 0)
(0.0532895 -0.0753662 0)
(0.090933 -0.0796205 0)
(0.138667 -0.0708087 0)
(0.198828 -0.0609677 0)
(0.24374 -0.0340201 0)
(0.26766 0.0291566 0)
(0.251566 0.124307 0)
(0.235058 0.241711 0)
(0.25529 0.36473 0)
(0.278443 0.486294 0)
(0.270467 0.57153 0)
(0.240168 0.59878 0)
(0.197769 0.596321 0)
(0.151387 0.584653 0)
(0.106764 0.572062 0)
(0.0103565 -0.0076328 0)
(0.0211808 0.0323607 0)
(0.0891965 0.00446482 0)
(0.0596867 -0.0832962 0)
(0.0158543 -0.0786943 0)
(0.0198212 -0.0826816 0)
(-0.00190728 -0.0945811 0)
(-0.0176397 -0.0833278 0)
(-0.0242236 -0.0770512 0)
(-0.0296294 -0.0639428 0)
(-0.0244014 -0.0620477 0)
(-0.0224668 -0.0575835 0)
(-0.0135967 -0.0605324 0)
(-0.00294957 -0.069367 0)
(0.0109291 -0.0824102 0)
(0.0319864 -0.0956462 0)
(0.0631989 -0.108672 0)
(0.108154 -0.117169 0)
(0.157289 -0.115417 0)
(0.197926 -0.0726104 0)
(0.224537 0.0150116 0)
(0.238036 0.13629 0)
(0.233588 0.253926 0)
(0.224455 0.364723 0)
(0.217222 0.493498 0)
(0.207126 0.599461 0)
(0.194086 0.64716 0)
(0.175263 0.661243 0)
(0.149322 0.662678 0)
(0.119012 0.658706 0)
(0.0113357 -0.00808251 0)
(0.0170902 0.0247985 0)
(0.0796615 0.00150722 0)
(0.0568068 -0.0756645 0)
(0.017776 -0.0748107 0)
(0.0185628 -0.0803267 0)
(-0.00140946 -0.0894811 0)
(-0.0153345 -0.0795676 0)
(-0.0212107 -0.0752181 0)
(-0.0271411 -0.0641293 0)
(-0.0240616 -0.0622918 0)
(-0.0224885 -0.0601832 0)
(-0.0172791 -0.0648051 0)
(-0.0106856 -0.0749163 0)
(-0.0034835 -0.0907752 0)
(0.00791101 -0.11066 0)
(0.0284334 -0.133892 0)
(0.0593486 -0.15545 0)
(0.0921027 -0.15854 0)
(0.126373 -0.111645 0)
(0.153229 -0.0129907 0)
(0.161126 0.11647 0)
(0.170904 0.255505 0)
(0.174579 0.382839 0)
(0.172221 0.495555 0)
(0.170537 0.58974 0)
(0.168948 0.64903 0)
(0.159622 0.689341 0)
(0.142217 0.719219 0)
(0.121334 0.736837 0)
(0.0118495 -0.00823046 0)
(0.0144148 0.0179983 0)
(0.0676741 -0.0015649 0)
(0.0525024 -0.0686061 0)
(0.0184896 -0.0710663 0)
(0.0170462 -0.0773456 0)
(-0.000854922 -0.0846771 0)
(-0.0133044 -0.0760546 0)
(-0.0185772 -0.0730095 0)
(-0.0250358 -0.0638983 0)
(-0.0240027 -0.0623615 0)
(-0.0231214 -0.0614635 0)
(-0.0209687 -0.0662103 0)
(-0.0201535 -0.0771332 0)
(-0.0202119 -0.0941984 0)
(-0.0197282 -0.117038 0)
(-0.0161111 -0.145436 0)
(-0.0110261 -0.172869 0)
(-0.00827128 -0.178921 0)
(-0.00246278 -0.12856 0)
(0.000116711 -0.0196655 0)
(0.0017749 0.12181 0)
(0.0143214 0.268698 0)
(0.0246548 0.411576 0)
(0.0323585 0.530285 0)
(0.0408303 0.62641 0)
(0.0472131 0.699773 0)
(0.0523421 0.752671 0)
(0.0577155 0.785314 0)
(0.0647732 0.800334 0)
(0.0119448 -0.00817086 0)
(0.0125347 0.0120359 0)
(0.0564989 -0.00484286 0)
(0.0472868 -0.0623881 0)
(0.0182363 -0.0675026 0)
(0.0153222 -0.0739768 0)
(-0.000326148 -0.0801527 0)
(-0.0114856 -0.0727647 0)
(-0.0162026 -0.070497 0)
(-0.0222881 -0.0628251 0)
(-0.0227379 -0.0613481 0)
(-0.0256085 -0.0618283 0)
(-0.0278831 -0.066129 0)
(-0.0309195 -0.0750501 0)
(-0.0369942 -0.0899024 0)
(-0.0473081 -0.110903 0)
(-0.0615258 -0.136625 0)
(-0.083188 -0.161286 0)
(-0.114095 -0.162257 0)
(-0.14413 -0.107169 0)
(-0.159494 0.000744585 0)
(-0.170008 0.135394 0)
(-0.170131 0.277357 0)
(-0.163922 0.410907 0)
(-0.150144 0.51835 0)
(-0.12527 0.605069 0)
(-0.0992205 0.662295 0)
(-0.0678109 0.69452 0)
(-0.0337166 0.706875 0)
(0.00120237 0.708545 0)
(0.0116312 -0.00797202 0)
(0.0110765 0.00685404 0)
(0.04673 -0.00816847 0)
(0.0415037 -0.0570241 0)
(0.017215 -0.0641515 0)
(0.0134489 -0.0704575 0)
(0.000108413 -0.0758853 0)
(-0.00986235 -0.0696852 0)
(-0.0143215 -0.06787 0)
(-0.0203504 -0.0619328 0)
(-0.0222005 -0.0594992 0)
(-0.0253426 -0.0587941 0)
(-0.0300966 -0.0619907 0)
(-0.0380775 -0.0691116 0)
(-0.0503371 -0.0796733 0)
(-0.068072 -0.0933774 0)
(-0.0937097 -0.109551 0)
(-0.13027 -0.123245 0)
(-0.177136 -0.117602 0)
(-0.220108 -0.0669477 0)
(-0.243942 0.0320887 0)
(-0.253294 0.14476 0)
(-0.253358 0.262216 0)
(-0.243939 0.356926 0)
(-0.221929 0.421323 0)
(-0.185291 0.47752 0)
(-0.146085 0.509256 0)
(-0.103076 0.520987 0)
(-0.0610173 0.521612 0)
(-0.0214834 0.518884 0)
(0.0109063 -0.00768919 0)
(0.0098098 0.00240787 0)
(0.0380924 -0.011267 0)
(0.0353719 -0.0524781 0)
(0.0155857 -0.0610492 0)
(0.0114781 -0.066986 0)
(0.000417917 -0.0719022 0)
(-0.00834844 -0.0667516 0)
(-0.0124702 -0.0649515 0)
(-0.0183668 -0.0596604 0)
(-0.0219277 -0.057351 0)
(-0.0269996 -0.0566107 0)
(-0.0337191 -0.0573446 0)
(-0.0434577 -0.0599883 0)
(-0.0579198 -0.0643789 0)
(-0.0784452 -0.0696607 0)
(-0.10613 -0.0741171 0)
(-0.142411 -0.0743116 0)
(-0.185163 -0.0613625 0)
(-0.223194 -0.0213289 0)
(-0.244115 0.0505409 0)
(-0.248148 0.137685 0)
(-0.238536 0.227346 0)
(-0.216702 0.29242 0)
(-0.188045 0.327526 0)
(-0.15343 0.355931 0)
(-0.118001 0.372762 0)
(-0.0834037 0.378238 0)
(-0.0521243 0.37916 0)
(-0.0244038 0.379109 0)
(0.00977149 -0.00737238 0)
(0.00851871 -0.00133738 0)
(0.0302905 -0.0140571 0)
(0.0290744 -0.0487007 0)
(0.0134722 -0.0582317 0)
(0.00945183 -0.0637353 0)
(0.000573187 -0.0682473 0)
(-0.0069044 -0.0640178 0)
(-0.0107134 -0.0620781 0)
(-0.0159965 -0.057419 0)
(-0.0199858 -0.0539895 0)
(-0.0256493 -0.0513227 0)
(-0.033479 -0.0497015 0)
(-0.0443448 -0.0487267 0)
(-0.0589759 -0.0475699 0)
(-0.0779129 -0.0451045 0)
(-0.101411 -0.0398594 0)
(-0.128875 -0.0296282 0)
(-0.158277 -0.0109745 0)
(-0.184899 0.0207562 0)
(-0.200423 0.0673604 0)
(-0.200095 0.124132 0)
(-0.185943 0.180333 0)
(-0.162553 0.223334 0)
(-0.136571 0.250165 0)
(-0.110784 0.269456 0)
(-0.0860844 0.281473 0)
(-0.0634281 0.287239 0)
(-0.0434161 0.290388 0)
(-0.0257255 0.292477 0)
(0.00823522 -0.00705888 0)
(0.00704307 -0.00436372 0)
(0.0231295 -0.0164114 0)
(0.0227222 -0.0456583 0)
(0.0109628 -0.0557529 0)
(0.00739741 -0.0608648 0)
(0.000582585 -0.065 0)
(-0.00548417 -0.0615095 0)
(-0.00883282 -0.059275 0)
(-0.0135194 -0.0547145 0)
(-0.0178105 -0.0506674 0)
(-0.0234672 -0.0466452 0)
(-0.0309554 -0.0423867 0)
(-0.040871 -0.0375787 0)
(-0.0534651 -0.0315721 0)
(-0.0685578 -0.0234985 0)
(-0.0855161 -0.0123459 0)
(-0.103479 0.00267359 0)
(-0.120887 0.0224708 0)
(-0.134901 0.0476947 0)
(-0.142219 0.0783967 0)
(-0.140588 0.111982 0)
(-0.130535 0.143781 0)
(-0.114938 0.16936 0)
(-0.0973945 0.188632 0)
(-0.0799917 0.203692 0)
(-0.0633888 0.213585 0)
(-0.0481547 0.219368 0)
(-0.0344588 0.222787 0)
(-0.0221318 0.224939 0)
(0.0063172 -0.00677394 0)
(0.00528836 -0.0066839 0)
(0.0164321 -0.018323 0)
(0.0163623 -0.0433395 0)
(0.00812183 -0.0536985 0)
(0.0053172 -0.0585305 0)
(0.000456756 -0.062276 0)
(-0.00404684 -0.0593505 0)
(-0.00674046 -0.0567739 0)
(-0.0104144 -0.0521353 0)
(-0.014119 -0.0470871 0)
(-0.0189726 -0.0413871 0)
(-0.0252939 -0.0348633 0)
(-0.0333071 -0.0271592 0)
(-0.0428599 -0.0178421 0)
(-0.0534529 -0.00648785 0)
(-0.064649 0.00698559 0)
(-0.0753648 0.0226294 0)
(-0.0842193 0.0405294 0)
(-0.0901358 0.0603046 0)
(-0.0921076 0.0810599 0)
(-0.0896591 0.101465 0)
(-0.0832369 0.119929 0)
(-0.0741273 0.135182 0)
(-0.0637548 0.147311 0)
(-0.0530006 0.156958 0)
(-0.042416 0.163892 0)
(-0.0324618 0.16843 0)
(-0.0233426 0.171307 0)
(-0.0150707 0.173055 0)
(0.00402224 -0.00654246 0)
(0.00323129 -0.00826633 0)
(0.0100334 -0.0196958 0)
(0.00994915 -0.041693 0)
(0.00499141 -0.0521397 0)
(0.00319549 -0.056831 0)
(0.000241475 -0.0601637 0)
(-0.00254833 -0.0576405 0)
(-0.00433671 -0.0547518 0)
(-0.00673641 -0.0499078 0)
(-0.00932082 -0.0441127 0)
(-0.0126529 -0.0371992 0)
(-0.0169236 -0.0289792 0)
(-0.0222292 -0.0192633 0)
(-0.02835 -0.0079628 0)
(-0.0351426 0.00505569 0)
(-0.042048 0.0191826 0)
(-0.0480969 0.0341091 0)
(-0.0525403 0.0494755 0)
(-0.0548804 0.0648004 0)
(-0.0549045 0.0794822 0)
(-0.0527072 0.0929038 0)
(-0.0486789 0.104562 0)
(-0.0434049 0.114198 0)
(-0.0374622 0.121877 0)
(-0.0312597 0.12784 0)
(-0.0250875 0.13227 0)
(-0.0191768 0.135374 0)
(-0.0136595 0.137448 0)
(-0.00858054 0.138748 0)
(0.00138172 -0.00639035 0)
(0.00104874 -0.00925003 0)
(0.00362611 -0.0203472 0)
(0.00329738 -0.0404859 0)
(0.00167592 -0.0510838 0)
(0.00104363 -0.0558125 0)
(5.73609e-05 -0.0588576 0)
(-0.000883124 -0.0566863 0)
(-0.0015267 -0.0536213 0)
(-0.00237583 -0.0486124 0)
(-0.00334093 -0.0422338 0)
(-0.00461133 -0.0343494 0)
(-0.00629667 -0.0247576 0)
(-0.00850458 -0.0133482 0)
(-0.0111819 -0.000591673 0)
(-0.0146847 0.0135981 0)
(-0.0173133 0.0281794 0)
(-0.0196818 0.0419456 0)
(-0.0212457 0.0549026 0)
(-0.0219062 0.066771 0)
(-0.021654 0.0773182 0)
(-0.0205921 0.0863959 0)
(-0.0188942 0.0939624 0)
(-0.016767 0.100079 0)
(-0.0144039 0.104888 0)
(-0.0119536 0.108572 0)
(-0.00952422 0.111304 0)
(-0.00719579 0.113249 0)
(-0.00501794 0.114567 0)
(-0.00301266 0.115397 0)
(0.00170978 0.0831766 0)
(0.0107599 0.102128 0)
(0.0152156 0.0937586 0)
(0.0580316 0.102079 0)
(0.0700703 0.146487 0)
(0.116103 0.147121 0)
(0.145576 0.0570881 0)
(0.166035 -0.0966986 0)
(0.141102 -0.0770282 0)
(0.120957 -0.0725637 0)
(0.451206 -0.0652933 0)
(0.116429 0.005488 0)
(-0.158754 0.0456251 0)
(-0.213761 0.229854 0)
(-0.503601 0.524638 0)
(-0.245937 0.23849 0)
(-0.00910315 -0.00562331 0)
(0.0068411 0.0145648 0)
(-0.0359943 -0.0317694 0)
(-0.153277 -0.159274 0)
(-0.65045 -0.158297 0)
(-1.0639 -0.193939 0)
(-0.0823104 -0.127566 0)
(0.205952 -0.0293782 0)
(0.0677125 -0.0188173 0)
(0.0391339 -0.0106077 0)
(0.0328469 -0.000994293 0)
(0.0338624 0.00241952 0)
(0.0103224 0.0204767 0)
(0.148034 0.0274123 0)
(0.00132891 0.0784524 0)
(0.0147389 0.0955802 0)
(0.0203588 0.0805315 0)
(0.0522522 0.0921303 0)
(0.0753712 0.121593 0)
(0.111284 0.136604 0)
(0.176027 0.0427031 0)
(0.163445 -0.101724 0)
(0.148961 -0.0672617 0)
(0.181634 -0.112435 0)
(0.416684 -0.036906 0)
(0.0781297 0.0725814 0)
(-0.191656 0.0780858 0)
(-0.23003 0.257518 0)
(-0.491451 0.535777 0)
(-0.0953849 0.196854 0)
(-0.0114493 -0.0163772 0)
(0.0334656 0.0139736 0)
(0.00984341 -0.025426 0)
(-0.0778009 -0.136543 0)
(-0.416407 -0.143254 0)
(-0.33622 -0.080739 0)
(-0.52023 -0.0818033 0)
(0.209692 -0.0363191 0)
(0.0904927 -0.0137186 0)
(0.0526394 -0.00960342 0)
(0.0427509 -0.000808286 0)
(0.0423001 0.00370088 0)
(-0.0568894 0.0175836 0)
(0.356502 0.0216164 0)
(0.00161283 0.0720932 0)
(0.0160603 0.0866285 0)
(0.032367 0.071832 0)
(0.0292481 0.0785387 0)
(0.101203 0.0984152 0)
(0.10534 0.119602 0)
(0.186046 0.0401427 0)
(0.161049 -0.0981593 0)
(0.0993399 -0.0758067 0)
(0.435588 -0.271238 0)
(0.0194886 0.0295808 0)
(-0.0253153 0.120816 0)
(-0.219832 0.107669 0)
(-0.248574 0.28062 0)
(-0.473685 0.528499 0)
(0.0452907 0.154031 0)
(-0.0142164 -0.0184664 0)
(0.0482646 0.0104825 0)
(0.0417029 -0.0213833 0)
(-0.00801193 -0.117306 0)
(-0.232379 -0.138638 0)
(-0.211547 -0.134206 0)
(-0.334611 -0.323816 0)
(0.161154 -0.0661941 0)
(0.130005 -0.00963638 0)
(0.0866376 -0.00821459 0)
(0.0811122 -0.00024602 0)
(0.0777918 0.00613709 0)
(-0.0238592 0.0102916 0)
(0.444416 0.012118 0)
(0.00036438 0.0662724 0)
(0.0105526 0.073055 0)
(0.0320512 0.067702 0)
(0.0266633 0.0650042 0)
(0.0938004 0.0688213 0)
(0.0864707 0.117715 0)
(0.169444 0.01161 0)
(0.124817 -0.0650003 0)
(0.103887 -0.148986 0)
(0.348236 0.0153802 0)
(0.0756434 0.0727451 0)
(-0.0817525 0.149739 0)
(-0.237465 0.134437 0)
(-0.272734 0.301152 0)
(-0.458959 0.50156 0)
(0.130797 0.105755 0)
(-0.024044 -0.0128615 0)
(0.0504959 0.00458526 0)
(0.0599635 -0.0204538 0)
(0.0420002 -0.103897 0)
(-0.110682 -0.120324 0)
(-0.347223 -0.0506999 0)
(-1.54929 -0.0565102 0)
(-0.372994 -0.0718902 0)
(0.198375 -0.0136565 0)
(0.148995 -0.00655774 0)
(0.151717 -0.000186522 0)
(0.153801 0.00778918 0)
(0.146765 0.00342786 0)
(0.485654 0.000213856 0)
(-0.000356251 0.0664857 0)
(0.00660574 0.0624024 0)
(0.0270875 0.0567443 0)
(0.0447176 0.0514061 0)
(0.0458407 0.0528325 0)
(0.100915 0.0957388 0)
(0.123796 -0.0045013 0)
(0.107695 -0.0508594 0)
(0.119171 -0.187032 0)
(0.00253287 -0.199394 0)
(-0.0428028 0.135717 0)
(-0.150385 0.179029 0)
(-0.245063 0.160262 0)
(-0.301694 0.320824 0)
(-0.442851 0.462266 0)
(0.15566 0.0597928 0)
(-0.026479 -0.00356762 0)
(0.0568851 -0.00237278 0)
(0.0689458 -0.0224667 0)
(0.0696888 -0.0948382 0)
(-0.0217378 -0.103493 0)
(-0.12375 -0.0393144 0)
(0.26637 -0.268978 0)
(-0.423539 -0.152 0)
(0.286597 -0.0344909 0)
(0.223069 -0.00471577 0)
(0.232822 -0.000458306 0)
(0.252921 0.00669699 0)
(0.290723 -0.0015252 0)
(0.473765 -0.00481778 0)
(0.00337465 0.0640031 0)
(0.0141855 0.0494655 0)
(0.0305817 0.0386487 0)
(0.0597594 0.0509922 0)
(0.0295713 0.042899 0)
(0.101016 0.0640842 0)
(0.0483859 -0.0109985 0)
(0.0870953 -0.0689909 0)
(0.133466 -0.130067 0)
(0.46487 -0.106746 0)
(0.11042 0.181629 0)
(-0.198146 0.210255 0)
(-0.241463 0.186134 0)
(-0.325979 0.339698 0)
(-0.420748 0.414107 0)
(0.13769 0.0168331 0)
(-0.0262686 0.00425778 0)
(0.0602038 -0.00980066 0)
(0.0712105 -0.025861 0)
(0.0783672 -0.0891949 0)
(0.0271327 -0.0956862 0)
(0.000386202 -0.0532168 0)
(0.0764645 -0.161661 0)
(0.12244 -0.16719 0)
(0.331733 -0.105682 0)
(0.27208 -0.00422783 0)
(0.294242 -0.00192469 0)
(0.326764 0.00452823 0)
(0.356758 -0.00395983 0)
(0.458534 -0.00921574 0)
(0.00560892 0.052865 0)
(0.0207642 0.0359948 0)
(0.0237647 0.0292661 0)
(0.0371782 0.0499139 0)
(0.0638973 0.0304799 0)
(0.0581349 0.0854094 0)
(0.103624 -0.0127546 0)
(0.163248 -0.0742999 0)
(0.347549 -0.486249 0)
(-0.372983 -0.0600335 0)
(0.0333315 0.285004 0)
(-0.265114 0.236656 0)
(-0.22663 0.20996 0)
(-0.335689 0.358872 0)
(-0.383452 0.359061 0)
(0.105138 -0.0255829 0)
(-0.0213397 0.00802807 0)
(0.0600567 -0.0167634 0)
(0.0692913 -0.0295176 0)
(0.0766613 -0.0853641 0)
(0.0442438 -0.0923594 0)
(0.0607694 -0.0611147 0)
(0.107798 -0.165492 0)
(-0.107407 -0.153519 0)
(-0.495326 -0.00313431 0)
(0.288842 -0.00264779 0)
(0.320052 -0.00392846 0)
(0.355224 0.0024764 0)
(0.368091 -0.00475464 0)
(0.40885 -0.0117622 0)
(0.00224279 0.0372417 0)
(0.0151767 0.0283398 0)
(-0.000401223 0.0276846 0)
(0.00902238 0.0116789 0)
(0.0730442 0.00796277 0)
(0.0607492 0.0715293 0)
(0.126499 -0.0671071 0)
(0.0889284 -0.0426184 0)
(1.19862 0.392456 0)
(-0.306294 -0.0185855 0)
(0.0633155 0.336409 0)
(-0.318821 0.258665 0)
(-0.203914 0.226941 0)
(-0.317098 0.378363 0)
(-0.288698 0.303292 0)
(0.0736169 -0.0602166 0)
(-0.0146026 0.00833902 0)
(0.0572673 -0.0228191 0)
(0.065246 -0.0331055 0)
(0.0716686 -0.0822568 0)
(0.0483659 -0.0907907 0)
(0.0642409 -0.0668545 0)
(0.0760457 -0.157048 0)
(0.0449415 -0.146356 0)
(0.0734653 -0.0574878 0)
(0.278845 -0.0780271 0)
(0.31075 -0.00523896 0)
(0.36361 0.0025244 0)
(0.348802 -0.00625615 0)
(0.293632 -0.0147475 0)
(0.00037624 0.0388803 0)
(0.00847702 0.0345102 0)
(-0.00556768 0.042789 0)
(0.0240647 -0.00770411 0)
(0.0259031 -0.000766479 0)
(0.0516012 0.0216508 0)
(0.171513 -0.0015655 0)
(-0.0892729 -0.768503 0)
(0.0254429 -0.238527 0)
(-0.170176 0.148021 0)
(-0.0970373 0.402773 0)
(-0.376813 0.267166 0)
(-0.181235 0.227952 0)
(-0.268524 0.392801 0)
(-0.125154 0.253563 0)
(0.0458826 -0.0782835 0)
(-0.0133235 0.00573698 0)
(0.0526413 -0.0282188 0)
(0.0605317 -0.036671 0)
(0.0659191 -0.0797976 0)
(0.0488813 -0.0886581 0)
(0.0612446 -0.0732892 0)
(0.0598372 -0.154494 0)
(0.00118408 -0.153304 0)
(0.0401932 -0.0546246 0)
(0.134251 -0.0745875 0)
(0.272943 -0.0163465 0)
(0.369748 0.000244993 0)
(0.257289 -0.00327785 0)
(0.20012 -0.0104442 0)
(0.00421323 0.0381301 0)
(0.0218869 0.035349 0)
(0.0468849 0.0282284 0)
(0.0947686 -0.0114072 0)
(0.074658 -0.0129193 0)
(0.235773 -0.0667026 0)
(0.136325 -0.0105882 0)
(-0.276766 -0.164959 0)
(-0.274546 0.250975 0)
(-0.557543 0.150453 0)
(-0.25342 0.433658 0)
(-0.459623 0.233334 0)
(-0.207051 0.191344 0)
(-0.183142 0.384877 0)
(0.037217 0.21112 0)
(0.0286815 -0.074357 0)
(-0.013254 0.00114374 0)
(0.047967 -0.0335816 0)
(0.0557209 -0.0402604 0)
(0.0599282 -0.0778884 0)
(0.0481604 -0.0869271 0)
(0.0573547 -0.0753066 0)
(0.0531452 -0.146035 0)
(-0.00472201 -0.145913 0)
(0.0118506 -0.0651662 0)
(0.0397242 -0.07141 0)
(0.227966 -0.0301593 0)
(0.366827 0.00374808 0)
(0.192566 0.00490723 0)
(0.134132 -0.00823878 0)
(0.0123995 -0.0109074 0)
(0.0447661 -0.0116483 0)
(0.120919 -0.0593398 0)
(0.106686 -0.0143899 0)
(0.0228808 -0.171399 0)
(-0.093362 0.162164 0)
(-0.0128223 0.134607 0)
(-0.199946 0.000219305 0)
(-0.461584 -0.00155085 0)
(-0.511228 0.197177 0)
(-0.384911 0.429223 0)
(-0.168282 0.20671 0)
(-0.288063 0.16131 0)
(-0.118402 0.317969 0)
(0.0935886 0.168775 0)
(0.0184848 -0.0585495 0)
(-0.00824134 -0.00479436 0)
(0.0431843 -0.0388636 0)
(0.0508592 -0.0438291 0)
(0.0538472 -0.0764768 0)
(0.0468759 -0.085032 0)
(0.0532967 -0.0799533 0)
(0.0455676 -0.140191 0)
(-0.00788245 -0.145262 0)
(-0.00813531 -0.0682604 0)
(0.00692195 -0.0788207 0)
(0.169735 -0.0495124 0)
(0.344824 0.00555244 0)
(0.145108 0.0137851 0)
(0.0868309 -0.00595177 0)
(-0.0205215 -0.0733923 0)
(-0.0227513 -0.0901495 0)
(-0.0607364 -0.0236867 0)
(-0.120329 0.0569071 0)
(-0.256772 0.0403938 0)
(-0.260824 0.0242016 0)
(-0.231868 0.0427178 0)
(-0.303192 0.132424 0)
(-0.506709 0.158178 0)
(-0.480792 0.117625 0)
(-0.35641 0.209038 0)
(0.0431822 0.180391 0)
(-0.350604 0.180191 0)
(-0.0832673 0.222514 0)
(0.0578958 0.141382 0)
(0.0159381 -0.0412007 0)
(-0.00409512 -0.0108422 0)
(0.0387034 -0.0435574 0)
(0.046011 -0.0472666 0)
(0.0478744 -0.0756232 0)
(0.045274 -0.083171 0)
(0.0492583 -0.0819565 0)
(0.039716 -0.13268 0)
(-0.00874125 -0.140021 0)
(-0.0191964 -0.0716503 0)
(0.0134156 -0.0850957 0)
(0.105522 -0.0682405 0)
(0.303255 0.00664308 0)
(0.105296 0.0238369 0)
(0.0529018 -0.00353825 0)
(-0.102285 -0.067528 0)
(-0.123784 -0.0109772 0)
(-0.160572 0.0602796 0)
(-0.180874 0.126204 0)
(-0.185026 0.117425 0)
(-0.267289 0.0516843 0)
(-0.385117 0.155605 0)
(-0.411087 0.254391 0)
(-0.463646 0.179749 0)
(-0.379486 0.0920113 0)
(-0.263772 0.0445185 0)
(-0.0923773 0.198302 0)
(-0.367918 0.217777 0)
(-0.0860299 0.130192 0)
(0.000395336 0.121491 0)
(0.0123721 -0.0330861 0)
(-0.00194011 -0.0162026 0)
(0.0340744 -0.047692 0)
(0.0414931 -0.050552 0)
(0.0424863 -0.0752084 0)
(0.0434655 -0.0816623 0)
(0.0451853 -0.0847718 0)
(0.0352561 -0.126223 0)
(-0.00751553 -0.135663 0)
(-0.0246306 -0.0757656 0)
(0.0240902 -0.0890468 0)
(0.0506475 -0.0835458 0)
(0.245868 0.00666337 0)
(0.0671814 0.0338889 0)
(0.0290685 -0.0013379 0)
(-0.18949 -0.0160154 0)
(-0.226201 0.0494551 0)
(-0.262213 0.111812 0)
(-0.281863 0.155681 0)
(-0.308557 0.15312 0)
(-0.378051 0.154791 0)
(-0.414028 0.213571 0)
(-0.389408 0.241744 0)
(-0.373268 0.161829 0)
(-0.338344 0.0603361 0)
(-0.325405 0.034703 0)
(-0.241318 0.223434 0)
(-0.278843 0.206081 0)
(-0.122109 0.0724235 0)
(-0.037801 0.094421 0)
(0.00218532 -0.0345894 0)
(-0.00216254 -0.022082 0)
(0.029455 -0.0517415 0)
(0.037683 -0.0538208 0)
(0.0383389 -0.0751847 0)
(0.0413405 -0.0801815 0)
(0.0411486 -0.0863667 0)
(0.0312335 -0.119647 0)
(-0.00563111 -0.130531 0)
(-0.0269164 -0.0797499 0)
(0.0232797 -0.0907165 0)
(0.0116451 -0.0951436 0)
(0.176426 0.00617516 0)
(0.0303201 0.0427827 0)
(0.0144041 0.00019569 0)
(-0.192886 0.0639097 0)
(-0.25001 0.128174 0)
(-0.312771 0.169891 0)
(-0.364925 0.187116 0)
(-0.400238 0.179638 0)
(-0.418588 0.180721 0)
(-0.410407 0.202662 0)
(-0.382822 0.193436 0)
(-0.357341 0.132929 0)
(-0.355781 0.0393347 0)
(-0.377034 0.028281 0)
(-0.306001 0.164348 0)
(-0.20278 0.143565 0)
(-0.148217 0.0404953 0)
(-0.0579467 0.0546927 0)
(-0.0115852 -0.0411548 0)
(-0.00286684 -0.0303522 0)
(0.0253945 -0.0560824 0)
(0.0346303 -0.0572165 0)
(0.0354187 -0.0753794 0)
(0.039554 -0.0789866 0)
(0.03771 -0.0879125 0)
(0.0275493 -0.113703 0)
(-0.0038889 -0.125417 0)
(-0.0276285 -0.0833201 0)
(0.0150091 -0.0906963 0)
(-0.0147321 -0.102952 0)
(0.102189 0.00573861 0)
(-0.0034953 0.0494177 0)
(0.00496209 0.000414546 0)
(-0.11852 0.169943 0)
(-0.176309 0.229864 0)
(-0.235171 0.259976 0)
(-0.282108 0.252063 0)
(-0.314374 0.217687 0)
(-0.335474 0.188924 0)
(-0.34371 0.192922 0)
(-0.324523 0.180124 0)
(-0.291557 0.117872 0)
(-0.288595 0.0584598 0)
(-0.321318 0.031112 0)
(-0.300516 0.101307 0)
(-0.19467 0.0812092 0)
(-0.14162 0.0134683 0)
(-0.0659507 0.0111342 0)
(-0.0206343 -0.0499933 0)
(-0.00199313 -0.0414222 0)
(0.0223251 -0.0606763 0)
(0.0321441 -0.0607984 0)
(0.0332628 -0.0756214 0)
(0.0375575 -0.0777948 0)
(0.0340765 -0.0885542 0)
(0.0240325 -0.10802 0)
(-0.00261154 -0.120072 0)
(-0.027674 -0.0860585 0)
(0.00564834 -0.0893545 0)
(-0.0345438 -0.106369 0)
(0.0300895 0.00528876 0)
(-0.0265946 0.0530488 0)
(-0.000737468 -0.000656247 0)
(-0.0270945 0.292216 0)
(-0.088182 0.335947 0)
(-0.148874 0.350671 0)
(-0.201935 0.318529 0)
(-0.239492 0.26292 0)
(-0.258732 0.214322 0)
(-0.27547 0.196797 0)
(-0.282631 0.170532 0)
(-0.283274 0.110924 0)
(-0.29801 0.073597 0)
(-0.299994 0.043688 0)
(-0.252522 0.060757 0)
(-0.171249 0.0323739 0)
(-0.115642 -0.011267 0)
(-0.0563864 -0.0225066 0)
(-0.02033 -0.0597114 0)
(0.000849462 -0.0531453 0)
(0.02062 -0.0651221 0)
(0.0302953 -0.0644276 0)
(0.0318676 -0.0758202 0)
(0.0356808 -0.0768011 0)
(0.030686 -0.0887519 0)
(0.0208926 -0.102855 0)
(-0.00177014 -0.114684 0)
(-0.0272891 -0.0877601 0)
(-0.00250594 -0.0871087 0)
(-0.0475115 -0.105552 0)
(-0.0311342 0.00480729 0)
(-0.0375963 0.0530337 0)
(-0.00438658 -0.00240155 0)
(0.0386297 0.436589 0)
(-0.0154886 0.462375 0)
(-0.0723879 0.462178 0)
(-0.132035 0.402727 0)
(-0.176351 0.316326 0)
(-0.201151 0.251918 0)
(-0.244051 0.234163 0)
(-0.286802 0.198058 0)
(-0.308301 0.12723 0)
(-0.313799 0.0630936 0)
(-0.286226 0.0101139 0)
(-0.229206 -0.00275452 0)
(-0.158517 -0.0185778 0)
(-0.100433 -0.0438121 0)
(-0.0480071 -0.0530612 0)
(-0.0152977 -0.0705323 0)
(0.00481221 -0.0640113 0)
(0.0205589 -0.069134 0)
(0.0288488 -0.0679382 0)
(0.0296606 -0.0758348 0)
(0.0334134 -0.0757485 0)
(0.0273153 -0.0882018 0)
(0.0181531 -0.0980469 0)
(-0.00130288 -0.109227 0)
(-0.0265171 -0.0883072 0)
(-0.00915384 -0.0843236 0)
(-0.0558548 -0.101113 0)
(-0.0732079 0.00453215 0)
(-0.0372837 0.0490202 0)
(-0.0070054 -0.00431357 0)
(0.0659513 0.569595 0)
(0.0261359 0.583111 0)
(-0.018375 0.583702 0)
(-0.0749335 0.520751 0)
(-0.129567 0.4052 0)
(-0.177268 0.320083 0)
(-0.235715 0.305085 0)
(-0.282329 0.244196 0)
(-0.300742 0.140486 0)
(-0.293024 0.0415427 0)
(-0.258987 -0.0344444 0)
(-0.211495 -0.0638329 0)
(-0.145174 -0.0732588 0)
(-0.0838619 -0.0796935 0)
(-0.037244 -0.0805901 0)
(-0.00846891 -0.0828656 0)
(0.00946466 -0.0736845 0)
(0.02137 -0.0725919 0)
(0.0275896 -0.070501 0)
(0.0269811 -0.0757124 0)
(0.0308577 -0.0752327 0)
(0.0242384 -0.0871531 0)
(0.0158159 -0.0936415 0)
(-0.00112059 -0.103817 0)
(-0.0253687 -0.0877349 0)
(-0.0141345 -0.0812249 0)
(-0.0593502 -0.0942999 0)
(-0.09253 0.00342308 0)
(-0.030789 0.0420973 0)
(-0.00897575 -0.00592192 0)
(0.0872754 0.658623 0)
(0.0532696 0.670146 0)
(0.0151656 0.671969 0)
(-0.0315229 0.612316 0)
(-0.0873222 0.488618 0)
(-0.146789 0.401398 0)
(-0.202093 0.372269 0)
(-0.233124 0.283238 0)
(-0.241362 0.152959 0)
(-0.233999 0.0233289 0)
(-0.206937 -0.0770205 0)
(-0.169274 -0.123178 0)
(-0.113334 -0.128573 0)
(-0.0591702 -0.117326 0)
(-0.0204201 -0.103988 0)
(0.0015395 -0.0944295 0)
(0.014601 -0.0815534 0)
(0.0231393 -0.0754007 0)
(0.0276894 -0.0719272 0)
(0.0259271 -0.0750402 0)
(0.0285816 -0.074704 0)
(0.0215543 -0.0855085 0)
(0.0138438 -0.0895177 0)
(-0.00113611 -0.0985362 0)
(-0.0238798 -0.0861791 0)
(-0.0174763 -0.0779921 0)
(-0.0591215 -0.0865213 0)
(-0.0932915 0.00134103 0)
(-0.0240464 0.0340008 0)
(-0.0104896 -0.00702599 0)
(0.100556 0.748424 0)
(0.0792968 0.764045 0)
(0.0550019 0.772188 0)
(0.0236556 0.725017 0)
(-0.0213222 0.610077 0)
(-0.0746486 0.503562 0)
(-0.116571 0.420869 0)
(-0.131967 0.305738 0)
(-0.126878 0.157696 0)
(-0.124971 0.010054 0)
(-0.110218 -0.104658 0)
(-0.0843428 -0.165155 0)
(-0.0528342 -0.1698 0)
(-0.0201744 -0.147118 0)
(0.00437709 -0.121974 0)
(0.0161607 -0.102563 0)
(0.0221677 -0.0864577 0)
(0.0262475 -0.0776434 0)
(0.0280342 -0.0728749 0)
(0.0263923 -0.0739588 0)
(0.0269278 -0.074034 0)
(0.0192804 -0.0832438 0)
(0.0122092 -0.0856197 0)
(-0.00126834 -0.093484 0)
(-0.0221024 -0.0838012 0)
(-0.0193511 -0.0747404 0)
(-0.0564899 -0.0787194 0)
(-0.0837579 -0.00117117 0)
(-0.019328 0.026079 0)
(-0.0115771 -0.00768257 0)
(0.073797 0.808196 0)
(0.0857054 0.819421 0)
(0.0990864 0.832983 0)
(0.107666 0.81789 0)
(0.104488 0.745741 0)
(0.0868088 0.637446 0)
(0.0651077 0.51204 0)
(0.0522602 0.360378 0)
(0.0543204 0.18261 0)
(0.0424807 0.0177937 0)
(0.0369899 -0.107967 0)
(0.0305655 -0.177888 0)
(0.027938 -0.185452 0)
(0.0302056 -0.15917 0)
(0.0337203 -0.129158 0)
(0.0331621 -0.104769 0)
(0.031474 -0.0873682 0)
(0.0299389 -0.0771701 0)
(0.0289951 -0.0724654 0)
(0.0268869 -0.0726617 0)
(0.0255039 -0.0728915 0)
(0.0173041 -0.0805253 0)
(0.0108174 -0.0819034 0)
(-0.00144293 -0.0886963 0)
(-0.0200908 -0.080801 0)
(-0.0199883 -0.0715419 0)
(-0.052405 -0.0714839 0)
(-0.0713062 -0.00394665 0)
(-0.0162657 0.0189478 0)
(-0.0121639 -0.00799762 0)
(0.036414 0.708317 0)
(0.0749047 0.712453 0)
(0.118107 0.724107 0)
(0.162686 0.729913 0)
(0.201948 0.703374 0)
(0.228728 0.635673 0)
(0.240908 0.532303 0)
(0.240229 0.392767 0)
(0.234383 0.221575 0)
(0.20956 0.0615327 0)
(0.182633 -0.0717385 0)
(0.147865 -0.153469 0)
(0.10976 -0.169656 0)
(0.0817165 -0.147806 0)
(0.0639352 -0.120778 0)
(0.0510166 -0.0987906 0)
(0.0424247 -0.0837835 0)
(0.0366872 -0.0752326 0)
(0.0315388 -0.0711143 0)
(0.0259159 -0.0703076 0)
(0.0232443 -0.0708914 0)
(0.0154959 -0.0774438 0)
(0.00959113 -0.0783444 0)
(-0.00159286 -0.0841573 0)
(-0.0178997 -0.0774145 0)
(-0.019629 -0.0684412 0)
(-0.0474111 -0.0651118 0)
(-0.0595648 -0.00704396 0)
(-0.0140931 0.0126994 0)
(-0.0123057 -0.00808029 0)
(0.016273 0.517255 0)
(0.0560781 0.519582 0)
(0.100504 0.528782 0)
(0.149777 0.539148 0)
(0.200504 0.538435 0)
(0.247001 0.511928 0)
(0.280813 0.45612 0)
(0.298694 0.363308 0)
(0.299994 0.238831 0)
(0.283171 0.105804 0)
(0.258313 -0.0214585 0)
(0.215799 -0.103011 0)
(0.162266 -0.124993 0)
(0.117626 -0.115288 0)
(0.086386 -0.0993846 0)
(0.0648232 -0.0857775 0)
(0.0494422 -0.0756045 0)
(0.0386885 -0.0691115 0)
(0.0312938 -0.0663637 0)
(0.0257047 -0.0670805 0)
(0.0217449 -0.0690723 0)
(0.0141074 -0.0742089 0)
(0.00850063 -0.0749465 0)
(-0.00166306 -0.0798452 0)
(-0.0155868 -0.0738662 0)
(-0.0184731 -0.0654745 0)
(-0.0418029 -0.0596171 0)
(-0.0492739 -0.0101383 0)
(-0.0123895 0.00727145 0)
(-0.0120164 -0.00800129 0)
(0.00134795 0.379666 0)
(0.0282702 0.382486 0)
(0.0585742 0.389269 0)
(0.0933387 0.397598 0)
(0.132405 0.402214 0)
(0.173702 0.393918 0)
(0.212031 0.36608 0)
(0.244402 0.308314 0)
(0.264993 0.22181 0)
(0.269966 0.117689 0)
(0.256125 0.0187015 0)
(0.219088 -0.0437587 0)
(0.171499 -0.0685513 0)
(0.128816 -0.0731847 0)
(0.0960467 -0.0709679 0)
(0.0717156 -0.0672271 0)
(0.0541972 -0.0641298 0)
(0.0418281 -0.0625505 0)
(0.0326993 -0.0625886 0)
(0.0254485 -0.063655 0)
(0.0199961 -0.0658335 0)
(0.0126227 -0.0706517 0)
(0.00743914 -0.07167 0)
(-0.00163544 -0.075781 0)
(-0.013206 -0.0703505 0)
(-0.0166873 -0.0626828 0)
(-0.0357822 -0.0549658 0)
(-0.0401769 -0.0130553 0)
(-0.010904 0.00261611 0)
(-0.0112942 -0.00782026 0)
(-0.00924658 0.294559 0)
(0.0079785 0.297144 0)
(0.0274794 0.300822 0)
(0.0503157 0.304416 0)
(0.0772558 0.304966 0)
(0.108081 0.297335 0)
(0.141392 0.274709 0)
(0.174734 0.235329 0)
(0.200668 0.18049 0)
(0.212653 0.113967 0)
(0.205533 0.0523598 0)
(0.181092 0.00847647 0)
(0.149652 -0.018327 0)
(0.119249 -0.0337461 0)
(0.0926739 -0.042505 0)
(0.070957 -0.0475044 0)
(0.0538401 -0.0505666 0)
(0.0407326 -0.0530101 0)
(0.0308463 -0.0557109 0)
(0.023321 -0.0590358 0)
(0.0176966 -0.0626981 0)
(0.0111226 -0.0671599 0)
(0.0063602 -0.0685871 0)
(-0.00148797 -0.0720137 0)
(-0.0108018 -0.0670369 0)
(-0.0143973 -0.0601052 0)
(-0.0295264 -0.0510969 0)
(-0.0319611 -0.0157164 0)
(-0.009413 -0.00130724 0)
(-0.0101416 -0.00758816 0)
(-0.0104306 0.227373 0)
(0.00203479 0.229247 0)
(0.0162594 0.230372 0)
(0.0327236 0.230066 0)
(0.0518557 0.226957 0)
(0.0736291 0.218564 0)
(0.0967258 0.201168 0)
(0.118679 0.176583 0)
(0.13634 0.146218 0)
(0.145888 0.108986 0)
(0.144436 0.0720647 0)
(0.133407 0.0404209 0)
(0.116535 0.0154343 0)
(0.0976641 -0.00388423 0)
(0.0794089 -0.0184281 0)
(0.062828 -0.029292 0)
(0.0485825 -0.0375369 0)
(0.0369984 -0.0440921 0)
(0.0278968 -0.049684 0)
(0.0207524 -0.054618 0)
(0.0151248 -0.0591515 0)
(0.00936426 -0.063776 0)
(0.00521119 -0.0657424 0)
(-0.00123385 -0.0686411 0)
(-0.00840181 -0.0640906 0)
(-0.0116976 -0.0578106 0)
(-0.023155 -0.0479761 0)
(-0.0244178 -0.0179913 0)
(-0.00774569 -0.00448161 0)
(-0.0085601 -0.00734134 0)
(-0.00712074 0.174633 0)
(0.0014492 0.175464 0)
(0.0111489 0.175344 0)
(0.0221029 0.173934 0)
(0.0343564 0.170493 0)
(0.0477165 0.164189 0)
(0.0614336 0.154042 0)
(0.0743623 0.140225 0)
(0.085105 0.122441 0)
(0.0919068 0.101048 0)
(0.0935268 0.0780379 0)
(0.0900682 0.0553673 0)
(0.0825323 0.0343241 0)
(0.0722818 0.0157542 0)
(0.0607763 -0.0003707 0)
(0.0493703 -0.0141854 0)
(0.038902 -0.0257465 0)
(0.0298325 -0.0352886 0)
(0.0223791 -0.0432984 0)
(0.0164409 -0.0501048 0)
(0.0117459 -0.0558602 0)
(0.00726432 -0.0607733 0)
(0.00395067 -0.0632839 0)
(-0.000884542 -0.0657961 0)
(-0.00600876 -0.0616723 0)
(-0.00865764 -0.0558884 0)
(-0.0167176 -0.0455943 0)
(-0.0173575 -0.0198467 0)
(-0.00579907 -0.00691882 0)
(-0.0065724 -0.00710657 0)
(-0.00368683 0.139545 0)
(0.00154705 0.139864 0)
(0.00740098 0.13953 0)
(0.0138811 0.13829 0)
(0.0209391 0.135824 0)
(0.0284233 0.131744 0)
(0.0359988 0.125646 0)
(0.043186 0.117263 0)
(0.0493646 0.10638 0)
(0.0537705 0.0930673 0)
(0.0557568 0.0778116 0)
(0.0550316 0.0613291 0)
(0.0516947 0.0443756 0)
(0.0462267 0.0276097 0)
(0.0394044 0.0115022 0)
(0.03225 -0.00360444 0)
(0.0256086 -0.0170426 0)
(0.0197821 -0.0285317 0)
(0.014833 -0.0383066 0)
(0.010837 -0.0464497 0)
(0.00763645 -0.0530996 0)
(0.00472781 -0.0583776 0)
(0.00254038 -0.0613515 0)
(-0.000478999 -0.0635927 0)
(-0.00359561 -0.05991 0)
(-0.00532419 -0.0544168 0)
(-0.0101798 -0.0439027 0)
(-0.0106059 -0.0211853 0)
(-0.00354957 -0.0085772 0)
(-0.00418274 -0.00691261 0)
(-0.00108536 0.115881 0)
(0.000969622 0.116066 0)
(0.00325906 0.115849 0)
(0.00577574 0.115083 0)
(0.00849077 0.113587 0)
(0.0113406 0.111144 0)
(0.0142127 0.107511 0)
(0.016945 0.102446 0)
(0.0193237 0.0957199 0)
(0.0210952 0.0871712 0)
(0.0220226 0.0767645 0)
(0.0219431 0.0646059 0)
(0.0208243 0.0509203 0)
(0.0187545 0.0360273 0)
(0.0160569 0.0202765 0)
(0.0131222 0.00423239 0)
(0.0096591 -0.0106562 0)
(0.00735929 -0.0236754 0)
(0.00538737 -0.0348943 0)
(0.00387981 -0.044096 0)
(0.00270275 -0.0514219 0)
(0.00167901 -0.0569672 0)
(0.000895312 -0.0602133 0)
(-0.000129788 -0.0621865 0)
(-0.00116866 -0.0588248 0)
(-0.00179156 -0.0534181 0)
(-0.00336965 -0.0426491 0)
(-0.0038298 -0.0218158 0)
(-0.00116009 -0.00960698 0)
(-0.00143443 -0.00678302 0)
)
;

boundaryField
{
    leftWall
    {
        type            fixedValue;
        value           uniform (0 0 0);
    }
    rightWall
    {
        type            fixedValue;
        value           uniform (0 0 0);
    }
    lowerWall
    {
        type            fixedValue;
        value           uniform (0 0 0);
    }
    atmosphere
    {
        type            pressureInletOutletVelocity;
        value           nonuniform List<vector> 
120
(
(-0.147702 0.0274916 0)
(-0.356145 0.021699 0)
(-0.443308 0.0122215 0)
(-0.483758 0.000351696 0)
(-0.473876 -0.00471732 0)
(-0.459423 -0.00916224 0)
(-0.410922 -0.0116941 0)
(-0.295668 -0.0148561 0)
(-0.200437 -0.0105888 0)
(-0.133092 -0.00850692 0)
(-0.0850041 -0.00644336 0)
(-0.0509885 -0.00430772 0)
(-0.0275303 -0.00240267 0)
(-0.0132702 -0.00118519 0)
(-0.00427647 -0.00118542 0)
(0.00108629 0 0)
(0.00452337 0 0)
(0.00700983 0 0)
(0.00890787 0 0)
(0.0103565 0 0)
(0.0113357 0 0)
(0.0118495 0 0)
(0.0119448 0 0)
(0.0116312 0 0)
(0.0109063 0 0)
(0.00977149 0 0)
(0.00823522 0 0)
(0.0063172 0 0)
(0.00402224 0 0)
(0.00138172 0 0)
(0 -0.00639035 0)
(0 -0.00925003 0)
(0 -0.0203472 0)
(0 -0.0404859 0)
(0 -0.0510838 0)
(0 -0.0558125 0)
(0 -0.0588576 0)
(0 -0.0566863 0)
(0 -0.0536213 0)
(0 -0.0486124 0)
(0 -0.0422338 0)
(0 -0.0343494 0)
(0 -0.0247576 0)
(0 -0.0133482 0)
(0 -0.000591673 0)
(-0.0146847 0.0135981 0)
(-0.0173133 0.0281794 0)
(-0.0196818 0.0419456 0)
(-0.0212457 0.0549026 0)
(-0.0219062 0.066771 0)
(-0.021654 0.0773182 0)
(-0.0205921 0.0863959 0)
(-0.0188942 0.0939624 0)
(-0.016767 0.100079 0)
(-0.0144039 0.104888 0)
(-0.0119536 0.108572 0)
(-0.00952422 0.111304 0)
(-0.00719579 0.113249 0)
(-0.00501794 0.114567 0)
(-0.00301266 0.115397 0)
(-0.00108536 0.115881 0)
(0.000969622 0.116066 0)
(0.00325906 0.115849 0)
(0.00577574 0.115083 0)
(0.00849077 0.113587 0)
(0.0113406 0.111144 0)
(0.0142127 0.107511 0)
(0.016945 0.102446 0)
(0.0193237 0.0957199 0)
(0.0210952 0.0871712 0)
(0.0220226 0.0767645 0)
(0.0219431 0.0646059 0)
(0.0208243 0.0509203 0)
(0.0187545 0.0360273 0)
(0.0160569 0.0202765 0)
(0.0131222 0.00423239 0)
(0 -0.0106562 0)
(0 -0.0236754 0)
(0 -0.0348943 0)
(0 -0.044096 0)
(0 -0.0514219 0)
(0 -0.0569672 0)
(0 -0.0602133 0)
(0 -0.0621865 0)
(0 -0.0588248 0)
(0 -0.0534181 0)
(0 -0.0426491 0)
(0 -0.0218158 0)
(0 -0.00960698 0)
(0 -0.00678302 0)
(0.148034 0.0274123 0)
(0.356502 0.0216164 0)
(0.444416 0.012118 0)
(0.485654 0.000213856 0)
(0.473765 -0.00481778 0)
(0.458534 -0.00921574 0)
(0.40885 -0.0117622 0)
(0.293632 -0.0147475 0)
(0.20012 -0.0104442 0)
(0.134132 -0.00823878 0)
(0.0868309 -0.00595177 0)
(0.0529018 -0.00353825 0)
(0.0290685 -0.0013379 0)
(0.0144041 0.00019569 0)
(0.00496209 0.000414546 0)
(-0.000737468 0 0)
(-0.00438658 0 0)
(-0.0070054 0 0)
(-0.00897575 0 0)
(-0.0104896 0 0)
(-0.0115771 0 0)
(-0.0121639 0 0)
(-0.0123057 0 0)
(-0.0120164 0 0)
(-0.0112942 0 0)
(-0.0101416 0 0)
(-0.0085601 0 0)
(-0.0065724 0 0)
(-0.00418274 0 0)
(-0.00143443 0 0)
)
;
    }
    defaultFaces
    {
        type            empty;
    }
}


// ************************************************************************* //
