/*--------------------------------*- C++ -*----------------------------------*\
| =========                 |                                                 |
| \\      /  F ield         | OpenFOAM: The Open Source CFD Toolbox           |
|  \\    /   O peration     | Version:  2.4.0                                 |
|   \\  /    A nd           | Web:      www.OpenFOAM.org                      |
|    \\/     M anipulation  |                                                 |
\*---------------------------------------------------------------------------*/
FoamFile
{
    version     2.0;
    format      ascii;
    class       surfaceScalarField;
    location    "0.127";
    object      phiAlpha;
}
// * * * * * * * * * * * * * * * * * * * * * * * * * * * * * * * * * * * * * //

dimensions      [0 3 -1 0 0 0 0];

internalField   nonuniform List<scalar> 
7080
(
-1.47754e-08
1.47754e-08
-3.80235e-09
-1.09731e-08
2.2436e-08
-2.62383e-08
4.92717e-08
-2.68358e-08
8.05177e-08
-3.1246e-08
1.08217e-07
-2.7699e-08
1.32446e-07
-2.42291e-08
1.4866e-07
-1.62139e-08
1.50544e-07
-1.88404e-09
1.36643e-07
1.39005e-08
1.14034e-07
2.26098e-08
7.6347e-08
3.76866e-08
5.12838e-08
2.50632e-08
-5.20093e-09
5.64847e-08
-3.70488e-08
3.18478e-08
-6.63171e-08
2.92683e-08
-9.72124e-08
3.08954e-08
-1.00723e-07
4.15091e-09
-1.04099e-07
3.37218e-09
-1.37471e-07
3.33675e-08
-1.71721e-07
3.36103e-08
-1.611e-07
-1.06512e-08
-1.40153e-07
-2.09232e-08
-1.15882e-07
-2.43044e-08
-9.14298e-08
-2.44817e-08
-1.01471e-07
9.92008e-09
-1.31796e-07
3.0555e-08
-8.57198e-08
-4.52814e-08
1.69237e-09
-8.6353e-08
5.63271e-09
-3.91571e-09
-3.26232e-08
4.73986e-08
-2.72413e-08
-1.6355e-08
2.0195e-09
-5.54991e-08
3.66682e-08
-6.14845e-08
7.80678e-08
-7.26456e-08
1.18397e-07
-6.80285e-08
1.56057e-07
-6.18888e-08
1.87199e-07
-4.73563e-08
2.00106e-07
-1.47903e-08
2.02889e-07
1.11168e-08
1.85603e-07
3.98961e-08
1.55323e-07
6.79662e-08
1.50064e-07
3.03221e-08
7.86707e-08
1.27878e-07
5.29923e-08
5.75262e-08
2.43269e-08
5.79336e-08
-4.41356e-08
9.93579e-08
-1.04149e-07
6.45689e-08
-1.68824e-07
6.8621e-08
-2.10988e-07
7.4656e-08
-2.5285e-07
7.54722e-08
-2.81561e-07
1.80603e-08
-2.67389e-07
-3.50949e-08
-2.2756e-07
-6.41339e-08
-1.87897e-07
-6.41425e-08
-1.3799e-07
-3.98336e-08
-8.77025e-08
-1.87796e-08
-4.11094e-08
-9.02888e-08
-2.41728e-08
-1.03352e-07
-1.81201e-08
-4.76043e-10
-3.77185e-08
8.51171e-08
-3.47294e-08
-1.93441e-08
-5.69481e-09
-8.45337e-08
2.87567e-08
-9.59359e-08
7.0786e-08
-1.14675e-07
1.12552e-07
-1.09795e-07
1.5221e-07
-1.01546e-07
1.86086e-07
-8.12323e-08
2.01255e-07
-2.99601e-08
2.09428e-07
2.9446e-09
1.91153e-07
5.81709e-08
1.7103e-07
8.8089e-08
1.74509e-07
2.68428e-08
1.09758e-07
1.92629e-07
9.48274e-08
7.24571e-08
7.82218e-08
7.45392e-08
7.85595e-09
1.69724e-07
-6.14239e-08
1.3394e-07
-1.45693e-07
1.5341e-07
-2.1977e-07
1.48021e-07
-2.90739e-07
1.46442e-07
-3.52742e-07
8.00635e-08
-3.60926e-07
-2.69111e-08
-3.27961e-07
-9.71041e-08
-2.75243e-07
-1.16878e-07
-1.78935e-07
-1.33717e-07
-7.82009e-08
-1.21422e-07
-3.92026e-08
-1.31767e-07
-4.06329e-08
-1.03606e-07
-5.84798e-08
-1.06828e-09
-3.91267e-08
1.24244e-07
-3.66309e-08
-2.18398e-08
-7.61264e-09
-1.13552e-07
2.68227e-08
-1.30371e-07
6.89188e-08
-1.56771e-07
1.10905e-07
-1.51781e-07
1.51096e-07
-1.41737e-07
1.85764e-07
-1.159e-07
2.01168e-07
-4.53648e-08
2.11527e-07
-7.41385e-09
1.86399e-07
8.32982e-08
1.79309e-07
9.51789e-08
1.7592e-07
3.02322e-08
1.22274e-07
2.46276e-07
1.25052e-07
6.96784e-08
1.09553e-07
9.00384e-08
4.06538e-08
2.38623e-07
-2.10655e-08
1.95659e-07
-1.12235e-07
2.44733e-07
-1.90784e-07
2.2572e-07
-2.72559e-07
2.28217e-07
-3.37746e-07
1.45251e-07
-3.54625e-07
-1.00479e-08
-3.34764e-07
-1.16971e-07
-2.80714e-07
-1.70945e-07
-2.2125e-07
-1.93238e-07
-1.64247e-07
-1.78468e-07
-1.26227e-07
-1.6979e-07
-7.03847e-08
-1.59451e-07
-1.30352e-07
1.46628e-09
-3.98272e-08
1.64071e-07
-3.74111e-08
-2.4256e-08
-8.21682e-09
-1.42746e-07
2.63246e-08
-1.64913e-07
6.85e-08
-1.98947e-07
1.10619e-07
-1.93899e-07
1.51314e-07
-1.82432e-07
1.86721e-07
-1.51307e-07
2.0246e-07
-6.11041e-08
2.14114e-07
-1.90677e-08
1.82197e-07
1.15216e-07
1.86255e-07
9.11209e-08
1.58491e-07
5.79956e-08
1.23542e-07
2.81225e-07
1.50369e-07
4.28514e-08
1.20894e-07
1.19513e-07
6.08757e-08
2.98641e-07
3.06307e-08
2.25904e-07
-1.7986e-08
2.93377e-07
-1.15434e-07
3.22824e-07
-1.86778e-07
2.99562e-07
-2.26993e-07
1.85414e-07
-2.47373e-07
1.02932e-08
-2.4517e-07
-1.19272e-07
-2.16054e-07
-2.00068e-07
-1.73627e-07
-2.35669e-07
-1.27323e-07
-2.24776e-07
-8.16244e-08
-2.15491e-07
-4.15093e-08
-1.99557e-07
-1.73596e-07
1.74826e-09
-4.05051e-08
2.04576e-07
-3.81105e-08
-2.66505e-08
-8.67402e-09
-1.72183e-07
2.59926e-08
-1.99579e-07
6.82446e-08
-2.41198e-07
1.10473e-07
-2.36128e-07
1.51769e-07
-2.23728e-07
1.8801e-07
-1.87548e-07
2.04628e-07
-7.77225e-08
2.16373e-07
-3.08131e-08
1.82276e-07
1.49313e-07
1.90822e-07
8.25751e-08
1.32261e-07
1.16556e-07
1.18238e-07
2.95248e-07
1.51512e-07
9.57755e-09
1.03076e-07
1.67949e-07
6.82132e-08
3.33504e-07
5.83534e-08
2.35764e-07
6.57999e-08
2.85933e-07
-4.3976e-09
3.92703e-07
-4.69194e-08
3.41818e-07
-6.06278e-08
1.99162e-07
-7.23576e-08
2.21079e-08
-8.1613e-08
-1.09939e-07
-6.75463e-08
-2.13131e-07
-3.79147e-08
-2.65274e-07
-1.84664e-08
-2.44226e-07
-8.39023e-09
-2.2557e-07
-1.62326e-09
-2.06335e-07
-1.7943e-07
4.21014e-09
-4.12981e-08
2.45874e-07
-3.89218e-08
-2.90267e-08
-9.19124e-09
-2.01913e-07
2.56402e-08
-2.34411e-07
6.79474e-08
-2.83506e-07
1.1028e-07
-2.78461e-07
1.52304e-07
-2.65752e-07
1.89499e-07
-2.24743e-07
2.07641e-07
-9.58641e-08
2.1793e-07
-4.11024e-08
1.87609e-07
1.79635e-07
1.96877e-07
7.33066e-08
1.16609e-07
1.96825e-07
1.11022e-07
3.00835e-07
1.19044e-07
1.55518e-09
7.69417e-08
2.10052e-07
8.45212e-08
3.25924e-07
7.8609e-08
2.41676e-07
1.04726e-07
2.59816e-07
1.05257e-07
3.91855e-07
8.70324e-08
3.60024e-07
5.21857e-08
2.34019e-07
3.36856e-08
4.06167e-08
5.55958e-09
-8.17015e-08
-3.64545e-09
-2.03944e-07
1.51219e-08
-2.83257e-07
2.86864e-08
-2.57726e-07
2.59918e-08
-2.22875e-07
1.8327e-08
-1.98679e-07
-1.66677e-07
5.56444e-09
-4.22335e-08
2.88108e-07
-3.98774e-08
-3.13828e-08
-9.79859e-09
-2.31992e-07
2.52284e-08
-2.69438e-07
6.75846e-08
-3.25862e-07
1.10031e-07
-3.20908e-07
1.52897e-07
-3.08617e-07
1.91229e-07
-2.63075e-07
2.11368e-07
-1.16004e-07
2.18303e-07
-4.80372e-08
1.98876e-07
1.99062e-07
2.02649e-07
6.95343e-08
1.27352e-07
2.72121e-07
1.15291e-07
3.12897e-07
9.10436e-08
2.58022e-08
6.10897e-08
2.40006e-07
9.29383e-08
2.94076e-07
7.02256e-08
2.64389e-07
1.07843e-07
2.22198e-07
1.75012e-07
3.25761e-07
1.84656e-07
3.51118e-07
1.65396e-07
2.53317e-07
1.37676e-07
6.83456e-08
9.46361e-08
-3.90676e-08
6.01595e-08
-1.69483e-07
4.63656e-08
-2.68623e-07
2.73768e-08
-2.38568e-07
1.12512e-08
-2.0675e-07
5.71056e-09
-1.93138e-07
-1.6412e-07
3.1375e-09
-4.33185e-08
3.31426e-07
-4.09838e-08
-3.37175e-08
-1.05002e-08
-2.62476e-07
2.47455e-08
-3.04683e-07
6.71502e-08
-3.68267e-07
1.09728e-07
-3.63485e-07
1.53515e-07
-3.52405e-07
1.93304e-07
-3.02864e-07
2.15206e-07
-1.37905e-07
2.18878e-07
-5.17092e-08
2.11494e-07
2.06445e-07
1.93692e-07
8.73361e-08
1.48796e-07
3.17017e-07
1.27912e-07
3.3378e-07
8.02629e-08
7.34515e-08
4.13292e-08
2.78939e-07
6.61915e-08
2.69214e-07
4.22473e-08
2.88333e-07
7.07703e-08
1.93675e-07
1.83217e-07
2.13382e-07
2.61253e-07
2.73289e-07
2.69494e-07
2.45036e-07
2.29898e-07
1.06348e-07
1.86568e-07
4.24483e-09
1.54659e-07
-1.3759e-07
1.25718e-07
-2.39447e-07
7.72222e-08
-1.89931e-07
2.3207e-08
-1.52734e-07
-4.89226e-10
-1.69442e-07
-1.66295e-07
1.6861e-09
-4.45573e-08
3.75983e-07
-4.22436e-08
-3.60312e-08
-1.12971e-08
-2.93422e-07
2.42085e-08
-3.40189e-07
6.66392e-08
-4.10697e-07
1.09373e-07
-4.0622e-07
1.54138e-07
-3.97169e-07
1.95762e-07
-3.44488e-07
2.18795e-07
-1.60939e-07
2.22554e-07
-5.54682e-08
2.16981e-07
2.12019e-07
1.7963e-07
1.24686e-07
1.63858e-07
3.3279e-07
1.3583e-07
3.61808e-07
8.39025e-08
1.25379e-07
3.18132e-08
3.31029e-07
4.48563e-08
2.5617e-07
7.18486e-08
2.61341e-07
6.80472e-08
1.97477e-07
1.37802e-07
1.43627e-07
2.56492e-07
1.54599e-07
3.0867e-07
1.91954e-07
2.91336e-07
1.23328e-07
2.51946e-07
4.36195e-08
2.06776e-07
-9.24357e-08
1.3509e-07
-1.67485e-07
8.05928e-08
-1.35433e-07
4.47659e-08
-1.16907e-07
1.43488e-08
-1.39025e-07
-1.53024e-07
1.08838e-09
-4.59537e-08
4.21937e-07
-4.36594e-08
-3.83255e-08
-1.21899e-08
-3.24892e-07
2.36272e-08
-3.76006e-07
6.60461e-08
-4.53116e-07
1.08966e-07
-4.49139e-07
1.54783e-07
-4.42986e-07
1.985e-07
-3.88205e-07
2.22833e-07
-1.85272e-07
2.28139e-07
-6.07735e-08
2.1749e-07
2.22668e-07
1.8062e-07
1.61556e-07
1.77941e-07
3.35469e-07
1.39943e-07
3.99806e-07
8.51584e-08
1.80164e-07
5.53563e-08
3.60831e-07
6.20102e-08
2.49516e-07
1.05379e-07
2.17972e-07
9.82903e-08
2.04565e-07
1.14196e-07
1.27721e-07
2.18978e-07
4.98173e-08
2.95016e-07
1.15916e-07
2.87237e-07
1.30237e-07
2.66665e-07
6.41747e-08
2.46723e-07
-7.21165e-08
1.48356e-07
-6.88073e-08
6.45348e-08
-5.16118e-08
4.913e-08
-1.01503e-07
2.73439e-08
-1.17231e-07
-1.21455e-07
-4.17068e-09
-4.7512e-08
4.69449e-07
-4.52338e-08
-4.06037e-08
-1.31787e-08
-3.56947e-07
2.29558e-08
-4.12141e-07
6.53639e-08
-4.95524e-07
1.08503e-07
-4.92278e-07
1.55466e-07
-4.8995e-07
2.01505e-07
-4.34244e-07
2.2776e-07
-2.11527e-07
2.33043e-07
-6.60568e-08
2.19055e-07
2.36656e-07
1.96681e-07
1.8393e-07
1.80033e-07
3.52118e-07
1.34314e-07
4.45524e-07
9.66839e-08
2.17794e-07
8.84734e-08
3.69041e-07
8.272e-08
2.5527e-07
1.17208e-07
1.83484e-07
1.43308e-07
1.78465e-07
1.50359e-07
1.2067e-07
1.85859e-07
1.43181e-08
2.4282e-07
5.89542e-08
2.42514e-07
1.30351e-07
2.28233e-07
7.85295e-08
1.94582e-07
-3.83786e-08
1.4934e-07
-2.35567e-08
1.27291e-07
-2.95632e-08
7.2289e-08
-4.65006e-08
1.13696e-08
-5.63118e-08
-1.02519e-07
-7.56858e-09
-4.92372e-08
5.18686e-07
-4.69699e-08
-4.2871e-08
-1.42644e-08
-3.89652e-07
2.22447e-08
-4.4865e-07
6.45848e-08
-5.37864e-07
1.07979e-07
-5.35672e-07
1.56187e-07
-5.38158e-07
2.04889e-07
-4.82946e-07
2.33165e-07
-2.39803e-07
2.37059e-07
-6.99507e-08
2.26394e-07
2.4732e-07
2.07592e-07
2.02733e-07
1.7349e-07
3.86219e-07
1.31256e-07
4.87758e-07
8.50463e-08
2.64004e-07
1.05253e-07
3.48834e-07
1.0652e-07
2.54002e-07
1.0722e-07
1.82785e-07
1.42464e-07
1.43222e-07
1.44403e-07
1.1873e-07
1.4473e-07
1.39904e-08
1.62417e-07
4.12681e-08
1.78049e-07
1.14718e-07
2.10574e-07
4.60052e-08
2.08765e-07
-3.65699e-08
1.94908e-07
-9.69994e-09
1.42708e-07
2.26373e-08
2.88475e-08
6.73597e-08
-1.10894e-08
-1.63785e-08
-1.18891e-07
5.28056e-09
-5.11344e-08
5.69821e-07
-4.88713e-08
-4.51341e-08
-1.5447e-08
-4.23077e-07
2.14288e-08
-4.85526e-07
6.37e-08
-5.80136e-07
1.07386e-07
-5.79357e-07
1.5694e-07
-5.87712e-07
2.08723e-07
-5.34729e-07
2.38404e-07
-2.69484e-07
2.4345e-07
-7.49972e-08
2.33792e-07
2.56978e-07
2.11917e-07
2.24608e-07
1.62824e-07
4.35312e-07
1.26395e-07
5.24188e-07
8.06226e-08
3.09776e-07
1.09493e-07
3.19964e-07
1.17246e-07
2.46249e-07
9.32656e-08
2.06765e-07
1.29363e-07
1.07124e-07
1.67936e-07
8.01575e-08
1.74023e-07
7.90368e-09
1.83808e-07
3.1483e-08
2.0283e-07
9.56959e-08
1.72658e-07
7.61773e-08
8.03822e-08
5.57062e-08
1.60496e-09
6.90764e-08
-6.17859e-08
8.60154e-08
-6.57227e-08
7.12765e-08
-2.00832e-08
-6.20275e-08
-1.3748e-07
-1.55389e-09
-5.32098e-08
6.23031e-07
-5.09413e-08
-4.74026e-08
-1.67279e-08
-4.5729e-07
2.05757e-08
-5.22829e-07
6.2698e-08
-6.22258e-07
1.0671e-07
-6.2337e-07
1.57733e-07
-6.38735e-07
2.1287e-07
-5.89866e-07
2.43938e-07
-3.00552e-07
2.52683e-07
-8.37418e-08
2.39423e-07
2.70237e-07
2.0749e-07
2.56541e-07
1.61545e-07
4.81258e-07
1.28284e-07
5.57448e-07
9.03111e-08
3.47749e-07
1.01877e-07
3.08398e-07
1.08473e-07
2.39653e-07
8.062e-08
2.34619e-07
6.69046e-08
1.20839e-07
4.59504e-08
1.01112e-07
2.79398e-08
2.59142e-08
3.95883e-08
1.98345e-08
5.62102e-08
7.9074e-08
2.21511e-08
1.10236e-07
-4.99541e-08
1.27811e-07
-7.93654e-08
9.85036e-08
-5.74622e-08
6.41126e-08
-1.40016e-08
2.78167e-08
3.21905e-09
-7.92479e-08
-1.264e-07
-7.86141e-09
-5.54695e-08
6.785e-07
-5.31844e-08
-4.96876e-08
-1.81072e-08
-4.92367e-07
1.96289e-08
-5.60565e-07
6.15659e-08
-6.64195e-07
1.05938e-07
-6.67742e-07
1.58568e-07
-6.91364e-07
2.17161e-07
-6.48459e-07
2.50668e-07
-3.34059e-07
2.63719e-07
-9.6793e-08
2.36036e-07
2.9792e-07
2.12556e-07
2.80021e-07
1.87063e-07
5.06751e-07
1.3923e-07
6.05282e-07
8.52981e-08
4.01681e-07
1.11378e-07
2.82318e-07
8.89366e-08
2.62094e-07
4.87705e-08
2.74785e-07
5.36096e-08
1.16e-07
6.46047e-08
9.01167e-08
6.88528e-08
2.1666e-08
7.27285e-08
1.59589e-08
1.04634e-07
4.71685e-08
1.34729e-07
8.01411e-08
1.44919e-07
1.17621e-07
1.51319e-07
9.2106e-08
1.41522e-07
7.39222e-08
1.25247e-07
4.40993e-08
7.71865e-08
-3.11859e-08
-4.24986e-08
-6.71532e-09
-5.79207e-08
7.36421e-07
-5.56049e-08
-5.20034e-08
-1.95864e-08
-5.28386e-07
1.86019e-08
-5.98754e-07
6.02869e-08
-7.0588e-07
1.05056e-07
-7.12511e-07
1.59413e-07
-7.45722e-07
2.21615e-07
-7.10661e-07
2.59553e-07
-3.71997e-07
2.69755e-07
-1.06995e-07
2.34254e-07
3.33422e-07
2.44047e-07
2.70227e-07
2.16494e-07
5.34304e-07
1.29986e-07
6.91789e-07
4.64957e-08
4.85172e-07
-5.06599e-10
3.2932e-07
8.00274e-09
2.53585e-07
5.67605e-08
2.26027e-07
9.47698e-08
7.79906e-08
1.3651e-07
4.83765e-08
1.20382e-07
3.77938e-08
6.33459e-08
7.29951e-08
8.69821e-08
2.35324e-08
1.36514e-07
3.06088e-08
2.00687e-07
5.34487e-08
2.31105e-07
6.16877e-08
2.18101e-07
8.6927e-08
1.906e-07
7.15998e-08
1.13282e-07
4.61325e-08
7.2761e-08
-1.9894e-09
-6.05712e-08
7.96992e-07
-5.82074e-08
-5.43672e-08
-2.11675e-08
-5.65426e-07
1.75138e-08
-6.37435e-07
5.88446e-08
-7.47211e-07
1.04049e-07
-7.57716e-07
1.60194e-07
-8.01866e-07
2.26772e-07
-7.77239e-07
2.67858e-07
-4.13083e-07
2.71648e-07
-1.10785e-07
2.43023e-07
3.62047e-07
2.69942e-07
2.43308e-07
1.81691e-07
6.22556e-07
6.0805e-08
8.12675e-07
-4.83833e-09
5.50815e-07
3.31306e-08
2.91351e-07
1.08746e-07
1.77969e-07
1.38001e-07
1.96773e-07
1.09769e-07
1.06222e-07
9.34758e-08
6.46699e-08
6.25527e-08
6.87169e-08
-5.75451e-08
1.93093e-07
-9.52002e-08
6.11876e-08
-4.61133e-08
-1.84773e-08
3.84483e-08
-3.1111e-08
9.69553e-08
3.18096e-09
1.041e-07
7.97826e-08
9.19855e-08
8.37139e-08
4.38142e-08
9.42902e-08
1.17521e-07
-9.5654e-10
-6.34294e-08
8.60421e-07
-6.09972e-08
-5.67994e-08
-2.28528e-08
-6.0357e-07
1.63572e-08
-6.76645e-07
5.72295e-08
-7.88083e-07
1.02898e-07
-8.03384e-07
1.60938e-07
-8.59906e-07
2.32379e-07
-8.4868e-07
2.72014e-07
-4.52718e-07
2.73998e-07
-1.12768e-07
2.45913e-07
3.90132e-07
2.72613e-07
2.16607e-07
2.25725e-07
6.69444e-07
1.23404e-07
9.14996e-07
1.95593e-08
6.54659e-07
7.15798e-08
2.39331e-07
7.84917e-08
1.71057e-07
-2.45126e-08
2.99777e-07
8.01762e-09
7.36917e-08
7.52172e-08
-2.52968e-09
1.26076e-07
1.78584e-08
6.4755e-08
2.54413e-07
-1.06576e-07
2.32519e-07
-1.87515e-07
6.24753e-08
-1.49308e-07
-6.93205e-08
-7.135e-08
-7.47857e-08
-5.62926e-08
6.47173e-08
-5.01114e-08
7.75303e-08
-2.99831e-08
7.41594e-08
8.58496e-08
1.68611e-09
-6.65045e-08
9.26926e-07
-6.39785e-08
-5.93254e-08
-2.46461e-08
-6.42902e-07
1.51302e-08
-7.16421e-07
5.54363e-08
-8.28389e-07
1.01567e-07
-8.49515e-07
1.61646e-07
-9.19985e-07
2.35423e-07
-9.22457e-07
2.66845e-07
-4.8414e-07
2.66261e-07
-1.12185e-07
2.23884e-07
4.32509e-07
2.3576e-07
2.04732e-07
2.19277e-08
8.83276e-07
-8.1827e-08
1.01875e-06
-5.97279e-08
6.3256e-07
-1.72435e-08
1.96846e-07
-5.66207e-08
2.10434e-07
-5.10817e-08
2.94238e-07
-3.99451e-08
6.2555e-08
4.7894e-08
-9.03688e-08
1.6867e-07
-1.02918e-07
1.53763e-07
2.6932e-07
8.05483e-08
3.05734e-07
-5.74257e-08
2.00452e-07
-1.43261e-07
1.65192e-08
-1.49584e-07
-6.84607e-08
-1.25489e-07
4.06264e-08
-1.08872e-07
6.09178e-08
-6.11506e-08
2.64498e-08
2.53594e-08
-6.44947e-10
-6.97946e-08
9.96721e-07
-6.71817e-08
-6.19383e-08
-2.65517e-08
-6.83532e-07
1.38378e-08
-7.56811e-07
5.34587e-08
-8.6801e-07
1.00026e-07
-8.96082e-07
1.60889e-07
-9.80849e-07
2.26223e-07
-9.87791e-07
2.39298e-07
-4.97215e-07
2.37053e-07
-1.0994e-07
1.98441e-07
4.71121e-07
3.1304e-07
8.57729e-08
2.82467e-07
9.13849e-07
1.12509e-07
1.18871e-06
-5.50465e-08
8.00116e-07
-1.23069e-08
1.54107e-07
5.90142e-08
1.39113e-07
-2.01973e-08
3.73449e-07
-1.42438e-07
1.84809e-07
-3.17967e-09
-2.28638e-07
1.10859e-07
-2.14799e-07
1.51825e-07
2.2864e-07
1.95728e-07
2.61831e-07
7.21504e-08
3.24029e-07
-1.3866e-08
1.02536e-07
-9.34125e-08
1.10859e-08
-1.0363e-07
5.08455e-08
-8.25404e-08
3.98259e-08
-4.88007e-08
-7.28998e-09
-1.95626e-08
-3.87866e-09
-7.33536e-08
1.07007e-06
-7.04528e-08
-6.48392e-08
-2.8582e-08
-7.25403e-07
1.24805e-08
-7.97873e-07
5.12624e-08
-9.06792e-07
9.81066e-08
-9.42926e-07
1.51046e-07
-1.03379e-06
1.82612e-07
-1.01936e-06
1.8616e-07
-5.00761e-07
2.40729e-07
-1.63643e-07
1.42662e-07
4.40083e-07
9.898e-08
8.251e-08
2.7218e-07
7.39112e-07
2.29147e-07
1.23174e-06
9.14125e-08
9.3785e-07
-7.68664e-08
3.22386e-07
5.03531e-08
1.14416e-08
9.03034e-08
3.32988e-07
-1.70453e-08
2.92153e-07
-1.21707e-08
-2.32301e-07
-1.68061e-08
-2.10213e-07
3.49498e-08
1.76859e-07
9.39922e-08
2.02789e-07
8.9135e-08
3.28886e-07
4.97461e-08
1.41924e-07
-1.84813e-08
7.93144e-08
-3.79048e-08
7.02672e-08
-2.04972e-08
2.24182e-08
-1.18666e-08
-1.59206e-08
-2.69316e-08
-4.49779e-09
-7.73545e-08
1.14743e-06
-7.43571e-08
-6.78366e-08
-3.07327e-08
-7.69028e-07
1.10479e-08
-8.39654e-07
4.86726e-08
-9.44417e-07
9.39998e-08
-9.88253e-07
1.11478e-07
-1.05127e-06
7.86011e-08
-9.86479e-07
1.71072e-07
-5.42437e-07
1.05736e-07
-5.28054e-08
-3.13412e-07
3.03192e-07
-5.39236e-07
2.22046e-07
-1.46571e-07
3.46542e-07
1.36123e-07
9.49049e-07
-4.99449e-08
1.11925e-06
-2.1508e-07
4.86516e-07
-4.03454e-08
-1.64149e-07
3.52395e-08
2.57268e-07
-3.3195e-08
3.60551e-07
3.96386e-08
-3.05188e-07
2.19489e-08
-1.92572e-07
-2.08423e-08
2.1955e-07
1.11648e-08
1.70781e-07
4.7268e-08
2.92783e-07
-1.68663e-09
1.90879e-07
-2.11351e-08
9.8763e-08
-3.23487e-09
5.23685e-08
2.15047e-08
-2.32139e-09
1.52118e-08
-9.62773e-09
-5.86921e-09
-5.85058e-09
-7.94113e-08
1.22684e-06
-7.752e-08
-6.97279e-08
-3.29906e-08
-8.13557e-07
9.45539e-09
-8.821e-07
4.48935e-08
-9.79855e-07
7.87448e-08
-1.0221e-06
2.23269e-08
-9.94849e-07
-2.19676e-08
-9.42165e-07
2.13564e-08
-1.68021e-07
-2.03303e-08
-1.31309e-09
-2.99993e-07
1.57128e-07
-6.03101e-07
3.58764e-07
-5.41396e-07
2.21143e-07
-1.98846e-07
5.88616e-07
-1.80508e-07
1.10384e-06
-2.56441e-07
5.6158e-07
-2.08467e-07
-2.12267e-07
-5.86998e-08
1.06859e-07
1.12493e-07
1.88414e-07
1.62504e-07
-3.57844e-07
7.45582e-09
-3.75761e-08
-1.21677e-07
3.48744e-07
-1.39397e-07
1.88502e-07
-9.8115e-08
2.515e-07
-1.032e-07
1.95964e-07
-7.11862e-08
6.67489e-08
-1.33667e-08
-5.44966e-09
1.80887e-08
-3.37738e-08
1.17634e-08
-3.30239e-09
1.44781e-08
-8.58384e-09
-9.37589e-08
1.3206e-06
-8.25591e-08
-8.09277e-08
-3.54124e-08
-8.60704e-07
7.23249e-09
-9.24744e-07
3.66516e-08
-1.00927e-06
3.16122e-08
-1.01707e-06
-7.7084e-08
-8.8603e-07
8.9393e-08
-6.036e-07
-3.78281e-08
-7.08446e-10
-1.51442e-07
1.98156e-09
-4.40737e-07
4.02879e-08
-6.27371e-07
1.91092e-07
-6.568e-07
1.26554e-07
-4.17963e-07
3.36898e-07
-2.79469e-07
9.6539e-07
-3.211e-07
6.02341e-07
-3.62041e-07
-1.72395e-07
-1.81739e-07
-7.35166e-08
7.12794e-08
-6.46771e-08
6.08208e-08
-3.44197e-07
-7.95439e-08
1.01992e-07
-2.62072e-07
5.31264e-07
-2.85294e-07
2.11724e-07
-2.19703e-07
1.85909e-07
-1.88652e-07
1.64913e-07
-1.12738e-07
-9.13793e-09
-5.14532e-08
-6.67149e-08
-2.40792e-08
-6.11493e-08
-9.36567e-09
-1.80146e-08
8.80382e-09
-3.69254e-09
-6.19121e-08
1.38251e-06
-8.54561e-08
-5.73836e-08
-3.78208e-08
-9.08339e-07
2.10227e-09
-9.64668e-07
1.40128e-08
-1.02118e-06
-6.05734e-08
-9.42479e-07
8.59025e-08
-9.96793e-07
1.28731e-08
-1.57361e-07
5.50369e-10
3.38299e-09
-3.88781e-12
-1.32276e-10
-1.50539e-07
-4.17028e-09
-5.32376e-07
6.83689e-08
-6.92323e-07
1.27649e-09
-5.36704e-07
1.0879e-07
-3.23901e-07
7.52563e-07
-3.73424e-07
6.53931e-07
-4.41147e-07
-1.04664e-07
-3.04752e-07
-2.09916e-07
-1.50419e-07
-2.16033e-07
-1.73149e-07
-3.2209e-07
-2.39081e-07
1.65357e-07
-3.72195e-07
6.64378e-07
-3.54677e-07
1.94206e-07
-2.84629e-07
1.15861e-07
-2.15911e-07
9.62611e-08
-1.31774e-07
-9.32753e-08
-9.63137e-08
-1.02176e-07
-6.54513e-08
-9.2012e-08
-3.16318e-08
-5.18443e-08
-2.10957e-08
-1.73256e-09
-1.61388e-07
1.5439e-06
-8.91729e-08
-1.29599e-07
-4.18303e-08
-9.55682e-07
-1.03339e-08
-9.96164e-07
-4.53605e-08
-9.86158e-07
-1.4446e-07
-8.29053e-07
1.05096e-07
-4.27696e-07
-1.18631e-09
-8.3719e-09
1.79664e-10
-1.2923e-11
-7.76281e-11
5.68032e-11
-2.87867e-08
-6.01725e-10
-2.25682e-07
-1.01577e-08
-6.54097e-07
-8.25472e-08
-6.13141e-07
-1.40699e-07
-3.97964e-07
5.37293e-07
-3.74184e-07
6.30151e-07
-4.5657e-07
-2.22707e-08
-3.93825e-07
-2.72664e-07
-3.06395e-07
-2.99298e-07
-3.30908e-07
-2.98195e-07
-3.28732e-07
1.59799e-07
-3.98187e-07
7.33833e-07
-3.6549e-07
1.61509e-07
-2.60258e-07
1.06292e-08
-1.93999e-07
3.00232e-08
-1.34871e-07
-1.52353e-07
-1.08252e-07
-1.28795e-07
-7.63614e-08
-1.23902e-07
-4.22402e-08
-8.60004e-08
-6.03651e-08
-2.97112e-09
1.28928e-08
1.53101e-06
-9.45165e-08
-2.21897e-08
-4.98891e-08
-1.00031e-06
-4.84147e-08
-9.97638e-07
-1.4455e-07
-8.90017e-07
3.71522e-07
-1.04492e-06
7.03407e-09
-6.77453e-08
1.01668e-10
-1.46935e-09
1.97936e-11
-1.69955e-11
6.2175e-11
6.30323e-12
-9.42297e-10
-1.22244e-09
-1.51084e-08
-6.33041e-10
-2.47772e-07
-4.15068e-08
-7.23639e-07
-1.90134e-07
-4.57853e-07
2.71499e-07
-3.66246e-07
5.38537e-07
-4.26659e-07
3.81426e-08
-4.64164e-07
-2.35182e-07
-4.75554e-07
-2.84874e-07
-4.70417e-07
-3.03971e-07
-4.08863e-07
9.75306e-08
-4.3211e-07
7.52476e-07
-3.71237e-07
1.00636e-07
-1.77334e-07
-1.83274e-07
-1.29206e-07
-1.81054e-08
-1.13624e-07
-1.67933e-07
-7.96974e-08
-1.62722e-07
-5.56454e-08
-1.48022e-07
-3.03017e-08
-1.11344e-07
-9.43687e-08
3.70144e-09
-1.94529e-07
1.72554e-06
-8.37364e-08
-1.32983e-07
-8.06168e-08
-1.00343e-06
-1.42132e-07
-9.36122e-07
-8.80861e-08
-8.91146e-07
5.23561e-08
-2.532e-07
1.33734e-09
-6.85219e-09
1.61312e-11
-1.22376e-10
9.38335e-13
-1.1649e-12
4.36122e-12
1.12102e-12
-9.87108e-11
-2.0757e-11
-4.20982e-10
-1.13792e-10
-3.91217e-08
-2.95053e-09
-5.06018e-07
-5.7034e-08
-5.70045e-07
-8.62341e-09
-4.31517e-07
3.99999e-07
-4.20715e-07
2.73172e-08
-5.33137e-07
-1.22799e-07
-6.3987e-07
-1.76905e-07
-5.99138e-07
-3.44005e-07
-4.56778e-07
-4.72016e-08
-4.25142e-07
7.19065e-07
-3.89263e-07
6.47574e-08
-1.42674e-07
-4.29868e-07
-3.48621e-08
-1.25916e-07
-6.07816e-08
-1.42026e-07
-2.92211e-08
-1.94318e-07
-1.82607e-08
-1.58986e-07
-3.56166e-09
-1.2604e-07
-1.10349e-07
1.27303e-08
-1.69229e-08
1.74246e-06
-1.30399e-07
-1.95067e-08
-1.77047e-07
-9.5678e-07
-2.62986e-07
-8.11754e-07
2.45341e-07
-3.58481e-07
6.45145e-09
-1.35018e-08
1.20541e-10
-4.94678e-10
1.27779e-12
-2.77525e-12
1.21806e-13
-1.65365e-14
8.04088e-13
1.73992e-13
-2.32861e-11
6.89505e-13
-5.95852e-11
-1.57216e-11
-2.94513e-09
-2.04576e-10
-5.75302e-08
-2.57782e-09
-4.83113e-07
-3.36267e-08
-5.03039e-07
1.92789e-07
-5.44361e-07
3.68774e-08
-6.0926e-07
-6.05001e-08
-6.39397e-07
-1.47801e-07
-6.39482e-07
-3.45146e-07
-4.78258e-07
-2.09404e-07
-3.26878e-07
5.68038e-07
-3.05047e-07
4.29261e-08
-1.59536e-07
-5.75378e-07
-3.40192e-09
-2.82048e-07
3.24019e-09
-1.48674e-07
-2.21504e-09
-1.88867e-07
7.55995e-09
-1.68763e-07
2.13141e-08
-1.39765e-07
1.92174e-08
-1.0819e-07
-7.70164e-09
3.88133e-09
8.16005e-08
-8.8242e-08
1.29326e-07
-4.70547e-08
1.00209e-07
2.93112e-08
9.27048e-08
7.40347e-09
1.19752e-07
-2.70788e-08
1.4568e-07
-2.59633e-08
1.65868e-07
-2.01704e-08
1.75788e-07
-9.95568e-09
1.41387e-07
3.37736e-08
1.08647e-07
3.27347e-08
1.04542e-07
4.10007e-09
1.00416e-07
4.77731e-09
6.83409e-08
3.20753e-08
3.74147e-08
3.09262e-08
4.03264e-09
3.33821e-08
-5.2676e-08
5.67086e-08
-7.68114e-08
2.41354e-08
-1.1586e-07
3.90482e-08
-1.39255e-07
2.33954e-08
-1.53302e-07
1.40476e-08
-1.49727e-07
-3.57595e-09
-1.33173e-07
-1.65535e-08
-1.0857e-07
-2.46032e-08
-8.07457e-08
-2.78241e-08
-4.9345e-08
-3.14007e-08
-2.24566e-08
-2.68884e-08
3.79107e-09
-2.62476e-08
1.47521e-08
-1.0961e-08
1.47521e-08
1.94411e-08
-1.60918e-08
3.77058e-08
-1.06569e-07
8.45003e-08
-9.22887e-08
1.36735e-07
-2.19689e-08
1.88936e-07
-4.46492e-08
2.31467e-07
-6.96082e-08
2.72619e-07
-6.71148e-08
2.8735e-07
-3.4901e-08
2.5833e-07
1.90644e-08
2.16637e-07
7.54669e-08
1.74536e-07
7.39418e-08
1.09207e-07
6.9998e-08
4.76049e-08
6.68037e-08
-2.24559e-08
1.02136e-07
-5.30191e-08
6.14894e-08
-7.98866e-08
6.02496e-08
-1.51255e-07
1.28077e-07
-1.55579e-07
2.84594e-08
-1.87507e-07
7.0977e-08
-2.05816e-07
4.17042e-08
-2.03248e-07
1.14793e-08
-1.88377e-07
-1.84465e-08
-1.56897e-07
-4.80343e-08
-1.18812e-07
-6.2688e-08
-7.8346e-08
-6.829e-08
-3.67783e-08
-7.29684e-08
-2.07537e-09
-6.15913e-08
2.71906e-08
-5.55135e-08
3.25673e-08
-1.63378e-08
4.73194e-08
3.97446e-08
-5.77137e-08
4.02812e-08
-1.08775e-07
7.85361e-08
-1.33065e-07
1.80171e-07
-1.25473e-07
2.76462e-07
-1.38721e-07
3.31527e-07
-1.24694e-07
3.65592e-07
-1.01186e-07
3.59106e-07
-2.84156e-08
2.98277e-07
7.98941e-08
2.26474e-07
1.4727e-07
1.5199e-07
1.477e-07
6.70896e-08
1.55405e-07
-4.69344e-09
1.38697e-07
-7.66236e-08
1.74066e-07
-9.48602e-08
7.97261e-08
-1.10727e-07
7.61167e-08
-1.75372e-07
1.92721e-07
-1.71323e-07
2.44104e-08
-1.93123e-07
9.27775e-08
-2.12441e-07
6.10217e-08
-2.04458e-07
3.4968e-09
-1.87202e-07
-3.5703e-08
-1.5304e-07
-8.21958e-08
-1.12963e-07
-1.02765e-07
-7.1072e-08
-1.10181e-07
-2.88704e-08
-1.1517e-07
5.63128e-09
-9.60931e-08
3.46692e-08
-8.45514e-08
3.76551e-08
-1.93238e-08
8.49746e-08
7.38218e-08
-1.30077e-07
1.26813e-07
-1.61769e-07
1.66215e-07
-1.72469e-07
2.22647e-07
-1.81905e-07
2.81616e-07
-1.97692e-07
3.35314e-07
-1.78414e-07
3.56788e-07
-1.22666e-07
3.43025e-07
-1.46634e-08
2.79769e-07
1.4315e-07
1.97529e-07
2.29511e-07
1.18955e-07
2.25518e-07
2.64308e-08
2.48073e-07
-3.78038e-08
2.02932e-07
-1.08122e-07
2.44384e-07
-1.25476e-07
9.70803e-08
-1.22841e-07
7.34817e-08
-1.76374e-07
2.46255e-07
-1.79559e-07
2.75952e-08
-1.88446e-07
1.01664e-07
-2.14595e-07
8.71704e-08
-2.04468e-07
-6.62996e-09
-1.8682e-07
-5.33508e-08
-1.51915e-07
-1.17101e-07
-1.11307e-07
-1.43373e-07
-6.92052e-08
-1.52283e-07
-2.69366e-08
-1.57438e-07
7.54834e-09
-1.30578e-07
3.65697e-08
-1.13573e-07
3.90617e-08
-2.18158e-08
1.24036e-07
4.47835e-08
-1.73097e-07
8.24465e-08
-1.99422e-07
1.26697e-07
-2.16722e-07
1.71603e-07
-2.26814e-07
2.13833e-07
-2.39926e-07
2.43224e-07
-2.07807e-07
2.48013e-07
-1.27543e-07
2.30916e-07
2.38128e-09
1.93802e-07
1.80218e-07
1.24077e-07
2.99235e-07
2.70056e-08
3.22177e-07
-2.50902e-08
3.00222e-07
-5.79584e-08
2.35801e-07
-1.19294e-07
3.0572e-07
-1.51136e-07
1.28923e-07
-1.24215e-07
4.656e-08
-1.58224e-07
2.80264e-07
-1.8626e-07
5.5631e-08
-1.84354e-07
9.97585e-08
-2.17258e-07
1.20074e-07
-2.059e-07
-1.79879e-08
-1.87697e-07
-7.15533e-08
-1.52113e-07
-1.52685e-07
-1.11006e-07
-1.8448e-07
-6.87839e-08
-1.94505e-07
-2.64325e-08
-1.9979e-07
8.15388e-09
-1.65164e-07
3.73502e-08
-1.42769e-07
3.97614e-08
-2.42271e-08
1.63798e-07
9.14742e-09
-1.78036e-07
1.27647e-08
-2.03049e-07
1.95522e-08
-2.23513e-07
3.72735e-08
-2.44534e-07
6.7245e-08
-2.69855e-07
8.2449e-08
-2.21954e-07
7.39253e-08
-1.18895e-07
6.50334e-08
1.13633e-08
5.43244e-08
1.9097e-07
1.50522e-08
3.38297e-07
-5.79725e-08
3.9487e-07
-5.353e-08
2.95783e-07
-6.50283e-08
2.47299e-07
-1.01783e-07
3.42474e-07
-1.52797e-07
1.79937e-07
-1.19566e-07
1.33286e-08
-1.31963e-07
2.92662e-07
-1.90426e-07
1.14094e-07
-1.84538e-07
9.38715e-08
-2.19632e-07
1.55168e-07
-2.08242e-07
-2.9378e-08
-1.8888e-07
-9.09152e-08
-1.52543e-07
-1.89022e-07
-1.1084e-07
-2.26183e-07
-6.85247e-08
-2.3682e-07
-2.61031e-08
-2.42211e-07
8.61315e-09
-1.99881e-07
3.80502e-08
-1.72206e-07
4.04385e-08
-2.66154e-08
2.04236e-07
-8.92789e-09
-1.63546e-07
-2.04271e-08
-1.9156e-07
-2.62571e-08
-2.17683e-07
-1.35232e-08
-2.57228e-07
6.33055e-09
-2.89012e-07
-2.11151e-09
-2.13529e-07
-3.02131e-08
-9.06485e-08
-4.65351e-08
2.76881e-08
-7.85725e-08
2.23012e-07
-9.83036e-08
3.57954e-07
-9.95385e-08
3.95773e-07
-7.48107e-08
2.71056e-07
-8.08657e-08
2.53354e-07
-7.60336e-08
3.37642e-07
-1.2178e-07
2.25683e-07
-1.14128e-07
5.67643e-09
-1.17451e-07
2.95985e-07
-1.95975e-07
1.92618e-07
-1.8993e-07
8.78265e-08
-2.21351e-07
1.86589e-07
-2.11466e-07
-3.92634e-08
-1.90241e-07
-1.1214e-07
-1.53048e-07
-2.26216e-07
-1.10632e-07
-2.68598e-07
-6.8223e-08
-2.7923e-07
-2.57472e-08
-2.84687e-07
9.13277e-09
-2.34761e-07
3.88622e-08
-2.01935e-07
4.12306e-08
-2.89838e-08
2.45467e-07
-1.51784e-10
-1.60279e-07
-6.43875e-09
-1.85274e-07
-2.35524e-08
-2.0057e-07
-4.3323e-08
-2.37335e-07
-5.70078e-08
-2.74408e-07
-9.1187e-08
-1.79365e-07
-1.31896e-07
-5.03464e-08
-1.60241e-07
5.60369e-08
-1.78724e-07
2.41508e-07
-1.68491e-07
3.48421e-07
-1.04205e-07
3.32529e-07
-6.76463e-08
2.34497e-07
-9.0424e-08
2.76132e-07
-6.04897e-08
3.07708e-07
-9.42933e-08
2.59487e-07
-1.2103e-07
3.24129e-08
-1.29826e-07
3.04781e-07
-2.00486e-07
2.63278e-07
-2.01314e-07
8.8654e-08
-2.2192e-07
2.07195e-07
-2.1545e-07
-4.5733e-08
-1.91818e-07
-1.35773e-07
-1.53604e-07
-2.64429e-07
-1.10371e-07
-3.11831e-07
-6.78553e-08
-3.21745e-07
-2.53273e-08
-3.27215e-07
9.74291e-09
-2.69831e-07
3.98186e-08
-2.32011e-07
4.21649e-08
-3.13302e-08
2.87632e-07
5.13444e-09
-1.63727e-07
-1.71272e-08
-1.63012e-07
-7.41248e-08
-1.43573e-07
-1.23889e-07
-1.87462e-07
-1.52189e-07
-2.45901e-07
-1.83558e-07
-1.4801e-07
-2.24709e-07
-9.21186e-09
-2.63375e-07
9.30468e-08
-2.55794e-07
2.34004e-07
-1.79881e-07
2.72751e-07
-6.61343e-08
2.18901e-07
-3.52913e-08
2.03654e-07
-6.37495e-08
3.0459e-07
-4.26439e-08
2.86602e-07
-8.34698e-08
3.00313e-07
-1.35433e-07
8.4376e-08
-1.51955e-07
3.21303e-07
-1.89398e-07
3.00721e-07
-2.13972e-07
1.13229e-07
-2.2275e-07
2.15972e-07
-2.19593e-07
-4.88902e-08
-1.93717e-07
-1.61648e-07
-1.54185e-07
-3.03961e-07
-1.10059e-07
-3.55958e-07
-6.74153e-08
-3.64389e-07
-2.48445e-08
-3.69786e-07
1.04478e-08
-3.05123e-07
4.09259e-08
-2.62489e-07
4.32487e-08
-3.3653e-08
3.3088e-07
-1.07129e-08
-1.51923e-07
-4.10492e-08
-1.32676e-07
-8.19167e-08
-1.02706e-07
-1.34364e-07
-1.35015e-07
-2.02725e-07
-1.77255e-07
-2.47197e-07
-1.03553e-07
-2.83166e-07
2.67438e-08
-3.01554e-07
1.11197e-07
-2.50685e-07
1.82135e-07
-1.30747e-07
1.52813e-07
-5.74767e-08
1.45631e-07
-6.09014e-08
2.07078e-07
-4.13474e-08
2.85036e-07
-3.29712e-08
2.78226e-07
-8.74306e-08
3.54772e-07
-1.43571e-07
1.40516e-07
-1.67419e-07
3.45151e-07
-1.74315e-07
3.07617e-07
-2.19354e-07
1.58268e-07
-2.26796e-07
2.23415e-07
-2.2353e-07
-5.21571e-08
-1.95969e-07
-1.89209e-07
-1.5477e-07
-3.45159e-07
-1.09697e-07
-4.01031e-07
-6.6898e-08
-4.07188e-07
-2.42917e-08
-4.12392e-07
1.12482e-08
-3.40663e-07
4.21867e-08
-2.93428e-07
4.4486e-08
-3.59523e-08
3.75367e-07
-3.63092e-08
-1.19735e-07
-5.47969e-08
-1.14189e-07
-6.49603e-08
-9.25433e-08
-1.44027e-07
-5.59481e-08
-2.40769e-07
-8.02532e-08
-2.62102e-07
-8.18138e-08
-2.79806e-07
4.44343e-08
-2.86648e-07
1.17148e-07
-2.15034e-07
1.10521e-07
-1.06613e-07
4.43929e-08
-8.51312e-08
1.24149e-07
-9.37811e-08
2.15728e-07
-5.65397e-08
2.47795e-07
-5.28254e-08
2.74512e-07
-8.79695e-08
3.89916e-07
-1.47541e-07
2.00088e-07
-1.81903e-07
3.79512e-07
-1.74916e-07
3.0063e-07
-2.19698e-07
2.0305e-07
-2.32918e-07
2.36635e-07
-2.27954e-07
-5.7121e-08
-1.98467e-07
-2.18697e-07
-1.55371e-07
-3.88255e-07
-1.09285e-07
-4.47117e-07
-6.62979e-08
-4.50175e-07
-2.37064e-08
-4.54984e-07
1.21449e-08
-3.76515e-07
4.36036e-08
-3.24886e-07
4.58807e-08
-3.82295e-08
4.21247e-07
-3.00421e-08
-9.72634e-08
-9.05324e-08
-5.36934e-08
-1.32217e-07
-5.08587e-08
-1.48948e-07
-3.92169e-08
-1.92237e-07
-3.69654e-08
-2.19735e-07
-5.42668e-08
-2.28359e-07
5.31293e-08
-2.29106e-07
1.17707e-07
-1.74594e-07
5.60094e-08
-1.32848e-07
2.64662e-09
-1.28296e-07
1.19597e-07
-1.10069e-07
1.97501e-07
-7.78145e-08
2.1554e-07
-8.53386e-08
2.82036e-07
-1.02305e-07
4.06882e-07
-1.42683e-07
2.40466e-07
-1.83779e-07
4.20609e-07
-1.88796e-07
3.05647e-07
-2.20996e-07
2.3525e-07
-2.38578e-07
2.54217e-07
-2.33339e-07
-6.23593e-08
-2.01194e-07
-2.50842e-07
-1.55995e-07
-4.33454e-07
-1.0882e-07
-4.94292e-07
-6.56085e-08
-4.93387e-07
-2.30356e-08
-4.97556e-07
1.3138e-08
-4.12688e-07
4.51793e-08
-3.56928e-07
4.74372e-08
-4.04874e-08
4.68684e-07
1.88975e-08
-1.10883e-07
-2.90479e-08
-5.75404e-09
-1.41454e-07
6.15477e-08
-1.91957e-07
1.12857e-08
-2.0831e-07
-2.06119e-08
-2.09756e-07
-5.28213e-08
-1.77329e-07
2.07021e-08
-1.53259e-07
9.36371e-08
-1.29437e-07
3.21876e-08
-1.23439e-07
-3.35134e-09
-1.31886e-07
1.28044e-07
-1.02646e-07
1.68261e-07
-9.81272e-08
2.11022e-07
-1.03108e-07
2.87017e-07
-9.3915e-08
3.97689e-07
-1.42844e-07
2.89395e-07
-1.76137e-07
4.53901e-07
-1.95921e-07
3.25431e-07
-2.28174e-07
2.67503e-07
-2.43488e-07
2.69531e-07
-2.39339e-07
-6.65084e-08
-2.04257e-07
-2.85923e-07
-1.56637e-07
-4.81075e-07
-1.08296e-07
-5.42633e-07
-6.4822e-08
-5.3686e-07
-2.23122e-08
-5.40066e-07
1.42281e-08
-4.49228e-07
4.69168e-08
-3.89616e-07
4.91602e-08
-4.27307e-08
5.17845e-07
1.96453e-08
-1.32133e-07
6.54273e-08
-5.15593e-08
6.9711e-08
5.72397e-08
3.08661e-08
5.01432e-08
-3.63898e-08
4.66458e-08
-1.28275e-07
3.90641e-08
-1.6453e-07
5.69571e-08
-1.54734e-07
8.3841e-08
-1.50265e-07
2.77183e-08
-1.54191e-07
5.75326e-10
-1.23287e-07
9.71397e-08
-8.45343e-08
1.29508e-07
-1.11748e-07
2.38235e-07
-1.09475e-07
2.84745e-07
-9.17129e-08
3.79926e-07
-1.42533e-07
3.40215e-07
-1.67709e-07
4.79077e-07
-1.95681e-07
3.53403e-07
-2.35621e-07
3.07443e-07
-2.50768e-07
2.84678e-07
-2.45359e-07
-7.19173e-08
-2.07712e-07
-3.2357e-07
-1.57288e-07
-5.31499e-07
-1.07705e-07
-5.92217e-07
-6.39303e-08
-5.80634e-07
-2.14901e-08
-5.82506e-07
1.54155e-08
-4.86134e-07
4.88196e-08
-4.2302e-07
5.1055e-08
-4.49662e-08
5.689e-07
-1.8498e-08
-1.21496e-07
-4.70769e-09
-6.53491e-08
2.65175e-08
2.60263e-08
2.62173e-08
5.04601e-08
-1.16347e-08
8.44991e-08
-5.91899e-08
8.66193e-08
-5.53557e-08
5.31229e-08
-2.85834e-08
5.70687e-08
-1.3376e-08
1.25109e-08
-1.72002e-08
4.39948e-09
-5.17908e-08
1.3173e-07
-6.59972e-08
1.43714e-07
-9.8471e-08
2.70709e-07
-1.05018e-07
2.91292e-07
-9.63414e-08
3.7125e-07
-1.53868e-07
3.97742e-07
-1.73939e-07
4.99148e-07
-1.87886e-07
3.6735e-07
-2.4157e-07
3.61127e-07
-2.61114e-07
3.04222e-07
-2.51872e-07
-8.11588e-08
-2.11403e-07
-3.64039e-07
-1.57955e-07
-5.84947e-07
-1.07034e-07
-6.43138e-07
-6.2922e-08
-6.24746e-07
-2.06308e-08
-6.24797e-07
1.67014e-08
-5.23466e-07
5.08912e-08
-4.5721e-07
5.31276e-08
-4.72026e-08
6.22027e-07
-9.19626e-08
-3.625e-08
-1.48262e-07
-9.04916e-09
-1.80148e-07
5.79144e-08
-1.98337e-07
6.86503e-08
-1.79317e-07
6.54795e-08
-1.38109e-07
4.54115e-08
-8.16322e-08
-3.35413e-09
-5.59642e-08
3.14007e-08
-7.76888e-08
3.42354e-08
-6.24547e-08
-1.08346e-08
-3.53661e-08
1.04642e-07
-6.17405e-08
1.70089e-07
-1.10898e-07
3.19867e-07
-1.10371e-07
2.90765e-07
-1.07421e-07
3.683e-07
-1.69766e-07
4.60088e-07
-2.07304e-07
5.36687e-07
-1.89369e-07
3.49415e-07
-2.38671e-07
4.10429e-07
-2.73623e-07
3.39173e-07
-2.59755e-07
-9.50265e-08
-2.15152e-07
-4.08642e-07
-1.58631e-07
-6.41469e-07
-1.06268e-07
-6.95501e-07
-6.17849e-08
-6.69229e-07
-1.96765e-08
-6.66906e-07
1.8086e-08
-5.61229e-07
5.31359e-08
-4.9226e-07
5.53843e-08
-4.9451e-08
6.77412e-07
-1.11562e-07
7.33141e-08
-1.77636e-07
5.70245e-08
-2.02654e-07
8.29322e-08
-2.11281e-07
7.72774e-08
-1.63876e-07
1.80743e-08
-9.18541e-08
-2.66105e-08
-5.04499e-08
-4.47584e-08
-2.97089e-08
1.06598e-08
-8.47056e-08
8.92321e-08
-7.52575e-08
-2.02828e-08
-3.40116e-08
6.33959e-08
1.89956e-08
1.17082e-07
1.76701e-08
3.21192e-07
-8.22511e-09
3.1666e-07
-3.92346e-08
3.99309e-07
-1.61382e-07
5.82235e-07
-2.22805e-07
5.9811e-07
-2.10223e-07
3.36832e-07
-2.37047e-07
4.37253e-07
-2.81914e-07
3.84041e-07
-2.70008e-07
-1.06933e-07
-2.18982e-07
-4.59668e-07
-1.59274e-07
-7.01176e-07
-1.05395e-07
-7.4938e-07
-6.05035e-08
-7.14121e-07
-1.86405e-08
-7.08769e-07
1.95704e-08
-5.9944e-07
5.55581e-08
-5.28248e-07
5.78323e-08
-5.17253e-08
7.35244e-07
-4.37681e-08
1.16108e-07
-8.25328e-08
9.57893e-08
-8.55602e-08
8.59595e-08
-7.45485e-08
6.62657e-08
-1.37308e-08
-4.27405e-08
3.88628e-08
-7.9199e-08
9.47478e-09
-1.53695e-08
-5.14255e-08
7.15601e-08
-8.75874e-08
1.25394e-07
-7.79044e-08
-2.99658e-08
-1.50021e-07
1.35513e-07
-1.56697e-07
1.23757e-07
-3.84404e-08
2.02936e-07
-3.32144e-08
3.11434e-07
-5.57491e-08
4.21844e-07
-8.26117e-08
6.09098e-07
-1.86789e-07
7.02287e-07
-2.18346e-07
3.68389e-07
-2.46438e-07
4.65346e-07
-2.86234e-07
4.23836e-07
-2.79984e-07
-1.13183e-07
-2.23383e-07
-5.16268e-07
-1.59805e-07
-7.64753e-07
-1.04402e-07
-8.04784e-07
-5.90608e-08
-7.59462e-07
-1.75427e-08
-7.50287e-07
2.11569e-08
-6.38139e-07
5.81625e-08
-5.65253e-07
6.04792e-08
-5.4042e-08
7.95723e-07
3.22394e-08
8.55524e-08
5.37171e-08
7.43065e-08
6.47049e-08
7.49678e-08
8.11427e-08
4.98234e-08
1.47154e-07
-1.08756e-07
1.61212e-07
-9.32605e-08
8.28309e-08
6.30225e-08
-6.65119e-08
2.20903e-07
-1.15034e-07
1.73916e-07
-8.96124e-08
-5.53875e-08
-9.91508e-08
1.45051e-07
-7.03551e-08
9.4961e-08
-9.98872e-08
2.32468e-07
-3.02725e-08
2.41819e-07
-4.95676e-08
4.41139e-07
-1.87466e-07
7.46997e-07
-2.10301e-07
7.25122e-07
-2.05688e-07
3.63777e-07
-2.52074e-07
5.11731e-07
-2.91423e-07
4.63185e-07
-2.85679e-07
-1.18927e-07
-2.27823e-07
-5.74124e-07
-1.60276e-07
-8.323e-07
-1.03265e-07
-8.61795e-07
-5.74476e-08
-8.05279e-07
-1.6376e-08
-7.91358e-07
2.28474e-08
-6.77363e-07
6.09543e-08
-6.0336e-07
6.33334e-08
-5.6421e-08
8.59056e-07
5.91509e-08
2.57722e-08
1.05753e-07
2.77152e-08
1.21617e-07
5.91045e-08
1.43343e-07
2.80941e-08
1.1091e-07
-7.63255e-08
-4.69591e-09
2.2351e-08
-1.35715e-07
1.94042e-07
-1.44321e-07
2.2951e-07
-1.08118e-07
1.37732e-07
-4.9268e-09
-1.58728e-07
1.05216e-07
3.49086e-08
1.39604e-07
6.05735e-08
1.27114e-07
2.44958e-07
7.37207e-08
2.95212e-07
7.1453e-08
4.43407e-07
5.67906e-08
7.61659e-07
-8.49176e-08
8.6683e-07
-1.99011e-07
4.7787e-07
-2.25518e-07
5.38238e-07
-2.89592e-07
5.27259e-07
-2.8095e-07
-1.27569e-07
-2.28461e-07
-6.26613e-07
-1.60774e-07
-8.99987e-07
-1.01945e-07
-9.20624e-07
-5.566e-08
-8.51565e-07
-1.51379e-08
-8.31881e-07
2.46455e-08
-7.17146e-07
6.39379e-08
-6.42653e-07
6.64042e-08
-5.88874e-08
9.25461e-07
4.11554e-08
-1.92619e-08
7.48189e-08
-5.9483e-09
9.45837e-08
3.93394e-08
8.72918e-08
3.53832e-08
1.71258e-08
-6.15557e-09
-6.00556e-08
9.95323e-08
-1.45268e-07
2.79254e-07
-6.15129e-08
1.45756e-07
3.5239e-08
4.09801e-08
1.11139e-07
-2.3116e-07
1.54519e-07
-7.57162e-09
1.14783e-07
1.00309e-07
1.16258e-07
2.43483e-07
1.69424e-08
3.94528e-07
-8.62354e-08
5.46585e-07
-3.03232e-07
9.78656e-07
-3.81972e-07
9.45569e-07
-1.73323e-07
2.69015e-07
-1.85851e-07
5.50766e-07
-2.53022e-07
5.9443e-07
-2.52454e-07
-1.28137e-07
-2.14557e-07
-6.64509e-07
-1.59985e-07
-9.54559e-07
-1.00411e-07
-9.80198e-07
-5.3693e-08
-8.98283e-07
-1.38328e-08
-8.71741e-07
2.65552e-08
-7.57534e-07
6.71429e-08
-6.8324e-07
6.96896e-08
-6.14341e-08
9.9515e-07
2.72479e-09
-2.64845e-08
9.61739e-09
-1.28409e-08
1.94104e-08
2.95464e-08
-1.33692e-08
6.81645e-08
-8.04043e-08
6.08795e-08
-1.10418e-07
1.29546e-07
-9.50069e-08
2.63843e-07
-7.75208e-08
1.2827e-07
-3.53308e-08
-4.95094e-10
1.05679e-07
-3.7213e-07
1.50049e-07
-5.18965e-08
6.62962e-08
1.86006e-07
-4.69369e-09
3.14473e-07
-3.71663e-08
4.27e-07
-1.30952e-07
6.40371e-07
-2.01343e-07
1.04764e-06
-4.1207e-08
7.76615e-07
-1.57952e-07
3.56855e-07
-2.55295e-07
6.16441e-07
-2.00631e-07
3.84555e-07
-1.89934e-07
-1.33308e-07
-1.66907e-07
-6.87534e-07
-1.50357e-07
-9.7111e-07
-9.85064e-08
-1.03205e-06
-5.15129e-08
-9.45277e-07
-1.2462e-08
-9.10792e-07
2.85879e-08
-7.98584e-07
7.04178e-08
-7.2507e-07
7.32443e-08
-6.42606e-08
1.06839e-06
-2.57836e-08
-6.55151e-09
-3.36129e-08
-5.01164e-09
-1.69791e-08
1.29126e-08
-1.18978e-08
6.30832e-08
-4.35196e-08
9.25013e-08
-8.02173e-08
1.66244e-07
-4.44282e-08
2.28054e-07
-5.09647e-08
1.34856e-07
-1.27071e-07
7.70845e-08
-9.3618e-08
-4.05543e-07
3.92248e-08
-1.84695e-07
-4.26177e-09
2.30429e-07
-6.05255e-08
3.70714e-07
-2.12745e-08
3.86354e-07
-1.13067e-07
7.3034e-07
1.70994e-08
9.16376e-07
5.13735e-07
2.7916e-07
5.32718e-07
3.14222e-07
2.27724e-07
8.05584e-07
-1.47192e-08
1.60126e-07
-1.33424e-07
-1.10619e-08
-8.02744e-08
-6.87033e-07
-1.11867e-07
-9.39517e-07
-9.43973e-08
-1.04952e-06
-4.89437e-08
-9.9073e-07
-1.10143e-08
-9.48721e-07
3.07417e-08
-8.4034e-07
7.43227e-08
-7.68651e-07
7.72333e-08
-6.71713e-08
1.14563e-06
-2.83047e-08
1.31691e-08
-3.90459e-08
5.72946e-09
-1.301e-08
-1.3123e-08
3.70833e-08
1.299e-08
6.54118e-08
6.41728e-08
7.22846e-08
1.59371e-07
1.13192e-07
1.87147e-07
6.19857e-08
1.85583e-07
-4.82016e-08
1.88656e-07
-1.51152e-07
-3.02552e-07
-8.23568e-08
-2.54839e-07
-7.5207e-08
2.23257e-07
2.43992e-09
2.93042e-07
1.01962e-07
2.86593e-07
7.8956e-08
7.51695e-07
2.81528e-07
7.13449e-07
4.50668e-07
1.02323e-07
4.62151e-07
2.58349e-07
6.16154e-07
4.01789e-07
1.6373e-07
1.66564e-07
9.47263e-09
-3.61454e-09
-2.66958e-08
-2.28528e-07
-2.38051e-08
-9.42385e-07
-7.89574e-08
-9.94365e-07
-4.51872e-08
-1.0245e-06
-9.40618e-09
-9.84502e-07
3.30119e-08
-8.82758e-07
7.74941e-08
-8.13133e-07
7.93133e-08
-6.89906e-08
1.22494e-06
-2.55139e-09
1.20279e-08
1.75e-09
1.42806e-09
2.01928e-08
-3.15687e-08
8.00585e-08
-4.68725e-08
1.57059e-07
-1.28166e-08
1.91686e-07
1.24743e-07
2.51988e-07
1.26845e-07
1.97145e-07
2.40142e-07
-2.97955e-09
3.89035e-07
-2.04993e-07
-1.01446e-07
-1.33171e-07
-3.30269e-07
-4.0812e-09
9.178e-08
1.30896e-07
1.56833e-07
2.13857e-07
2.039e-07
2.8848e-07
6.80232e-07
5.19379e-07
4.82925e-07
6.46976e-07
-2.88967e-08
6.78133e-07
1.50851e-07
5.07348e-07
1.48108e-07
5.38462e-08
9.06137e-08
-2.927e-08
2.18742e-08
-1.92512e-07
-2.42971e-08
7.62403e-08
-6.69701e-07
-3.1686e-08
-8.86263e-07
-3.69609e-08
-1.01923e-06
-7.16729e-09
-1.0143e-06
3.54405e-08
-9.25366e-07
8.25292e-08
-8.60222e-07
9.35519e-08
-8.00132e-08
1.31849e-06
2.36996e-08
-1.34045e-08
4.88556e-08
-2.3728e-08
7.73575e-08
-6.00761e-08
1.09748e-07
-7.92635e-08
1.96528e-07
-9.95969e-08
2.5314e-07
6.81798e-08
3.30305e-07
4.96815e-08
3.28191e-07
2.42257e-07
1.92184e-07
5.25036e-07
3.37373e-08
5.37966e-08
2.59015e-09
-2.95107e-07
1.8504e-07
-8.98883e-08
3.39555e-07
3.44842e-09
3.82284e-07
1.61516e-07
4.51441e-07
6.10604e-07
6.64241e-07
2.69758e-07
7.61725e-07
-1.85908e-07
6.0058e-07
5.6002e-08
2.40749e-07
1.12244e-08
1.48206e-08
-1.0531e-08
-2.9779e-10
-1.12661e-09
-2.31558e-08
-6.39226e-10
-1.2488e-07
-1.41766e-07
6.019e-08
-1.03344e-06
-1.42764e-08
-9.44759e-07
-2.01488e-09
-1.02656e-06
3.787e-08
-9.65251e-07
8.54455e-08
-9.07798e-07
6.19608e-08
-5.65285e-08
1.38045e-06
3.61645e-08
-5.25408e-08
7.05886e-08
-5.81624e-08
1.08622e-07
-9.81293e-08
1.36638e-07
-1.0728e-07
1.85935e-07
-1.48894e-07
2.53385e-07
7.94735e-10
3.62864e-07
-5.97898e-08
3.85312e-07
2.19809e-07
3.01197e-07
6.01628e-07
2.00835e-07
1.54011e-07
1.88792e-07
-2.83228e-07
3.38155e-07
-2.32846e-07
4.42655e-07
-1.01236e-07
4.70231e-07
1.33678e-07
5.54526e-07
5.25786e-07
7.70216e-07
5.35437e-08
6.03246e-07
-2.85913e-07
1.95965e-07
7.65856e-09
1.22645e-08
-3.74051e-09
1.08507e-09
5.5092e-11
-2.90314e-10
3.26234e-11
-1.02129e-09
9.83631e-12
-1.01626e-07
-9.06154e-09
1.40598e-07
-4.35249e-07
4.5185e-08
-8.36328e-07
1.04667e-08
-9.91839e-07
4.18851e-08
-9.96669e-07
8.91665e-08
-9.55079e-07
1.61023e-07
-1.28385e-07
1.54148e-06
3.89527e-08
-8.77924e-08
6.88295e-08
-8.8043e-08
9.23649e-08
-1.21697e-07
1.3097e-07
-1.45899e-07
1.27638e-07
-1.45548e-07
1.82406e-07
-5.39504e-08
3.98255e-07
-2.75639e-07
4.45157e-07
1.72908e-07
3.88057e-07
6.53915e-07
3.55307e-07
1.8623e-07
3.63567e-07
-2.91651e-07
4.42613e-07
-3.07886e-07
4.76052e-07
-1.34526e-07
4.74985e-07
1.3431e-07
6.04134e-07
3.96132e-07
7.14697e-07
-1.9276e-07
1.28855e-07
-1.28817e-07
3.81896e-09
-8.19577e-09
5.74659e-11
-1.22166e-11
-4.80791e-12
5.53064e-11
-2.6845e-11
1.55299e-11
-5.03745e-11
1.84596e-12
-6.78076e-09
-2.38837e-09
-3.79618e-07
-7.29647e-08
1.46562e-07
-1.04883e-06
4.87635e-08
-8.94034e-07
4.99764e-08
-9.97882e-07
9.45077e-08
-9.9961e-07
-1.30527e-08
-2.08248e-08
1.52842e-06
2.8609e-08
-1.03297e-07
4.44972e-08
-1.03876e-07
5.51017e-08
-1.32302e-07
8.53181e-08
-1.76159e-07
4.88135e-08
-1.09073e-07
1.39138e-07
-1.44274e-07
3.789e-07
-5.154e-07
4.58616e-07
9.31916e-08
4.5661e-07
6.56843e-07
5.07513e-07
1.35575e-07
5.46991e-07
-3.32186e-07
5.07968e-07
-2.70171e-07
4.50557e-07
-7.70396e-08
5.10913e-07
7.35464e-08
7.06108e-07
2.00454e-07
3.30987e-07
-2.48172e-07
7.37749e-09
-2.2026e-08
-3.93476e-11
-8.11214e-10
-3.35199e-11
2.41451e-11
-1.10216e-11
2.82732e-11
-7.90863e-12
5.56502e-12
-1.26696e-11
2.47778e-12
-2.18729e-09
-1.92061e-10
-5.08603e-08
-6.95741e-09
8.93435e-08
-2.45006e-07
1.42673e-07
-8.90099e-07
8.07437e-08
-9.35952e-07
8.37023e-08
-1.00257e-06
1.9489e-07
-1.32013e-07
1.72331e-06
1.62287e-08
-1.00314e-07
2.55752e-08
-1.13032e-07
4.90017e-08
-1.5573e-07
5.47198e-08
-1.81879e-07
6.69314e-08
-1.21285e-07
1.80749e-07
-2.58091e-07
2.66158e-07
-6.00809e-07
4.00943e-07
-4.15931e-08
4.83689e-07
5.74099e-07
5.93716e-07
2.47897e-08
5.96286e-07
-3.35521e-07
5.18976e-07
-1.93848e-07
5.18116e-07
-7.6461e-08
6.08245e-07
-1.69515e-08
5.25984e-07
1.29281e-08
2.29908e-08
-6.87587e-08
7.21278e-10
-1.28894e-09
-9.62406e-12
-4.07936e-11
-2.12892e-11
8.59953e-11
-3.06979e-12
9.12118e-12
-3.68181e-13
8.87346e-13
-7.86884e-13
-7.28592e-15
-1.84202e-10
-1.09894e-11
-6.64316e-09
-4.77921e-10
-2.36574e-07
-1.42198e-08
2.62582e-07
-3.55497e-07
1.77353e-07
-8.12111e-07
1.30269e-07
-9.55484e-07
1.64708e-08
-1.82152e-08
1.73979e-06
-9.88359e-08
1.64871e-06
-9.89277e-08
-1.94149e-08
-1.92672e-07
-8.63035e-07
1.24605e-07
-1.17657e-06
9.3161e-09
-1.55921e-07
3.40901e-10
-4.48507e-09
2.61753e-12
-1.55865e-10
1.16203e-14
-2.16333e-13
6.65587e-15
7.85387e-16
7.58168e-14
9.24341e-14
-1.43484e-12
5.20509e-13
-5.91424e-12
-3.58509e-12
-1.97399e-10
-1.52175e-11
-2.58394e-09
-2.38367e-10
-6.87168e-08
-4.13128e-09
-1.74092e-07
2.40639e-08
-2.63611e-07
2.3144e-08
-3.26479e-07
-4.55677e-08
-2.96318e-07
-1.82882e-07
-3.01811e-07
-3.39674e-07
-2.32484e-07
-2.78717e-07
-1.08507e-07
4.44068e-07
-4.83689e-08
-1.72093e-08
-8.80732e-08
-5.35668e-07
-3.54776e-08
-3.34639e-07
1.61719e-08
-2.00325e-07
-1.74985e-09
-1.7095e-07
2.6076e-09
-1.73123e-07
1.2135e-08
-1.49346e-07
-1.06343e-07
1.01849e-08
-1.27845e-07
1.44706e-06
-1.1059e-07
-3.66698e-08
-2.54426e-07
-7.05218e-07
1.43471e-07
-7.30148e-07
4.30058e-09
-1.70469e-08
1.46427e-10
-4.33724e-10
2.7578e-13
-1.02973e-11
1.00507e-15
-4.4371e-16
2.5671e-16
-6.52589e-18
5.3032e-15
8.12428e-14
2.60886e-14
2.45823e-13
-7.34935e-13
-9.60479e-13
-1.58164e-11
-7.59343e-13
-2.42337e-10
-1.5316e-11
-4.16846e-09
-2.527e-10
-2.05361e-08
-2.19624e-10
-6.21434e-08
-5.80801e-10
-1.66154e-07
-7.62837e-09
-3.08339e-07
-7.6915e-08
-2.996e-07
-3.48373e-07
-2.79288e-07
-2.9905e-07
-1.06504e-07
2.70977e-07
2.35499e-08
-1.47638e-07
-1.72074e-08
-4.9487e-07
-2.34671e-08
-3.28372e-07
7.68614e-09
-2.31474e-07
2.43181e-10
-1.6363e-07
-2.42466e-10
-1.72873e-07
6.15661e-09
-1.5582e-07
-1.148e-07
1.41595e-08
-1.57068e-07
1.03903e-06
-9.8093e-08
-9.56438e-08
-2.7385e-08
-7.0143e-07
9.35112e-09
-1.87945e-07
2.9428e-10
-7.99983e-09
8.13041e-12
-1.43861e-10
7.10877e-15
-2.22282e-12
7.9252e-16
1.15183e-15
-5.48159e-16
1.17981e-15
9.71806e-15
6.72632e-14
1.0468e-13
1.44509e-13
-1.65431e-13
-4.76936e-13
-1.05098e-12
-5.33509e-13
-9.17891e-12
-8.12223e-12
-2.18262e-10
-4.5739e-11
-5.0561e-10
2.68092e-11
-1.08778e-09
-6.56201e-13
-8.60982e-09
-1.00182e-10
-9.52377e-08
-3.48088e-09
-3.33916e-07
-7.31268e-08
-3.15551e-07
-2.79829e-07
-7.39942e-08
2.69805e-08
9.60305e-08
-3.18329e-07
1.52519e-08
-4.13721e-07
-2.99984e-08
-2.83035e-07
-2.94141e-08
-2.31947e-07
-6.99539e-09
-1.86132e-07
-2.34201e-09
-1.777e-07
2.35693e-09
-1.60557e-07
-1.30765e-07
1.77285e-08
-3.28584e-07
3.78483e-07
-2.28895e-07
-1.97844e-07
1.37201e-07
-8.15094e-07
6.94499e-09
-6.10038e-08
1.32873e-10
-1.18185e-09
2.06775e-12
-1.30489e-11
1.70618e-15
-1.50335e-13
-2.09957e-16
2.72456e-15
-1.38812e-15
1.96273e-15
1.21426e-14
4.21814e-14
6.56521e-14
7.44194e-14
5.16942e-15
-1.27449e-13
-1.46617e-13
-1.03573e-13
-7.59476e-12
-8.28481e-12
-1.97264e-11
-6.40358e-11
-1.52433e-11
6.23115e-12
-1.83184e-11
1.89293e-12
-1.1568e-10
-2.91611e-12
-3.5693e-09
-2.58111e-11
-7.63838e-08
-2.85934e-10
-2.21831e-07
-7.02195e-09
-2.65871e-08
-8.01455e-08
7.83309e-08
-3.01113e-07
-3.97813e-08
-1.91629e-07
-4.5893e-08
-2.4072e-07
-4.01768e-08
-1.68322e-07
-1.25282e-08
-1.86199e-07
-7.42411e-11
-1.46236e-07
5.19972e-09
-1.37799e-07
-1.17194e-07
2.02377e-08
-5.42475e-07
-2.11791e-07
-2.73247e-07
-1.83598e-07
1.03229e-08
1.58765e-14
1.19503e-09
2.68236e-13
1.40875e-11
1.76674e-14
1.512e-13
7.48976e-15
-4.87654e-17
5.22597e-16
2.16918e-17
6.22858e-16
-1.56753e-15
1.0391e-15
5.54284e-15
1.15707e-15
3.14308e-14
2.65001e-14
5.81774e-15
-6.41949e-15
4.39584e-14
8.82293e-15
-1.71235e-11
-5.56992e-12
-1.73334e-11
-1.08922e-11
-1.01958e-11
2.95719e-11
-9.66978e-12
8.35068e-13
-9.84622e-12
-3.24973e-12
-2.38783e-11
-1.21066e-11
-2.99969e-10
-9.45404e-12
-7.29038e-09
-3.24748e-11
9.86067e-09
-6.72038e-10
1.85235e-08
-1.07475e-09
-3.80425e-08
-1.45913e-08
-1.0873e-08
-2.4019e-10
-2.26644e-08
-2.8562e-14
-8.89531e-09
-1.56287e-14
-3.91221e-09
-8.56398e-15
9.02259e-10
-6.37179e-15
-5.45265e-15
9.33532e-09
-2.35069e-07
-4.42301e-15
5.59467e-15
-2.05514e-16
3.29445e-14
-2.62297e-16
1.82725e-16
-1.6296e-14
-4.67373e-16
-7.64274e-18
-4.98334e-16
2.36816e-17
-6.4446e-18
-6.61376e-18
-2.97606e-17
1.39677e-16
-1.30709e-16
9.69299e-16
9.64211e-16
-3.51781e-17
1.09234e-14
1.21768e-14
2.36754e-15
2.00045e-14
2.90761e-14
4.00357e-14
1.25366e-14
2.55165e-13
-1.8763e-11
-1.39703e-11
-7.62011e-12
3.65366e-11
-7.8937e-12
5.57515e-13
-7.29571e-12
-4.34515e-12
-7.34839e-12
-1.25795e-11
-1.12652e-11
-5.24736e-12
-2.44083e-11
-2.06306e-11
9.80341e-12
-7.03215e-10
2.13633e-11
-1.01484e-09
2.40152e-10
-1.90087e-13
-5.13327e-16
-1.1123e-14
-1.20151e-15
-1.55359e-14
-7.12457e-16
-1.12552e-14
-3.48041e-16
-7.38555e-15
1.13117e-16
-6.68589e-15
-5.27341e-15
3.68668e-16
-1.97384e-17
-4.49498e-15
-8.84482e-17
-1.14213e-16
-1.23715e-15
8.77146e-16
-8.7714e-20
-1.75222e-14
3.32211e-18
-1.14353e-17
-7.06507e-19
-1.3988e-17
-1.14299e-17
-1.12211e-17
-6.40482e-17
5.09318e-17
-8.89605e-16
1.12702e-15
3.33564e-15
3.31194e-15
7.16141e-15
8.04784e-15
1.5167e-14
1.9008e-14
-1.5691e-12
4.47268e-13
9.2436e-14
3.80054e-13
-1.5285e-11
-3.49129e-12
-6.47151e-12
3.10813e-11
-4.40642e-12
-4.55474e-13
-1.22437e-11
-8.75763e-12
-6.50752e-12
-4.77327e-11
-4.565e-12
-6.3449e-12
-2.27455e-11
-4.21386e-12
-4.94297e-10
-6.32139e-12
-2.3686e-14
-1.66992e-12
-1.49546e-14
-8.7479e-17
-8.73735e-15
-4.34692e-14
-2.8202e-15
-7.73857e-14
-3.65092e-16
-1.9471e-14
5.70895e-16
4.27473e-15
1.57286e-15
-6.09206e-15
-5.3375e-15
1.82077e-15
-1.19627e-16
-5.84774e-15
-1.96732e-16
7.5805e-16
-8.96221e-15
9.27346e-15
-4.15549e-18
-2.64869e-14
-2.61179e-18
-9.14821e-18
-2.66543e-18
-1.53435e-17
-1.67413e-17
-9.5106e-18
-7.17558e-17
4.25332e-17
-6.09296e-16
1.00261e-15
3.92392e-15
-4.20433e-16
4.81053e-15
6.21656e-15
4.89438e-15
2.06567e-14
-1.78031e-12
7.60247e-12
8.53234e-13
-3.18006e-12
-5.13775e-12
-5.69852e-13
2.59895e-12
2.70567e-11
4.01556e-12
-2.50767e-13
9.77521e-12
-1.96687e-11
1.0199e-11
-4.60975e-11
2.82502e-12
-2.2873e-11
2.44335e-12
-3.78372e-12
-2.40026e-13
-3.61617e-12
-8.99772e-14
-1.18446e-12
-9.78479e-14
2.32557e-14
-1.86845e-13
-1.21066e-15
-4.36815e-14
-5.54327e-13
-1.97514e-15
-9.65244e-14
4.42657e-15
-4.96998e-14
1.55027e-14
-8.95523e-14
-6.66752e-14
1.12455e-14
-1.16462e-15
-1.59554e-14
-1.60206e-14
1.62451e-14
-1.27476e-13
1.14497e-13
-2.19549e-18
-1.67142e-12
-3.19708e-18
-8.70327e-18
-2.87534e-18
-1.43517e-17
-1.65302e-17
-7.82216e-18
-5.9214e-17
2.74815e-17
-9.31711e-17
6.79905e-16
2.23252e-15
-2.9355e-15
3.30175e-15
4.86388e-15
1.16025e-14
1.31587e-14
1.70387e-12
1.87512e-10
-1.532e-13
-1.48023e-11
7.31985e-15
-4.23472e-13
6.00943e-12
-2.06869e-14
5.79495e-12
-3.34944e-15
3.69053e-11
-2.20237e-11
4.18729e-11
-4.81081e-11
2.62419e-11
-5.03277e-11
-1.9154e-12
-2.64502e-11
-9.52523e-13
-4.3901e-12
-2.78792e-13
-1.63495e-12
-1.70251e-13
-6.29735e-14
-3.56095e-13
1.67159e-13
-3.39702e-14
-3.59495e-13
-2.65731e-14
-1.18401e-13
-3.59279e-15
-8.41929e-14
1.59636e-14
-1.85846e-13
-1.09775e-13
2.28283e-14
-5.09057e-14
9.38261e-15
-1.01314e-12
1.94498e-13
-4.21916e-13
-1.27782e-11
-1.92511e-18
-2.83554e-12
-2.98966e-18
-8.33839e-18
-2.57387e-18
-1.26625e-17
-1.61481e-17
-5.46828e-18
-5.23372e-17
1.7446e-17
8.04343e-18
4.60841e-16
1.48336e-15
-8.11803e-15
2.21015e-15
3.89602e-15
6.02809e-15
1.09922e-14
1.27547e-11
2.11654e-10
2.44778e-14
-2.77998e-11
4.15647e-14
-6.83888e-13
1.25573e-13
-6.5427e-14
1.5898e-13
-3.4772e-15
5.31052e-11
-8.20418e-12
5.49183e-11
-4.71865e-11
4.42755e-11
-3.86153e-11
1.99508e-12
-4.74873e-11
-3.7317e-12
-5.88474e-12
-5.30193e-12
-3.87583e-12
-1.70147e-12
-9.34146e-12
-3.69431e-13
-1.25765e-12
-5.47235e-14
-1.94366e-13
-3.59413e-14
-1.51888e-13
-3.12054e-14
-6.11167e-14
-3.57702e-14
-2.80001e-13
-2.7011e-13
3.42659e-16
-4.89873e-13
-8.40494e-13
-5.63293e-12
5.0432e-13
-2.56388e-13
-3.35271e-11
-1.48253e-18
-2.29551e-16
-2.57873e-18
-7.99166e-18
-1.86565e-18
-1.05337e-17
-1.2887e-17
-3.05167e-18
-4.99727e-17
8.30792e-18
6.51842e-18
3.18039e-16
1.31556e-16
-7.86192e-15
8.63842e-16
2.84466e-15
4.22034e-15
9.81456e-15
3.06012e-11
2.3699e-10
4.82094e-15
-3.21864e-11
-4.43169e-14
-1.0812e-12
7.61788e-13
-2.24138e-13
7.7492e-13
-7.77091e-16
5.01494e-11
8.51772e-14
4.81395e-11
-4.38781e-11
3.55282e-11
-2.48378e-11
1.37834e-11
-2.46983e-11
-1.48442e-12
-1.43964e-12
-6.57361e-12
-6.76972e-13
-1.80772e-11
-1.8028e-11
-6.45741e-13
-3.25185e-11
-1.199e-13
-7.31091e-13
-6.74746e-14
-2.20064e-13
-3.97579e-14
-8.18385e-14
-4.57152e-14
-1.41354e-13
-1.2486e-13
2.14844e-14
-9.22928e-13
-6.10376e-12
-4.57374e-12
-2.73148e-12
-4.62348e-16
-4.28434e-11
-4.97421e-19
-7.4168e-16
-2.08323e-18
-7.1886e-18
-1.06246e-18
-8.24782e-18
-6.36507e-18
-2.42431e-18
-2.63129e-17
1.96634e-18
9.05741e-18
1.17014e-16
-4.4078e-16
-5.72254e-15
7.251e-16
1.62544e-15
1.4439e-15
1.01128e-14
5.39735e-11
2.51801e-10
1.77215e-12
-2.26041e-11
-3.69445e-14
-6.54644e-13
7.29019e-13
-1.87193e-13
7.2586e-13
3.76124e-15
3.73963e-11
3.03275e-12
4.37519e-11
-4.72987e-11
3.59745e-11
-1.58068e-11
2.60073e-12
-7.29357e-12
7.76731e-14
-1.56331e-13
-2.79778e-13
-1.9106e-13
-1.7136e-11
-5.913e-12
-6.91391e-12
-4.35987e-11
-5.99414e-13
-7.01874e-12
-4.00471e-13
-3.83084e-13
-1.84894e-13
-4.08364e-13
-2.14874e-13
-1.11676e-13
-9.47627e-14
-2.43769e-13
-1.25999e-12
-1.66254e-12
-3.22341e-12
-7.30853e-12
-1.01764e-14
-5.18852e-11
-4.50618e-19
-1.09193e-14
-1.57539e-18
-6.26022e-18
-8.53419e-19
-5.75513e-18
-7.71541e-18
-8.5667e-19
-3.67151e-17
2.93953e-19
7.8104e-18
1.0462e-16
-2.68313e-16
-5.76269e-16
1.064e-14
5.29536e-16
5.21858e-11
5.32438e-10
7.93969e-11
2.94243e-10
4.91786e-14
-5.78906e-12
-9.67286e-14
-3.75423e-13
3.36153e-14
-7.90646e-15
3.38352e-14
1.21631e-15
3.18784e-11
1.22088e-11
2.74619e-11
-2.1982e-11
9.21384e-12
-4.7096e-12
1.39759e-13
-1.60782e-13
1.70839e-13
1.71088e-14
1.83674e-13
1.78924e-15
-1.33954e-11
-8.3378e-12
-2.56919e-11
-2.57264e-11
-3.06762e-12
-9.45927e-12
-1.25867e-12
-3.59732e-13
-2.50578e-13
-9.59418e-14
-2.85657e-13
-7.78991e-14
-6.00851e-14
-3.20396e-13
7.73888e-15
-6.17227e-22
-3.8258e-13
-6.27697e-12
-2.81556e-14
-1.95473e-12
-7.18821e-19
-5.12485e-14
-1.05608e-18
-5.94687e-18
-3.02469e-19
-3.50137e-18
-2.26365e-18
-4.30686e-19
-1.27045e-17
-2.34708e-19
4.30922e-18
1.78906e-17
-9.72796e-17
-2.75042e-17
5.85269e-15
-1.18528e-16
1.27041e-10
2.02108e-10
7.03738e-11
1.39685e-10
3.35407e-13
6.82714e-14
1.33096e-14
-7.64937e-14
2.94314e-15
-2.5691e-16
6.84082e-16
8.73598e-16
1.93081e-11
4.24439e-11
4.21244e-12
-1.15996e-11
2.62891e-13
-2.5813e-13
2.28083e-13
5.51643e-14
1.83349e-13
2.79047e-13
1.82746e-13
1.06421e-13
-2.04816e-11
1.27542e-12
-6.68844e-11
2.5651e-11
-3.18672e-12
-2.13072e-11
-1.46501e-12
-3.18752e-13
-2.99307e-13
4.29173e-14
-3.37536e-13
-3.9792e-14
-1.88945e-14
-3.78867e-13
6.60637e-22
-1.27807e-21
1.44763e-12
-7.30997e-12
2.99912e-16
-4.56235e-13
-3.44299e-19
-4.61458e-15
-6.1424e-19
-5.80746e-18
-1.51344e-19
-1.73875e-18
-1.14041e-18
-2.01888e-19
-5.8956e-18
-2.79551e-19
1.87473e-18
5.92877e-19
-4.72783e-17
-8.98141e-18
2.43261e-14
-2.45173e-14
7.50513e-11
6.09233e-12
7.5763e-12
-4.69061e-12
8.79754e-14
-1.02411e-13
1.71195e-14
-1.02062e-14
1.4637e-14
3.22874e-16
5.2281e-12
1.18376e-10
2.39142e-11
4.26516e-11
-2.35865e-13
-1.53379e-12
1.18752e-13
-9.20743e-14
1.34566e-13
3.29166e-13
1.00567e-13
6.04898e-13
3.37721e-13
1.45852e-13
-8.87637e-12
1.21411e-11
-4.44229e-11
6.53109e-11
-4.66565e-12
-2.33357e-12
-2.42235e-12
-1.39401e-13
-2.81363e-13
2.74919e-14
-3.25073e-13
3.78393e-15
2.97638e-14
-3.73981e-13
2.56357e-19
-2.58141e-19
1.08413e-12
-7.67514e-18
4.60294e-15
-1.42854e-16
-3.11501e-19
-2.10507e-17
-2.90738e-19
-6.52283e-18
-6.9962e-20
-6.77256e-19
-6.13065e-19
-7.65335e-20
-3.82181e-18
-1.80919e-19
6.022e-19
-2.24815e-18
2.44398e-17
-6.6396e-18
8.23529e-14
-3.17174e-14
6.28295e-12
-7.732e-14
8.60542e-13
-9.07469e-14
2.57661e-14
-2.3221e-14
2.7166e-15
-2.42584e-16
2.61079e-16
7.60251e-16
6.08857e-11
2.90909e-10
1.55605e-13
-4.84489e-13
-2.58388e-13
-8.5538e-13
2.01014e-13
-2.01636e-14
5.51509e-13
6.24638e-12
2.03586e-12
1.22391e-11
-1.84192e-12
1.13415e-12
-4.78164e-11
6.52553e-11
-4.91058e-11
7.01295e-11
-7.99041e-12
1.13559e-11
-5.84585e-12
4.35427e-13
-5.34853e-12
1.04605e-12
-3.15011e-12
6.79903e-13
1.36188e-12
-3.43153e-13
1.37762e-19
-1.56592e-18
1.76436e-19
-8.76912e-18
3.29836e-19
-1.43679e-16
-3.18001e-19
-6.96169e-17
-1.07851e-19
-4.5607e-18
-2.59335e-20
-2.36e-19
-2.53151e-19
-2.45892e-20
-2.16202e-18
-7.41195e-20
-5.57096e-18
-1.50377e-18
2.91937e-16
-2.2577e-18
1.56936e-15
-2.30653e-14
1.73901e-13
-2.70286e-13
1.33507e-13
-1.22352e-13
1.50859e-14
1.18742e-14
6.40595e-15
2.60197e-15
1.11967e-10
5.15716e-10
1.40199e-10
3.09978e-10
1.13305e-12
-6.03981e-11
1.56824e-12
-1.48651e-12
1.39661e-12
-4.38181e-15
1.66703e-11
9.82889e-12
2.24464e-11
3.3247e-11
2.69146e-11
7.37841e-12
3.05593e-11
4.50057e-11
9.75736e-12
9.43868e-11
-1.78114e-11
4.23163e-11
-2.1306e-11
3.54622e-11
-4.69362e-12
5.55567e-12
-3.06903e-12
1.59463e-12
5.25724e-12
-1.0332e-11
8.87707e-19
-5.01291e-19
7.46575e-18
-5.02086e-17
1.19638e-17
-1.48104e-16
-2.00968e-19
-5.20638e-17
-3.58282e-20
-2.41213e-18
-8.07893e-21
-1.03681e-19
-7.67366e-20
-6.61566e-21
-8.73337e-19
-1.52602e-20
-5.443e-18
-2.99583e-19
-1.8642e-17
-4.09864e-19
-1.80967e-14
-1.55234e-15
3.47471e-15
-1.40637e-15
4.16305e-14
-3.55121e-14
5.33281e-14
5.94516e-16
5.41691e-10
7.55509e-11
3.5297e-10
7.6122e-10
4.63182e-10
2.52799e-10
2.56243e-12
-1.31181e-11
1.1314e-12
-2.42593e-13
1.06754e-12
7.42078e-15
2.14074e-11
1.38989e-12
5.67154e-11
1.13109e-11
6.30983e-11
1.86954e-11
7.77344e-11
-1.0942e-13
4.12089e-11
7.37585e-11
2.08034e-11
6.63644e-11
-1.03789e-11
6.99865e-11
-3.3477e-12
3.33355e-11
-4.99967e-12
6.32046e-12
1.20124e-11
-8.50439e-12
3.54847e-19
-1.51089e-19
3.9261e-17
-3.28602e-17
1.40478e-17
-7.36659e-17
-9.65462e-20
-2.34247e-17
-1.50286e-20
-1.00308e-18
-2.09519e-21
-3.83126e-20
-1.27127e-20
-2.08224e-21
-1.54435e-19
-4.88219e-21
-2.0298e-18
-6.8998e-20
-2.32814e-17
-5.43855e-20
-1.57826e-15
-2.21079e-17
-5.45763e-15
-5.02435e-16
2.6013e-14
3.15403e-14
2.63032e-14
1.66546e-16
3.69567e-10
4.65124e-11
5.4508e-10
6.60659e-10
1.79746e-10
5.07039e-11
3.46107e-13
-3.59402e-14
4.65719e-14
-3.22436e-15
4.85026e-14
1.53454e-15
1.43216e-12
7.07687e-15
2.07006e-11
1.30147e-13
2.64666e-11
3.0147e-12
1.64065e-11
-8.05555e-13
5.40485e-11
3.95213e-13
8.35381e-11
1.09576e-12
6.98318e-11
5.50536e-12
1.46138e-11
6.13501e-11
1.56649e-12
1.41047e-10
4.33995e-11
-8.95143e-12
7.02458e-20
-2.43079e-20
1.44391e-17
-6.6602e-18
7.41346e-18
-1.70106e-17
-3.62109e-20
-5.91407e-18
-5.30393e-21
-3.18427e-19
-6.3221e-22
-1.14022e-20
-3.43713e-21
-5.6077e-22
-3.61399e-20
-1.63758e-21
-4.90845e-19
-1.74286e-20
-6.58529e-18
-1.3496e-20
-7.76777e-17
-2.08519e-18
-1.86736e-15
9.47752e-17
1.0555e-14
2.12e-15
1.0625e-14
7.37115e-17
3.49403e-11
1.69544e-13
2.10366e-10
5.04039e-12
6.04004e-12
-5.03079e-12
6.33963e-15
-3.07657e-14
1.02246e-15
-4.41041e-16
2.09336e-15
3.06494e-16
8.61216e-15
5.35849e-16
1.35881e-13
3.69471e-15
1.21217e-12
8.65399e-15
3.96392e-13
3.2528e-15
7.41307e-13
3.08827e-14
1.74515e-12
7.23764e-14
5.15318e-12
2.67394e-13
1.06244e-10
3.79553e-12
2.12325e-10
1.23742e-10
1.39999e-10
1.22106e-10
1.01427e-20
-2.52709e-21
3.63245e-18
-1.01983e-18
1.73234e-18
-4.59477e-18
-1.02428e-20
-1.55037e-18
-1.5052e-21
-8.33963e-20
-1.6212e-22
-2.59013e-21
-1.00254e-21
-1.17127e-22
-9.67778e-21
-4.66803e-22
-1.05666e-19
-4.23031e-21
-1.25199e-18
-4.61685e-21
-2.39337e-17
-1.28273e-19
-1.14073e-16
2.4428e-17
3.31784e-16
1.00782e-16
3.74527e-16
1.27683e-17
1.68174e-13
1.71647e-15
5.03559e-12
6.80016e-14
5.32082e-14
-6.62769e-14
1.33965e-15
-8.66465e-16
2.19287e-16
-3.7555e-17
5.41441e-16
1.10002e-16
5.40478e-16
5.42409e-16
3.84131e-15
3.789e-16
1.61426e-14
-2.83852e-15
1.39302e-14
2.87443e-15
3.66803e-14
6.33497e-15
9.69497e-14
1.04309e-14
2.8471e-13
7.67216e-14
3.8331e-12
1.88507e-13
1.54706e-10
9.74562e-11
1.78925e-10
1.17944e-10
9.80251e-22
-1.68386e-22
4.6833e-19
-7.87867e-20
4.62229e-19
-8.95981e-19
-2.32549e-21
-2.90779e-19
-3.24802e-22
-1.56537e-20
-3.19423e-23
-4.11444e-22
-2.52038e-22
-1.87731e-23
-2.47537e-21
-1.11633e-22
-2.24535e-20
-9.87287e-22
-1.93108e-19
-1.70054e-21
-3.40584e-18
-4.29636e-21
-2.37129e-17
3.45248e-18
5.59864e-17
1.63563e-16
5.28592e-17
8.04791e-18
1.69689e-15
4.05225e-17
6.78796e-14
6.83771e-16
1.49768e-15
-2.20761e-16
5.26745e-16
4.64932e-17
2.86447e-16
2.33149e-17
2.65566e-16
4.09122e-17
6.93827e-14
3.86941e-14
4.41754e-14
7.74e-14
6.54472e-15
1.29993e-14
4.03439e-15
3.07873e-15
4.30169e-15
4.53605e-15
7.94661e-15
5.44341e-15
7.78069e-14
5.64368e-15
6.71898e-11
1.65571e-11
8.48553e-11
1.72093e-10
1.85714e-10
7.90575e-11
6.22939e-23
-7.18709e-24
3.11201e-20
-3.15822e-21
8.83304e-20
-1.15313e-19
-3.65014e-22
-3.46866e-20
-4.86895e-23
-1.82817e-21
-4.77118e-24
-4.11333e-23
-5.3484e-23
-2.35965e-24
-5.87554e-22
-2.1484e-23
-5.26198e-21
-2.03786e-22
-3.50624e-20
-5.6765e-22
-3.7765e-19
3.09438e-21
-3.68374e-18
3.88167e-19
1.02127e-17
2.51454e-17
6.77635e-18
4.1638e-18
2.74892e-17
1.31443e-17
5.96164e-16
1.37374e-16
2.54406e-16
1.92378e-17
2.18959e-16
1.49592e-18
2.29246e-16
2.88964e-18
5.48299e-14
3.88833e-14
1.76588e-13
1.77936e-13
8.85259e-14
1.4659e-13
8.27166e-15
1.51472e-14
5.53454e-15
3.99811e-15
3.64342e-15
4.80895e-15
2.66693e-15
4.92187e-15
3.23371e-15
3.7608e-15
3.89187e-11
3.43803e-11
2.5885e-11
1.86316e-10
1.73325e-10
3.93694e-11
2.55814e-24
-1.9577e-25
1.08663e-21
-6.18517e-23
1.10401e-20
-8.39402e-21
-3.40165e-23
-2.29309e-21
-4.55118e-24
-1.16715e-22
-5.51245e-25
-2.30697e-24
-9.10104e-24
-2.0913e-25
-1.17079e-22
-2.74779e-24
-1.14239e-21
-3.01398e-23
-7.61704e-21
-1.33101e-22
-5.03698e-20
3.93338e-23
-2.32938e-19
4.65739e-20
1.64647e-18
2.66041e-18
4.06271e-18
1.49155e-18
1.87004e-17
3.95811e-18
4.8412e-17
1.42608e-18
1.9891e-16
-8.43602e-17
1.71009e-16
-2.48929e-17
5.64695e-13
-1.37103e-14
1.21488e-12
-4.69415e-14
8.31292e-13
1.37547e-13
3.52723e-14
3.09829e-13
3.23444e-14
1.25667e-14
2.77134e-14
5.06441e-15
1.01432e-11
1.29026e-11
1.24774e-12
9.85353e-12
6.84851e-13
5.65229e-13
3.38714e-11
1.24619e-12
1.27269e-10
6.73017e-11
1.98996e-10
1.02759e-10
6.6661e-26
-3.39159e-27
1.85435e-23
-4.20673e-25
7.66972e-22
-3.08322e-22
-1.65162e-24
-7.44698e-23
-2.34516e-25
-3.58594e-24
-4.42087e-26
-6.30415e-26
-1.01499e-24
-1.18927e-26
-1.57223e-23
-2.20842e-25
-1.75034e-22
-3.07555e-24
-1.25448e-21
-2.201e-23
-7.29324e-21
-7.27956e-23
1.34047e-21
3.15467e-21
3.16892e-19
2.65845e-19
1.92282e-18
1.68793e-19
1.20103e-17
-4.17989e-19
2.63301e-17
-2.42161e-18
1.12632e-15
-4.39435e-16
2.38834e-15
-1.34867e-15
2.07782e-12
-1.74995e-15
3.63659e-12
-1.25515e-13
4.31175e-12
-1.87331e-14
3.84356e-12
4.56379e-13
3.78295e-12
5.16818e-14
8.70924e-12
3.87208e-12
3.29431e-11
1.96889e-11
2.14e-11
3.67177e-11
1.08332e-12
2.09448e-11
9.53312e-13
2.33476e-12
6.58966e-11
5.09686e-12
6.81361e-11
1.38039e-10
1.08163e-27
-3.71502e-29
1.08397e-25
-7.24009e-28
2.61208e-23
-5.02244e-24
-3.65139e-26
-1.02526e-24
-5.67784e-27
-4.43799e-26
-2.21598e-27
-6.8904e-28
-6.93261e-26
-3.83525e-28
-1.36534e-24
-1.01887e-26
-1.85526e-23
-1.95844e-25
-1.55679e-22
-2.28984e-24
-7.82264e-22
-1.91574e-23
1.05763e-21
-1.79144e-22
7.72016e-20
1.21612e-20
9.23613e-19
-6.07652e-20
7.76169e-18
-9.69946e-19
1.22179e-17
-7.69299e-18
3.38541e-15
-1.50754e-17
9.61443e-15
-1.69909e-17
6.28446e-14
-5.17666e-14
8.7405e-13
-3.69397e-13
1.47422e-12
-3.65927e-13
8.24458e-13
2.15518e-14
3.58804e-13
6.26665e-14
3.13356e-12
4.84136e-14
2.18483e-11
8.83129e-13
1.90922e-10
5.84078e-11
8.68293e-11
1.36426e-10
1.67381e-11
6.73729e-11
1.25415e-11
1.06187e-11
1.02461e-11
7.14853e-11
1.06233e-29
-2.58408e-31
1.55058e-28
-3.1607e-31
3.76499e-25
-2.9569e-26
-3.00789e-28
-4.71914e-27
-5.25105e-29
-1.67879e-28
-6.01074e-29
-2.21595e-30
-2.60481e-27
-4.24681e-30
-6.89575e-26
-1.72375e-28
-1.22122e-24
-5.07924e-27
-1.26799e-23
-1.02698e-25
-3.97892e-23
-1.77484e-24
2.25007e-22
-4.3774e-23
1.26825e-20
-1.00966e-21
2.24696e-19
-3.81352e-20
2.38515e-18
-8.08799e-19
1.43575e-17
-9.25082e-18
2.4317e-17
-3.7597e-17
2.67734e-17
-2.3723e-17
3.03226e-13
-2.06531e-13
6.2474e-13
-4.26546e-13
3.69503e-13
-2.83957e-13
-2.16145e-14
-1.20305e-14
8.92509e-14
1.51091e-14
2.49429e-13
4.95982e-14
1.15685e-12
1.33714e-13
1.40055e-10
8.22085e-11
1.62737e-10
1.22317e-10
7.34491e-11
1.2415e-10
2.99285e-11
3.95196e-11
1.24725e-11
2.5346e-11
6.09245e-32
-1.17375e-33
5.25043e-32
-7.80828e-34
1.80708e-27
-4.93287e-29
-7.32256e-31
-5.21436e-30
-1.32367e-31
-1.26461e-31
-5.18265e-31
-1.20775e-33
-3.3324e-29
-7.48265e-33
-1.29972e-27
-5.46415e-31
-3.3521e-26
-2.95516e-29
-4.95735e-25
-1.18725e-27
1.70876e-26
-4.42238e-26
1.98613e-23
-2.31722e-24
1.3948e-21
-1.31262e-22
4.22683e-20
-7.14384e-21
7.48614e-19
-2.41737e-19
6.84685e-18
-5.13284e-18
2.23492e-17
-6.9175e-17
2.52969e-16
-2.58742e-16
1.06114e-13
-1.37989e-13
2.48284e-13
-2.82505e-13
-4.8391e-15
-9.91475e-14
2.0027e-14
-1.82036e-14
6.21003e-14
6.27151e-15
1.144e-13
2.65117e-14
1.11235e-10
3.66621e-11
1.25055e-10
9.7006e-11
1.42982e-10
1.16616e-10
1.50926e-10
1.23047e-10
1.48391e-11
3.07362e-11
1.31568e-11
1.26859e-11
1.90388e-34
-3.87607e-36
8.59899e-35
-2.55347e-36
2.06634e-30
-2.45301e-32
-3.32806e-34
-9.61355e-34
-4.76756e-35
-8.52175e-36
-6.02339e-34
-2.91804e-38
-6.81359e-32
-5.80741e-38
-4.69068e-30
-1.43224e-35
-2.15126e-28
-2.76448e-33
-5.69996e-27
-4.31009e-31
6.6131e-28
-6.9046e-29
4.57092e-25
-1.36768e-26
5.11734e-23
-2.77276e-24
2.53174e-21
-3.74217e-22
5.26226e-20
-2.18401e-20
1.60971e-19
-5.31664e-19
-4.41694e-17
-9.31862e-18
-2.83372e-16
-2.02779e-17
-1.23584e-13
-1.70112e-16
-1.67987e-13
-1.86061e-14
-7.00675e-14
-3.79812e-14
-1.53513e-14
-1.87862e-14
2.09288e-13
-1.37785e-15
-1.23435e-11
4.89401e-12
-1.13643e-11
5.44228e-11
1.26799e-11
7.87041e-11
6.92286e-12
8.60129e-11
1.62179e-12
4.696e-11
6.7938e-12
2.26054e-11
1.07078e-11
7.95166e-12
2.34425e-37
1.0535e-37
4.03868e-34
-6.241e-39
-3.98322e-40
-1.68754e-39
-6.42652e-37
-1.52434e-34
-2.58676e-32
-2.91969e-30
-1.14721e-28
2.81174e-28
5.60823e-26
-8.59807e-22
-7.7543e-20
-1.48686e-18
-9.30513e-18
-9.37557e-19
-1.70295e-16
-1.87733e-14
-3.00482e-14
1.22931e-14
2.64436e-13
8.41056e-13
-2.40298e-12
-3.7389e-12
9.8508e-12
2.23233e-12
3.65771e-12
2.21915e-12
6.8928e-09
-9.70243e-08
1.77371e-08
-1.23895e-07
3.10195e-08
-1.69023e-07
8.62613e-09
-1.59489e-07
5.97894e-08
-1.72451e-07
1.10986e-07
-3.09287e-07
6.56906e-08
-5.5551e-07
1.40531e-07
-1.16436e-07
2.28368e-07
4.86266e-07
3.00511e-07
-4.7631e-08
2.92247e-07
-3.27585e-07
2.92304e-07
-1.94291e-07
3.19407e-07
-1.04029e-07
2.74735e-07
-5.11273e-08
7.82365e-08
-5.34593e-08
1.08413e-09
-8.62114e-09
7.61148e-11
-2.90954e-10
4.81218e-13
9.71886e-12
-7.90537e-12
4.64206e-11
-5.49924e-13
1.62401e-12
-6.69297e-15
1.57734e-13
-5.1889e-14
-3.20857e-15
-9.02415e-12
-2.37795e-12
-3.52544e-10
-1.33974e-10
-9.98994e-09
-4.52498e-09
-1.23664e-07
-1.56577e-07
1.93188e-07
-1.17652e-06
9.87257e-08
-8.61021e-07
9.84282e-08
-1.79177e-08
1.64619e-06
2.07458e-08
-1.03974e-07
3.01792e-08
-1.33497e-07
3.15254e-08
-1.70393e-07
2.16005e-08
-1.49631e-07
5.19316e-08
-2.02783e-07
5.01866e-08
-3.07538e-07
9.46392e-09
-5.14752e-07
1.14987e-07
-2.21956e-07
2.58042e-07
3.43221e-07
3.3479e-07
-1.25229e-07
3.39637e-07
-3.33025e-07
3.59128e-07
-2.14461e-07
3.06612e-07
-9.72569e-08
8.94843e-08
-1.11728e-08
8.80658e-09
-9.276e-09
2.88908e-10
-1.38499e-10
1.62881e-12
-6.11472e-12
-1.90762e-12
2.40056e-12
-1.54113e-12
1.46427e-11
-1.11024e-13
1.55079e-13
-1.41436e-16
2.08436e-14
-3.81142e-15
8.71573e-16
-2.38311e-12
-1.36374e-13
-1.26051e-10
-1.03607e-11
-4.24145e-09
-4.83217e-10
-1.4294e-07
-1.84784e-08
2.55182e-07
-7.32479e-07
1.10132e-07
-7.01839e-07
1.27291e-07
-3.50765e-08
1.44444e-06
3.2309e-08
-1.1902e-07
3.86116e-08
-1.40316e-07
3.387e-08
-1.6567e-07
5.33993e-08
-1.69421e-07
5.74227e-08
-2.06754e-07
1.7276e-08
-2.67338e-07
-5.64293e-08
-4.40758e-07
6.82758e-08
-3.4663e-07
2.9607e-07
1.1544e-07
3.7745e-07
-2.0657e-07
3.36732e-07
-2.74609e-07
1.96285e-07
-6.54227e-08
5.23153e-08
-9.65576e-09
9.3506e-09
-7.50455e-10
1.44602e-10
-6.97337e-11
7.19812e-12
-1.3289e-12
5.39161e-13
2.65412e-13
-1.07075e-12
3.49812e-13
-1.1361e-13
6.19531e-13
-1.62247e-14
3.27378e-14
-1.22163e-17
5.07672e-15
-1.01835e-15
2.5945e-15
-1.16385e-13
-2.00275e-14
-8.37591e-12
-2.04184e-12
-3.1258e-10
-1.741e-10
-1.07789e-08
-8.02669e-09
2.81142e-08
-1.92375e-07
9.72185e-08
-6.94756e-07
1.57332e-07
-9.51888e-08
1.03497e-06
3.38822e-08
-1.07194e-07
4.40296e-08
-1.25807e-07
3.83686e-08
-1.26882e-07
5.82394e-08
-1.69575e-07
5.85619e-08
-1.6114e-07
6.33529e-08
-2.49145e-07
-6.98263e-08
-2.32156e-07
9.84162e-09
-3.23714e-07
2.68824e-07
-1.13279e-07
2.61361e-07
-1.20415e-07
6.19054e-08
-1.68659e-08
1.04497e-08
-4.91268e-10
8.11368e-10
-1.71198e-11
6.13581e-11
-6.42898e-13
1.44416e-12
-1.00356e-11
1.96548e-13
-3.52032e-13
6.3763e-14
4.81808e-14
-2.67443e-13
4.624e-13
-1.79414e-14
3.6848e-13
-2.31768e-14
4.30254e-14
-7.86824e-17
1.2731e-13
-4.75673e-17
3.51293e-15
-1.85012e-14
-8.05067e-16
-1.90491e-12
-1.43321e-13
-1.58738e-10
-1.57172e-11
-6.99749e-09
-1.18057e-09
-1.3955e-07
-6.12448e-08
2.27825e-07
-8.19247e-07
3.29882e-07
-1.9999e-07
3.73028e-07
1.63696e-08
-5.72597e-15
2.73957e-08
-7.67859e-15
2.26359e-08
-4.95634e-15
3.40687e-08
-2.46067e-15
1.42165e-08
-1.36627e-11
5.62663e-08
-1.32431e-09
-3.61035e-09
-3.17488e-08
-9.96964e-09
-5.99669e-13
6.00751e-08
-5.28185e-11
1.73625e-08
-9.89505e-11
5.09542e-10
-1.39757e-11
1.82089e-11
-3.16491e-13
1.13075e-12
-3.63986e-13
1.23315e-12
-1.08059e-12
1.51497e-12
-1.24169e-11
5.65484e-13
-1.95039e-12
4.58021e-14
2.41155e-13
-6.45356e-14
3.05132e-13
-4.99352e-14
3.41599e-13
-5.33772e-14
2.63518e-14
-4.59454e-16
8.14215e-14
-6.87605e-18
4.15789e-15
-7.57547e-16
-1.03301e-16
-1.44601e-13
3.96453e-16
-1.70229e-11
7.3873e-15
-1.1971e-09
1.73705e-14
-1.06703e-08
2.3218e-13
2.75579e-07
1.1145e-14
5.4372e-07
-1.86399e-07
-2.12356e-07
5.74704e-16
-3.28709e-15
8.46996e-16
-3.88981e-15
1.12325e-15
-3.65915e-15
9.8755e-16
-3.5082e-15
-1.36623e-11
-2.16571e-16
-1.33797e-09
-1.125e-14
-3.76323e-14
-1.48429e-13
-4.24474e-13
-1.34267e-12
1.3937e-12
-5.58322e-11
3.52049e-12
-1.01885e-10
4.19893e-13
-1.11171e-11
1.89166e-13
-3.48892e-13
4.9037e-13
-9.70213e-13
2.66121e-12
-5.02657e-12
4.49388e-12
-1.16336e-11
3.09896e-12
-4.33197e-12
-5.34025e-14
8.16998e-13
-2.92941e-14
1.47359e-13
-1.49466e-14
3.14481e-13
-2.72712e-14
2.05778e-14
-1.0324e-16
6.17941e-14
1.47354e-16
4.37946e-15
1.46398e-18
-3.77548e-17
4.66205e-16
-2.48705e-18
5.78091e-16
2.10005e-17
-3.27139e-17
-1.30045e-17
-2.80501e-14
-1.89469e-14
-3.94483e-15
-3.42982e-16
2.30475e-07
-2.04567e-16
-4.10817e-15
1.67415e-15
-2.77585e-15
1.91795e-15
-1.78708e-15
2.19376e-15
-8.1761e-16
2.221e-15
-3.39e-15
1.9513e-15
-1.29673e-15
7.30553e-16
-1.08736e-14
-1.5069e-13
-8.04042e-16
-2.99929e-12
-8.05657e-13
5.70268e-12
-5.70861e-11
1.37333e-11
-6.69359e-11
1.85464e-13
-1.42324e-12
-8.39211e-14
-3.71419e-13
1.0368e-12
-4.7621e-12
4.22572e-12
-5.66129e-12
3.11981e-12
-8.0563e-12
1.94564e-12
-4.11255e-13
-1.63379e-14
2.7198e-13
-1.56659e-14
8.26397e-14
-7.18599e-15
2.96099e-13
-7.43443e-15
9.82452e-15
-2.00974e-16
7.9753e-15
2.68305e-16
3.85413e-15
4.89455e-18
-3.3925e-17
2.50234e-19
-4.50882e-18
-1.96828e-18
-2.24454e-17
1.02223e-19
-1.53545e-17
1.33745e-15
-2.02705e-14
1.16044e-16
9.13354e-16
1.88395e-17
-8.95896e-17
-4.18559e-15
4.47014e-15
7.46589e-17
7.2038e-15
-3.91056e-15
6.83903e-15
1.43073e-15
1.50956e-14
-1.72471e-14
7.17179e-15
5.86968e-15
7.35292e-15
-1.49258e-14
-2.35395e-15
5.40814e-16
-3.35074e-12
-4.72131e-14
-1.33306e-11
-1.06283e-11
-7.23e-12
-1.91258e-11
-2.44455e-12
-6.82411e-13
-2.00449e-12
-2.78816e-13
2.56941e-13
-3.05357e-12
1.14251e-12
-8.3579e-14
7.43206e-13
-1.12914e-13
-1.91646e-14
-2.05486e-14
-9.23284e-15
-1.68291e-14
-1.17933e-14
1.46659e-13
-4.91444e-14
4.09499e-13
-2.59869e-15
1.13504e-14
-5.6385e-17
1.76604e-14
1.26908e-16
1.24472e-15
7.20098e-18
-1.45222e-17
1.39676e-18
-3.17838e-18
2.95102e-18
-2.28205e-17
6.12585e-18
-1.17073e-17
1.04214e-14
-3.06253e-14
6.29532e-16
1.07868e-14
9.11669e-17
6.52937e-16
-5.4669e-15
3.32725e-14
-9.9096e-14
8.92668e-14
-1.18259e-13
1.74695e-13
-4.72767e-13
2.80061e-13
-9.43337e-13
2.02759e-13
-4.13815e-13
4.62172e-14
-7.81566e-14
-1.03458e-14
4.82587e-14
-2.64602e-14
4.90463e-16
-8.97291e-12
-1.63904e-12
-6.8468e-12
-7.74194e-12
-5.35124e-12
-2.59838e-12
-2.01068e-12
-2.52654e-12
-7.37507e-15
-2.90251e-13
-2.69756e-15
-8.00471e-14
-7.59732e-15
-9.75817e-14
-1.33867e-14
-1.32656e-15
-1.35607e-14
2.65818e-15
-1.59897e-14
1.81758e-13
-5.61794e-14
2.45881e-13
5.00058e-15
-3.01346e-14
-1.1023e-16
9.74396e-15
4.40516e-17
3.35325e-16
3.78382e-18
-1.0355e-17
1.29312e-18
-2.13315e-18
3.14315e-18
-1.96055e-17
2.31418e-18
-1.12515e-17
1.30312e-13
-1.60279e-12
2.68672e-14
1.04243e-13
1.39323e-15
2.62244e-14
2.35187e-14
3.95275e-15
-2.23325e-13
-1.20676e-13
-6.55226e-13
-3.31981e-13
-1.02124e-12
-3.99878e-13
-8.6449e-13
-4.95884e-13
-3.05679e-13
-8.05748e-13
2.45158e-13
-2.04097e-13
4.90947e-13
-4.36804e-13
2.74991e-13
-2.43252e-12
-1.24713e-12
-6.10836e-12
-4.75931e-12
-5.41938e-12
-4.10326e-12
-1.20426e-13
-2.00894e-13
-3.3713e-14
-3.73159e-13
-2.75015e-14
-7.77684e-14
-7.46643e-14
-2.30995e-14
-2.45568e-14
1.9749e-14
-2.72512e-14
3.03046e-14
-2.14484e-14
1.99035e-13
-2.82976e-14
2.47131e-13
3.1251e-15
-5.6123e-14
-4.57041e-17
-4.58307e-16
2.7995e-17
1.75289e-16
2.95929e-18
-4.58075e-18
9.29484e-19
-1.29132e-18
2.69297e-18
-1.69436e-17
1.62803e-18
-1.08937e-17
4.33755e-13
-3.43558e-13
1.58396e-12
-2.40314e-11
7.91881e-14
1.60816e-13
-4.03507e-14
-7.93751e-14
-1.42953e-13
-1.20678e-12
-6.39138e-13
-1.4294e-12
-7.92745e-13
-1.99098e-12
-2.91498e-13
-2.3272e-12
4.78698e-14
-8.66339e-13
3.49284e-13
-7.25648e-13
2.58713e-13
-6.27884e-12
1.88896e-12
-6.61997e-12
-9.25379e-14
-7.15909e-12
-3.08839e-12
-1.91274e-13
-2.68989e-13
-3.29754e-13
-6.99527e-13
-2.58407e-13
-1.6811e-12
-1.36697e-13
-4.80694e-13
-1.48983e-13
-2.12669e-14
-4.85597e-14
2.1217e-15
-3.74904e-14
7.329e-14
-2.7385e-14
2.1374e-13
-8.10658e-15
2.615e-13
-9.03574e-18
-2.4461e-14
1.42411e-17
3.12045e-16
1.55615e-17
8.18408e-17
1.37179e-18
-1.71187e-18
5.63189e-19
-7.68252e-19
2.28576e-18
-1.40871e-17
9.5184e-19
-1.05516e-17
4.76911e-14
-9.64666e-17
6.07244e-12
-3.49537e-11
5.60117e-13
5.45079e-13
-8.56653e-13
-2.79083e-13
-9.81796e-14
-1.20404e-12
-1.94324e-13
-1.61131e-12
-8.94102e-14
-5.1453e-13
-1.37549e-14
-4.91368e-13
2.8222e-14
-3.93002e-13
2.45244e-13
-8.79625e-13
7.50146e-13
-6.27715e-12
2.28247e-12
-6.16096e-12
-2.80724e-13
-2.68391e-13
-1.72801e-14
-4.92428e-13
-8.26705e-14
-1.47057e-12
-6.46421e-13
-1.44503e-12
-1.55457e-12
-6.74602e-13
-7.15194e-13
-1.73773e-13
-6.57174e-14
-8.02812e-14
2.61159e-14
-9.0618e-14
1.73729e-13
-1.25565e-13
4.54614e-13
-1.02983e-14
4.06454e-13
-2.16416e-16
-1.74928e-14
2.42591e-18
3.91074e-17
5.84495e-18
2.59602e-17
5.26582e-19
-6.3209e-19
3.26957e-19
-4.56105e-19
1.85583e-18
-1.10613e-17
6.20711e-19
-9.79668e-18
4.70598e-16
-6.10682e-16
4.58502e-12
-4.5404e-11
9.90771e-13
-3.0383e-12
-6.72341e-12
-3.70781e-13
-4.67173e-14
-3.9093e-13
-3.94796e-14
-4.46533e-13
-2.06758e-15
-5.08675e-13
5.73454e-14
-7.24733e-13
2.70822e-13
-2.4417e-12
1.98351e-12
-7.49691e-12
3.48451e-12
-1.01005e-11
6.2236e-12
-4.43277e-14
-2.94552e-13
-6.15545e-14
-8.42761e-16
-1.48718e-13
-1.09595e-14
-1.76355e-12
-5.19775e-13
-1.95067e-12
-1.1811e-12
-1.60682e-12
-8.37399e-13
-4.08284e-13
-8.55516e-15
-3.68413e-13
4.25497e-14
-2.49388e-13
1.45805e-13
-1.538e-13
4.70193e-13
2.97292e-14
3.45882e-13
-1.46198e-16
-2.90804e-15
1.5631e-18
1.46473e-17
1.88056e-18
7.08476e-18
1.96964e-19
-2.51215e-19
1.86777e-19
-2.64299e-19
1.41537e-18
-7.87044e-18
5.61573e-19
-8.63068e-18
8.023e-15
-8.63488e-15
3.99981e-12
-5.33837e-11
1.31991e-12
-8.49664e-12
-2.28694e-12
-4.2546e-13
-8.03498e-16
-4.87564e-13
2.24295e-14
-5.14084e-13
6.72228e-14
-1.03259e-12
5.99877e-13
-8.10049e-12
2.09885e-12
-2.04848e-11
6.15643e-12
-2.488e-11
7.62822e-12
-1.40305e-11
4.82492e-12
-1.43265e-14
-8.67446e-13
-1.497e-14
-4.65756e-16
-2.33055e-14
-3.61489e-15
-8.86716e-13
-7.10234e-14
-1.94096e-12
-1.13416e-12
-1.71448e-12
-6.99354e-13
-2.8719e-13
3.01543e-13
-2.21219e-13
7.16652e-14
-2.98436e-13
1.12617e-13
-6.24283e-14
3.08825e-13
9.43119e-15
7.24251e-15
-3.06018e-18
-2.29787e-17
7.25005e-19
4.2204e-18
5.56057e-19
1.77325e-18
7.81611e-20
-1.21307e-19
1.02941e-19
-1.44343e-19
9.71371e-19
-4.82069e-18
1.923e-18
-8.01982e-18
6.44286e-16
-1.90836e-14
1.58699e-13
-2.8974e-12
-1.49529e-14
-7.75582e-12
-3.93533e-22
-4.30723e-13
5.4918e-14
-5.04565e-13
8.97587e-14
-7.04069e-13
2.65201e-13
-1.73763e-11
4.4974e-12
-2.2105e-11
6.683e-12
-2.34684e-11
7.44744e-12
-2.26142e-11
6.54595e-12
-2.06297e-11
2.44344e-12
-2.64848e-15
-1.63826e-12
-3.03169e-15
-4.12883e-16
-5.71167e-15
-1.35501e-15
-7.19243e-14
-7.05525e-15
-2.33784e-12
-2.14557e-13
-2.51035e-12
-1.42141e-13
-8.88879e-14
6.58833e-13
-1.01282e-13
6.55812e-14
-1.19537e-13
1.23953e-13
-6.60214e-15
3.65635e-15
1.05667e-16
3.34779e-16
-8.8844e-19
1.64673e-17
4.91376e-19
1.6561e-18
2.29546e-19
6.02739e-19
3.70732e-20
-5.21307e-20
5.28872e-20
-7.00669e-20
5.68718e-19
-2.38535e-18
2.34133e-18
-8.38718e-18
1.70833e-16
-2.38267e-15
-1.80183e-12
-1.07681e-12
-3.40411e-22
-8.94487e-12
-7.34027e-22
-5.25274e-13
2.27963e-13
-6.63951e-13
2.00986e-13
-5.58363e-12
7.23062e-13
-1.79745e-11
4.82455e-12
-1.88865e-11
7.49172e-12
-1.8944e-11
7.49107e-12
-1.80744e-11
5.74173e-12
-1.71747e-11
1.26605e-12
-1.53256e-15
-1.44507e-12
-1.99827e-15
-3.74308e-16
1.58127e-15
-1.7854e-15
2.5665e-15
-5.29019e-15
-6.49264e-13
-1.29779e-14
-2.56719e-12
4.6528e-15
-2.21148e-12
9.68495e-13
-3.31564e-13
1.85291e-12
-1.18305e-13
6.05747e-13
-3.17434e-16
4.25942e-14
-5.11148e-18
-2.70948e-18
-2.98295e-19
7.76204e-18
1.46575e-19
1.23578e-19
8.94124e-20
1.821e-19
1.53765e-20
-2.09985e-20
2.38904e-20
-2.95853e-20
2.66421e-19
-9.0429e-19
3.98906e-19
-7.77176e-18
-2.33482e-15
-4.90224e-17
-1.76693e-12
-1.68159e-16
-1.64043e-19
-5.72424e-18
-1.64926e-19
-7.3258e-13
1.25812e-11
-8.26985e-13
3.60736e-13
6.208e-13
1.52987e-12
-1.26101e-11
2.22998e-12
-1.31614e-11
8.03661e-12
-1.33188e-11
7.67233e-12
-1.29071e-11
5.52943e-12
-1.08432e-11
1.04869e-12
-2.05063e-15
-9.80548e-17
-2.60584e-15
-2.63599e-16
-3.87634e-15
-8.23471e-16
-8.91171e-16
-1.38216e-15
-1.89023e-15
-1.11162e-15
-5.93817e-13
-1.97361e-15
-1.98315e-12
5.14703e-14
-1.39354e-12
1.82096e-12
-4.04104e-13
1.11457e-12
-1.50126e-18
1.8791e-15
-1.2609e-18
-5.09474e-18
-8.40151e-20
1.58499e-18
4.21791e-20
-3.51859e-20
3.39253e-20
4.75481e-20
5.8738e-21
-7.6766e-21
9.28524e-21
-1.13983e-20
9.47205e-20
-3.01762e-19
2.67193e-19
-4.90518e-18
-4.09864e-19
-7.58614e-17
-1.35618e-19
-1.69519e-16
-1.04691e-19
-6.81847e-18
-1.44852e-18
-1.50729e-11
1.87295e-11
-1.25512e-11
2.05468e-11
-8.48013e-13
1.51031e-11
-1.57404e-12
8.23564e-13
-1.5175e-12
1.75984e-12
-7.36248e-12
4.15583e-12
-6.52647e-12
4.79504e-12
-3.86192e-16
4.60631e-14
-4.34355e-16
-3.60326e-17
-1.03518e-15
-1.43875e-16
-1.10115e-15
-1.83145e-16
-1.02193e-15
-1.43238e-16
-8.49805e-16
-7.81848e-17
-2.96966e-15
-2.10598e-17
-1.886e-13
-2.08945e-15
-2.9505e-13
-2.04032e-15
-1.43923e-14
5.66309e-15
-3.74748e-17
2.75826e-16
-2.96937e-19
-8.86533e-19
-2.8929e-20
2.8666e-19
1.38816e-20
-3.21349e-20
1.22634e-20
8.64264e-21
2.00117e-21
-2.57054e-21
3.25598e-21
-4.38867e-21
2.93713e-20
-1.39175e-19
1.34861e-19
-2.76754e-18
-1.57698e-17
-5.13757e-17
-5.20088e-18
-1.58986e-16
-9.82219e-19
-8.73084e-17
-4.71984e-19
-1.0061e-11
1.96071e-11
-5.73116e-12
1.29975e-11
-1.77389e-11
2.90746e-11
-5.13759e-12
2.15539e-11
-6.25538e-13
7.00917e-12
-5.87031e-13
7.58423e-13
-1.56272e-13
3.35287e-13
-3.02515e-16
6.1016e-15
-3.64327e-16
4.14917e-17
-4.3991e-16
-5.08834e-17
-4.62197e-16
-9.5371e-17
-4.66119e-16
-8.81488e-17
-4.72231e-16
-5.60318e-17
-7.57021e-16
-2.13009e-18
-3.17435e-15
1.69334e-16
-5.53825e-15
6.81485e-17
-1.01051e-16
1.59709e-16
-5.10479e-19
1.17118e-17
-1.20002e-19
-5.8024e-19
-1.0489e-20
4.8407e-20
4.14368e-21
-2.09038e-20
4.03284e-21
-1.15301e-22
6.13517e-22
-8.93007e-22
1.12748e-21
-1.43611e-21
1.24675e-20
-5.34096e-20
5.88082e-20
-1.20973e-18
-1.66733e-17
-2.1946e-17
-6.23827e-17
-6.56276e-17
-4.03359e-19
-4.22259e-17
-1.37167e-19
1.64886e-11
8.80497e-11
-2.02843e-12
1.89828e-11
3.96443e-12
2.45632e-11
-5.3646e-12
3.16707e-11
-6.49755e-12
3.19033e-11
-3.23745e-13
6.94836e-12
-6.24341e-15
1.70614e-14
-4.35456e-16
4.01782e-16
-4.23172e-16
1.39172e-16
-4.54979e-16
4.87262e-17
-4.39663e-16
6.12737e-17
-4.07676e-16
-1.91471e-17
-3.32637e-16
-1.28337e-17
-2.51354e-16
-1.2141e-17
-1.58035e-16
1.83637e-17
-1.01099e-16
4.81039e-17
-7.92521e-18
6.02201e-17
-4.94297e-19
-1.91418e-19
-7.03463e-20
-4.62108e-19
-4.4016e-21
-1.03966e-20
1.14101e-21
-1.31302e-20
1.38991e-21
-5.89678e-22
1.91433e-22
-3.44134e-22
3.27453e-22
-3.76586e-22
4.34986e-21
-1.63818e-20
1.82626e-20
-3.94121e-19
-7.31877e-18
-6.00763e-18
-1.6349e-17
-1.64685e-17
-7.49615e-20
-7.21593e-18
-2.20345e-20
1.79315e-11
1.52013e-10
-3.09226e-13
2.37081e-11
3.63283e-13
7.75573e-12
-7.64067e-12
4.05274e-11
-1.07829e-11
3.59911e-11
-1.66757e-14
1.40145e-11
-5.32101e-16
1.05956e-15
-4.8454e-16
4.25185e-16
-6.423e-16
3.01942e-16
-1.75095e-15
9.74721e-16
-8.20512e-15
4.10217e-16
-2.18526e-16
-3.85905e-16
-1.87825e-16
-1.45604e-17
-1.43418e-16
-1.333e-17
-8.15474e-17
-5.42453e-18
-3.35371e-17
1.55971e-18
-3.76402e-18
3.88567e-18
-4.25148e-19
-6.54086e-19
-4.96907e-20
-2.95115e-19
-2.32663e-21
-1.99938e-20
1.97337e-22
-6.38004e-21
5.30408e-22
-3.97681e-22
6.48521e-23
-1.11558e-22
7.50642e-23
-7.3126e-23
1.19405e-21
-3.88931e-21
3.52466e-21
-1.08697e-19
-1.87499e-18
-1.64333e-18
-3.75356e-18
-4.5533e-18
-1.07096e-20
-1.18351e-18
-2.28183e-21
2.02785e-11
1.76383e-10
-5.07086e-13
3.36191e-11
2.56541e-12
2.63485e-12
-2.5851e-12
3.09632e-11
-5.95433e-12
4.13099e-11
-1.18817e-15
6.50826e-12
-4.71911e-16
6.91526e-16
-7.83377e-16
9.68351e-16
-6.03677e-15
5.56079e-15
-1.443e-13
1.39026e-13
-7.76404e-14
2.38937e-14
-3.16801e-16
4.5573e-15
-9.68797e-17
-2.45801e-16
-6.48175e-17
-1.77619e-17
-3.95499e-17
-9.94249e-18
-1.35489e-17
-6.50259e-18
-2.22475e-18
-2.13559e-18
-2.62021e-19
-6.57854e-19
-2.74317e-20
-1.45e-19
-1.10012e-21
-1.23622e-20
-1.33857e-23
-2.05871e-21
1.62977e-22
-1.37434e-22
1.80217e-23
-2.34358e-23
1.25187e-23
-9.61522e-24
2.48563e-22
-6.54575e-22
2.76945e-22
-2.15752e-20
-5.18143e-19
-3.19137e-19
-5.29346e-19
-9.18249e-19
-1.02299e-21
-1.03159e-19
-1.51544e-22
3.88306e-11
1.78046e-10
1.87279e-12
4.87264e-11
-5.98589e-14
2.64117e-12
-2.76636e-12
2.03632e-12
-5.27981e-12
2.45433e-12
-1.00316e-13
7.51054e-13
-1.81161e-13
8.19549e-14
-4.12255e-12
3.23543e-12
-9.52569e-12
9.39575e-12
-2.7371e-13
5.26861e-12
-3.33795e-13
3.33555e-14
-4.58324e-15
-4.59897e-13
-1.13634e-16
-4.74899e-15
-4.11239e-17
-1.55906e-16
-2.83231e-17
-1.81327e-17
-8.63934e-18
-1.54695e-17
-1.18878e-18
-5.39351e-18
-1.17097e-19
-8.58887e-19
-1.01138e-20
-1.04821e-19
-3.5779e-22
-7.64789e-21
-8.73235e-24
-7.49933e-22
3.17471e-23
-4.40974e-23
3.15461e-24
-4.70895e-24
1.38449e-24
-8.64861e-25
3.57229e-23
-7.03994e-23
-8.27964e-22
-2.66513e-21
-1.0315e-19
-3.94681e-20
-4.03883e-20
-1.22155e-19
-6.43328e-23
-4.55038e-21
-6.446e-24
8.79001e-11
1.92963e-10
1.94277e-12
1.1618e-10
-2.64128e-14
2.97369e-12
-9.42325e-14
1.26627e-12
-1.5941e-13
1.20034e-12
-2.4384e-13
9.08595e-13
-3.99635e-12
5.08506e-12
-1.22478e-11
1.47303e-11
-1.90988e-11
1.67839e-11
-2.17268e-11
8.86606e-12
-2.31743e-11
2.96013e-12
-3.44316e-12
-2.65251e-12
-1.58285e-14
-3.4315e-12
-4.3535e-17
-1.5941e-14
-3.27975e-17
-2.73008e-17
-9.5998e-18
-2.71618e-17
-1.02233e-18
-9.87746e-18
-7.31931e-20
-1.0095e-18
-4.38692e-21
-7.61403e-20
-1.27651e-22
-4.18076e-21
-3.16628e-24
-2.47223e-22
6.07772e-24
-1.13391e-23
5.11652e-25
-7.63725e-25
1.02147e-25
-5.68342e-26
3.17279e-24
-4.23913e-24
-2.66861e-22
-1.79498e-22
-1.34229e-20
-2.71757e-21
-1.57354e-21
-9.24025e-21
-2.6139e-24
-9.70278e-23
-1.75286e-25
8.97244e-11
2.41218e-10
1.55813e-11
2.22137e-10
4.18696e-13
2.75725e-11
-6.75481e-14
1.5006e-12
-4.93388e-13
1.39368e-12
-1.98358e-12
5.72879e-12
-1.1941e-11
1.97201e-11
-1.72936e-11
2.08933e-11
-1.55388e-11
1.57617e-11
-1.92347e-11
4.73874e-12
-1.7559e-11
1.72019e-12
-1.67005e-11
-2.50833e-12
-1.69599e-12
-6.11385e-12
-4.69292e-17
-1.71188e-12
-3.55376e-17
-3.70209e-17
-1.078e-17
-3.99985e-17
-8.31074e-19
-1.5677e-17
-4.27392e-20
-1.10588e-18
-1.75245e-21
-5.1073e-20
-4.01389e-23
-1.80381e-21
-8.23156e-25
-6.1934e-23
9.25755e-25
-1.97907e-24
6.46035e-26
-8.17116e-26
5.34185e-27
-2.85991e-27
1.51324e-25
-1.22986e-25
-2.90253e-23
-5.76576e-24
-9.77321e-22
-9.21924e-23
-2.95522e-23
-3.53529e-22
-6.75035e-26
-8.78519e-25
-3.04072e-27
1.52294e-10
7.82591e-11
1.45947e-10
2.64342e-10
1.16681e-11
1.92472e-10
9.19685e-13
1.43369e-11
2.8769e-13
1.72323e-12
-1.0859e-12
7.4976e-12
-5.20818e-12
2.47859e-11
-7.5159e-12
2.42694e-11
-5.45105e-12
9.54971e-12
-4.09222e-12
3.01837e-12
-4.15902e-12
1.25229e-12
-9.08297e-12
1.33579e-12
-1.92339e-12
-3.56868e-12
-4.72674e-17
-1.00761e-12
-3.13864e-17
-5.11215e-17
-1.06773e-17
-6.2918e-17
-6.18777e-19
-1.89457e-17
-2.17141e-20
-1.06883e-18
-5.54585e-22
-3.10487e-20
-9.02865e-24
-6.72276e-22
-1.304e-25
-1.32526e-23
9.2418e-26
-2.59874e-25
5.17735e-27
-6.15501e-27
2.06261e-28
-1.17761e-28
3.30363e-27
-1.42973e-27
-1.27324e-24
-7.4609e-26
-3.49596e-23
-1.33171e-24
-2.31877e-25
-6.01656e-24
-1.08861e-27
-2.16283e-27
-3.34681e-29
8.44011e-11
1.77391e-11
1.68833e-10
8.75969e-11
1.63707e-10
2.22811e-10
8.94903e-12
1.30845e-10
1.79498e-12
8.62599e-12
1.67997e-12
8.05549e-12
7.70477e-12
1.98728e-11
2.06187e-12
4.06092e-11
9.68146e-13
6.03846e-12
-1.60998e-13
3.74447e-12
-3.01662e-12
3.67388e-12
-2.66086e-12
-1.27421e-11
-1.15195e-12
-3.57486e-12
-4.04646e-16
-7.83198e-14
-2.21139e-17
-4.31842e-16
-6.65765e-18
-1.01879e-16
-3.51475e-19
-1.50738e-17
-8.65039e-21
-7.44281e-19
-1.39961e-22
-1.40609e-20
-1.52763e-24
-1.55156e-22
-1.37801e-26
-1.47173e-24
6.56291e-27
-1.53435e-26
2.79807e-28
-1.9528e-28
6.2271e-30
-2.18345e-30
2.715e-29
-4.9894e-30
-2.06444e-26
-3.12039e-28
-5.30336e-25
-6.87223e-27
-4.7741e-28
-3.96864e-26
-1.06632e-29
-6.13694e-31
-2.33495e-31
1.73502e-11
1.18361e-11
8.50526e-11
1.83982e-11
1.51421e-10
4.32138e-11
1.51432e-11
9.51233e-11
9.69634e-12
8.98534e-11
2.94541e-11
3.26935e-10
3.85066e-12
4.69511e-11
5.2996e-12
1.82767e-11
5.59344e-12
5.35678e-12
4.66201e-12
4.25215e-12
8.25367e-11
6.31245e-11
2.32508e-11
-1.30073e-11
-4.74775e-13
-2.38368e-11
-4.5705e-15
-5.4833e-13
1.32789e-17
-5.01648e-15
-1.13183e-18
-3.81816e-17
-9.05977e-20
-4.26555e-18
-2.01737e-21
-1.42217e-19
-1.95471e-23
-1.75227e-21
-1.19106e-25
-1.1081e-23
-5.84427e-28
-4.91291e-26
1.98457e-28
-2.29164e-28
6.00893e-30
-1.34595e-30
7.92898e-32
-7.6059e-33
6.16134e-32
-2.94804e-33
-1.00719e-28
-2.6149e-31
-2.86866e-27
-8.5433e-30
-1.05523e-31
-7.42681e-29
-6.08883e-32
-7.79232e-34
-1.06834e-33
9.61341e-12
8.82398e-12
1.57631e-11
1.07585e-11
3.70277e-11
1.19227e-11
6.9301e-11
2.79089e-11
4.89214e-10
2.63831e-10
3.794e-10
5.51483e-10
4.88921e-11
6.08499e-10
2.00101e-11
5.55269e-11
1.67662e-11
7.8506e-12
1.40619e-10
3.96798e-11
1.45562e-10
7.08942e-11
1.32693e-10
4.88727e-12
5.54846e-13
-1.14862e-12
4.94503e-15
-5.17964e-15
4.0858e-17
-1.38186e-16
7.5144e-18
-6.65993e-18
1.87337e-19
-3.61101e-19
-5.93385e-23
-7.33583e-21
-6.06025e-25
-4.74377e-23
-2.12143e-27
-7.1153e-26
-4.8817e-30
-5.6632e-29
1.4587e-30
-5.79055e-32
2.45133e-32
-8.41565e-35
1.64251e-34
-1.28416e-37
1.98149e-35
-8.7962e-38
-9.25441e-32
-2.07067e-35
-3.69958e-30
-1.85866e-33
-8.90168e-35
-4.34878e-32
-1.9027e-34
-2.50936e-36
-3.53469e-36
4.58935e-12
4.08758e-11
9.60372e-11
3.95278e-10
2.82147e-10
2.74524e-10
7.60065e-11
1.58961e-11
1.67096e-11
1.56684e-10
4.72041e-11
1.15341e-12
4.83272e-15
-3.47234e-16
2.75923e-17
1.99368e-18
4.14023e-20
2.13989e-22
-2.55291e-28
-5.7143e-31
-3.35952e-34
1.21373e-34
5.1644e-37
9.15229e-40
1.43259e-40
-8.07131e-36
-8.46929e-34
-1.07143e-37
-2.33856e-37
)
;

boundaryField
{
    leftWall
    {
        type            calculated;
        value           uniform 0;
    }
    rightWall
    {
        type            calculated;
        value           uniform 0;
    }
    lowerWall
    {
        type            calculated;
        value           uniform 0;
    }
    atmosphere
    {
        type            calculated;
        value           nonuniform List<scalar> 
120
(
1.92583e-07
3.29494e-07
5.65099e-07
9.89133e-07
1.10152e-06
4.19577e-07
1.25202e-16
1.46952e-15
8.16013e-14
4.99572e-13
5.54102e-13
2.99686e-13
0
0
0
0
0
0
0
0
0
0
0
0
0
0
0
0
0
0
0
0
0
0
0
0
0
0
0
0
0
0
0
0
0
0
0
0
0
0
0
0
0
8.70346e-14
1.43196e-11
5.24745e-11
7.70095e-11
7.25376e-11
6.61825e-11
5.75561e-11
4.82629e-11
2.2442e-11
2.85896e-11
1.7072e-10
5.43481e-10
6.36107e-10
5.54959e-10
5.03183e-11
6.46347e-12
4.60353e-11
6.02263e-11
1.98674e-12
0
0
0
0
0
0
0
0
0
0
0
0
0
0
0
0
0
0
1.92025e-07
3.29039e-07
5.66805e-07
9.91824e-07
1.09888e-06
4.09457e-07
1.16719e-16
1.36338e-15
7.49183e-14
5.16311e-13
5.98524e-13
3.02308e-13
0
0
0
0
0
0
0
0
0
0
0
0
0
0
0
0
0
0
)
;
    }
    defaultFaces
    {
        type            empty;
        value           nonuniform 0();
    }
}


// ************************************************************************* //
