/*--------------------------------*- C++ -*----------------------------------*\
| =========                 |                                                 |
| \\      /  F ield         | OpenFOAM: The Open Source CFD Toolbox           |
|  \\    /   O peration     | Version:  2.4.0                                 |
|   \\  /    A nd           | Web:      www.OpenFOAM.org                      |
|    \\/     M anipulation  |                                                 |
\*---------------------------------------------------------------------------*/
FoamFile
{
    version     2.0;
    format      ascii;
    class       surfaceScalarField;
    location    "0.08";
    object      phiAlpha;
}
// * * * * * * * * * * * * * * * * * * * * * * * * * * * * * * * * * * * * * //

dimensions      [0 3 -1 0 0 0 0];

internalField   nonuniform List<scalar> 
7080
(
-2.30379e-08
2.30379e-08
-3.92887e-08
1.62508e-08
-4.71582e-08
7.86953e-09
-4.89119e-08
1.75362e-09
-4.34114e-08
-5.50046e-09
-2.98843e-08
-1.35271e-08
-8.50852e-09
-2.13758e-08
2.01832e-08
-2.86917e-08
5.47328e-08
-3.45496e-08
9.1873e-08
-3.71402e-08
1.28512e-07
-3.66386e-08
1.61397e-07
-3.28856e-08
1.92849e-07
-3.14521e-08
2.00457e-07
-7.60752e-09
2.37867e-07
-3.74106e-08
1.78917e-07
5.89502e-08
1.79324e-07
-4.06622e-10
1.39346e-07
3.99779e-08
1.67495e-08
1.22596e-07
-1.24991e-07
1.40976e-07
-3.05406e-07
1.79722e-07
-3.55947e-07
4.87051e-08
-2.88186e-07
-6.73497e-08
-1.24629e-07
-1.63164e-07
5.821e-08
-1.84074e-07
1.73772e-07
-1.17302e-07
1.86081e-07
-1.3301e-08
1.44085e-07
4.19953e-08
9.42924e-08
4.97924e-08
9.28563e-08
1.43611e-09
-3.07254e-08
5.37634e-08
-5.38446e-08
3.937e-08
-6.75446e-08
2.15695e-08
-7.41927e-08
8.40167e-09
-7.18907e-08
-7.80242e-09
-5.90748e-08
-2.63431e-08
-3.53559e-08
-4.50947e-08
-9.53266e-10
-6.30943e-08
4.24639e-08
-7.79667e-08
9.07848e-08
-8.54612e-08
1.3902e-07
-8.48738e-08
1.85322e-07
-7.9188e-08
2.26139e-07
-7.22685e-08
2.47194e-07
-2.86628e-08
2.97533e-07
-8.77493e-08
2.4544e-07
1.11043e-07
2.5539e-07
-1.03565e-08
2.4172e-07
5.3648e-08
1.18831e-07
2.4543e-07
-7.85497e-08
3.37081e-07
-2.79623e-07
3.7949e-07
-3.82396e-07
1.51464e-07
-3.21517e-07
-1.28235e-07
-1.82677e-07
-3.02011e-07
-5.52633e-08
-3.1086e-07
4.2044e-08
-2.14566e-07
9.81625e-08
-6.94056e-08
1.04468e-07
3.4547e-08
7.89108e-08
7.5349e-08
1.78394e-07
-3.69208e-09
-3.19093e-08
8.56726e-08
-5.62057e-08
6.36664e-08
-7.11176e-08
3.64813e-08
-7.90491e-08
1.63332e-08
-7.79376e-08
-8.9139e-09
-6.60526e-08
-3.82281e-08
-4.28912e-08
-6.82561e-08
-8.62179e-09
-9.73638e-08
3.511e-08
-1.21699e-07
8.39581e-08
-1.34309e-07
1.32602e-07
-1.33517e-07
1.79915e-07
-1.26501e-07
2.18451e-07
-1.10805e-07
2.49364e-07
-5.95752e-08
2.84936e-07
-1.23322e-07
2.6507e-07
1.30909e-07
2.71272e-07
-1.65579e-08
2.50661e-07
7.42583e-08
1.4424e-07
3.51852e-07
-1.67498e-08
4.96721e-07
-1.55734e-07
5.18606e-07
-2.43315e-07
2.3903e-07
-1.96446e-07
-1.75116e-07
-1.39839e-07
-3.58486e-07
-8.2355e-08
-3.6847e-07
-2.21536e-08
-2.74743e-07
2.06021e-08
-1.12147e-07
3.24798e-08
2.26302e-08
1.65261e-08
9.20618e-08
1.93397e-07
2.94207e-09
-3.21375e-08
1.1781e-07
-5.66519e-08
8.81808e-08
-7.17959e-08
5.16254e-08
-8.00432e-08
2.45805e-08
-7.92752e-08
-9.68188e-09
-6.76953e-08
-4.98081e-08
-4.47454e-08
-9.1206e-08
-1.05162e-08
-1.31593e-07
3.34521e-08
-1.65667e-07
8.26245e-08
-1.83482e-07
1.31528e-07
-1.82421e-07
1.80261e-07
-1.75235e-07
2.14444e-07
-1.44988e-07
2.59412e-07
-1.04543e-07
2.67754e-07
-1.31665e-07
2.80278e-07
1.18385e-07
2.86057e-07
-2.2336e-08
2.48761e-07
1.11553e-07
1.85193e-07
4.1542e-07
4.95617e-08
6.33866e-07
-3.59984e-08
6.07168e-07
-5.3986e-08
2.57001e-07
-3.62444e-08
-1.92751e-07
-2.9341e-08
-3.65056e-07
-4.62411e-08
-3.51772e-07
-5.76524e-08
-2.63514e-07
-4.404e-08
-1.25754e-07
-3.2396e-08
1.09861e-08
-2.8952e-08
8.86178e-08
1.61084e-07
3.36187e-09
-3.22516e-08
1.50062e-07
-5.68497e-08
1.12779e-07
-7.20631e-08
6.68388e-08
-8.04631e-08
3.29805e-08
-7.98952e-08
-1.02498e-08
-6.85152e-08
-6.11881e-08
-4.5734e-08
-1.13987e-07
-1.15614e-08
-1.65766e-07
3.26048e-08
-2.09833e-07
8.20636e-08
-2.32941e-07
1.3127e-07
-2.31627e-07
1.81371e-07
-2.25335e-07
2.11904e-07
-1.75522e-07
2.68502e-07
-1.6114e-07
2.44259e-07
-1.07422e-07
2.84557e-07
7.80868e-08
2.78504e-07
-1.62833e-08
2.3216e-07
1.57897e-07
2.5838e-07
3.89201e-07
1.92027e-07
7.03339e-07
1.32542e-07
6.66815e-07
9.88108e-08
2.90703e-07
6.93236e-08
-1.63377e-07
8.28439e-09
-3.04175e-07
-5.46033e-08
-2.89296e-07
-7.91064e-08
-2.39194e-07
-6.64697e-08
-1.38552e-07
-5.27872e-08
-2.6964e-09
-4.98464e-08
8.5677e-08
1.11351e-07
-1.13004e-10
-3.23709e-08
1.82433e-07
-5.70463e-08
1.37454e-07
-7.2312e-08
8.21044e-08
-8.08656e-08
4.1534e-08
-8.05146e-08
-1.06007e-08
-6.93673e-08
-7.23354e-08
-4.6807e-08
-1.36548e-07
-1.27462e-08
-1.99826e-07
3.16352e-08
-2.54214e-07
8.13559e-08
-2.82661e-07
1.31033e-07
-2.81305e-07
1.82176e-07
-2.76478e-07
2.11997e-07
-2.05342e-07
2.74616e-07
-2.2376e-07
2.3511e-07
-6.79155e-08
2.83023e-07
3.0174e-08
3.01448e-07
-3.47092e-08
2.52873e-07
2.06473e-07
3.22194e-07
3.19879e-07
3.18611e-07
7.06923e-07
3.22596e-07
6.62831e-07
2.83446e-07
3.29354e-07
1.54392e-07
-3.44345e-08
9.78189e-10
-1.50704e-07
-9.23463e-08
-1.95944e-07
-1.16713e-07
-2.15379e-07
-8.00413e-08
-1.7527e-07
-3.70576e-08
-4.56801e-08
-3.11037e-08
7.9723e-08
8.30362e-08
-2.78928e-09
-3.25114e-08
2.14944e-07
-5.72758e-08
1.62219e-07
-7.25988e-08
9.74274e-08
-8.13339e-08
5.02691e-08
-8.12428e-08
-1.06917e-08
-7.03799e-08
-8.31983e-08
-4.80972e-08
-1.5883e-07
-1.41862e-08
-2.33737e-07
3.04373e-08
-2.98838e-07
8.04568e-08
-3.32681e-07
1.30841e-07
-3.31689e-07
1.82448e-07
-3.28085e-07
2.16022e-07
-2.38917e-07
2.79281e-07
-2.87019e-07
2.50039e-07
-3.86737e-08
2.85109e-07
-4.89619e-09
3.4611e-07
-9.57102e-08
2.63261e-07
2.89322e-07
3.21818e-07
2.61322e-07
4.20002e-07
6.0874e-07
4.32586e-07
6.50246e-07
4.01446e-07
3.60294e-07
3.11209e-07
5.56895e-08
1.13703e-07
4.69695e-08
-8.01266e-08
-2.08747e-09
-1.40646e-07
-1.54834e-07
-1.18056e-07
-1.97744e-07
-4.80699e-08
-1.15666e-07
-1.69675e-08
4.86206e-08
6.63486e-08
-2.79882e-10
-3.26752e-08
2.47619e-07
-5.75423e-08
1.87086e-07
-7.293e-08
1.12815e-07
-8.18781e-08
5.92171e-08
-8.20942e-08
-1.04756e-08
-7.15691e-08
-9.37234e-08
-4.96204e-08
-1.80779e-07
-1.5896e-08
-2.67462e-07
2.90273e-08
-3.43761e-07
7.93579e-08
-3.83011e-07
1.30685e-07
-3.83016e-07
1.8178e-07
-3.7918e-07
2.25668e-07
-2.82804e-07
2.74502e-07
-3.35853e-07
2.95421e-07
-5.95921e-08
2.95383e-07
-4.85818e-09
3.68539e-07
-1.68867e-07
3.0054e-07
3.57322e-07
2.7702e-07
2.84842e-07
4.12957e-07
4.72802e-07
4.97474e-07
5.65729e-07
4.5294e-07
4.04776e-07
3.38809e-07
1.69949e-07
2.12444e-07
1.73495e-07
7.26771e-08
1.37701e-07
-5.81124e-08
-2.40582e-08
-1.20026e-07
-1.35918e-07
-7.14114e-08
-1.64255e-07
-1.52755e-08
-7.51528e-09
5.29646e-08
-1.89147e-09
-3.28629e-08
2.80482e-07
-5.78462e-08
2.12069e-07
-7.33053e-08
1.28274e-07
-8.24987e-08
6.84105e-08
-8.30695e-08
-9.90479e-09
-7.29367e-08
-1.03856e-07
-5.13809e-08
-2.02335e-07
-1.78827e-08
-3.0096e-07
2.73865e-08
-3.89031e-07
7.8058e-08
-4.33683e-07
1.30421e-07
-4.35379e-07
1.80762e-07
-4.2952e-07
2.36499e-07
-3.38542e-07
2.57055e-07
-3.56409e-07
3.2717e-07
-1.29707e-07
3.31276e-07
-8.96448e-09
3.66803e-07
-2.04394e-07
3.87033e-07
3.37092e-07
2.88601e-07
3.83273e-07
3.21518e-07
4.39885e-07
4.16506e-07
4.70741e-07
4.26011e-07
3.95271e-07
3.62235e-07
2.33726e-07
3.12811e-07
2.22919e-07
2.73196e-07
1.77316e-07
1.57579e-07
9.15074e-08
4.109e-08
-1.95165e-08
-2.53326e-08
-9.7753e-08
-7.37858e-09
-2.54667e-08
4.66116e-08
-1.02564e-09
-3.30746e-08
3.13557e-07
-5.81872e-08
2.37182e-07
-7.37232e-08
1.4381e-07
-8.31948e-08
7.78821e-08
-8.41681e-08
-8.93148e-09
-7.4483e-08
-1.13541e-07
-5.33817e-08
-2.23436e-07
-2.0154e-08
-3.34188e-07
2.55118e-08
-4.34696e-07
7.65489e-08
-4.8472e-07
1.29817e-07
-4.88647e-07
1.81134e-07
-4.80838e-07
2.40045e-07
-3.97453e-07
2.51291e-07
-3.67655e-07
3.39127e-07
-2.17543e-07
3.71366e-07
-4.12035e-08
3.31965e-07
-1.64992e-07
3.81982e-07
2.87074e-07
3.23011e-07
4.42244e-07
2.80232e-07
4.82665e-07
3.36881e-07
4.14091e-07
3.86826e-07
3.45327e-07
3.92553e-07
2.27999e-07
3.72893e-07
2.42579e-07
3.31216e-07
2.18993e-07
2.92009e-07
1.30715e-07
2.17926e-07
5.44348e-08
9.70816e-08
2.30407e-08
3.42748e-08
3.73937e-08
8.10336e-08
-1.47252e-10
-3.33106e-08
3.46867e-07
-5.85653e-08
2.62436e-07
-7.4182e-08
1.59427e-07
-8.39646e-08
8.76647e-08
-8.53885e-08
-7.50766e-09
-7.62086e-08
-1.22721e-07
-5.56269e-08
-2.44018e-07
-2.27184e-08
-3.67096e-07
2.33863e-08
-4.80801e-07
7.48144e-08
-5.36148e-07
1.28898e-07
-5.42731e-07
1.82857e-07
-5.34797e-07
2.36868e-07
-4.51464e-07
2.69329e-07
-4.00116e-07
3.48717e-07
-2.96931e-07
3.7566e-07
-6.81458e-08
3.29834e-07
-1.19167e-07
3.64079e-07
2.52829e-07
3.74758e-07
4.31565e-07
3.67494e-07
4.89929e-07
3.67613e-07
4.13973e-07
3.71853e-07
3.41086e-07
3.92926e-07
2.06926e-07
4.14074e-07
2.21431e-07
3.52876e-07
2.80192e-07
2.26716e-07
2.56874e-07
9.03816e-08
1.90651e-07
6.50263e-09
1.06869e-07
-9.55478e-09
5.34644e-08
6.6966e-08
4.51285e-09
-3.35713e-08
3.80439e-07
-5.898e-08
2.87845e-07
-7.46793e-08
1.75126e-07
-8.48066e-08
9.7792e-08
-8.67299e-08
-5.58437e-09
-7.81133e-08
-1.31338e-07
-5.81207e-08
-2.64011e-07
-2.55852e-08
-3.99632e-07
2.09946e-08
-5.27381e-07
7.28156e-08
-5.87969e-07
1.27879e-07
-5.97794e-07
1.84144e-07
-5.91063e-07
2.34023e-07
-5.01343e-07
2.91392e-07
-4.57485e-07
3.36851e-07
-3.42389e-07
3.74036e-07
-1.05331e-07
3.74069e-07
-1.192e-07
3.88229e-07
2.3867e-07
4.22622e-07
3.97172e-07
4.33889e-07
4.78662e-07
4.30432e-07
4.1743e-07
4.30825e-07
3.40693e-07
3.58623e-07
2.79128e-07
2.77548e-07
3.02506e-07
2.17792e-07
3.39948e-07
1.84215e-07
2.90451e-07
1.40959e-07
2.33874e-07
7.89916e-08
1.68785e-07
2.74304e-08
1.05042e-07
9.71832e-08
-2.78627e-09
-3.38569e-08
4.14295e-07
-5.94313e-08
3.1342e-07
-7.52127e-08
1.90908e-07
-8.57192e-08
1.08298e-07
-8.81901e-08
-3.11351e-09
-8.01971e-08
-1.39331e-07
-6.08675e-08
-2.8334e-07
-2.87644e-08
-4.31735e-07
1.83075e-08
-5.74453e-07
7.05228e-08
-6.40185e-07
1.26832e-07
-6.54102e-07
1.84013e-07
-6.48244e-07
2.37643e-07
-5.54973e-07
2.93387e-07
-5.13229e-07
3.37458e-07
-3.8646e-07
3.74845e-07
-1.42718e-07
4.13435e-07
-1.57791e-07
4.72868e-07
1.79237e-07
4.98525e-07
3.71515e-07
5.03581e-07
4.73606e-07
4.40637e-07
4.80374e-07
3.11028e-07
4.70302e-07
1.99591e-07
3.90565e-07
2.1886e-07
2.83237e-07
2.69921e-07
2.88888e-07
2.57249e-07
3.03123e-07
1.74822e-07
3.16303e-07
9.36459e-08
2.49912e-07
3.38504e-08
1.6491e-07
1.29838e-07
1.19644e-09
-3.41679e-08
4.48463e-07
-5.99186e-08
3.3917e-07
-7.5779e-08
2.06768e-07
-8.6699e-08
1.19218e-07
-8.97685e-08
-4.39606e-11
-8.24603e-08
-1.46639e-07
-6.38716e-08
-3.01929e-07
-3.22672e-08
-4.63339e-07
1.53104e-08
-6.2203e-07
6.79204e-08
-6.92794e-07
1.25599e-07
-7.11782e-07
1.83428e-07
-7.06072e-07
2.39661e-07
-6.11206e-07
2.93316e-07
-5.66884e-07
3.13222e-07
-4.06366e-07
4.02873e-07
-2.3237e-07
5.06706e-07
-2.61624e-07
5.77307e-07
1.08636e-07
5.7284e-07
3.75982e-07
4.91681e-07
5.54765e-07
3.59803e-07
6.12252e-07
3.16976e-07
5.1313e-07
3.43427e-07
3.64114e-07
3.30655e-07
2.96008e-07
2.48006e-07
3.71537e-07
1.00107e-07
4.51022e-07
1.30347e-08
4.03372e-07
-5.94682e-09
2.69075e-07
-6.18959e-09
1.65211e-07
1.21275e-07
2.37357e-09
-3.45047e-08
4.82968e-07
-6.04417e-08
3.65107e-07
-7.63739e-08
2.227e-07
-8.77435e-08
1.30588e-07
-9.14626e-08
3.67511e-09
-8.49025e-08
-1.53199e-07
-6.71384e-08
-3.19693e-07
-3.61059e-08
-4.94372e-07
1.19746e-08
-6.70111e-07
6.49798e-08
-7.458e-07
1.24114e-07
-7.70916e-07
1.81383e-07
-7.63341e-07
2.42762e-07
-6.72585e-07
2.64453e-07
-5.88576e-07
3.27066e-07
-4.68978e-07
4.78212e-07
-3.83516e-07
5.41994e-07
-3.25406e-07
5.41117e-07
1.09513e-07
4.4808e-07
4.69019e-07
3.81398e-07
6.21448e-07
3.57455e-07
6.36194e-07
2.79805e-07
5.9078e-07
8.06257e-08
5.63293e-07
-1.02966e-07
4.79599e-07
-1.7365e-07
4.42221e-07
-1.73886e-07
4.51258e-07
-1.13945e-07
3.43432e-07
-4.98047e-08
2.04937e-07
-1.64466e-08
1.31858e-07
1.07368e-07
-2.53967e-09
-3.48679e-08
5.17836e-07
-6.10003e-08
3.9124e-07
-7.69916e-08
2.38692e-07
-8.88504e-08
1.42447e-07
-9.32697e-08
8.09443e-09
-8.75228e-08
-1.58946e-07
-7.06731e-08
-3.36543e-07
-4.02912e-08
-5.24753e-07
8.25011e-09
-7.18652e-07
6.16827e-08
-7.99232e-07
1.21877e-07
-8.31111e-07
1.78966e-07
-8.2043e-07
2.33403e-07
-7.27022e-07
2.39682e-07
-5.94855e-07
3.53032e-07
-5.82329e-07
5.07279e-07
-5.37762e-07
4.07654e-07
-2.25781e-07
3.48465e-07
1.68702e-07
4.00284e-07
4.17201e-07
4.20332e-07
6.01399e-07
3.59084e-07
6.97443e-07
3.29373e-07
6.20491e-07
3.15252e-07
5.77414e-07
2.63559e-07
5.31292e-07
1.95199e-07
5.10581e-07
1.80412e-07
4.66041e-07
1.87782e-07
3.3606e-07
1.55086e-07
2.37634e-07
8.35885e-08
2.03345e-07
1.96279e-07
-5.35247e-09
-3.52582e-08
5.53094e-07
-6.1594e-08
4.17575e-07
-7.76245e-08
2.54722e-07
-9.0018e-08
1.5484e-07
-9.51874e-08
1.32638e-08
-9.03204e-08
-1.63813e-07
-7.44813e-08
-3.52382e-07
-4.48333e-08
-5.54401e-07
4.0394e-09
-7.67525e-07
5.79792e-08
-8.53172e-07
1.18429e-07
-8.91561e-07
1.74774e-07
-8.76774e-07
2.10098e-07
-7.62346e-07
2.58812e-07
-6.43569e-07
3.52557e-07
-6.76073e-07
3.97153e-07
-5.82358e-07
3.63951e-07
-1.92579e-07
4.49272e-07
8.33804e-08
4.87544e-07
3.78929e-07
5.39566e-07
5.49377e-07
5.57656e-07
6.79353e-07
4.99769e-07
6.78377e-07
4.92799e-07
5.84384e-07
4.71403e-07
5.52688e-07
4.26835e-07
5.55149e-07
4.06415e-07
4.86453e-07
3.53582e-07
3.88886e-07
2.47206e-07
3.44011e-07
1.2009e-07
3.30418e-07
3.21523e-07
-5.15846e-09
-3.56762e-08
5.8877e-07
-6.22224e-08
4.44122e-07
-7.82742e-08
2.70774e-07
-9.12449e-08
1.67811e-07
-9.72127e-08
1.92316e-08
-9.32939e-08
-1.67732e-07
-7.8569e-08
-3.67107e-07
-4.97385e-08
-5.83232e-07
-3.29281e-10
-8.16934e-07
5.37534e-08
-9.07255e-07
1.13562e-07
-9.51369e-07
1.67124e-07
-9.30337e-07
1.89215e-07
-7.84437e-07
2.81403e-07
-7.35757e-07
3.00305e-07
-6.94976e-07
3.57266e-07
-6.39319e-07
5.4487e-07
-3.80184e-07
5.7308e-07
5.51742e-08
5.00651e-07
4.51358e-07
5.20576e-07
5.29451e-07
5.58117e-07
6.41812e-07
3.69775e-07
8.66719e-07
1.53838e-07
8.00321e-07
1.13916e-07
5.9261e-07
1.60283e-07
5.0878e-07
1.97352e-07
4.49381e-07
2.06239e-07
3.80002e-07
1.59854e-07
3.90397e-07
7.49128e-08
4.15287e-07
3.9583e-07
6.01791e-10
-3.61227e-08
6.24893e-07
-6.28854e-08
4.70884e-07
-7.89484e-08
2.86837e-07
-9.25294e-08
1.81392e-07
-9.93422e-08
2.60445e-08
-9.64413e-08
-1.70633e-07
-8.29441e-08
-3.80604e-07
-5.50112e-08
-6.11165e-07
-4.18682e-09
-8.67759e-07
4.88694e-08
-9.60311e-07
1.07887e-07
-1.01039e-06
1.57528e-07
-9.79977e-07
1.95606e-07
-8.22515e-07
2.64773e-07
-8.04924e-07
2.87576e-07
-7.17778e-07
4.60802e-07
-8.12544e-07
5.16558e-07
-4.35936e-07
5.16096e-07
5.56397e-08
7.05979e-07
2.15356e-07
8.16935e-07
4.18495e-07
1.00782e-06
4.50926e-07
9.44667e-07
9.29872e-07
6.97385e-07
1.0476e-06
3.82092e-07
9.07903e-07
1.76006e-07
7.14866e-07
8.27224e-08
5.42671e-07
6.70169e-08
3.95705e-07
6.36776e-08
3.93373e-07
2.91742e-08
4.49828e-07
4.18851e-07
6.18094e-09
-3.65986e-08
6.61492e-07
-6.35824e-08
4.97868e-07
-7.96524e-08
3.02907e-07
-9.38697e-08
1.95609e-07
-1.01572e-07
3.3747e-08
-9.97589e-08
-1.72446e-07
-8.76152e-08
-3.92747e-07
-6.06756e-08
-6.38104e-07
-8.67164e-09
-9.19762e-07
4.33948e-08
-1.01238e-06
1.03144e-07
-1.07014e-06
1.49959e-07
-1.02679e-06
2.12301e-07
-8.84857e-07
2.25253e-07
-8.17876e-07
3.6756e-07
-8.60085e-07
3.6507e-07
-8.10004e-07
4.30829e-07
-4.55741e-07
5.49902e-07
-1.18707e-07
4.47418e-07
1.81457e-07
2.85006e-07
5.21962e-07
3.79837e-07
2.86083e-07
6.20809e-07
6.20825e-07
7.50762e-07
9.17659e-07
5.424e-07
1.11627e-06
3.14488e-07
9.42777e-07
1.56167e-07
7.00987e-07
6.97031e-08
4.82167e-07
3.04009e-08
4.32517e-07
1.01889e-08
4.70082e-07
4.2468e-07
4.35758e-09
-3.71049e-08
6.98597e-07
-6.43133e-08
5.25077e-07
-8.03867e-08
3.1898e-07
-9.52637e-08
2.10486e-07
-1.03898e-07
4.23812e-08
-1.03244e-07
-1.731e-07
-9.25943e-08
-4.03397e-07
-6.67492e-08
-6.63949e-07
-1.36133e-08
-9.72898e-07
3.78092e-08
-1.0638e-06
1.00636e-07
-1.13296e-06
1.45987e-07
-1.07214e-06
2.06405e-07
-9.45275e-07
2.33298e-07
-8.44768e-07
2.52513e-07
-8.79267e-07
4.36719e-07
-8.07406e-07
8.17242e-08
-9.30377e-08
-2.16694e-07
-1.21818e-08
-3.50868e-07
1.45837e-07
-3.16258e-07
4.24908e-07
-2.76249e-07
2.5556e-07
-1.30881e-07
4.40415e-07
3.5765e-07
3.80824e-07
5.59714e-07
9.14141e-07
4.37362e-07
1.06513e-06
2.82541e-07
8.55802e-07
1.39689e-07
6.2502e-07
5.49116e-08
5.1714e-07
1.71853e-08
5.07824e-07
4.41621e-07
3.46685e-11
-3.76427e-08
7.36239e-07
-6.50776e-08
5.52512e-07
-8.1147e-08
3.3505e-07
-9.67089e-08
2.26048e-07
-1.06315e-07
5.19871e-08
-1.06891e-07
-1.72524e-07
-9.78935e-08
-4.12395e-07
-7.3241e-08
-6.88602e-07
-1.89059e-08
-1.02723e-06
3.2596e-08
-1.1153e-06
9.88272e-08
-1.19919e-06
1.40282e-07
-1.1136e-06
1.87532e-07
-9.92524e-07
2.26098e-07
-8.83299e-07
1.7245e-07
-6.93201e-07
9.14523e-08
-1.83024e-07
3.03618e-09
-9.44669e-10
-1.44362e-07
1.59909e-08
-1.37159e-07
-8.61977e-08
-1.99814e-07
3.07046e-07
-3.74076e-08
5.56436e-08
2.8698e-08
4.05329e-07
2.21513e-07
2.07899e-07
4.80746e-07
6.38397e-07
4.46749e-07
1.09658e-06
3.11862e-07
9.90678e-07
1.67181e-07
7.69701e-07
7.17015e-08
6.12871e-07
2.6406e-08
5.5167e-07
4.70153e-07
-2.12682e-09
-3.8213e-08
7.74452e-07
-6.5875e-08
5.80174e-07
-8.1929e-08
3.51104e-07
-9.82027e-08
2.42322e-07
-1.08818e-07
6.26024e-08
-1.10699e-07
-1.70643e-07
-1.03526e-07
-4.19568e-07
-8.01439e-08
-7.11984e-07
-2.44376e-08
-1.08294e-06
2.72666e-08
-1.16701e-06
9.31557e-08
-1.26508e-06
1.29125e-07
-1.14957e-06
1.77826e-07
-1.04121e-06
1.49442e-07
-7.53424e-07
1.80539e-07
-2.01699e-07
3.04628e-09
-6.37123e-09
1.94102e-09
4.6628e-11
1.52638e-08
2.26653e-09
-9.26784e-08
5.77635e-09
-1.71854e-07
1.10276e-07
-1.76277e-08
-1.59882e-07
1.36768e-07
2.48761e-07
1.61834e-07
1.8328e-07
2.42335e-07
5.5675e-07
3.29325e-07
1.00878e-06
2.52898e-07
1.0671e-06
1.60149e-07
8.62448e-07
8.79863e-08
6.85124e-07
3.83779e-08
6.00387e-07
5.09888e-07
-1.29199e-09
-3.88171e-08
8.13269e-07
-6.67048e-08
6.08061e-07
-8.27282e-08
3.67127e-07
-9.97406e-08
2.59334e-07
-1.11398e-07
7.42601e-08
-1.14659e-07
-1.67382e-07
-1.09507e-07
-4.2472e-07
-8.74542e-08
-7.34037e-07
-3.02529e-08
-1.14014e-06
1.94701e-08
-1.21673e-06
7.77993e-08
-1.32341e-06
1.18581e-07
-1.19034e-06
1.89491e-07
-1.02757e-06
1.98448e-07
-3.01816e-07
5.78809e-09
-9.95995e-09
-2.00839e-11
-6.1789e-10
7.69175e-11
-3.20664e-11
2.08937e-09
1.70027e-10
7.13499e-09
7.47042e-10
-1.2701e-07
3.31418e-09
-3.11625e-07
-1.61082e-07
-7.24187e-08
8.66615e-09
-2.03066e-08
1.31611e-07
6.21541e-08
4.7354e-07
1.66257e-07
8.98257e-07
1.52506e-07
1.08051e-06
1.20523e-07
8.94431e-07
7.54683e-08
7.30173e-07
2.92062e-08
6.46642e-07
5.40953e-07
-1.81663e-09
-3.94567e-08
8.52726e-07
-6.75675e-08
6.36172e-07
-8.3542e-08
3.83102e-07
-1.01323e-07
2.77115e-07
-1.14058e-07
8.69949e-08
-1.18774e-07
-1.62665e-07
-1.15852e-07
-4.27642e-07
-9.51606e-08
-7.54729e-07
-3.67708e-08
-1.19853e-06
3.76857e-09
-1.25727e-06
4.72985e-08
-1.36694e-06
1.24272e-07
-1.25344e-06
2.52049e-07
-4.60186e-07
9.52525e-09
-1.07772e-08
5.37886e-10
-5.87995e-10
2.58254e-11
-4.28292e-11
2.63215e-11
-1.42546e-11
1.41744e-10
6.61422e-11
3.35478e-10
5.78077e-10
-5.44823e-08
1.54647e-08
-4.26842e-07
-2.38312e-07
-2.848e-07
-1.3239e-07
-1.22095e-07
-3.01662e-08
-6.93203e-08
4.3486e-07
1.17751e-08
8.13357e-07
4.8317e-08
1.04435e-06
4.06805e-08
9.02071e-07
2.11041e-08
7.49752e-07
7.60831e-09
6.60138e-07
5.5132e-07
-4.41819e-09
-4.01251e-08
8.92851e-07
-6.84583e-08
6.64505e-07
-8.4361e-08
3.99004e-07
-1.02933e-07
2.95687e-07
-1.16759e-07
1.00821e-07
-1.23004e-07
-1.5642e-07
-1.22569e-07
-4.28077e-07
-1.03271e-07
-7.74027e-07
-4.61227e-08
-1.25568e-06
-3.68353e-08
-1.26656e-06
7.30128e-09
-1.41104e-06
2.1649e-07
-5.25976e-07
1.12638e-08
-5.01291e-09
6.36333e-10
-1.50205e-10
5.32775e-11
-6.0132e-12
1.16874e-11
-1.92968e-13
1.23531e-11
-3.49785e-12
3.89833e-11
5.59425e-11
-2.12296e-09
2.7578e-09
-2.86587e-09
1.52068e-08
-2.77361e-07
-1.33593e-07
-3.5231e-07
-1.71798e-07
-2.19219e-07
-1.6325e-07
-1.58851e-07
3.79019e-07
-1.16664e-07
7.87062e-07
-5.44993e-08
9.81573e-07
-2.87757e-08
8.76353e-07
-2.28726e-08
7.41191e-07
-6.27541e-09
6.43543e-07
5.46346e-07
-1.30128e-09
-4.09872e-08
9.33838e-07
-6.94065e-08
6.92925e-07
-8.52141e-08
4.14812e-07
-1.04617e-07
3.1509e-07
-1.19564e-07
1.15768e-07
-1.27397e-07
-1.48587e-07
-1.29676e-07
-4.25798e-07
-1.1177e-07
-7.91934e-07
-6.74245e-08
-1.30002e-06
-8.45368e-08
-1.24932e-06
2.09787e-07
-9.98694e-07
4.78784e-09
-2.59174e-08
1.42955e-10
-3.09398e-10
9.16581e-12
-1.53431e-11
2.73655e-12
-9.48957e-13
3.84506e-12
1.60358e-12
1.71534e-11
-5.38343e-12
4.29065e-11
4.57777e-11
-2.38386e-10
1.50695e-09
5.81579e-10
3.78388e-09
-1.20705e-07
-1.54338e-08
-3.71897e-07
-1.17866e-07
-3.32597e-07
-2.0254e-07
-2.2873e-07
2.75183e-07
-1.70203e-07
7.32911e-07
-9.42124e-08
9.05796e-07
-4.1332e-08
8.23337e-07
-2.64132e-08
7.26289e-07
-2.13858e-09
6.19283e-07
5.4e-07
4.2093e-09
-3.94977e-08
9.73336e-07
-7.01496e-08
7.23576e-07
-8.57743e-08
4.30437e-07
-1.06015e-07
3.3533e-07
-1.22218e-07
1.31972e-07
-1.31837e-07
-1.38969e-07
-1.37258e-07
-4.20376e-07
-1.21026e-07
-8.08166e-07
-1.19511e-07
-1.30154e-06
-2.39616e-08
-1.33757e-06
2.48602e-08
-1.88024e-07
2.58028e-10
-1.36901e-09
1.07226e-11
-6.65817e-11
2.32597e-12
-7.42791e-12
1.43915e-12
-7.4679e-13
1.2213e-12
1.16012e-12
6.04659e-11
-1.77913e-11
4.3731e-11
7.68335e-11
2.79048e-10
2.02513e-10
2.26317e-09
4.90257e-10
-1.35284e-08
-7.91102e-11
-4.47813e-07
7.4146e-09
-4.48491e-07
-2.01855e-07
-3.44765e-07
1.71455e-07
-2.63677e-07
6.51831e-07
-1.68889e-07
8.11448e-07
-1.10329e-07
7.65013e-07
-5.02166e-08
6.66193e-07
-1.40616e-08
5.83129e-07
5.22519e-07
4.39431e-09
-6.43059e-08
1.03764e-06
-7.24576e-08
7.31728e-07
-8.89217e-08
4.46901e-07
-1.0973e-07
3.56139e-07
-1.26e-07
1.48241e-07
-1.36564e-07
-1.28404e-07
-1.45142e-07
-4.11799e-07
-1.32045e-07
-8.21262e-07
-1.43422e-07
-1.28018e-06
1.7905e-07
-7.67663e-07
7.90935e-10
-1.53235e-08
3.26956e-11
-6.39827e-10
4.35746e-12
-3.90013e-11
5.36361e-13
-4.57596e-12
2.17251e-12
-2.69224e-12
1.96836e-11
3.31432e-11
3.95719e-11
-3.35242e-11
2.35897e-11
1.06018e-10
6.89599e-11
1.6825e-10
3.01376e-10
1.88775e-10
3.90514e-10
-3.8649e-10
-2.15122e-07
3.32037e-08
-5.36576e-07
-4.96208e-08
-4.39714e-07
7.45903e-08
-3.40452e-07
5.52569e-07
-2.0748e-07
6.78481e-07
-1.58955e-07
7.17304e-07
-8.84378e-08
5.95835e-07
-3.76314e-08
5.32329e-07
4.85859e-07
-1.06297e-10
9.38512e-08
9.43791e-07
-7.34882e-08
8.99068e-07
-7.82047e-08
4.51617e-07
-1.03756e-07
3.81691e-07
-1.25554e-07
1.70039e-07
-1.42197e-07
-1.11761e-07
-1.58428e-07
-3.95568e-07
-2.096e-07
-7.7009e-07
2.54484e-07
-1.81057e-06
1.33733e-08
-2.62834e-07
5.94661e-10
-2.03252e-09
5.59058e-11
-6.06818e-11
4.83541e-12
-4.10932e-12
7.64994e-13
-2.04325e-12
9.39113e-12
-4.17504e-11
3.5794e-11
9.24732e-12
2.39122e-11
-1.7007e-11
3.4396e-11
1.35358e-10
3.89322e-11
1.50698e-10
1.17897e-10
8.10347e-11
-2.90572e-10
1.46606e-11
5.89734e-09
1.53967e-08
-5.91444e-07
2.89892e-07
-4.56998e-07
-5.98574e-08
-2.8631e-07
3.81881e-07
-1.81087e-07
5.7326e-07
-1.46355e-07
6.82863e-07
-9.44622e-08
5.46257e-07
-4.18533e-08
4.8108e-07
1.32251e-09
4.42688e-07
-9.62084e-08
9.76445e-08
-1.45549e-07
4.93404e-08
-1.88329e-07
4.27797e-08
-1.78919e-07
-1.03814e-08
-6.40502e-08
-1.16639e-07
1.19878e-07
-1.84307e-07
2.85789e-07
-1.65748e-07
3.552e-07
-6.90669e-08
3.05089e-07
4.8262e-08
1.24232e-07
1.80222e-07
-1.77279e-08
1.41157e-07
-1.39867e-07
1.22139e-07
-1.79349e-07
3.94818e-08
-1.78928e-07
-4.20925e-10
-2.37306e-07
5.83778e-08
-2.00352e-07
-3.69538e-08
-1.92183e-07
-8.16979e-09
-1.61115e-07
-3.10674e-08
-1.28102e-07
-3.30134e-08
-9.16291e-08
-3.64727e-08
-5.44786e-08
-3.71505e-08
-2.00254e-08
-3.44531e-08
8.63971e-09
-2.86651e-08
2.99445e-08
-2.13048e-08
4.33937e-08
-1.34492e-08
4.88352e-08
-5.44154e-09
4.70616e-08
1.77362e-09
3.92047e-08
7.85688e-09
2.30219e-08
1.61829e-08
2.30219e-08
-8.27933e-08
1.79724e-07
-1.06015e-07
7.25618e-08
-9.99666e-08
3.55104e-08
-4.54164e-08
-6.49192e-08
5.05354e-08
-2.12537e-07
1.76341e-07
-3.10068e-07
3.17501e-07
-3.06893e-07
3.79845e-07
-1.31415e-07
2.7795e-07
1.50141e-07
7.77609e-08
3.79121e-07
-1.19565e-07
3.37082e-07
-2.4195e-07
2.44521e-07
-2.5542e-07
5.29516e-08
-2.45473e-07
-1.03673e-08
-2.96841e-07
1.09746e-07
-2.47104e-07
-8.66916e-08
-2.25383e-07
-2.98905e-08
-1.85008e-07
-7.14429e-08
-1.38571e-07
-7.94501e-08
-9.04981e-08
-8.45455e-08
-4.21856e-08
-8.54631e-08
1.15969e-09
-7.77984e-08
3.54924e-08
-6.29979e-08
5.91186e-08
-4.4931e-08
7.1841e-08
-2.61716e-08
7.40807e-08
-7.6813e-09
6.74246e-08
8.42972e-09
5.37494e-08
2.15321e-08
3.07104e-08
3.92218e-08
5.37323e-08
-1.11015e-08
1.95197e-07
-2.97302e-08
9.19551e-08
-2.01074e-08
2.58405e-08
2.23988e-08
-1.07413e-07
8.17301e-08
-2.7183e-07
1.36614e-07
-3.65108e-07
1.93308e-07
-3.63462e-07
2.41056e-07
-1.79178e-07
1.54289e-07
2.36891e-07
1.73477e-08
5.16291e-07
-1.44351e-07
4.97379e-07
-2.50791e-07
3.50962e-07
-2.71083e-07
7.32432e-08
-2.65024e-07
-1.64261e-08
-2.83963e-07
1.28684e-07
-2.49277e-07
-1.21377e-07
-2.17661e-07
-6.15062e-08
-1.79592e-07
-1.09512e-07
-1.32149e-07
-1.26893e-07
-8.36631e-08
-1.33032e-07
-3.48228e-08
-1.34303e-07
8.82695e-09
-1.21448e-07
4.30294e-08
-9.72003e-08
6.60948e-08
-6.79964e-08
7.78833e-08
-3.79601e-08
7.89318e-08
-8.72973e-09
7.09942e-08
1.63673e-08
5.61091e-08
3.64172e-08
3.18946e-08
6.34363e-08
8.56269e-08
3.50096e-08
1.6355e-07
3.47963e-08
9.21684e-08
4.64065e-08
1.42303e-08
6.2222e-08
-1.23232e-07
5.07971e-08
-2.60602e-07
3.06443e-08
-3.45172e-07
3.6094e-08
-3.68576e-07
5.31063e-08
-1.96089e-07
3.50573e-08
2.54922e-07
-5.04842e-08
6.04852e-07
-1.86237e-07
6.32361e-07
-2.48303e-07
4.13028e-07
-2.85894e-07
1.10834e-07
-2.79946e-07
-2.23744e-08
-2.66494e-07
1.15233e-07
-2.59284e-07
-1.28588e-07
-2.13645e-07
-1.07145e-07
-1.79933e-07
-1.43225e-07
-1.31076e-07
-1.7575e-07
-8.23348e-08
-1.81773e-07
-3.31566e-08
-1.83482e-07
1.07218e-08
-1.65327e-07
4.48853e-08
-1.31364e-07
6.77381e-08
-9.08493e-08
7.92196e-08
-4.94416e-08
7.99243e-08
-9.43442e-09
7.16711e-08
2.46205e-08
5.65546e-08
5.15336e-08
3.21232e-08
8.78678e-08
1.1775e-07
4.96435e-08
1.13794e-07
5.35212e-08
8.82908e-08
6.92025e-08
-1.45108e-09
8.33718e-08
-1.37547e-07
5.91567e-08
-2.36583e-07
-4.82203e-09
-2.81631e-07
-6.89684e-08
-3.0455e-07
-1.00194e-07
-1.64971e-07
-1.34204e-07
2.88897e-07
-1.92509e-07
6.6335e-07
-2.59675e-07
7.04886e-07
-2.32042e-07
3.85394e-07
-2.77211e-07
1.56003e-07
-2.84102e-07
-1.54826e-08
-2.42792e-07
7.39231e-08
-2.6834e-07
-1.0304e-07
-2.11128e-07
-1.64357e-07
-1.81037e-07
-1.73316e-07
-1.30819e-07
-2.25967e-07
-8.17757e-08
-2.30816e-07
-3.23183e-08
-2.32939e-07
1.1767e-08
-2.09412e-07
4.58747e-08
-1.65471e-07
6.85584e-08
-1.13533e-07
7.98382e-08
-6.07214e-08
8.03425e-08
-9.93875e-09
7.19368e-08
3.30261e-08
5.67518e-08
6.67187e-08
3.22378e-08
1.12382e-07
1.49988e-07
2.75931e-08
8.34112e-08
3.59404e-08
7.99435e-08
8.1864e-08
-4.73747e-08
1.19145e-07
-1.74862e-07
9.46386e-08
-2.12634e-07
2.99039e-09
-1.89956e-07
-1.53151e-07
-1.48376e-07
-2.84059e-07
-3.41686e-08
-3.23664e-07
3.27988e-07
-3.19344e-07
6.59031e-07
-3.23091e-07
7.08632e-07
-2.52934e-07
3.15238e-07
-3.01671e-07
2.0474e-07
-2.8255e-07
-3.46031e-08
-2.34156e-07
2.55282e-08
-2.74456e-07
-6.27397e-08
-2.11297e-07
-2.27516e-07
-1.81835e-07
-2.02778e-07
-1.30583e-07
-2.77219e-07
-8.10686e-08
-2.80331e-07
-3.13414e-08
-2.82666e-07
1.29511e-08
-2.53704e-07
4.69486e-08
-1.99469e-07
6.94106e-08
-1.35995e-07
8.04559e-08
-7.17666e-08
8.07429e-08
-1.02258e-08
7.2184e-08
4.1585e-08
5.69476e-08
8.19552e-08
3.23577e-08
1.36972e-07
1.82346e-07
1.62484e-08
6.68829e-08
4.77215e-08
4.84704e-08
1.17726e-07
-1.17379e-07
1.4119e-07
-1.98202e-07
8.34637e-08
-1.54881e-07
-1.07369e-07
9.0355e-10
-3.09127e-07
5.35565e-08
-4.01467e-07
5.8066e-08
-4.31884e-07
3.58218e-07
-4.20096e-07
6.47243e-07
-3.23693e-07
6.1223e-07
-2.64493e-07
2.56037e-07
-3.45313e-07
2.85561e-07
-2.85016e-07
-9.49007e-08
-2.49748e-07
-9.73955e-09
-2.79176e-07
-3.33116e-08
-2.15423e-07
-2.91269e-07
-1.82099e-07
-2.36102e-07
-1.30389e-07
-3.28929e-07
-8.01744e-08
-3.30545e-07
-3.0155e-08
-3.32686e-07
1.43909e-08
-2.9825e-07
4.82396e-08
-2.33318e-07
7.04233e-08
-1.58179e-07
8.11821e-08
-8.25254e-08
8.12086e-08
-1.02524e-08
7.24688e-08
5.03248e-08
5.71761e-08
9.7248e-08
3.2499e-08
1.61649e-07
2.14845e-07
1.21449e-08
5.28465e-08
7.01958e-08
-9.58053e-09
1.17961e-07
-1.6512e-07
5.44507e-08
-1.34776e-07
-7.73081e-08
-2.31272e-08
-2.17151e-07
1.40767e-07
-3.39448e-07
1.76014e-07
-4.51288e-07
1.70039e-07
-4.96694e-07
4.03572e-07
-4.13429e-07
5.63978e-07
-2.78407e-07
4.77207e-07
-3.0218e-07
2.79811e-07
-3.67646e-07
3.51027e-07
-2.95288e-07
-1.67259e-07
-2.95465e-07
-9.56263e-09
-2.74343e-07
-5.44336e-08
-2.25152e-07
-3.4046e-07
-1.8142e-07
-2.79834e-07
-1.30228e-07
-3.80121e-07
-7.9082e-08
-3.81691e-07
-2.87384e-08
-3.83029e-07
1.61002e-08
-3.43089e-07
4.9764e-08
-2.66981e-07
7.16124e-08
-1.80027e-07
8.20307e-08
-9.29436e-08
8.17502e-08
-9.97187e-09
7.27976e-08
5.92773e-08
5.74414e-08
1.12604e-07
3.26638e-08
1.86426e-07
2.47508e-07
8.11942e-09
4.37015e-08
2.97056e-08
-3.11623e-08
-3.66523e-08
-9.86865e-08
-1.5458e-07
-1.69333e-08
-2.69855e-07
9.20963e-08
-3.1125e-07
1.82162e-07
-3.63261e-07
2.28025e-07
-4.23563e-07
2.30341e-07
-4.14354e-07
3.94362e-07
-3.22604e-07
4.72229e-07
-2.89078e-07
4.43681e-07
-3.87252e-07
3.77984e-07
-3.6501e-07
3.28784e-07
-3.31106e-07
-2.01163e-07
-3.26726e-07
-1.39429e-08
-2.56669e-07
-1.2449e-07
-2.35957e-07
-3.61172e-07
-1.80406e-07
-3.35385e-07
-1.29953e-07
-4.30574e-07
-7.77808e-08
-4.33863e-07
-2.71067e-08
-4.33703e-07
1.80869e-08
-3.88283e-07
5.15259e-08
-3.0042e-07
7.29802e-08
-2.01482e-07
8.30029e-08
-1.02966e-07
8.23675e-08
-9.33646e-09
7.31702e-08
6.84747e-08
5.7744e-08
1.2803e-07
3.28526e-08
2.11318e-07
2.80361e-07
-3.59647e-08
7.95189e-08
-1.02776e-07
3.57008e-08
-2.22171e-07
2.0662e-08
-2.93813e-07
5.45797e-08
-3.31938e-07
1.30221e-07
-3.70915e-07
2.2114e-07
-3.9169e-07
2.488e-07
-3.85802e-07
2.24452e-07
-3.35774e-07
3.44335e-07
-2.79928e-07
4.16383e-07
-3.2218e-07
4.85933e-07
-3.80939e-07
4.36744e-07
-3.27295e-07
2.7514e-07
-3.70537e-07
-1.57921e-07
-3.38267e-07
-4.62132e-08
-2.50778e-07
-2.11979e-07
-2.39372e-07
-3.72578e-07
-1.80826e-07
-3.93931e-07
-1.29333e-07
-4.82067e-07
-7.6274e-08
-4.86923e-07
-2.52326e-08
-4.84745e-07
2.0358e-08
-4.33873e-07
5.35284e-08
-3.33591e-07
7.45268e-08
-2.2248e-07
8.40976e-08
-1.12537e-07
8.30598e-08
-8.2987e-09
7.3585e-08
7.79495e-08
5.80837e-08
1.43532e-07
3.30656e-08
2.36336e-07
3.13427e-07
1.62034e-08
6.78283e-08
-2.47821e-09
5.43925e-08
-8.73132e-08
1.05451e-07
-2.25898e-07
1.93051e-07
-3.56904e-07
2.61227e-07
-4.1858e-07
2.82815e-07
-3.927e-07
2.2292e-07
-3.72091e-07
2.03843e-07
-3.68719e-07
3.40963e-07
-3.67696e-07
4.1536e-07
-3.75242e-07
4.93478e-07
-3.66579e-07
4.28081e-07
-3.279e-07
2.36462e-07
-3.7422e-07
-1.11602e-07
-3.47396e-07
-7.30372e-08
-2.69145e-07
-2.90229e-07
-2.36054e-07
-4.05669e-07
-1.82633e-07
-4.47352e-07
-1.28404e-07
-5.36296e-07
-7.45423e-08
-5.40784e-07
-2.3112e-08
-5.36175e-07
2.29227e-08
-4.79908e-07
5.57755e-08
-3.66443e-07
7.62525e-08
-2.42957e-07
8.53143e-08
-1.21599e-07
8.38254e-08
-6.80982e-09
7.40403e-08
8.77346e-08
5.84601e-08
1.59112e-07
3.3303e-08
2.61493e-07
3.4673e-07
-3.34962e-08
9.85389e-08
-8.4808e-08
1.05725e-07
-1.48951e-07
1.69547e-07
-1.92306e-07
2.36371e-07
-2.23404e-07
2.92325e-07
-2.83712e-07
3.43124e-07
-3.63365e-07
3.02573e-07
-4.36271e-07
2.76749e-07
-4.31719e-07
3.36411e-07
-4.31276e-07
4.14917e-07
-4.25943e-07
4.88146e-07
-3.93184e-07
3.95322e-07
-3.74362e-07
2.1764e-07
-3.73972e-07
-1.11992e-07
-3.33996e-07
-1.13012e-07
-2.91851e-07
-3.32375e-07
-2.33114e-07
-4.64406e-07
-1.83981e-07
-4.96485e-07
-1.27379e-07
-5.92898e-07
-7.25457e-08
-5.95618e-07
-2.07279e-08
-5.87993e-07
2.579e-08
-5.26426e-07
5.82715e-08
-3.98925e-07
7.81577e-08
-2.62843e-07
8.6651e-08
-1.30092e-07
8.46628e-08
-4.82166e-09
7.45337e-08
9.78637e-08
5.88732e-08
1.74772e-07
3.35653e-08
2.86801e-07
3.80295e-07
-3.31058e-08
1.32842e-07
-9.60488e-08
1.68738e-07
-1.77785e-07
2.51239e-07
-2.57553e-07
3.16139e-07
-2.68987e-07
3.03759e-07
-2.19486e-07
2.93624e-07
-2.00381e-07
2.83468e-07
-3.12849e-07
3.89216e-07
-4.457e-07
4.69262e-07
-5.07353e-07
4.76569e-07
-4.99272e-07
4.80066e-07
-4.7286e-07
3.68909e-07
-4.14947e-07
1.59726e-07
-3.73982e-07
-1.52957e-07
-3.33162e-07
-1.53833e-07
-2.93868e-07
-3.71668e-07
-2.36716e-07
-5.21558e-07
-1.83866e-07
-5.49336e-07
-1.26331e-07
-6.50433e-07
-7.02564e-08
-6.51692e-07
-1.80513e-08
-6.40198e-07
2.897e-08
-5.73447e-07
6.1021e-08
-4.30976e-07
8.02424e-08
-2.82065e-07
8.81068e-08
-1.37956e-07
8.55696e-08
-2.28455e-09
7.50626e-08
1.08371e-07
5.93224e-08
1.90513e-07
3.38528e-08
3.1227e-07
4.14148e-07
9.52826e-09
1.25687e-07
5.65057e-09
1.72674e-07
-1.47378e-08
2.71799e-07
-1.03555e-07
4.04954e-07
-2.56945e-07
4.57149e-07
-3.42071e-07
3.7875e-07
-3.51738e-07
2.93134e-07
-3.20882e-07
3.58361e-07
-3.63946e-07
5.12326e-07
-5.014e-07
6.14024e-07
-5.76931e-07
5.55596e-07
-5.72145e-07
3.64123e-07
-5.05446e-07
9.30267e-08
-4.03153e-07
-2.55249e-07
-3.12116e-07
-2.44871e-07
-2.93605e-07
-3.9018e-07
-2.38563e-07
-5.76599e-07
-1.83249e-07
-6.0465e-07
-1.25096e-07
-7.08587e-07
-6.76558e-08
-7.09132e-07
-1.50603e-08
-6.92793e-07
3.24737e-08
-6.20981e-07
6.40283e-08
-4.62531e-07
8.25063e-08
-3.00543e-07
8.96794e-08
-1.4513e-07
8.65438e-08
8.51017e-10
7.56236e-08
1.19291e-07
5.98077e-08
2.06328e-07
3.41659e-08
3.37912e-07
4.48314e-07
1.166e-08
1.11487e-07
4.51545e-08
1.3918e-07
1.09904e-07
2.07049e-07
1.71435e-07
3.43423e-07
1.73433e-07
4.55151e-07
1.0511e-07
4.47073e-07
-8.01424e-08
4.78386e-07
-2.81429e-07
5.59648e-07
-3.5814e-07
5.89036e-07
-3.82132e-07
6.38016e-07
-4.46628e-07
6.20093e-07
-5.33426e-07
4.50921e-07
-5.41065e-07
1.00666e-07
-4.77784e-07
-3.1853e-07
-3.27587e-07
-3.95068e-07
-2.64477e-07
-4.5329e-07
-2.41267e-07
-5.99809e-07
-1.81166e-07
-6.6475e-07
-1.23597e-07
-7.66155e-07
-6.47127e-08
-7.68017e-07
-1.17325e-08
-7.45774e-07
3.63134e-08
-6.69027e-07
6.72989e-08
-4.93516e-07
8.49491e-08
-3.18193e-07
9.13671e-08
-1.51548e-07
8.75821e-08
4.63599e-09
7.62125e-08
1.3066e-07
6.03286e-08
2.22212e-07
3.4505e-08
3.63736e-07
4.82819e-07
-9.25338e-08
1.98664e-07
-1.61099e-07
2.07745e-07
-1.93756e-07
2.39706e-07
-1.84366e-07
3.34028e-07
-1.92727e-07
4.63512e-07
-2.6076e-07
5.15106e-07
-3.20272e-07
5.37899e-07
-3.37975e-07
5.7735e-07
-3.65347e-07
6.16408e-07
-4.27689e-07
7.00358e-07
-4.02389e-07
5.94792e-07
-3.43961e-07
3.92494e-07
-4.0622e-07
1.62924e-07
-5.01168e-07
-2.23583e-07
-3.53065e-07
-5.43171e-07
-2.38724e-07
-5.67631e-07
-2.3212e-07
-6.06413e-07
-1.78653e-07
-7.18218e-07
-1.2137e-07
-8.23438e-07
-6.14104e-08
-8.27976e-07
-8.01422e-09
-7.9917e-07
4.05002e-08
-7.17542e-07
7.08382e-08
-5.23854e-07
8.75702e-08
-3.34925e-07
9.31677e-08
-1.57145e-07
8.86824e-08
9.12137e-09
7.68231e-08
1.4252e-07
6.08848e-08
2.38151e-07
3.48708e-08
3.8975e-07
5.17689e-07
-1.28251e-07
3.21743e-07
-2.50451e-07
3.29944e-07
-3.53113e-07
3.42368e-07
-4.02299e-07
3.83208e-07
-4.18643e-07
4.79843e-07
-4.51524e-07
5.47987e-07
-4.69102e-07
5.55478e-07
-4.86443e-07
5.94691e-07
-5.6387e-07
6.93836e-07
-5.57912e-07
6.94399e-07
-5.05444e-07
5.42324e-07
-4.58128e-07
3.45178e-07
-3.65242e-07
7.00377e-08
-3.82788e-07
-2.06036e-07
-3.51501e-07
-5.74457e-07
-2.58076e-07
-6.61057e-07
-2.09331e-07
-6.55157e-07
-1.74304e-07
-7.53245e-07
-1.17953e-07
-8.79789e-07
-5.77014e-08
-8.88228e-07
-3.81858e-09
-8.53052e-07
4.50441e-08
-7.66404e-07
7.46514e-08
-5.53461e-07
9.03696e-08
-3.50643e-07
9.50782e-08
-1.61854e-07
8.98426e-08
1.4357e-08
7.74474e-08
1.54915e-07
6.1476e-08
2.54122e-07
3.52638e-08
4.15962e-07
5.52953e-07
-7.28685e-08
3.95197e-07
-1.57041e-07
4.14063e-07
-2.0587e-07
3.91198e-07
-2.01607e-07
3.78946e-07
-1.68626e-07
4.46858e-07
-1.26836e-07
5.06195e-07
-1.72181e-07
6.00823e-07
-3.86296e-07
8.08805e-07
-5.49901e-07
8.57441e-07
-5.07811e-07
6.52309e-07
-4.98479e-07
5.32992e-07
-5.84474e-07
4.31174e-07
-5.52687e-07
3.82539e-08
-3.39985e-07
-4.18738e-07
-3.01979e-07
-6.12463e-07
-2.81595e-07
-6.8144e-07
-1.89352e-07
-7.47401e-07
-1.66441e-07
-7.76156e-07
-1.13133e-07
-9.33097e-07
-5.34668e-08
-9.47894e-07
4.70036e-10
-9.06989e-07
4.99509e-08
-8.15885e-07
7.87449e-08
-5.82255e-07
9.33443e-08
-3.65243e-07
9.70957e-08
-1.65605e-07
9.10615e-08
2.03912e-08
7.80875e-08
1.67889e-07
6.21018e-08
2.70108e-07
3.56849e-08
4.42379e-07
5.88638e-07
-1.60201e-08
4.17393e-07
-5.56748e-08
4.5371e-07
-6.5342e-08
4.00499e-07
-8.45276e-08
3.98127e-07
-1.77168e-07
5.39503e-07
-3.79877e-07
7.08904e-07
-6.87507e-07
9.08452e-07
-9.4638e-07
1.06768e-06
-1.03541e-06
9.46471e-07
-8.45282e-07
4.62182e-07
-7.07876e-07
3.95586e-07
-5.11711e-07
1.96942e-07
-5.27968e-07
5.45143e-08
-4.44454e-07
-5.02248e-07
-2.92169e-07
-7.64747e-07
-2.65819e-07
-7.0779e-07
-1.9629e-07
-8.16929e-07
-1.56682e-07
-8.15764e-07
-1.07531e-07
-9.82249e-07
-4.85738e-08
-1.00685e-06
4.34219e-09
-9.59905e-07
5.52265e-08
-8.6677e-07
8.31269e-08
-6.10156e-07
9.64937e-08
-3.78609e-07
9.92163e-08
-1.68328e-07
9.23371e-08
2.72704e-08
7.8753e-08
1.81473e-07
6.27619e-08
2.86099e-07
3.61348e-08
4.69006e-07
6.24773e-07
-1.22832e-09
4.22975e-07
-2.5697e-08
4.78208e-07
-6.54413e-08
4.40093e-07
-1.54026e-07
4.86706e-07
-3.12462e-07
6.97935e-07
-5.44572e-07
9.41014e-07
-7.60405e-07
1.12429e-06
-6.36003e-07
9.43279e-07
-3.48848e-07
6.03554e-07
-1.92272e-07
2.73689e-07
-4.32301e-07
5.88075e-07
-5.6296e-07
1.97028e-07
-4.60107e-07
-1.09056e-07
-3.79492e-07
-5.42659e-07
-3.61007e-07
-7.83169e-07
-2.27327e-07
-8.41469e-07
-2.12711e-07
-8.31546e-07
-1.49078e-07
-8.79397e-07
-1.0287e-07
-1.02846e-06
-4.30957e-08
-1.06663e-06
8.81479e-09
-1.01182e-06
6.08949e-08
-9.1885e-07
8.78063e-08
-6.37067e-07
9.9814e-08
-3.90617e-07
1.01436e-07
-1.6995e-07
9.36676e-08
3.5039e-08
7.94494e-08
1.95691e-07
6.34561e-08
3.02092e-07
3.66143e-08
4.95848e-07
6.61387e-07
-1.64002e-08
4.39244e-07
-4.87736e-08
5.10582e-07
-1.28637e-07
5.19806e-07
-2.71949e-07
6.30016e-07
-4.33418e-07
8.59401e-07
-5.58133e-07
1.06573e-06
-3.66614e-07
9.32719e-07
9.58366e-08
4.38709e-07
3.15476e-07
3.85792e-07
3.32554e-07
1.94032e-07
2.76131e-07
5.68379e-07
7.53422e-08
2.27106e-07
-1.69721e-07
6.8331e-10
-4.96265e-07
-1.31277e-07
-2.34775e-07
-8.40597e-07
-2.36253e-07
-8.3996e-07
-2.06749e-07
-8.61048e-07
-1.45138e-07
-9.41008e-07
-1.00469e-07
-1.07312e-06
-3.75202e-08
-1.12957e-06
1.37374e-08
-1.06307e-06
6.69739e-08
-9.72086e-07
9.27941e-08
-6.62887e-07
1.03301e-07
-4.01124e-07
1.03751e-07
-1.704e-07
9.5051e-08
4.37393e-08
8.01762e-08
2.10566e-07
6.41838e-08
3.18084e-07
3.71246e-08
5.22907e-07
6.98512e-07
-3.19506e-08
4.6905e-07
-7.05453e-08
5.48402e-07
-1.59772e-07
6.09207e-07
-2.99665e-07
7.69907e-07
-4.33107e-07
9.92838e-07
-4.75294e-07
1.10499e-06
-2.11338e-07
6.53676e-07
-8.71834e-09
2.56215e-07
5.91646e-08
3.40205e-07
1.75837e-07
4.99595e-08
2.43293e-07
2.92083e-07
1.85542e-07
1.52958e-08
-2.91973e-09
5.29904e-08
-1.32962e-07
-1.20545e-09
-2.87864e-07
-1.82711e-07
-2.10972e-07
-7.34993e-07
-1.88228e-07
-8.83761e-07
-1.39454e-07
-9.89782e-07
-9.8826e-08
-1.11375e-06
-3.23364e-08
-1.19606e-06
1.89999e-08
-1.11441e-06
7.34705e-08
-1.02656e-06
9.81041e-08
-6.87521e-07
1.06953e-07
-4.09973e-07
1.06156e-07
-1.69603e-07
9.64845e-08
5.34112e-08
8.09286e-08
2.26122e-07
6.49449e-08
3.34068e-07
3.76666e-08
5.50185e-07
7.36179e-07
-4.4283e-08
5.12052e-07
-9.24627e-08
5.9504e-07
-1.60289e-07
6.77206e-07
-2.51756e-07
8.61368e-07
-3.26217e-07
1.06729e-06
-2.35798e-07
1.01239e-06
-1.42171e-07
5.58695e-07
-9.5073e-08
2.1115e-07
4.82036e-08
1.95484e-07
1.9682e-07
-1.83138e-07
7.92291e-08
7.39161e-08
6.77273e-10
-2.92294e-09
6.28087e-10
5.68848e-10
-4.47939e-10
6.04697e-11
-1.78892e-07
-5.41946e-09
-6.07829e-08
-2.48441e-07
-1.75366e-07
-6.76546e-07
-1.28752e-07
-1.03639e-06
-9.33958e-08
-1.14911e-06
-2.70733e-08
-1.26239e-06
2.44908e-08
-1.16597e-06
8.03792e-08
-1.08245e-06
1.03749e-07
-7.10891e-07
1.10765e-07
-4.16989e-07
1.08647e-07
-1.67485e-07
9.79658e-08
6.40925e-08
8.17024e-08
2.42385e-07
6.57389e-08
3.50032e-07
3.82416e-08
5.77683e-07
7.7442e-07
-3.27894e-08
5.43046e-07
-8.00194e-08
6.42255e-07
-1.25441e-07
7.22623e-07
-1.56219e-07
8.92139e-07
-1.71602e-07
1.08232e-06
-6.72017e-08
9.02063e-07
2.07346e-08
4.69631e-07
5.38383e-08
1.78523e-07
2.81905e-07
-3.28167e-08
1.39345e-07
-2.20537e-07
3.40855e-09
-7.90829e-10
-4.67347e-10
2.77184e-10
-4.02754e-11
1.15819e-10
2.81249e-11
-1.53567e-12
-5.15031e-09
-2.72341e-10
-2.46234e-07
-8.63547e-09
-1.65027e-07
-3.46314e-07
-1.18648e-07
-1.00877e-06
-7.84985e-08
-1.18925e-06
-1.94432e-08
-1.32144e-06
3.02565e-08
-1.21567e-06
8.76918e-08
-1.13988e-06
1.09745e-07
-7.32943e-07
1.14733e-07
-4.21978e-07
1.11213e-07
-1.63966e-07
9.94899e-08
7.58158e-08
8.24929e-08
2.59382e-07
6.65652e-08
3.65959e-07
3.88507e-08
6.05397e-07
8.13271e-07
-1.44406e-08
5.51456e-07
-2.55526e-08
6.5337e-07
-4.58717e-08
7.42948e-07
-5.53793e-08
9.01654e-07
-1.57994e-08
1.04321e-06
6.47843e-08
8.17861e-07
9.89763e-08
4.50214e-07
2.61718e-07
1.64733e-08
3.85797e-07
-1.56155e-07
4.18984e-08
-2.14232e-07
9.32513e-11
4.4205e-09
-7.45708e-11
4.19279e-10
-9.88714e-12
6.13705e-11
-2.08216e-13
4.32848e-13
-2.49029e-10
-2.11613e-11
-8.8135e-09
-1.00212e-10
-3.15581e-07
-1.20142e-08
-1.13418e-07
-4.98e-07
-4.91225e-08
-1.2446e-06
-4.18473e-09
-1.36638e-06
3.67204e-08
-1.25658e-06
9.54026e-08
-1.19856e-06
1.16105e-07
-7.53646e-07
1.18857e-07
-4.2473e-07
1.13859e-07
-1.58967e-07
1.01058e-07
8.8617e-08
8.32975e-08
2.77142e-07
6.74244e-08
3.81832e-07
3.94956e-08
6.33326e-07
8.52766e-07
3.37359e-09
5.4678e-07
1.94978e-08
6.37246e-07
2.64696e-08
7.33415e-07
5.13237e-08
8.76809e-07
1.06659e-07
9.87357e-07
1.51884e-07
7.87029e-07
1.99965e-07
4.06521e-07
3.66962e-07
-1.50513e-07
2.67871e-07
-1.75835e-07
-1.51187e-09
-1.0687e-07
-2.53529e-10
2.71727e-09
-6.73444e-11
2.41855e-10
-7.25912e-12
8.34509e-12
-2.841e-12
1.10332e-12
-2.33644e-11
-5.77154e-13
-1.13828e-10
-1.15704e-12
-1.20489e-08
-1.2203e-10
-2.28664e-07
-4.58869e-09
-8.37961e-09
-5.28188e-07
3.48562e-08
-1.40958e-06
4.60198e-08
-1.26774e-06
1.03523e-07
-1.25607e-06
1.2284e-07
-7.72963e-07
1.23097e-07
-4.24987e-07
1.16543e-07
-1.52413e-07
1.02651e-07
1.02508e-07
8.41067e-08
2.95687e-07
6.83115e-08
3.97628e-07
4.01697e-08
6.61468e-07
8.92936e-07
9.0575e-09
5.41932e-07
3.04351e-08
6.1587e-07
4.34916e-08
7.20359e-07
9.92881e-08
8.20846e-07
1.73246e-07
9.13492e-07
2.31109e-07
7.35135e-07
3.31031e-07
3.06771e-07
3.73593e-07
-1.9306e-07
1.12249e-07
-1.94301e-07
-3.45852e-10
-7.59934e-09
-2.18735e-10
8.89526e-10
-1.9417e-11
4.45966e-11
-6.40509e-12
7.10005e-13
-9.26432e-13
2.44096e-13
-6.69467e-13
-2.96693e-14
-2.36216e-12
5.16541e-15
-1.19345e-10
-7.69795e-12
-4.31291e-09
-3.30257e-10
-1.97406e-07
-2.6053e-08
8.20419e-08
-9.84676e-07
6.73367e-08
-1.25296e-06
1.12042e-07
-1.30077e-06
1.29971e-07
-7.90891e-07
1.27508e-07
-4.22524e-07
1.19329e-07
-1.44234e-07
1.04317e-07
1.17521e-07
8.49489e-08
3.15055e-07
6.92557e-08
4.13321e-07
4.10392e-08
6.89684e-07
9.33975e-07
2.30043e-08
5.2481e-07
5.8354e-08
5.8052e-07
1.15279e-07
6.63438e-07
1.72273e-07
7.64061e-07
2.65117e-07
8.21083e-07
3.50841e-07
6.49422e-07
4.57086e-07
2.00526e-07
4.53061e-07
-1.89022e-07
8.854e-09
-1.63951e-08
-6.53848e-10
4.61979e-11
-3.3661e-11
6.78553e-11
-6.28375e-12
1.90814e-11
-4.53026e-12
5.52809e-12
-1.09959e-13
4.44164e-12
-1.50212e-13
1.32643e-13
-1.53356e-13
1.62935e-14
-6.35374e-12
-1.43495e-12
-2.72468e-10
-6.79115e-11
-2.49793e-08
-1.42481e-09
2.61459e-08
-1.89107e-07
1.19358e-07
-1.33492e-06
1.2131e-07
-1.30272e-06
1.37578e-07
-8.0716e-07
1.31964e-07
-4.1691e-07
1.21966e-07
-1.34236e-07
1.05703e-07
1.33785e-07
8.55021e-08
3.35255e-07
6.99951e-08
4.28828e-07
3.95402e-08
7.20139e-07
9.73515e-07
3.83677e-08
4.86767e-07
9.26933e-08
5.26201e-07
1.6511e-07
5.91077e-07
2.07635e-07
7.22412e-07
3.30929e-07
6.97795e-07
4.12439e-07
5.67912e-07
5.12118e-07
1.00847e-07
1.98506e-07
-1.79308e-08
-8.25666e-11
2.05958e-08
-3.63908e-11
5.31269e-12
-3.44221e-12
3.45e-11
-3.58578e-13
1.62924e-11
-9.90378e-14
5.30964e-12
-3.79478e-14
4.38672e-12
-2.77891e-14
1.28759e-13
-2.95726e-14
2.2222e-14
-8.34064e-13
-6.789e-13
-2.96014e-11
-3.94063e-11
-8.33838e-10
-6.55543e-10
-1.80925e-07
-1.57541e-08
1.41705e-07
-7.67795e-07
1.32151e-07
-1.28289e-06
1.45488e-07
-8.20497e-07
1.36717e-07
-4.08139e-07
1.25717e-07
-1.23237e-07
1.09373e-07
1.50129e-07
8.86229e-08
3.56005e-07
7.231e-08
4.45141e-07
6.44867e-08
7.27962e-07
1.038e-06
4.46148e-08
4.43477e-07
9.7952e-08
4.74367e-07
1.51363e-07
5.39986e-07
1.87438e-07
6.86693e-07
3.00546e-07
5.84688e-07
4.41162e-07
4.27296e-07
5.60231e-07
-1.82219e-08
9.08893e-10
3.00654e-07
-8.83253e-12
1.98874e-08
-1.61997e-11
1.24203e-11
-1.43213e-11
3.13181e-11
-2.12128e-11
5.76529e-11
-1.31004e-11
1.81667e-10
-1.16801e-11
1.50343e-10
-4.92978e-14
5.80409e-11
-4.17291e-14
1.42733e-14
-5.96453e-13
-1.18535e-13
-6.00607e-11
-1.87199e-12
-6.11954e-10
-6.0016e-11
-1.37363e-08
-2.12085e-09
-2.5548e-07
-2.63863e-07
2.09102e-07
-1.8141e-06
1.58633e-07
-7.70028e-07
1.42265e-07
-3.91771e-07
1.25217e-07
-1.06188e-07
1.03356e-07
1.7199e-07
7.78404e-08
3.81521e-07
7.31819e-08
4.49799e-07
-9.41412e-08
8.95285e-07
9.43861e-07
-1.7444e-07
6.64164e-07
-6.00321e-09
7.30631e-07
-4.51332e-08
4.90747e-07
-5.39046e-08
3.90462e-07
-6.55706e-08
1.81705e-07
-7.67048e-08
-1.00627e-07
-9.73315e-08
-3.74941e-07
-2.41245e-07
-6.24325e-07
1.77898e-07
-1.94181e-06
1.55309e-09
-4.58443e-08
5.93771e-11
-5.16253e-10
2.37872e-12
-1.06064e-11
1.52762e-13
-2.28507e-12
1.26517e-14
-1.65972e-12
6.33399e-12
-4.57991e-11
1.29331e-11
3.87279e-12
5.88064e-12
-3.26686e-12
2.297e-11
1.34621e-10
1.54869e-11
1.47845e-10
2.02685e-11
6.68215e-11
5.80008e-12
1.55508e-11
1.30399e-08
2.36272e-09
-2.05436e-08
1.77831e-07
-1.31582e-07
5.11813e-08
-1.40822e-07
3.9112e-07
-9.78464e-08
5.30285e-07
-6.1333e-08
6.4635e-07
-4.06391e-08
5.25569e-07
-1.85875e-08
4.59362e-07
4.22371e-07
1.73106e-09
-2.61923e-07
4.08996e-08
-2.80008e-08
3.38851e-07
-7.10364e-08
5.33783e-07
-7.1679e-08
3.91105e-07
-8.42691e-08
1.94295e-07
-1.01527e-07
-8.33694e-08
-1.15482e-07
-3.60983e-07
-1.29761e-07
-5.52704e-07
2.28896e-08
-6.45654e-07
2.30708e-10
-6.97052e-09
6.23505e-12
-2.91457e-10
6.48028e-13
-6.18177e-12
6.73403e-14
-2.11354e-12
-2.24342e-12
-1.06433e-11
3.29576e-12
-4.83218e-11
3.4721e-12
-1.5887e-13
1.70261e-13
-2.05527e-14
2.47769e-11
1.27641e-10
1.7954e-11
1.40001e-10
1.64908e-11
5.76733e-11
-2.47027e-11
4.75691e-11
2.02526e-09
2.96304e-10
2.72111e-08
5.76531e-08
-7.48074e-08
1.50509e-07
-9.91914e-08
4.15504e-07
-8.35597e-08
5.14653e-07
-4.54929e-08
6.08283e-07
-3.78761e-08
5.17952e-07
-1.89217e-08
4.40408e-07
4.01092e-07
2.35695e-09
-2.09327e-07
-5.04925e-08
-1.96362e-07
4.41799e-08
-1.91417e-07
4.33057e-07
-1.60772e-07
3.5e-07
-1.53541e-07
1.87064e-07
-1.7726e-07
-5.96604e-08
-1.78009e-07
-3.60123e-07
1.38443e-07
-9.14702e-07
6.71427e-10
-2.92388e-07
1.47523e-10
-6.45944e-09
4.81897e-12
-1.46137e-10
5.9075e-13
-2.64974e-12
2.38408e-14
-1.96123e-12
-1.00376e-12
-1.56446e-11
3.34137e-13
-5.05706e-14
3.52721e-14
-5.38973e-15
2.77567e-14
-2.25915e-14
2.80765e-11
1.18684e-10
2.37221e-11
2.21062e-10
2.3564e-11
6.11784e-11
2.25912e-12
5.93479e-11
-1.47113e-08
1.50035e-08
-7.72112e-08
1.03559e-08
-6.32141e-08
3.82452e-08
-8.8318e-08
4.40608e-07
-9.42383e-08
5.20573e-07
-4.63491e-08
5.60394e-07
-3.55484e-08
5.07152e-07
-1.67744e-08
4.21634e-07
3.80608e-07
3.7104e-09
-2.68568e-07
-3.69499e-08
-4.27362e-07
-3.975e-08
-4.11468e-07
2.33444e-07
-3.40867e-07
2.2805e-07
-3.13847e-07
1.48857e-07
-3.26026e-07
-5.04679e-08
-3.51319e-07
-3.35359e-07
3.01919e-07
-1.19554e-06
6.61504e-09
-2.33398e-10
1.48266e-10
-5.09063e-12
2.72272e-12
5.26474e-13
-1.56828e-14
8.86665e-14
-2.00438e-13
-2.14377e-12
-4.98305e-15
-2.26445e-11
5.34166e-16
-5.60817e-14
9.53722e-15
-1.44228e-14
1.7476e-14
-3.05609e-14
1.9866e-11
9.58894e-12
7.82389e-11
2.00287e-10
1.07608e-10
8.86519e-11
-3.1531e-09
3.3332e-09
-1.67257e-10
1.1891e-08
-1.57067e-08
-4.63167e-09
-1.35115e-07
1.31551e-08
-1.18006e-07
4.23498e-07
-1.18584e-07
5.21152e-07
-4.22605e-08
4.8407e-07
-1.86282e-08
4.8352e-07
-7.05925e-09
4.10065e-07
3.69672e-07
3.87654e-09
-9.41628e-08
-4.94797e-09
-4.37044e-07
-3.2132e-08
-5.82588e-07
9.52377e-08
-5.73693e-07
1.05838e-07
-5.30795e-07
8.39757e-08
-4.98195e-07
-8.53043e-08
-3.11908e-07
-2.28676e-07
-9.19789e-11
-6.15719e-08
-9.74037e-14
-3.26055e-10
2.38288e-14
-5.211e-12
-6.46015e-14
-1.29304e-14
-1.67369e-15
-1.0688e-15
-5.3938e-13
-7.47617e-13
-2.1503e-14
-8.34268e-14
-7.25923e-17
-7.75307e-14
1.01022e-14
-2.46342e-14
4.13458e-14
-6.18297e-14
3.38134e-12
1.8131e-12
7.44456e-11
1.73692e-10
1.00626e-10
8.17932e-11
-6.94181e-09
6.95297e-09
2.56434e-11
2.52402e-09
4.41475e-09
-9.01913e-09
-1.2644e-07
4.81661e-10
-1.49066e-07
1.64804e-07
-1.25219e-07
4.97305e-07
-4.82451e-08
4.07096e-07
-9.36899e-09
4.44643e-07
-1.84587e-09
4.02542e-07
3.62463e-07
5.36292e-09
-6.91578e-09
-1.72455e-10
-1.94926e-07
-5.21456e-09
-5.53971e-07
1.07824e-08
-7.43174e-07
1.9335e-08
-7.07371e-07
-3.62143e-10
-5.91506e-07
-1.40364e-07
4.4367e-08
-4.93908e-07
-1.2437e-10
-1.76914e-08
3.04832e-12
-4.26645e-10
1.17523e-13
-1.77618e-16
-2.24917e-16
6.69187e-16
-1.54111e-15
2.6657e-16
-3.04349e-15
-1.20348e-13
-9.38953e-15
-9.07496e-14
-9.47219e-16
9.12968e-15
1.07122e-14
-3.63276e-14
8.48218e-14
-1.3587e-13
1.48091e-12
4.02185e-13
5.50132e-11
2.07095e-11
1.23587e-10
2.17714e-11
2.07021e-09
1.23128e-09
2.7457e-11
2.63791e-09
-6.23921e-09
-3.06959e-09
-5.76882e-09
-6.38656e-10
-1.2464e-07
-3.96001e-09
-1.19367e-07
1.11586e-07
-9.83557e-08
2.43756e-07
-3.68548e-08
3.68955e-07
-1.19013e-08
3.77589e-07
3.4356e-07
7.00137e-09
-1.16388e-10
-4.62096e-12
-2.31669e-08
-1.47039e-10
-2.54842e-07
-5.82481e-09
-5.45489e-07
-9.10498e-09
-5.01414e-07
-2.63955e-08
-2.18044e-07
-4.76181e-08
2.85807e-08
4.94705e-16
4.26645e-10
4.98047e-15
-4.85058e-19
7.70369e-17
-6.52232e-17
-1.99731e-16
-3.6647e-15
-1.81499e-15
-1.13521e-15
-3.68322e-14
-3.99811e-15
-1.48406e-13
-8.02899e-15
-1.18803e-13
-1.8687e-15
-3.46452e-14
1.16108e-14
-6.35111e-14
1.25003e-13
-2.51952e-13
8.81503e-14
2.67652e-13
6.40455e-12
4.69178e-12
1.88087e-11
6.804e-12
6.49859e-10
2.39528e-10
1.70852e-09
4.39051e-10
-1.2257e-10
-2.57118e-10
-7.69787e-10
-3.85232e-11
-4.73853e-09
-4.48238e-10
-1.67792e-08
-3.53541e-09
-3.6214e-08
2.29192e-10
-3.18532e-08
1.94702e-09
-1.71889e-08
2.02352e-08
2.68237e-08
5.45164e-09
-5.34273e-12
-3.47468e-13
-1.51132e-10
-3.20066e-13
-1.22214e-08
4.91683e-12
-3.94938e-08
-1.39703e-12
-3.0936e-08
1.93278e-17
1.35588e-16
6.61467e-17
7.37347e-16
1.11883e-15
-9.02205e-16
-1.69128e-16
-2.77658e-18
-9.5859e-16
-8.90567e-17
-5.43544e-16
2.05904e-15
-4.14722e-16
-1.07437e-14
-7.37411e-14
-1.25609e-14
-8.53426e-13
-9.13183e-14
-8.93954e-14
-1.03629e-14
-2.3739e-13
3.16896e-14
-1.09881e-13
2.73403e-12
-2.76284e-11
1.67397e-13
2.56081e-12
1.65638e-12
2.84414e-12
4.31421e-12
3.16351e-12
1.87966e-10
5.94824e-11
3.91145e-10
1.36472e-10
5.96281e-11
-5.17342e-11
-5.43986e-11
1.29504e-11
-1.77037e-10
-2.2968e-11
-3.21749e-09
-6.32579e-11
-3.04342e-09
-1.16439e-10
-1.60888e-09
-6.84736e-11
-8.94254e-10
3.30523e-11
1.54556e-10
9.29394e-11
-6.80287e-13
-6.65216e-13
-2.43545e-12
2.0092e-12
-1.31821e-14
2.50016e-12
9.83412e-17
-1.41031e-12
1.42648e-16
6.23198e-17
1.74476e-16
2.03161e-16
-3.73434e-17
1.48398e-15
-7.16488e-19
-6.71046e-16
-1.56499e-18
-1.90737e-15
-4.54957e-17
-1.99947e-16
-3.49671e-16
-1.31819e-16
-2.4645e-14
-6.19075e-15
-7.06168e-14
-1.8766e-12
-1.56808e-12
-6.48697e-13
-3.61676e-14
-5.01473e-11
1.5536e-12
-1.71025e-12
3.55888e-11
-2.87737e-10
1.10905e-11
-2.43794e-12
1.91457e-12
1.08607e-11
1.41583e-12
2.3446e-12
4.74464e-11
1.30441e-11
1.12288e-10
4.30192e-11
3.17424e-11
-1.08295e-11
1.11001e-11
-5.58889e-12
-3.73922e-12
-1.94437e-12
-5.74206e-11
-1.72599e-13
-1.76706e-10
-5.73956e-13
-2.35523e-10
-1.05677e-12
-2.1001e-10
-1.01226e-13
7.19427e-13
-7.07492e-11
-2.17736e-12
-9.03603e-13
-1.26276e-12
1.30938e-11
-3.98099e-12
4.52873e-12
1.0784e-16
-2.50508e-13
1.3628e-16
3.56422e-17
1.22435e-16
2.1739e-16
-6.80408e-17
1.08752e-15
3.83873e-17
-6.84794e-16
8.2338e-18
-4.43314e-16
-1.39028e-17
-6.38826e-17
-3.34361e-17
-1.01165e-16
-4.96937e-15
-1.25929e-15
-3.79001e-13
-3.34502e-13
-9.56201e-12
-8.65633e-11
-2.28769e-12
-2.32672e-10
6.27028e-12
-1.2292e-10
5.94489e-11
-3.54319e-10
1.14899e-10
-1.34225e-10
4.31048e-12
8.55985e-11
8.41598e-13
4.74004e-12
1.554e-11
2.10768e-12
3.12542e-11
2.11066e-11
1.22464e-11
1.03112e-11
4.62069e-12
3.48445e-12
1.01812e-12
1.35642e-12
-2.48404e-13
8.65755e-13
-1.52406e-12
5.14072e-13
-2.49098e-12
9.79256e-14
-2.56076e-12
-1.9338e-14
-3.37011e-14
-1.76105e-12
-2.80746e-12
-4.62679e-13
-3.98566e-12
2.61606e-11
-1.13365e-12
2.31524e-11
2.58987e-17
-1.2144e-17
4.94216e-17
-4.56527e-17
3.06087e-17
4.9345e-17
-2.27816e-17
1.41861e-16
2.17939e-17
-3.88993e-16
-2.41034e-19
-4.92338e-17
-1.18366e-17
-3.66942e-17
-5.51002e-17
-1.23848e-16
-9.75508e-16
-4.03149e-16
3.17075e-14
-8.0213e-14
4.7381e-12
-1.2569e-10
2.16433e-12
-3.49592e-10
1.24198e-11
-2.4031e-10
3.5872e-11
-3.71942e-10
1.21544e-10
-2.17338e-10
4.87633e-12
9.82102e-11
-2.25041e-13
7.48561e-12
8.11263e-12
3.02904e-12
1.20501e-11
2.34765e-11
6.79818e-12
1.6933e-11
3.17592e-12
7.23518e-12
1.37738e-12
3.18411e-12
6.49903e-13
1.70827e-12
2.53354e-13
9.79901e-13
-4.92759e-15
3.74352e-13
-8.3208e-14
1.21724e-13
8.81873e-15
-8.55027e-14
-2.08382e-12
-7.7916e-14
-7.95969e-12
4.94787e-12
-1.01217e-17
4.61128e-11
-1.7427e-17
-2.62689e-17
3.45836e-18
-8.24085e-17
-2.90064e-18
-5.11426e-17
-1.47728e-18
-2.75982e-16
1.63341e-17
-1.48097e-16
7.28e-20
-2.47386e-17
-1.34439e-17
-1.86023e-17
-4.18952e-17
-7.3072e-17
-3.27443e-16
-1.25416e-16
-7.75087e-14
-2.48265e-15
-4.83339e-12
-2.86517e-12
-7.22789e-12
-1.87651e-10
-2.6263e-12
-3.61583e-10
6.08203e-12
-1.78951e-10
5.25041e-11
-2.62622e-10
-1.91891e-12
6.38207e-11
1.46582e-12
2.76808e-12
2.26116e-12
8.0426e-13
1.90353e-11
4.9573e-11
6.32145e-12
3.07031e-11
3.55553e-12
1.02358e-11
2.08129e-12
4.79483e-12
1.26744e-12
2.57168e-12
7.55068e-13
1.49967e-12
3.77598e-13
7.77092e-13
1.12885e-13
3.97986e-13
2.1562e-13
-3.26015e-14
-2.80681e-13
-4.10312e-15
-7.16749e-12
-8.64818e-13
-6.06164e-16
4.24406e-11
-1.80594e-17
-6.37596e-16
-1.18003e-18
-7.859e-17
1.15819e-17
-2.98374e-17
8.49768e-18
-8.88383e-17
6.13362e-18
-3.51899e-17
-5.18146e-20
-8.65513e-18
-8.42981e-18
-7.57338e-18
-1.28419e-17
-3.47102e-17
-4.28754e-17
-1.16359e-16
-2.3758e-15
-1.62669e-16
-2.84288e-12
-2.25564e-14
-1.54569e-11
-3.56001e-12
-2.32077e-12
-1.86158e-10
-9.19253e-12
-1.49868e-10
6.62677e-12
-2.77303e-10
9.08774e-12
9.04698e-11
5.26824e-12
5.73624e-12
3.94064e-12
5.4693e-13
6.90908e-11
4.78387e-11
5.9132e-11
3.07152e-10
1.98742e-11
1.57001e-10
4.2992e-12
2.06914e-11
1.90698e-12
5.09486e-12
1.18956e-12
2.23463e-12
6.992e-13
1.27282e-12
3.01442e-13
7.92747e-13
5.54575e-13
-2.27368e-14
-6.19485e-15
-1.31568e-16
-4.93599e-12
-4.123e-13
-3.38459e-14
4.13325e-11
-8.97952e-18
-3.45631e-14
1.16277e-19
-4.89627e-17
6.62551e-18
-1.84171e-17
2.82817e-18
-3.15339e-17
1.3842e-18
-1.28657e-17
-2.80043e-20
-3.66746e-18
-3.65671e-18
-3.59542e-18
-1.10161e-17
-2.04311e-17
-1.58828e-17
-1.10024e-16
-9.98459e-17
-1.73816e-16
-1.53338e-14
-7.41275e-15
-2.28704e-12
-1.28601e-12
2.47107e-13
-4.13027e-11
-3.14988e-11
-9.77276e-11
-2.74537e-11
-2.80115e-10
3.6151e-11
-1.61036e-11
3.12394e-12
2.36534e-11
6.11118e-13
3.35968e-13
9.41509e-11
1.61113e-11
1.63123e-10
3.01464e-10
9.13467e-11
3.40221e-10
2.31615e-11
2.80025e-10
2.61929e-11
1.7455e-10
3.46843e-12
2.47726e-11
1.00192e-12
3.73994e-12
4.50621e-13
1.33112e-12
9.92243e-13
5.50683e-14
-1.39521e-16
-6.52436e-18
-2.39295e-12
-5.78933e-14
-1.69306e-14
4.30593e-11
-1.63865e-16
-2.17559e-13
7.0228e-19
-1.87378e-16
3.81058e-18
-1.06902e-17
1.56815e-18
-1.05745e-17
4.49695e-19
-5.04167e-18
-2.03392e-20
-1.65558e-18
-2.16995e-18
-1.72443e-18
-1.09054e-17
-1.27175e-17
-1.97195e-17
-8.6955e-17
2.07883e-17
-1.98148e-16
1.16152e-14
-1.89727e-14
7.34509e-13
-3.02475e-12
1.72283e-12
-2.16869e-11
-4.77604e-12
-1.32375e-10
-7.339e-11
-3.44735e-10
-9.57267e-12
-6.99487e-11
4.14352e-12
2.13378e-11
1.2033e-12
6.41975e-13
1.47538e-11
1.84297e-12
1.28233e-10
1.79981e-10
1.3499e-10
3.19709e-10
1.21386e-10
2.93985e-10
6.2292e-11
2.53357e-10
2.66704e-11
2.02533e-10
2.99614e-12
1.05721e-10
5.85489e-13
3.91118e-12
1.42221e-12
1.61935e-13
-3.33999e-18
-3.61918e-18
-5.81479e-14
2.48516e-16
8.29846e-13
1.23192e-12
1.28997e-16
-1.72265e-14
5.52878e-18
-6.03896e-17
1.97715e-18
-5.4471e-18
5.50593e-19
-3.04212e-18
1.53031e-19
-1.52648e-18
-1.27722e-20
-5.64274e-19
-1.30738e-18
-5.25087e-19
-8.89531e-18
-3.84994e-18
-2.59461e-17
-2.51374e-17
-7.86575e-17
-1.13518e-16
-1.67765e-14
-2.22537e-15
1.19362e-12
-3.44075e-13
-1.37675e-12
-3.87661e-11
-2.2912e-12
-2.1445e-10
-1.0117e-10
-2.18471e-10
-6.14966e-11
-9.88261e-11
2.06102e-12
-3.36851e-11
1.06892e-13
8.36487e-13
1.58373e-13
5.66341e-13
5.27452e-11
5.52453e-11
9.49487e-11
2.73165e-10
1.02155e-10
2.91445e-10
9.30769e-11
2.6313e-10
6.23323e-11
2.2958e-10
1.97597e-11
1.85675e-10
6.78067e-13
1.63599e-11
2.07903e-12
5.7041e-14
-3.53105e-18
-1.94118e-18
4.07799e-17
2.09741e-16
2.62392e-14
6.23619e-16
-4.86787e-17
-1.25562e-15
2.69171e-18
-2.78399e-17
9.14219e-19
-2.43358e-18
1.63003e-19
-7.8073e-19
3.89029e-20
-3.27488e-19
-5.70387e-21
-1.31072e-19
-4.06454e-19
-2.10365e-19
-2.86311e-18
-2.17666e-18
-1.70615e-17
-1.69801e-17
-2.03343e-16
-8.16055e-17
-6.21308e-16
-1.95067e-15
-3.29602e-14
-3.11031e-13
-1.19489e-11
-4.84813e-11
-1.03475e-11
-1.56456e-10
-1.7599e-10
-9.05235e-11
-1.58915e-10
-1.04212e-10
-8.04379e-11
-1.11242e-10
-2.31643e-12
6.01794e-12
-3.60905e-12
1.01758e-12
-1.49311e-12
4.48046e-11
2.22609e-11
2.46551e-10
3.44517e-11
2.75202e-10
3.52816e-11
2.62221e-10
3.21215e-11
2.35543e-10
8.59313e-12
1.2612e-10
1.93968e-14
1.01301e-11
1.96627e-12
8.78449e-14
-7.46261e-19
-6.24025e-19
9.82566e-18
4.24814e-17
9.00672e-16
1.07425e-16
5.6286e-18
-4.74957e-17
1.65046e-18
-1.24406e-17
3.79022e-19
-1.00328e-18
4.2801e-20
-1.91111e-19
6.84226e-21
-5.215e-20
-3.32363e-21
-1.85022e-20
-2.51931e-19
-6.94957e-20
-2.35122e-18
-9.45587e-19
-1.49857e-17
-8.91045e-18
-2.65277e-16
-4.53675e-17
-2.1885e-15
-8.04409e-17
-6.71744e-13
-3.14752e-15
-1.29124e-11
-2.29327e-12
-6.58183e-12
-2.88646e-11
-5.92408e-11
-4.46096e-11
-2.38339e-10
-1.06458e-10
-1.55347e-10
-1.53555e-10
-7.36069e-12
3.1845e-12
-8.57957e-12
1.63885e-12
-7.55266e-11
4.42476e-11
-5.98949e-11
2.2758e-10
-4.14309e-11
2.5946e-10
-2.18746e-11
2.4006e-10
-1.15441e-11
8.16496e-11
-6.64997e-13
7.12238e-12
5.78547e-15
4.0508e-12
1.93266e-12
4.34036e-15
-1.5381e-19
-1.64033e-19
1.33591e-18
7.88073e-18
1.80335e-17
6.89023e-17
7.62194e-18
-2.27519e-17
9.16859e-19
-4.35822e-18
1.47494e-19
-3.28701e-19
1.06348e-20
-4.30562e-20
8.61536e-22
-6.28769e-21
-1.55278e-21
-1.88972e-21
-1.16542e-19
-1.95014e-20
-1.40012e-18
-3.34184e-19
-9.7677e-18
-3.47475e-18
-2.27922e-17
-2.19694e-17
-2.72885e-17
-9.57271e-17
-2.54254e-15
-8.46507e-16
-2.23435e-12
-5.76804e-14
-4.25212e-14
-2.65601e-12
-1.1415e-11
-1.38463e-11
-1.71394e-10
-2.87961e-11
-1.90662e-10
-5.63472e-11
-9.21081e-12
5.3664e-12
-1.06038e-11
1.02392e-12
-3.47734e-11
4.01067e-12
-7.09182e-11
2.69787e-11
-6.72936e-11
3.56147e-11
-1.85159e-11
8.76508e-12
-2.56946e-12
4.34722e-12
-8.3429e-13
2.40985e-12
-2.83185e-13
1.66079e-12
1.60697e-12
-2.46937e-13
-2.81939e-20
-2.35919e-20
3.08446e-19
1.4005e-18
1.60155e-17
5.00662e-17
3.65139e-18
-5.02093e-18
3.81707e-19
-1.05028e-18
4.60853e-20
-7.58087e-20
2.40659e-21
-7.72938e-21
7.57996e-23
-6.07814e-22
-5.91953e-22
-1.42938e-22
-4.24497e-20
-4.23886e-21
-6.24114e-19
-8.53315e-20
-5.56945e-18
-9.3539e-19
-3.29915e-17
-6.35482e-18
-1.57292e-16
-3.22823e-17
-9.41098e-16
-1.19381e-16
-5.57078e-14
-2.47466e-15
-3.6879e-13
-2.24387e-13
-5.32516e-12
-2.31149e-12
-4.99388e-11
-3.37148e-12
-8.31185e-11
-4.29234e-12
-7.42988e-13
8.80757e-12
-2.31311e-12
4.25657e-13
-3.40968e-12
1.38242e-12
-6.5466e-12
2.0287e-12
-3.90215e-12
4.81596e-12
-1.36656e-12
-8.85171e-13
-5.03306e-13
2.67147e-12
-3.40906e-13
1.71238e-12
-1.45202e-13
1.70375e-12
1.4665e-12
-4.90543e-14
-3.72187e-21
-2.15811e-21
5.06377e-20
2.07926e-19
7.78336e-18
2.01857e-17
1.15546e-18
-9.30201e-19
1.05505e-19
-1.6672e-19
1.01857e-20
-1.13551e-20
4.27428e-22
-9.52065e-22
4.4258e-24
-4.71158e-23
-1.6646e-22
-1.26866e-23
-1.13815e-20
-8.81471e-22
-1.96353e-19
-2.15087e-20
-2.00224e-18
-2.92313e-19
-1.41134e-17
-2.53213e-18
-7.03857e-17
-1.40025e-17
2.13462e-16
-5.21663e-17
-1.86271e-15
-3.19965e-16
-5.68586e-13
-1.67016e-14
-1.78516e-12
-2.56962e-13
-1.6761e-12
-1.66461e-13
-7.9673e-12
-4.47788e-15
-8.22223e-12
-4.80777e-13
-1.25308e-12
1.80539e-12
-9.76438e-13
1.7353e-13
-5.37149e-13
7.80503e-13
-1.69183e-12
6.01608e-12
-5.83664e-13
1.31116e-11
-3.09412e-13
1.75496e-12
-1.93918e-13
1.01764e-12
-8.58928e-14
1.07576e-12
9.68194e-13
-1.8721e-15
-2.33754e-22
-1.25416e-22
6.42413e-21
2.1792e-20
2.29011e-18
4.82882e-18
2.39884e-19
-1.16679e-19
1.8619e-20
-1.67469e-20
1.4622e-21
-1.0355e-21
5.10376e-23
-7.20785e-23
9.67288e-26
-2.62176e-24
-4.70755e-23
-1.3419e-24
-3.37348e-21
-1.19012e-22
-7.31439e-20
-3.58968e-21
-9.04356e-19
-5.8269e-20
-7.12843e-18
-5.81371e-19
-3.82579e-17
-3.7781e-18
-1.83304e-16
-1.61096e-17
-5.57886e-16
-4.17659e-17
-4.25615e-14
-7.20535e-16
-3.85142e-13
-8.74792e-15
-3.35811e-13
-2.67458e-15
-1.62686e-13
-8.56991e-15
-1.06412e-12
-8.00859e-15
1.55465e-13
8.59666e-15
-7.98528e-13
2.27052e-13
-6.26822e-12
4.1075e-12
-1.73451e-11
1.7651e-11
-1.36619e-11
1.93992e-11
-1.34029e-12
1.15842e-11
-4.99404e-13
3.86336e-12
-1.94288e-13
5.52585e-12
2.81191e-12
3.54599e-14
1.03705e-24
-4.65623e-24
5.42008e-22
1.44076e-21
4.32279e-19
7.09491e-19
3.23975e-20
-9.66071e-21
2.01802e-21
-1.02035e-21
1.27201e-22
-5.36769e-23
3.65717e-24
-3.04412e-24
-5.25337e-27
-8.69378e-26
-7.88085e-24
-7.88591e-26
-6.06727e-22
-7.52017e-24
-1.68779e-20
-2.76451e-22
-2.61065e-19
-5.60621e-21
-2.51083e-18
-6.98749e-20
-1.56438e-17
-5.53535e-19
-6.22383e-17
-2.77123e-18
-1.43722e-16
-8.58745e-18
-5.89556e-16
-1.48183e-17
-9.15645e-15
-5.8998e-18
-3.77773e-14
-6.98138e-16
-1.39284e-14
-1.91132e-15
-7.75986e-15
2.34606e-16
-4.81273e-15
3.69506e-16
3.76477e-14
1.18695e-13
-2.42258e-11
3.26841e-12
-2.02917e-11
1.62661e-11
-1.49659e-11
1.63723e-11
-1.46505e-11
1.33421e-11
-8.41274e-12
1.18567e-11
-3.5747e-12
6.6828e-12
6.23712e-12
-1.35947e-13
1.64608e-25
-1.09432e-25
2.83231e-23
5.41597e-23
5.14525e-20
6.08998e-20
2.77678e-21
-5.06774e-22
1.286e-22
-3.60068e-23
6.22243e-24
-1.44471e-24
1.42169e-25
-6.34388e-26
-9.07119e-28
-1.40577e-27
-6.14554e-25
-2.72851e-27
-5.17306e-23
-2.896e-25
-1.79726e-21
-1.27322e-23
-3.53976e-20
-3.1028e-22
-4.35425e-19
-4.64003e-21
-3.46589e-18
-4.45096e-20
-1.8234e-17
-2.73438e-19
-6.58783e-17
-9.98143e-19
-1.82469e-16
-1.47623e-18
-5.11703e-16
1.21211e-17
-2.59668e-15
9.28692e-17
-6.3128e-15
-1.19669e-16
-5.69141e-16
1.12228e-15
-9.48211e-17
4.72658e-17
1.13974e-13
7.04875e-16
2.01761e-13
-5.63298e-15
-3.28536e-12
7.76007e-14
-9.01437e-12
2.80392e-12
-1.19496e-11
3.50095e-12
-4.33517e-12
1.42888e-12
-1.40781e-12
4.40384e-13
1.13571e-14
-1.07417e-13
7.6887e-27
-1.63465e-27
8.44264e-25
9.98e-25
3.66264e-21
2.66546e-21
1.44619e-22
-1.57962e-23
4.5831e-24
-7.24244e-25
1.55306e-25
-1.8838e-26
2.64254e-27
-5.59123e-28
-4.84342e-29
-8.92928e-30
-2.76019e-26
-3.98283e-29
-2.6675e-24
-5.02315e-27
-1.14143e-22
-2.80035e-25
-2.80002e-21
-8.77823e-24
-4.35794e-20
-1.67781e-22
-4.52454e-19
-2.02173e-21
-3.21518e-18
-1.49098e-20
-1.57726e-17
-5.60988e-20
-5.35955e-17
3.04745e-19
-1.21363e-16
8.06906e-18
-1.71973e-16
2.99996e-17
-5.44765e-16
5.52242e-17
-3.68402e-16
2.06958e-16
1.2249e-17
1.58725e-16
8.14598e-16
-2.23671e-17
-1.23237e-14
-8.89559e-17
-2.71775e-13
-4.19654e-15
-4.01314e-13
-1.46555e-15
-2.25334e-13
4.24405e-15
-6.32051e-14
2.73202e-15
-1.32738e-14
-2.91714e-16
-3.02029e-16
-3.4517e-15
1.75702e-28
-1.55265e-29
1.26086e-26
5.94027e-27
1.41805e-22
3.67161e-23
4.26405e-24
-2.52711e-25
8.91769e-26
-7.85559e-27
1.8257e-27
-1.18131e-28
2.00005e-29
-1.75013e-30
-9.21382e-31
-1.51227e-32
-5.23673e-28
-2.64727e-31
-6.2143e-26
-4.23548e-29
-3.46528e-24
-3.08851e-27
-1.12931e-22
-1.26641e-25
-2.34971e-21
-3.15685e-24
-3.28246e-20
-4.87643e-23
-3.1721e-19
-4.32457e-22
-2.15664e-18
-1.15086e-21
-1.02182e-17
2.35658e-19
-3.05272e-17
2.30832e-18
-6.2375e-17
9.52203e-18
-1.09513e-16
2.36219e-17
-1.05924e-16
4.75457e-17
-1.10191e-16
5.13118e-17
-3.16593e-16
5.90065e-17
-8.65359e-16
1.87901e-16
-4.84707e-15
-4.17756e-17
-6.9888e-15
1.27871e-16
-3.52898e-15
2.05748e-16
-1.08694e-15
9.93133e-17
-3.9982e-16
-5.22245e-16
-3.44152e-16
-6.81199e-17
2.13325e-30
-9.46425e-32
7.04084e-29
-1.65762e-32
2.45274e-24
-3.8292e-27
6.0617e-26
-1.4754e-27
8.82029e-28
-3.59996e-29
9.86696e-30
-3.77979e-31
5.10501e-32
-2.95332e-33
-6.88787e-33
-1.10513e-35
-4.50706e-30
-5.63472e-34
-6.97417e-28
-1.26254e-31
-5.21857e-26
-1.32375e-29
-2.30627e-24
-7.83112e-28
-6.59215e-23
-2.80268e-26
-1.28572e-21
-6.05478e-25
-1.77104e-20
-6.5687e-24
-1.76663e-19
6.123e-22
-1.08604e-18
3.44163e-20
-4.10664e-18
3.3235e-19
-1.02575e-17
1.59158e-18
-1.79682e-17
4.63202e-18
-1.93212e-17
9.09777e-18
-1.53727e-17
1.07835e-17
-2.69672e-17
9.41835e-18
-3.81953e-17
1.82323e-17
-8.71611e-17
2.8881e-17
-9.00018e-17
7.53759e-17
-4.18302e-17
9.21636e-17
-2.6805e-17
5.3655e-17
-1.84876e-17
4.7723e-17
5.7907e-17
-2.0843e-18
1.38181e-32
-3.81956e-34
5.18646e-32
-1.32076e-34
1.16497e-26
-1.61868e-29
2.86386e-28
-1.91105e-30
3.35554e-30
-3.57656e-32
2.51033e-32
-2.77389e-34
6.45864e-35
-1.48998e-36
-1.45035e-35
-1.4893e-38
-1.23279e-32
-2.16287e-37
-2.74537e-30
-8.05829e-35
-3.03736e-28
-1.47656e-32
-2.01392e-26
-1.5276e-30
-8.76021e-25
-9.46377e-29
-2.64057e-23
-3.38799e-27
-5.7007e-22
-4.59795e-26
-8.40208e-21
7.27502e-23
-6.7075e-20
2.50805e-21
-3.15549e-19
2.78796e-20
-9.43451e-19
1.58088e-19
-1.8549e-18
5.363e-19
-2.19429e-18
1.16408e-18
-1.49321e-18
1.50403e-18
-1.95158e-18
1.11754e-18
-3.63551e-18
1.607e-18
-5.6183e-18
3.34348e-18
-6.0464e-18
5.90894e-18
-4.47048e-18
7.54121e-18
-3.48804e-18
7.01093e-18
-1.62137e-18
7.65077e-18
6.38016e-18
-1.80848e-19
4.39848e-35
-1.13742e-36
7.98285e-35
-6.3663e-37
1.2027e-29
-1.0529e-32
2.51081e-31
-3.67376e-34
2.2904e-33
-2.83679e-36
1.23069e-35
-1.01661e-38
2.02591e-38
-2.35158e-40
-4.45334e-39
-6.15259e-41
-5.93525e-36
-2.92749e-41
-2.32256e-33
-7.49409e-40
-4.60572e-31
-4.46298e-37
-5.52466e-29
-1.50586e-34
-4.38071e-27
-2.9944e-32
-2.42382e-25
-3.24736e-30
-9.66951e-24
-7.5245e-29
-2.13452e-22
2.57258e-24
-2.30678e-21
1.05188e-22
-1.37462e-20
1.4816e-21
-4.94844e-20
1.02686e-20
-1.12431e-19
4.10083e-20
-1.49722e-19
1.01313e-19
-9.90755e-20
1.45822e-19
-9.63046e-20
1.04591e-19
-1.71632e-19
1.11279e-19
-2.65448e-19
2.20679e-19
-3.07e-19
3.89405e-19
-2.66017e-19
5.33596e-19
-1.82088e-19
5.81982e-19
-7.78971e-20
5.59706e-19
4.36523e-19
-6.40611e-21
4.85709e-38
9.62205e-38
2.07153e-33
1.82016e-35
6.59723e-38
1.63432e-40
1.02458e-42
-2.57834e-43
-2.22408e-41
-2.83361e-38
-1.86801e-35
-7.4916e-33
-1.98853e-30
-3.66706e-28
-4.80587e-26
-1.97258e-24
-3.19062e-23
-2.53016e-22
-1.12416e-21
-3.00532e-21
-4.59191e-21
-3.21591e-21
-2.399e-21
-3.81926e-21
-5.79584e-21
-7.04814e-21
-6.38911e-21
-4.16073e-21
-1.83053e-21
-8.20468e-23
2.21104e-08
4.23098e-07
4.29217e-08
4.53707e-07
6.36228e-08
5.19291e-07
9.87187e-08
6.51598e-07
1.46773e-07
5.36634e-07
1.33009e-07
4.4106e-07
6.73104e-08
4.74763e-08
-1.63682e-08
1.87625e-07
-5.88541e-12
3.5316e-09
-7.53314e-12
1.69499e-11
-8.72031e-12
3.52653e-11
-7.82095e-11
1.34441e-10
-5.29018e-11
1.79087e-10
-4.24783e-11
1.51912e-10
-5.17485e-15
7.59626e-11
8.86035e-16
8.20583e-15
-1.06309e-14
-1.06907e-13
-1.50795e-12
-4.07591e-13
-5.93316e-11
-8.51271e-12
-1.61634e-09
-5.39131e-10
-1.7685e-07
-4.62918e-08
2.4102e-07
-1.95495e-06
9.71558e-08
-6.24427e-07
7.65632e-08
-3.71179e-07
6.5435e-08
-9.50598e-08
5.38287e-08
1.83596e-07
4.50994e-08
3.9025e-07
5.98192e-09
4.88917e-07
1.74305e-07
7.26962e-07
6.64396e-07
2.38357e-08
4.0162e-07
4.17924e-08
4.3575e-07
4.88688e-08
5.12215e-07
8.68831e-08
6.13583e-07
1.00974e-07
5.22543e-07
7.09634e-08
4.7107e-07
-2.34539e-08
1.44382e-07
8.31505e-09
4.46289e-08
-1.44339e-11
1.18343e-08
-1.62367e-11
2.51499e-11
-5.46232e-11
9.27108e-11
-1.06695e-10
3.59832e-10
-7.15623e-11
1.33722e-10
-4.12141e-11
1.10961e-10
-6.42292e-15
1.65014e-11
1.47785e-15
8.92405e-17
-1.01655e-15
-1.06021e-13
-1.9791e-13
-2.37605e-13
-4.35373e-12
-4.40701e-12
-2.3346e-10
-3.08244e-10
-2.17237e-08
-7.08653e-09
1.31392e-07
-6.56087e-07
1.1468e-07
-5.51201e-07
1.00914e-07
-3.5741e-07
8.42229e-08
-7.83688e-08
7.19956e-08
1.95823e-07
7.14588e-08
3.90787e-07
2.84137e-08
5.31962e-07
2.61998e-07
3.35235e-07
4.128e-08
2.46452e-08
3.80685e-07
4.20918e-08
4.18304e-07
5.29595e-08
5.01347e-07
1.03528e-07
5.63015e-07
9.54908e-08
5.3058e-07
8.19165e-08
4.84645e-07
1.07718e-07
3.35216e-08
5.33423e-09
-5.48427e-09
9.02243e-10
1.56493e-08
-9.72786e-11
1.03284e-09
-2.06867e-10
1.94067e-10
-1.17457e-10
2.56595e-10
-9.48063e-11
9.74602e-11
-2.38559e-11
2.75452e-11
-5.73413e-13
1.91253e-12
2.02746e-14
-8.6864e-13
4.86176e-15
-1.17298e-13
-6.95208e-14
-1.27393e-13
-1.93841e-12
-2.47401e-12
-1.48754e-10
-1.57787e-10
-6.47507e-10
-6.60109e-09
-1.32604e-07
-2.97571e-07
1.75588e-07
-9.02953e-07
1.75984e-07
-3.57697e-07
1.53923e-07
-5.63295e-08
1.61904e-07
1.86503e-07
1.92741e-07
3.48828e-07
1.97421e-07
4.30033e-07
2.10791e-07
4.33308e-08
-5.1799e-08
1.53753e-08
3.69186e-07
2.61068e-08
4.07572e-07
5.26942e-08
4.7476e-07
1.29372e-07
4.86338e-07
1.35135e-07
5.24817e-07
1.82605e-07
4.37174e-07
2.24338e-09
3.3288e-08
-4.36698e-09
-9.75684e-09
-1.6854e-10
9.82023e-09
-7.4623e-11
6.67218e-10
-1.70886e-10
3.13831e-10
-1.15976e-10
1.90404e-10
-9.55154e-11
6.489e-11
-3.30697e-12
-3.57335e-11
-4.64632e-15
-7.51526e-13
5.38676e-12
-1.96973e-11
3.89792e-15
2.10765e-12
5.13396e-14
-3.28891e-13
-2.54067e-12
4.58748e-14
-1.59427e-10
3.14887e-13
-6.76934e-09
-4.25854e-12
-3.07364e-07
-1.83736e-10
3.47607e-07
-1.20932e-06
3.24337e-07
-3.35248e-07
3.1483e-07
-4.97964e-08
3.42715e-07
1.48627e-07
4.13034e-07
2.26943e-07
4.29375e-07
2.31842e-07
2.75569e-07
-4.38153e-08
-3.78311e-08
1.27772e-08
3.61772e-07
1.90463e-08
4.01303e-07
6.06987e-08
4.33107e-07
1.31968e-07
4.15068e-07
1.59683e-07
4.97103e-07
1.91472e-07
1.10537e-07
-4.98453e-09
-7.86328e-09
-2.91402e-09
-7.26795e-10
-5.63268e-10
1.23609e-09
-2.67417e-10
3.00115e-10
-1.56823e-10
2.48239e-10
-1.3492e-10
1.59974e-10
-6.27914e-11
8.50732e-12
-1.21082e-12
-4.0149e-11
1.34456e-13
-1.5757e-12
7.38273e-12
-2.38993e-11
2.01356e-13
-2.57658e-11
7.14194e-16
-5.8228e-12
3.72632e-14
-3.69009e-15
-1.37614e-14
-2.51637e-15
7.6099e-14
-4.34262e-12
6.97767e-11
-2.53817e-10
3.18473e-07
-3.95271e-08
4.96893e-07
-2.31191e-07
5.31818e-07
-8.70624e-08
5.75733e-07
8.26733e-08
5.84254e-07
1.04984e-07
4.3974e-07
9.39766e-08
9.49936e-08
-3.28647e-08
-4.90413e-09
2.64664e-08
3.42307e-07
4.9838e-08
3.77932e-07
1.07733e-07
3.1428e-07
1.31857e-07
2.32814e-07
1.16821e-07
9.71032e-08
9.50481e-09
-8.47497e-09
5.43753e-11
2.88191e-10
-7.80608e-10
-1.37019e-11
-1.28506e-10
3.6332e-10
-1.41116e-10
2.60169e-10
-9.26044e-11
1.95074e-10
-5.26777e-11
2.7946e-11
-2.58814e-11
-1.22153e-11
-7.48916e-13
-7.78101e-11
1.65012e-13
-7.07465e-13
6.41189e-12
-1.59793e-11
3.87221e-13
-6.33488e-11
1.22944e-16
-8.56516e-12
3.62944e-16
-3.92755e-15
-2.0258e-13
6.52336e-16
-3.12465e-12
-9.44732e-17
5.05033e-11
-4.1817e-10
-2.14589e-08
-1.84258e-08
5.9162e-07
-4.78488e-07
7.07445e-07
-1.42824e-07
7.41331e-07
-2.42807e-09
5.49613e-07
1.85243e-08
1.92094e-07
9.93298e-09
6.69287e-09
-5.1182e-09
-1.59515e-10
2.32259e-08
2.56944e-08
3.48494e-08
1.72071e-08
3.31681e-08
6.07887e-10
1.6848e-08
-5.27087e-10
8.3631e-09
-1.65164e-09
3.38682e-11
-2.42386e-10
-4.3379e-11
2.13486e-10
-2.55496e-10
-9.49495e-12
-7.08023e-11
1.29529e-10
-6.60111e-11
1.9163e-10
-4.74978e-11
1.06183e-10
-1.38553e-10
5.56564e-11
-9.24627e-11
-1.12305e-10
-1.37151e-11
-1.67531e-10
-3.85777e-14
5.13991e-13
8.28364e-14
-9.60789e-14
1.09458e-12
-2.12295e-13
-4.23022e-15
-6.74129e-15
8.0362e-16
-1.80143e-14
-1.12911e-16
-1.6201e-15
5.41643e-16
-5.17365e-16
-4.18168e-10
-1.44873e-15
-3.12085e-08
-5.13943e-16
2.24969e-07
-2.0849e-16
4.95807e-07
-4.83044e-08
5.39023e-07
-2.6609e-08
2.4588e-07
-9.35561e-09
2.1609e-08
-5.73492e-09
1.07009e-10
-1.34671e-10
-3.78979e-12
1.10658e-09
1.61519e-10
2.17934e-09
4.67326e-11
2.46311e-09
-2.75953e-11
1.81014e-09
-3.52965e-11
7.7247e-11
-1.1703e-11
-1.82086e-10
-5.85388e-12
-4.70909e-11
4.02014e-11
-1.28376e-10
2.62584e-12
-7.40207e-11
4.10334e-11
-4.32197e-11
1.91038e-10
-9.02825e-11
1.31445e-10
-1.53989e-10
1.25619e-10
-9.98871e-11
-1.5457e-10
-3.06088e-11
-2.22974e-10
-1.08095e-13
-3.17761e-11
5.25837e-15
-2.29532e-13
1.24744e-15
-2.11717e-13
1.14608e-16
-9.803e-15
2.66751e-15
-1.72837e-14
1.01678e-17
-2.99499e-15
5.48738e-18
-6.5139e-16
-2.39503e-17
-1.69148e-15
1.77039e-17
-8.63299e-16
5.83133e-17
-5.90287e-16
2.98837e-08
-1.53113e-16
3.74479e-08
-3.9022e-19
1.05869e-08
-1.205e-12
1.39834e-10
3.82581e-12
4.62782e-12
-2.62416e-13
-4.38656e-13
7.28005e-11
1.41193e-12
1.0088e-10
7.8911e-13
6.07418e-11
3.38505e-13
1.61994e-11
2.02481e-12
-5.60409e-12
7.02104e-13
-3.65027e-11
-1.72595e-12
-2.03436e-11
9.37149e-12
-2.75964e-11
5.52417e-12
-1.73954e-11
1.38218e-11
-1.78376e-11
1.28332e-10
-8.1937e-11
1.7661e-10
-1.4266e-10
1.99141e-10
-5.13527e-11
-2.40711e-10
-5.93796e-11
-2.27657e-10
-1.0977e-12
-7.65223e-11
-2.26904e-14
-1.34032e-12
9.37553e-15
-1.18347e-12
1.09498e-17
-6.96129e-15
2.42748e-15
-7.16652e-16
2.51557e-17
-9.37674e-16
6.12915e-19
-2.80633e-16
-8.89154e-19
-2.32796e-15
1.83629e-16
-2.79742e-15
9.35094e-17
-1.36193e-15
2.92844e-18
-7.21598e-17
1.94843e-18
-1.00852e-17
1.14559e-14
-1.21646e-12
1.94691e-12
1.89694e-12
8.03318e-13
2.29655e-12
-8.24022e-13
-3.85526e-13
-2.41068e-14
1.93099e-13
-1.48648e-14
-9.93436e-13
6.01419e-13
-2.61027e-12
2.43226e-12
-3.66459e-12
5.37993e-13
-1.13212e-11
3.00094e-12
-1.01611e-11
6.14449e-12
-1.27743e-11
5.69272e-12
-1.52567e-11
8.40075e-12
-1.68162e-11
7.74012e-12
-5.67814e-11
2.4048e-11
-8.18182e-11
8.47642e-11
-8.49188e-11
-2.56238e-10
-7.1475e-11
-1.94963e-10
-7.03172e-12
-1.305e-10
7.4834e-14
-5.23119e-11
-8.19133e-15
-3.5036e-12
4.37737e-16
-1.29035e-14
2.33021e-17
-1.85701e-16
3.27916e-17
-1.3356e-16
-1.87747e-17
-8.91657e-17
-9.27709e-17
-5.85718e-17
2.69049e-16
-1.15734e-15
1.13699e-16
-7.38742e-16
4.71885e-17
-7.77177e-17
1.68386e-17
-1.99604e-17
3.22463e-12
-9.80824e-14
1.13731e-12
3.48318e-12
2.38853e-12
1.47706e-11
-1.12695e-12
-1.14524e-13
5.11643e-14
-2.41847e-13
1.38561e-13
-9.05299e-13
8.87944e-13
-2.06115e-12
2.46667e-12
-3.70685e-12
3.54279e-12
-6.25371e-12
6.19917e-12
-7.18168e-12
8.06111e-12
-7.46273e-12
6.85769e-12
-6.79679e-12
5.55195e-12
-5.65339e-12
2.4971e-12
-2.6573e-11
3.27394e-11
-6.43919e-11
7.70646e-11
-5.29462e-11
-3.09505e-10
-6.0156e-11
-1.5699e-10
-2.81838e-11
-1.51131e-10
-2.59205e-12
-1.68896e-10
4.7107e-15
-3.36736e-12
3.56537e-16
-8.76221e-15
1.96713e-17
-1.66574e-16
1.4471e-17
-8.42707e-17
1.28201e-19
-3.86916e-17
-3.92925e-17
-1.18643e-17
3.34962e-17
-3.83011e-17
2.06721e-17
-4.29368e-16
1.69991e-17
-7.2051e-17
1.76708e-17
-6.41107e-17
5.21369e-13
-2.38613e-17
3.26613e-12
1.80536e-11
3.34456e-12
1.55501e-11
-6.30645e-13
-1.80653e-13
2.58349e-13
-6.46457e-13
6.60736e-13
-1.95429e-12
6.45176e-12
-2.51373e-12
1.68536e-11
-3.99757e-12
5.28851e-12
-5.03347e-12
6.91498e-12
-5.05752e-12
9.00967e-12
-4.47532e-12
6.44618e-12
-3.58443e-12
4.49082e-12
-6.22764e-12
3.73816e-12
-1.13321e-10
1.30711e-10
-6.03692e-11
-3.39038e-11
-5.51541e-11
-3.52236e-10
-4.22549e-11
-6.95102e-11
-2.01044e-11
-1.37284e-10
-6.83346e-13
-1.14752e-14
-3.13673e-14
-1.13722e-12
2.45118e-16
-4.05864e-14
1.62428e-17
-1.86701e-16
8.32404e-18
-5.33156e-17
-6.77329e-20
-1.66681e-17
-1.69863e-18
-1.02798e-17
-5.41384e-18
-4.34624e-17
-4.94006e-18
-2.15611e-16
5.03203e-18
-5.16505e-17
2.38656e-17
-8.36091e-17
1.84438e-17
-4.74971e-17
7.6243e-12
4.75572e-11
2.94495e-12
2.20886e-11
-1.17467e-13
-3.12737e-13
5.95574e-13
-1.91663e-12
2.04344e-12
-1.39912e-11
2.7809e-11
-2.96042e-12
5.20935e-11
-3.63966e-12
5.58171e-12
-4.20826e-12
7.24036e-12
-2.91259e-12
8.05164e-12
-3.35727e-12
7.18766e-12
-3.4312e-12
4.58639e-12
-8.27184e-12
5.0324e-12
-1.39463e-10
1.24262e-10
-6.51347e-11
-1.05162e-10
-2.51279e-11
-1.45017e-10
-6.86275e-12
-1.73127e-11
-2.36415e-16
-1.23336e-11
-5.3468e-16
-1.01733e-14
3.25875e-14
-1.17087e-15
8.48911e-17
-1.19927e-16
1.76279e-17
-1.15931e-16
5.63041e-18
-2.80492e-17
-1.64204e-22
-6.78762e-18
-1.91299e-18
-7.01981e-18
-7.35262e-18
-2.7908e-17
-1.08289e-17
-9.2706e-17
1.43538e-18
-3.31083e-17
1.8009e-17
-7.8544e-17
8.73635e-16
-9.34623e-16
8.04782e-12
4.33366e-11
4.94452e-13
-2.94437e-13
-6.62099e-15
-3.67838e-13
1.08127e-12
-1.08379e-11
9.46228e-12
-2.16541e-11
4.09688e-11
-2.22476e-11
5.60232e-11
-3.22108e-12
5.56373e-11
-3.34336e-12
7.29992e-12
-2.9542e-12
7.5611e-12
-1.73051e-12
5.92734e-12
-1.13177e-12
4.25534e-12
-3.73921e-11
8.97517e-12
-6.6545e-11
1.83388e-11
-2.78646e-11
-1.43206e-10
-1.15102e-11
-1.83889e-10
-7.43419e-13
-3.54027e-11
-3.47284e-15
-1.30695e-11
5.21809e-16
-1.51569e-14
1.30602e-17
-6.54668e-16
8.53681e-18
-1.06813e-16
9.83634e-18
-4.95275e-17
2.66433e-18
-1.23567e-17
-3.02119e-21
-2.73707e-18
-1.17506e-18
-3.85246e-18
-4.40199e-18
-1.34384e-17
-7.85353e-18
-3.44865e-17
3.55126e-20
-2.06057e-17
8.8468e-18
-5.19701e-17
4.5237e-14
-4.62797e-14
5.66443e-12
4.18667e-11
2.14242e-14
-7.71966e-13
-1.40009e-16
-2.78317e-13
1.55478e-12
-1.48558e-11
1.13776e-11
-2.15078e-11
5.05896e-11
-2.78682e-11
6.53038e-11
-2.25176e-11
7.65651e-11
-3.06494e-12
2.85247e-11
-2.51003e-12
7.08758e-12
-1.79132e-12
5.54253e-12
1.25187e-12
6.06566e-12
-2.60914e-11
5.83267e-12
1.09064e-13
-6.10785e-11
3.03971e-11
-1.72805e-10
6.50078e-12
-3.56442e-10
7.32703e-13
-1.64499e-10
-2.87402e-13
-5.61901e-11
-7.39774e-16
-3.01477e-13
3.98263e-17
-1.42664e-15
9.97583e-18
-7.01992e-17
4.28391e-18
-3.45084e-17
1.17828e-18
-5.96385e-18
4.64748e-21
-1.09072e-18
-5.10215e-19
-1.69082e-18
-1.84007e-18
-5.15129e-18
-4.47142e-18
-1.15223e-17
-6.86811e-19
-1.16648e-17
1.57448e-16
-1.91508e-16
2.08298e-14
-2.53505e-13
2.82969e-12
4.35463e-11
1.55633e-16
-1.26953e-13
-6.04063e-18
-1.53849e-13
1.72497e-12
-4.47393e-12
3.79291e-12
-1.60159e-11
3.74971e-11
-1.92369e-11
7.06348e-11
-1.43821e-11
7.49793e-11
-1.64691e-12
4.62035e-11
-8.21982e-13
6.59294e-12
-2.63854e-13
5.25901e-12
3.38738e-13
2.72806e-12
2.6464e-11
1.27385e-11
9.16651e-11
-1.2506e-10
8.09935e-11
-1.61388e-10
1.36872e-11
-1.77193e-10
1.15885e-11
-3.01112e-10
-6.12061e-13
-9.75923e-11
-3.4338e-15
-9.08896e-13
1.90866e-18
-4.84781e-15
8.00421e-18
-7.42561e-17
3.15354e-18
-2.38549e-17
5.47959e-19
-3.18716e-18
3.64543e-21
-4.2857e-19
-1.73546e-19
-5.68268e-19
-6.42507e-19
-1.53007e-18
-2.23706e-18
-3.2848e-18
-5.54537e-18
-5.76862e-18
-1.37912e-16
-5.48148e-17
-8.36026e-13
-2.03699e-14
1.2733e-13
2.0755e-12
5.01415e-18
3.70544e-16
-3.31824e-18
-7.64896e-14
1.85706e-12
1.34253e-13
2.13601e-12
-2.16472e-12
7.4198e-12
-4.7196e-12
3.01053e-11
-3.35484e-12
4.79905e-11
2.56693e-13
1.57898e-11
5.59995e-13
6.55896e-12
9.2487e-13
4.99346e-12
1.26252e-12
2.36478e-12
8.38461e-11
1.96519e-12
1.76733e-10
-1.09437e-10
8.57749e-11
-1.11318e-10
1.07839e-11
-6.50992e-11
2.80807e-11
-1.6742e-10
3.61681e-12
-7.02272e-11
3.14953e-15
-1.40696e-13
6.0985e-18
-1.70726e-15
9.88299e-18
-8.38147e-17
2.42352e-18
-1.81986e-17
3.01115e-19
-2.19028e-18
2.8021e-21
-1.9984e-19
-4.46264e-20
-1.30253e-19
-1.88457e-19
-3.22837e-19
-9.96686e-19
-8.317e-19
-2.43892e-18
-2.53538e-18
5.61786e-17
-2.72907e-17
-3.31877e-14
-1.1242e-15
-5.55104e-17
1.20737e-15
4.13965e-18
3.10562e-16
-1.7661e-18
-2.57802e-15
1.82186e-12
6.48042e-14
3.00556e-12
3.00824e-13
8.20422e-12
1.18775e-12
1.66366e-11
2.16346e-12
2.76032e-11
2.2402e-12
1.57962e-11
2.11978e-12
6.85878e-12
1.02524e-11
3.70847e-11
1.11351e-11
6.36684e-12
4.83882e-11
2.63362e-12
7.22546e-11
-7.43033e-11
2.05176e-11
-5.1921e-11
1.72506e-11
-4.47268e-11
2.05718e-11
-5.05661e-11
1.47542e-13
-6.86722e-12
1.78774e-15
-1.00935e-14
1.33186e-16
-1.54135e-16
1.37792e-17
-8.74247e-17
2.29176e-18
-1.33634e-17
2.30167e-19
-1.17719e-18
2.22374e-21
-7.44459e-20
-8.03815e-21
-1.76176e-20
-4.88134e-20
-5.14577e-20
-4.04458e-19
-2.01024e-19
-1.62669e-18
-1.03082e-18
-4.96939e-18
-1.24719e-17
-1.06155e-15
-5.2111e-17
-1.4597e-17
1.32658e-16
8.67652e-19
6.3327e-17
-5.99462e-19
1.66924e-16
2.27008e-12
4.4057e-13
3.70844e-12
2.05092e-12
2.40515e-11
3.45569e-12
5.97175e-11
6.68467e-12
6.23233e-11
1.79425e-11
7.00961e-11
4.00527e-11
6.86907e-11
3.20068e-11
6.18442e-11
2.30944e-11
8.57008e-12
5.09524e-11
3.27804e-12
8.19918e-11
-4.35735e-11
-2.04954e-12
-2.7493e-11
5.40955e-12
-1.65893e-11
1.52252e-12
-7.01435e-12
8.85311e-15
-1.23056e-13
1.54406e-16
-1.07164e-15
3.99406e-17
-6.158e-17
1.71559e-17
-1.64859e-17
1.92353e-18
-3.13628e-18
1.32515e-19
-3.16137e-19
1.28145e-21
-1.78541e-20
-1.07008e-21
-1.76288e-21
-1.19733e-20
-6.3049e-21
-1.54646e-19
-4.52803e-20
-9.26993e-19
-3.3854e-19
-7.45877e-18
-4.40922e-18
-2.02741e-17
-2.5125e-17
-1.90098e-18
7.31272e-17
1.74513e-19
1.11594e-17
-1.51813e-19
3.99056e-14
1.3554e-12
1.52172e-12
2.03824e-12
1.52934e-11
3.41517e-11
2.88851e-11
7.64964e-11
3.39677e-11
7.35499e-11
3.59821e-11
7.40045e-11
4.59519e-11
6.86778e-11
1.6978e-11
3.75152e-11
3.2612e-11
7.38923e-13
1.60018e-10
7.25699e-12
8.18898e-11
-1.89715e-11
-2.35926e-12
-7.13788e-12
-7.89701e-13
-1.36179e-12
1.22673e-13
-1.37636e-13
1.25903e-15
-1.96912e-15
1.02491e-16
-3.12784e-17
1.99298e-17
-1.26791e-17
3.8873e-18
-3.6838e-18
5.18021e-19
-6.27366e-19
3.66088e-20
-5.83906e-20
4.39595e-22
-2.7883e-21
-1.04136e-22
-1.20505e-22
-2.7077e-21
-6.36872e-22
-4.83054e-20
-8.25009e-21
-3.89803e-19
-7.93856e-20
-3.63234e-18
-1.08662e-18
-1.73814e-17
-5.79386e-18
-4.28183e-19
5.11276e-17
3.06412e-20
1.88248e-18
-2.20281e-20
9.03122e-14
9.38204e-13
7.2364e-13
1.08754e-12
1.90536e-11
9.31603e-12
2.44303e-11
4.81847e-11
3.89136e-11
6.4619e-11
5.20163e-11
6.70582e-11
2.30265e-11
3.68185e-11
-1.28783e-12
6.22258e-13
2.50977e-11
4.78073e-13
5.34978e-11
3.53995e-12
2.18978e-11
-2.04465e-13
1.41902e-12
-3.82771e-13
1.3122e-13
-8.10628e-14
2.03959e-15
-8.74868e-15
7.51848e-17
-1.80076e-16
1.73565e-17
-5.51204e-17
5.1984e-18
-1.51112e-17
1.08299e-18
-2.61466e-18
1.2223e-19
-2.84207e-19
7.1389e-21
-1.96303e-20
9.19802e-23
-7.49861e-22
-7.52546e-24
-1.03196e-23
-4.87863e-22
-5.23173e-23
-1.08353e-20
-1.04162e-21
-1.10145e-19
-1.22051e-20
-1.20586e-18
-1.78224e-19
-8.74853e-18
-1.11427e-18
-6.78593e-20
2.13216e-17
3.7885e-21
2.76628e-19
-2.02796e-21
3.85691e-13
2.50769e-12
3.20207e-13
9.60324e-13
9.60554e-12
3.18867e-12
3.25168e-11
2.16367e-11
3.66147e-11
3.86631e-11
4.3179e-12
1.09622e-11
-5.00688e-13
2.97991e-13
-5.30019e-14
1.41517e-14
1.0033e-12
6.34469e-14
9.18995e-13
-1.24479e-14
8.83117e-14
-4.73379e-15
8.4293e-14
-2.23834e-16
6.75757e-14
-2.68462e-17
4.42118e-16
-3.13177e-16
1.878e-16
-4.93521e-17
3.83291e-17
-1.8082e-17
7.27542e-18
-3.9648e-18
8.81303e-19
-5.74162e-19
6.68585e-20
-5.44809e-20
2.86789e-21
-3.17561e-21
3.50343e-23
-9.87218e-23
-3.39279e-25
-1.02684e-24
-5.97167e-23
-3.06512e-24
-1.59479e-21
-8.13496e-23
-2.00632e-20
-1.15095e-21
-2.62069e-19
-1.8678e-20
-2.65821e-18
-1.4558e-19
-8.73552e-21
5.25321e-18
1.77719e-22
2.96448e-20
-1.1873e-22
2.59683e-12
6.62942e-12
7.54779e-12
6.81926e-12
7.41066e-12
1.00587e-11
2.13144e-11
2.20207e-11
7.48628e-12
3.28381e-12
-1.22778e-13
1.15409e-13
8.62632e-15
4.12824e-14
9.22335e-15
2.97538e-15
1.70463e-14
6.35757e-16
4.93517e-15
-2.5391e-16
4.91821e-16
-2.19788e-17
2.81046e-16
2.89047e-17
1.74012e-16
-6.67955e-18
1.51403e-16
-1.61934e-17
7.04398e-17
-9.44351e-18
1.67183e-17
-2.988e-18
2.5001e-18
-5.78477e-19
2.44032e-19
-7.02523e-20
1.48646e-20
-5.3969e-21
5.00085e-22
-2.53024e-22
5.81326e-24
-6.47173e-24
-4.94091e-27
-6.24619e-26
-4.42095e-24
-1.05958e-25
-1.43385e-22
-3.56423e-24
-2.26551e-21
-6.21583e-23
-3.7194e-20
-1.19858e-21
-5.16018e-19
-1.25647e-20
-7.58889e-22
7.88268e-19
-1.59169e-24
2.03896e-21
-4.41929e-24
1.35051e-12
1.30357e-13
4.27648e-12
9.45917e-13
6.62453e-12
2.79401e-12
3.87809e-12
-8.24792e-14
4.2868e-13
-4.89272e-14
-2.9667e-14
8.4e-14
-2.7106e-16
3.05849e-15
1.14413e-15
5.98619e-16
1.03382e-15
4.02917e-16
5.89249e-16
1.93919e-16
4.22182e-16
1.11145e-16
2.89022e-16
5.12217e-17
1.63122e-16
9.69879e-18
6.78832e-17
-1.67606e-18
1.90818e-17
-1.06215e-18
3.55666e-18
-2.85243e-19
4.32952e-19
-4.54042e-20
3.38501e-20
-4.59467e-21
1.63884e-21
-2.96285e-22
4.43881e-23
-1.16335e-23
4.79351e-25
-2.50735e-25
3.57692e-28
-2.191e-27
-1.78634e-25
-1.80456e-27
-7.30624e-24
-7.84794e-26
-1.51782e-22
-1.78283e-24
-3.35293e-21
-4.53811e-23
-6.30247e-20
-6.87479e-22
-4.12897e-23
6.83179e-20
-1.7985e-25
8.11073e-23
-1.04245e-25
1.29344e-14
-5.68459e-16
8.08785e-14
1.02355e-15
1.88359e-13
1.60976e-15
8.9943e-14
-5.18989e-16
3.78856e-14
-1.39118e-16
2.52867e-14
-1.20495e-15
4.48795e-16
1.65968e-15
4.8446e-16
2.38204e-16
3.49891e-16
1.52332e-16
3.25989e-16
1.24094e-16
2.2815e-16
7.28336e-17
1.27904e-16
3.10664e-17
5.38884e-17
7.71638e-18
1.5752e-17
1.10668e-19
3.20168e-18
-6.00208e-20
4.4683e-19
-1.52273e-20
4.22725e-20
-2.00841e-21
2.6407e-21
-1.61739e-22
1.03556e-22
-8.17648e-24
2.29764e-24
-2.50439e-25
2.19331e-26
-4.27843e-27
2.68993e-29
-3.17236e-29
-3.51922e-27
-1.24518e-29
-1.94309e-25
-7.57516e-28
-5.79195e-24
-2.55466e-26
-1.83754e-22
-9.86431e-25
-4.5944e-21
-2.22032e-23
-1.29567e-24
2.93347e-21
-7.7445e-27
1.62255e-24
-1.56559e-27
3.40769e-16
-4.2674e-16
1.29672e-15
1.52039e-17
2.34156e-15
1.42537e-16
1.55172e-15
7.56752e-17
1.28886e-15
4.74625e-17
4.42488e-16
-1.82914e-16
2.97068e-16
1.16062e-16
1.12998e-16
6.13601e-17
9.81776e-17
4.78406e-17
9.54594e-17
4.13921e-17
6.20171e-17
2.32805e-17
2.94363e-17
9.00475e-18
9.7898e-18
2.122e-18
2.05849e-18
1.97698e-19
3.04633e-19
-1.4421e-21
3.13931e-20
-4.41509e-22
2.21299e-21
-4.76193e-23
1.03694e-22
-2.97915e-24
3.07143e-24
-1.15398e-25
5.25565e-26
-2.70618e-27
4.1289e-28
-3.54403e-29
5.68832e-31
-2.08161e-31
-2.92978e-29
-2.45133e-32
-2.50983e-27
-2.71987e-30
-1.2152e-25
-1.76837e-28
-5.66028e-24
-1.13533e-26
-1.8149e-22
-3.6447e-25
-2.07194e-26
3.20597e-23
-1.70712e-28
1.15141e-26
-1.49784e-29
1.08667e-17
4.69831e-17
2.06176e-17
4.25803e-17
4.97215e-17
6.97579e-17
4.33562e-17
4.70955e-17
3.58218e-17
3.22358e-17
4.83221e-17
3.75117e-17
2.55107e-17
1.75267e-17
1.61465e-17
9.96955e-18
1.76954e-17
9.88252e-18
1.62559e-17
8.18154e-18
9.46905e-18
4.22002e-18
3.81142e-18
1.44404e-18
1.01767e-18
2.99494e-19
1.6502e-19
2.95919e-20
1.66497e-20
2.23433e-22
1.20152e-21
-6.61755e-24
6.06368e-23
-5.68018e-25
2.06983e-24
-2.54145e-26
4.53048e-26
-6.88383e-28
5.79586e-28
-1.12391e-29
3.51332e-30
-1.02787e-31
4.4523e-33
-4.33972e-34
-8.62271e-32
-1.8101e-35
-1.4966e-29
-4.79539e-33
-1.27233e-27
-5.88286e-31
-8.31725e-26
-5.40714e-29
-3.16484e-24
-2.19582e-27
-1.29989e-28
-6.82893e-27
-2.03188e-30
-2.01747e-32
-9.16394e-32
1.35233e-18
6.73103e-18
3.02995e-18
7.40437e-18
4.20705e-18
7.03904e-18
4.59294e-18
5.97438e-18
4.52786e-18
4.89498e-18
3.84917e-18
3.60076e-18
1.99796e-18
1.65963e-18
1.59968e-18
1.19929e-18
1.9959e-18
1.36181e-18
1.66094e-18
1.03124e-18
8.51203e-19
4.75512e-19
2.88935e-19
1.41014e-19
6.18875e-20
2.47147e-20
7.66972e-21
2.13275e-21
5.03477e-22
5.1234e-23
2.32843e-23
-4.89341e-26
7.65875e-25
-3.08182e-27
1.73115e-26
-8.24454e-29
2.54323e-28
-1.28821e-30
2.21397e-30
-1.20376e-32
9.39184e-33
-6.31262e-35
9.50738e-36
-1.65706e-37
-1.14638e-34
-2.17643e-38
-3.9574e-32
-2.56519e-36
-5.01963e-30
-4.61494e-34
-4.07924e-28
-5.76946e-32
-1.58335e-26
-3.06542e-30
-1.04117e-31
-2.65468e-29
-1.29479e-32
-1.14463e-34
-3.72195e-34
7.31225e-20
4.80773e-19
1.73708e-19
5.74512e-19
2.47024e-19
5.64343e-19
2.76977e-19
4.94762e-19
2.57915e-19
3.84799e-19
1.73807e-19
2.25513e-19
1.02791e-19
1.19091e-19
1.04678e-19
1.10177e-19
1.35683e-19
1.3105e-19
9.98422e-20
8.87266e-20
4.42608e-20
3.59463e-20
1.24451e-20
9.03889e-21
2.08492e-21
1.28589e-21
1.88561e-22
8.70955e-23
8.15149e-24
1.85712e-24
2.03937e-25
-9.54088e-29
3.65733e-27
-2.78255e-30
4.54215e-29
-2.43463e-32
3.69656e-31
-1.18411e-34
1.80036e-33
-3.39084e-37
4.36423e-36
-5.49185e-40
2.97038e-39
-4.30127e-41
-3.83859e-38
-8.80931e-41
-2.07185e-35
-2.98149e-40
-3.67153e-33
-1.8352e-38
-3.87172e-31
-5.29795e-36
-1.80358e-29
-6.82304e-34
-7.81717e-35
-1.9325e-32
-4.09526e-35
-5.65058e-37
-1.10926e-36
1.80277e-21
4.12217e-21
6.12569e-21
6.81222e-21
5.96923e-21
3.92011e-21
2.60601e-21
3.29405e-21
4.14419e-21
2.64836e-21
9.95133e-22
2.24774e-22
2.79231e-23
1.66039e-24
3.73674e-26
2.84719e-28
1.53635e-30
5.72032e-33
1.39624e-35
2.04873e-38
1.53409e-41
3.35911e-43
-1.44986e-42
-2.98208e-40
-1.2208e-37
-3.24848e-35
-3.60616e-33
-9.30099e-38
-4.50163e-38
)
;

boundaryField
{
    leftWall
    {
        type            calculated;
        value           uniform 0;
    }
    rightWall
    {
        type            calculated;
        value           uniform 0;
    }
    lowerWall
    {
        type            calculated;
        value           uniform 0;
    }
    atmosphere
    {
        type            calculated;
        value           nonuniform List<scalar> 
120
(
4.54067e-07
4.28072e-07
1.88305e-07
1.11789e-07
1.60193e-08
4.30114e-10
3.66325e-11
4.64421e-13
3.4283e-13
4.1739e-13
1.95285e-13
3.9865e-14
3.15237e-15
7.48738e-17
1.20014e-17
4.30653e-19
1.59392e-19
4.44831e-20
5.09583e-22
0
0
0
0
0
0
0
0
0
0
0
0
0
0
0
0
0
0
0
0
0
0
0
0
0
0
3.74848e-26
2.56592e-24
5.16636e-23
4.64259e-22
2.25066e-21
6.47276e-21
1.06159e-20
8.0255e-21
6.53852e-21
1.15758e-20
2.00544e-20
2.89484e-20
3.31472e-20
3.05372e-20
2.49527e-20
2.67773e-20
3.14505e-20
3.24943e-20
2.83503e-20
2.08007e-20
1.19093e-20
7.09083e-21
8.17645e-21
9.49458e-21
5.62993e-21
1.95639e-21
4.02192e-22
4.36074e-23
2.03578e-24
2.55029e-26
0
0
0
0
0
0
0
0
0
0
0
0
0
0
0
4.5377e-07
4.29195e-07
1.91442e-07
1.16276e-07
1.59712e-08
4.04102e-10
3.2899e-11
5.90522e-13
4.45826e-13
5.44748e-13
2.55973e-13
6.47957e-14
5.35856e-15
1.27386e-16
1.68105e-17
5.45478e-19
2.10193e-19
6.6314e-20
7.71662e-21
0
0
0
0
0
0
0
0
0
0
0
)
;
    }
    defaultFaces
    {
        type            empty;
        value           nonuniform 0();
    }
}


// ************************************************************************* //
