/*--------------------------------*- C++ -*----------------------------------*\
| =========                 |                                                 |
| \\      /  F ield         | OpenFOAM: The Open Source CFD Toolbox           |
|  \\    /   O peration     | Version:  2.4.0                                 |
|   \\  /    A nd           | Web:      www.OpenFOAM.org                      |
|    \\/     M anipulation  |                                                 |
\*---------------------------------------------------------------------------*/
FoamFile
{
    version     2.0;
    format      ascii;
    class       volVectorField;
    location    "0.138";
    object      U;
}
// * * * * * * * * * * * * * * * * * * * * * * * * * * * * * * * * * * * * * //

dimensions      [0 1 -1 0 0 0 0];

internalField   nonuniform List<vector> 
3600
(
(-0.00229757 -1.9423e-05 0)
(-0.000691806 -0.000215467 0)
(0.00886589 -0.000312195 0)
(0.017853 -0.000249863 0)
(0.0258657 -0.000275795 0)
(0.0339863 -0.000219621 0)
(0.0403062 -9.90547e-05 0)
(0.042491 0.00018077 0)
(0.0423205 0.000537449 0)
(0.0310551 0.000952693 0)
(0.0273123 0.000890306 0)
(0.00881346 0.00114202 0)
(0.00514977 0.00114632 0)
(-0.00797904 0.00119692 0)
(-0.0223045 0.000964004 0)
(-0.0223299 4.0321e-05 0)
(-0.0320799 -0.00111833 0)
(-0.0254858 -0.00268185 0)
(-0.0256115 -0.000814675 0)
(-0.0275451 0.00127415 0)
(-0.0402152 0.0016799 0)
(-0.0435179 0.000727617 0)
(-0.0471204 0.00237991 0)
(-0.0542256 0.00235373 0)
(-0.0546778 0.00276266 0)
(-0.060488 0.00165368 0)
(-0.0538846 -0.00906546 0)
(-0.0273079 -0.0224225 0)
(-0.0116544 -0.0123345 0)
(-0.000480111 -0.00276493 0)
(-0.00557449 0.000243882 0)
(-0.00718012 -0.000648474 0)
(0.00396157 -0.00124909 0)
(0.0156406 -0.00120412 0)
(0.0269379 -0.00142069 0)
(0.0392263 -0.00138097 0)
(0.0498763 -0.00104861 0)
(0.0558314 -0.000330298 0)
(0.0609247 0.0011044 0)
(0.0490803 0.00211295 0)
(0.0543855 0.00261391 0)
(0.0280873 0.00371685 0)
(0.0327689 0.00257949 0)
(0.0191918 0.00569563 0)
(-0.00511301 0.00346818 0)
(0.00257403 0.00257514 0)
(-0.0205859 0.00315999 0)
(-0.0313115 -0.000913354 0)
(-0.0461498 0.00296009 0)
(-0.0546125 0.00485882 0)
(-0.0684334 0.00542825 0)
(-0.0848913 0.00595849 0)
(-0.0885192 0.00525185 0)
(-0.0837566 0.00258878 0)
(-0.0734928 0.00381421 0)
(-0.0498472 -0.0054206 0)
(-0.0261117 -0.0195409 0)
(-0.0147595 -0.0287998 0)
(-0.019155 -0.0128486 0)
(-0.00678333 -0.0101391 0)
(-0.00663485 0.000801474 0)
(-0.00947474 -0.000983619 0)
(0.00154943 -0.00217245 0)
(0.0133183 -0.0021981 0)
(0.0249122 -0.00264255 0)
(0.037753 -0.00267895 0)
(0.0490918 -0.00217961 0)
(0.0558854 -0.00113363 0)
(0.0623195 0.00147963 0)
(0.0506125 0.00274837 0)
(0.0598515 0.00404985 0)
(0.0300662 0.00591195 0)
(0.0429126 0.00267825 0)
(0.0296832 0.0102687 0)
(0.00731564 0.00546752 0)
(0.0178063 0.00478299 0)
(-0.00317962 0.0103181 0)
(-0.0208503 0.00678424 0)
(-0.042381 0.00919505 0)
(-0.0636858 0.0110962 0)
(-0.0878163 0.0161666 0)
(-0.111378 0.0134627 0)
(-0.113344 0.00273124 0)
(-0.101716 -0.00784688 0)
(-0.0839709 -0.0202029 0)
(-0.0573537 -0.0402594 0)
(-0.0461701 -0.0376855 0)
(-0.0370086 -0.0276384 0)
(-0.0251183 -0.0220527 0)
(-0.0070192 -0.0334026 0)
(-0.00696142 0.00136933 0)
(-0.0101236 -0.00131411 0)
(0.000937825 -0.00310681 0)
(0.0127029 -0.00320646 0)
(0.0243292 -0.00388108 0)
(0.0372794 -0.00400338 0)
(0.0487621 -0.00334584 0)
(0.0558154 -0.00198245 0)
(0.0624716 0.00185447 0)
(0.0504043 0.0032251 0)
(0.0616076 0.00577373 0)
(0.0260797 0.00758886 0)
(0.0511474 0.0021366 0)
(0.0290784 0.0144155 0)
(0.0184541 0.00700905 0)
(0.0255906 0.00581277 0)
(0.0099618 0.0170549 0)
(-0.0122998 0.0151426 0)
(-0.0385029 0.0199909 0)
(-0.0626776 0.022747 0)
(-0.0851007 0.0280073 0)
(-0.110292 0.0208465 0)
(-0.104969 -0.000379819 0)
(-0.0961826 -0.0203461 0)
(-0.0804414 -0.0350358 0)
(-0.0639353 -0.0494563 0)
(-0.0548601 -0.0463946 0)
(-0.0324493 -0.0486883 0)
(-0.0174938 -0.0501047 0)
(-0.00381471 -0.0498052 0)
(-0.00712222 0.00195878 0)
(-0.0104138 -0.00164097 0)
(0.000756384 -0.00404508 0)
(0.012565 -0.00421703 0)
(0.0242022 -0.00512177 0)
(0.0372433 -0.00533785 0)
(0.0488484 -0.00453209 0)
(0.0561735 -0.00286019 0)
(0.0628905 0.00226616 0)
(0.0505602 0.00357856 0)
(0.0628212 0.00801541 0)
(0.0212586 0.00838687 0)
(0.0588096 0.00188929 0)
(0.0182075 0.0180274 0)
(0.0316041 0.00705352 0)
(0.0299297 0.00632034 0)
(0.0193771 0.0229911 0)
(-0.00270941 0.0239145 0)
(-0.0173289 0.0300561 0)
(-0.0455361 0.0299215 0)
(-0.0635531 0.036828 0)
(-0.0788322 0.0249963 0)
(-0.0681135 -0.00365002 0)
(-0.0631114 -0.0256977 0)
(-0.0542809 -0.0468933 0)
(-0.0355118 -0.0633711 0)
(-0.0242778 -0.0654745 0)
(-0.0128388 -0.0666779 0)
(-0.00682911 -0.0648329 0)
(-0.00288554 -0.0623307 0)
(-0.00726855 0.00256068 0)
(-0.0106779 -0.00196976 0)
(0.000627797 -0.00499124 0)
(0.0124993 -0.00523133 0)
(0.0241345 -0.00636541 0)
(0.0372763 -0.00668548 0)
(0.0490227 -0.00574684 0)
(0.0567015 -0.00376823 0)
(0.0633999 0.00269261 0)
(0.0512553 0.0038933 0)
(0.0633035 0.0106477 0)
(0.0190775 0.00850739 0)
(0.0624404 0.00334588 0)
(0.000233897 0.0209223 0)
(0.0449529 0.00412228 0)
(0.0270548 0.00842656 0)
(0.0203152 0.0290171 0)
(0.00303929 0.0277596 0)
(0.00701148 0.0381834 0)
(-0.0118049 0.0399166 0)
(-0.0317295 0.0428765 0)
(-0.0297832 0.0271941 0)
(-0.0220374 -0.0043674 0)
(-0.0204428 -0.0250727 0)
(-0.0251352 -0.0487002 0)
(-0.0213933 -0.0719935 0)
(-0.0175414 -0.0715312 0)
(-0.0101835 -0.0650182 0)
(-0.00707096 -0.0626969 0)
(-0.0012394 -0.0598915 0)
(-0.00743607 0.0031773 0)
(-0.0109842 -0.00230033 0)
(0.000483342 -0.00594644 0)
(0.0124318 -0.0062491 0)
(0.0240588 -0.00761066 0)
(0.0373167 -0.00804804 0)
(0.0492296 -0.0069978 0)
(0.057356 -0.00470761 0)
(0.0639431 0.0031022 0)
(0.0525385 0.00424445 0)
(0.0629004 0.0133847 0)
(0.020605 0.00844146 0)
(0.0630229 0.00709257 0)
(-0.0168207 0.0217985 0)
(0.0518379 0.00115167 0)
(0.00991965 0.0121346 0)
(0.0212307 0.0329698 0)
(0.00654251 0.0290313 0)
(0.0261743 0.037846 0)
(0.0210507 0.0471102 0)
(0.00539461 0.0456751 0)
(0.012808 0.0245948 0)
(0.0107387 -0.00741451 0)
(0.00721231 -0.0258861 0)
(-0.00433879 -0.0489023 0)
(-0.00548043 -0.0740402 0)
(-0.0103158 -0.0771334 0)
(-0.00856549 -0.0715059 0)
(-0.00791764 -0.0714056 0)
(-0.00312032 -0.0695576 0)
(-0.00763302 0.00381149 0)
(-0.0113462 -0.00263281 0)
(0.0003129 -0.0069124 0)
(0.0123531 -0.00727089 0)
(0.023967 -0.00885747 0)
(0.0373571 -0.00942805 0)
(0.0494656 -0.00829369 0)
(0.0581295 -0.00567922 0)
(0.0645511 0.00345617 0)
(0.0543494 0.00474921 0)
(0.0611837 0.0160096 0)
(0.0266786 0.00807564 0)
(0.0625264 0.0122492 0)
(-0.0195318 0.0221929 0)
(0.0471649 -0.000878378 0)
(-0.00778754 0.0155627 0)
(0.0274918 0.0331747 0)
(0.0133448 0.0265987 0)
(0.0259765 0.0316013 0)
(0.0403852 0.0511295 0)
(0.0429543 0.0450116 0)
(0.0453395 0.0263587 0)
(0.0438639 -0.00207589 0)
(0.036263 -0.0191 0)
(0.0279056 -0.0388077 0)
(0.0284113 -0.0642639 0)
(0.0139334 -0.0711309 0)
(0.00558589 -0.0669518 0)
(-0.00131404 -0.0703305 0)
(-0.00167793 -0.0743477 0)
(-0.00786166 0.0044663 0)
(-0.0117668 -0.00296748 0)
(0.000115081 -0.00789098 0)
(0.0122626 -0.00829699 0)
(0.0238583 -0.0101058 0)
(0.0373946 -0.0108281 0)
(0.0497311 -0.0096417 0)
(0.059008 -0.0066907 0)
(0.0653457 0.00372962 0)
(0.0561794 0.00559672 0)
(0.058476 0.0179501 0)
(0.0360223 0.00813537 0)
(0.0552445 0.0176309 0)
(-0.0047374 0.0232956 0)
(0.0357202 0.00044804 0)
(-0.011899 0.0162757 0)
(0.023873 0.0280062 0)
(0.0150937 0.0275985 0)
(0.00823692 0.026423 0)
(0.0398375 0.0428427 0)
(0.064209 0.0415455 0)
(0.0725618 0.0283225 0)
(0.0766145 0.00457035 0)
(0.0667285 -0.0159945 0)
(0.0548664 -0.0335207 0)
(0.052938 -0.0552614 0)
(0.0316289 -0.0582115 0)
(0.0195518 -0.0529829 0)
(0.00980852 -0.0606291 0)
(0.00191437 -0.0702678 0)
(-0.00812306 0.00514485 0)
(-0.0122481 -0.00330465 0)
(-0.000110387 -0.00888418 0)
(0.0121608 -0.00932754 0)
(0.0237315 -0.0113549 0)
(0.0374264 -0.0122514 0)
(0.0500244 -0.0110479 0)
(0.0599911 -0.0077628 0)
(0.0664146 0.00397359 0)
(0.0574392 0.00672287 0)
(0.0572622 0.0190852 0)
(0.0416303 0.00944789 0)
(0.0427026 0.0217048 0)
(0.0134766 0.025609 0)
(0.0263498 0.00252287 0)
(-0.00300158 0.0174883 0)
(0.00541153 0.0243935 0)
(0.0147094 0.0307448 0)
(0.00801601 0.0235019 0)
(0.0244269 0.0237626 0)
(0.0561011 0.0241552 0)
(0.0772306 0.0201292 0)
(0.0903536 0.00606009 0)
(0.0852836 -0.00898664 0)
(0.0705789 -0.0249796 0)
(0.067899 -0.0426974 0)
(0.0323461 -0.0461107 0)
(0.0155733 -0.0454855 0)
(0.0101051 -0.0512875 0)
(0.00188802 -0.0586435 0)
(-0.00841813 0.00585038 0)
(-0.0127915 -0.00364473 0)
(-0.000363648 -0.00989407 0)
(0.0120483 -0.0103627 0)
(0.023586 -0.0126037 0)
(0.0374493 -0.0137026 0)
(0.0503414 -0.0125198 0)
(0.0611032 -0.00891108 0)
(0.0676553 0.00424426 0)
(0.0585444 0.0079368 0)
(0.0578694 0.0199801 0)
(0.0422429 0.011927 0)
(0.0347457 0.0238063 0)
(0.027625 0.0271674 0)
(0.0222473 0.00616003 0)
(0.00270285 0.0214906 0)
(0.000831653 0.0232498 0)
(0.0153041 0.0273921 0)
(0.0221172 0.0217751 0)
(0.0194555 0.0182565 0)
(0.0368344 0.00901866 0)
(0.0614636 0.00994082 0)
(0.0862029 0.00250783 0)
(0.0826541 -0.000683904 0)
(0.0649622 -0.0179148 0)
(0.0663844 -0.025818 0)
(0.0395631 -0.0182953 0)
(0.0228458 -0.029543 0)
(0.00854089 -0.0432313 0)
(-0.000170778 -0.0487402 0)
(-0.00874784 0.00658622 0)
(-0.0133991 -0.00398836 0)
(-0.000644816 -0.0109228 0)
(0.0119262 -0.0114025 0)
(0.0234205 -0.0138507 0)
(0.0374591 -0.0151859 0)
(0.0506798 -0.0140667 0)
(0.062353 -0.0101407 0)
(0.0690107 0.00453621 0)
(0.0600463 0.00915565 0)
(0.0585389 0.0212871 0)
(0.040972 0.0142483 0)
(0.0386143 0.0247895 0)
(0.0297178 0.0291974 0)
(0.0216666 0.00924392 0)
(0.0113474 0.0230399 0)
(0.00903723 0.0205595 0)
(0.0150001 0.0215925 0)
(0.0317432 0.0227423 0)
(0.0351896 0.0169995 0)
(0.0394903 -0.00213329 0)
(0.0502027 -0.00944843 0)
(0.0713912 -0.00696176 0)
(0.0665418 0.00444879 0)
(0.0591663 -0.0133444 0)
(0.0421365 -0.0189483 0)
(0.0311854 -0.00162261 0)
(0.0360437 -0.0126402 0)
(0.00806175 -0.0291204 0)
(-0.000855268 -0.0405619 0)
(-0.00911327 0.00735581 0)
(-0.014073 -0.00433557 0)
(-0.000954027 -0.0119726 0)
(0.0117954 -0.0124469 0)
(0.0232335 -0.0150948 0)
(0.0374513 -0.0167044 0)
(0.0510386 -0.0156972 0)
(0.0637311 -0.0114603 0)
(0.0705779 0.0048025 0)
(0.0618929 0.0105848 0)
(0.05762 0.0227242 0)
(0.0430926 0.0160749 0)
(0.0430657 0.0261586 0)
(0.0266382 0.0314874 0)
(0.022424 0.0108484 0)
(0.00799997 0.0238886 0)
(0.0255918 0.0235901 0)
(0.0152946 0.0157604 0)
(0.0320517 0.0166499 0)
(0.041787 0.0160392 0)
(0.0411699 0.000904652 0)
(0.0436778 -0.0086276 0)
(0.0488277 -0.000486724 0)
(0.0420427 0.00880067 0)
(0.0523301 -0.00380811 0)
(0.0445749 -0.00593711 0)
(0.042553 -0.0162481 0)
(0.0292577 -0.00412088 0)
(-0.00446424 0.00370599 0)
(0.00547696 -0.0395572 0)
(-0.00951558 0.00816267 0)
(-0.0148154 -0.0046872 0)
(-0.00129139 -0.0130459 0)
(0.0116571 -0.0134958 0)
(0.0230235 -0.0163362 0)
(0.0374208 -0.0182605 0)
(0.0514141 -0.0174195 0)
(0.0652428 -0.0128953 0)
(0.0724927 0.00507385 0)
(0.0633824 0.0122524 0)
(0.0568374 0.024149 0)
(0.0462275 0.0170556 0)
(0.0457661 0.0290684 0)
(0.0193089 0.035721 0)
(0.0228836 0.0159942 0)
(-0.00172427 0.0200656 0)
(0.0398873 0.0189282 0)
(0.0185485 0.0190834 0)
(0.0243717 0.011926 0)
(0.0408181 0.0122971 0)
(0.0438545 -0.00461672 0)
(0.044097 -0.0147318 0)
(0.0427295 -0.00325772 0)
(0.0533028 -8.80821e-05 0)
(0.0456814 -0.0156 0)
(0.0256031 -0.00566923 0)
(0.00448026 0.0253293 0)
(-0.0186089 0.0305054 0)
(-0.0101506 -0.0114732 0)
(-0.00106163 -0.0500527 0)
(-0.00995611 0.00901049 0)
(-0.0156291 -0.00504349 0)
(-0.00165697 -0.0141454 0)
(0.0115125 -0.0145487 0)
(0.0227885 -0.0175746 0)
(0.0373623 -0.0198551 0)
(0.0517989 -0.0192459 0)
(0.0669347 -0.0144675 0)
(0.074655 0.00537732 0)
(0.0646169 0.0141864 0)
(0.0568584 0.0252619 0)
(0.050332 0.018055 0)
(0.0428862 0.0324307 0)
(0.0131576 0.0334936 0)
(0.0197462 0.0151744 0)
(0.0030987 0.0174948 0)
(0.0333519 0.0204774 0)
(0.0257754 0.0182381 0)
(0.0187681 0.00913978 0)
(0.0243149 0.00652797 0)
(0.0114184 -0.00204557 0)
(0.00849843 -0.00923442 0)
(0.0115108 -0.00217409 0)
(0.0170917 0.00871408 0)
(-0.00615637 0.0167728 0)
(-0.0267543 0.0196768 0)
(-0.0228004 0.0208777 0)
(-0.0176772 0.0143453 0)
(0.00137857 -0.0242601 0)
(-0.00238359 -0.049556 0)
(-0.0104362 0.0099031 0)
(-0.016517 -0.00540491 0)
(-0.00205089 -0.0152737 0)
(0.0113632 -0.0156054 0)
(0.022527 -0.0188108 0)
(0.0372691 -0.0214882 0)
(0.0521868 -0.0211925 0)
(0.0688415 -0.016186 0)
(0.0769094 0.00578643 0)
(0.0659777 0.0161393 0)
(0.0592459 0.0262879 0)
(0.0498392 0.0190755 0)
(0.0356892 0.0408215 0)
(0.00989503 0.0461311 0)
(0.0151116 0.0196381 0)
(0.00798773 0.0117655 0)
(0.0448738 0.0134736 0)
(0.022485 0.0232793 0)
(0.0119985 0.0138584 0)
(0.0128182 0.0160036 0)
(0.0158367 0.00189189 0)
(0.0176482 -0.0128036 0)
(0.0114806 -0.00601289 0)
(0.0252595 0.00990345 0)
(0.0206598 0.0185371 0)
(0.0150824 0.0206569 0)
(0.0198166 0.0178404 0)
(0.0156248 0.00746845 0)
(0.0189522 -0.0204791 0)
(0.00503482 -0.0355346 0)
(-0.0109575 0.0108443 0)
(-0.0174822 -0.00577301 0)
(-0.00247315 -0.0164337 0)
(0.0112104 -0.0166654 0)
(0.0222369 -0.0200444 0)
(0.0371338 -0.0231598 0)
(0.052577 -0.0232773 0)
(0.0709542 -0.0180343 0)
(0.0791669 0.00619973 0)
(0.06881 0.0181288 0)
(0.0599605 0.0277505 0)
(0.047802 0.0221233 0)
(0.0381829 0.0378431 0)
(0.0397531 0.0316224 0)
(0.0161685 0.0183816 0)
(0.00511901 0.00906827 0)
(0.00981171 0.0185524 0)
(0.00321556 0.02822 0)
(0.0151755 0.0108931 0)
(0.0179077 0.0032366 0)
(0.03763 -0.00478523 0)
(0.0240383 -0.00994683 0)
(0.00542496 -0.00795896 0)
(0.0210032 0.00372133 0)
(0.0282852 0.0158383 0)
(0.0403829 0.0175316 0)
(0.0520645 0.0180193 0)
(0.0463233 0.0163943 0)
(0.0410197 -0.000880844 0)
(0.0193911 -0.00449108 0)
(-0.0115217 0.0118389 0)
(-0.0185283 -0.00614847 0)
(-0.00292372 -0.0176283 0)
(0.0110557 -0.017728 0)
(0.0219164 -0.0212737 0)
(0.0369474 -0.0248688 0)
(0.0529717 -0.0255151 0)
(0.07318 -0.0200352 0)
(0.0819672 0.00646377 0)
(0.0720085 0.0207175 0)
(0.0562236 0.0295006 0)
(0.0506156 0.0209519 0)
(0.0484492 0.0522947 0)
(-0.0135619 0.0576634 0)
(-0.011996 0.023898 0)
(-0.0116414 0.00939117 0)
(0.0143013 0.0171591 0)
(0.0180238 0.0226456 0)
(0.0418323 0.0101878 0)
(0.0162605 0.00764556 0)
(0.0298229 0.00149202 0)
(-0.0120868 0.00692042 0)
(-0.0334588 -0.00337388 0)
(-0.0230002 -0.000419633 0)
(-0.00293238 0.00185955 0)
(0.0176949 0.00269027 0)
(0.0327049 0.0128704 0)
(0.0326404 0.0114988 0)
(0.0264742 0.0127382 0)
(0.0128948 0.0269872 0)
(-0.0121305 0.0128886 0)
(-0.0196592 -0.00652924 0)
(-0.00340248 -0.0188611 0)
(0.0109012 -0.0187926 0)
(0.0215636 -0.0224987 0)
(0.0366986 -0.0266134 0)
(0.0533711 -0.0279251 0)
(0.07539 -0.0222792 0)
(0.0852608 0.00657552 0)
(0.0729973 0.0239172 0)
(0.0515185 0.0314693 0)
(0.0587169 0.019647 0)
(0.0636507 0.0464137 0)
(0.0599967 0.0416498 0)
(0.0012007 0.0231587 0)
(-0.0114197 0.00128994 0)
(0.0365827 0.00637854 0)
(0.0334783 0.0181641 0)
(-0.00871213 0.0112837 0)
(0.0110896 0.00448016 0)
(0.013832 0.0129287 0)
(0.00963946 0.0213816 0)
(-0.0458193 -0.00529044 0)
(-0.0650446 -0.0157668 0)
(-0.0419395 -0.0224327 0)
(-0.0273941 -0.0144892 0)
(-0.00616178 0.0106225 0)
(-0.0134048 0.0171684 0)
(-0.0047057 0.0267744 0)
(-0.000898438 0.0404724 0)
(-0.012786 0.0140087 0)
(-0.020879 -0.00687069 0)
(-0.00390944 -0.0201362 0)
(0.0107486 -0.0198582 0)
(0.0211769 -0.0237175 0)
(0.0363633 -0.0283933 0)
(0.053814 -0.0305185 0)
(0.076565 -0.0249324 0)
(0.0867038 0.00763598 0)
(0.0703664 0.0276233 0)
(0.0501588 0.0304503 0)
(0.0622746 0.0200456 0)
(0.0336073 0.0628747 0)
(0.00548173 0.0696783 0)
(-0.0186531 0.0396485 0)
(-0.0242822 -0.0033106 0)
(0.0220326 0.00789795 0)
(-0.0170363 0.0341485 0)
(-0.000172076 0.0215681 0)
(-0.0350901 0.00134545 0)
(0.0291996 -0.00205746 0)
(0.0511024 0.0459735 0)
(-0.00638485 0.0388374 0)
(-0.0383001 0.000555375 0)
(-0.0509361 -0.0354498 0)
(-0.0517841 -0.025448 0)
(-0.038762 0.00990605 0)
(-0.0375465 0.00756745 0)
(-0.0220965 0.00946161 0)
(-0.00793026 0.023237 0)
(-0.0134968 0.0151654 0)
(-0.022193 -0.00750461 0)
(-0.00444435 -0.0214521 0)
(0.0106 -0.0209237 0)
(0.0207529 -0.0249262 0)
(0.0358831 -0.0302137 0)
(0.0541743 -0.0331864 0)
(0.0727356 -0.0277348 0)
(0.0805335 0.00682571 0)
(0.0629153 0.0326459 0)
(0.0279332 0.0309219 0)
(0.0605203 0.0175445 0)
(0.035589 0.0599643 0)
(-0.0384786 0.0648865 0)
(-0.0497899 0.0300555 0)
(-0.0325123 -0.0158632 0)
(0.0374388 0.00421541 0)
(-0.0310144 0.0318147 0)
(-0.0210654 0.013149 0)
(-0.0242564 -0.0153424 0)
(0.00787615 -0.0306609 0)
(0.0240689 0.0362559 0)
(0.0362477 0.0508252 0)
(0.0180318 0.0214644 0)
(-0.0125289 -0.00920127 0)
(-0.0319294 -0.0219869 0)
(-0.0426865 -0.00333285 0)
(-0.0266894 -0.00224628 0)
(-0.0221896 -0.0102405 0)
(-0.00867367 -0.00465609 0)
(-0.0141559 0.0164797 0)
(-0.0236038 -0.0073314 0)
(-0.00499725 -0.0228315 0)
(0.0104573 -0.0219879 0)
(0.0202763 -0.0261167 0)
(0.0351098 -0.0320585 0)
(0.0525942 -0.0354435 0)
(0.0557499 -0.0293767 0)
(0.0586182 0.0110591 0)
(0.036922 0.036564 0)
(0.0690053 0.0352873 0)
(-0.00726516 0.0180152 0)
(0.0678546 0.0803212 0)
(-0.0512149 0.0773109 0)
(-0.032918 0.0329042 0)
(-0.00465407 -0.0289811 0)
(-0.0303863 0.013316 0)
(0.0263768 0.045971 0)
(-0.00921357 0.0221347 0)
(0.038681 -0.0102247 0)
(-0.0279635 -0.0155487 0)
(-0.00154747 0.0312693 0)
(0.0359335 0.0451497 0)
(0.0178973 0.0387757 0)
(0.00254307 0.00105561 0)
(-0.0043579 -0.00736288 0)
(-0.0198977 -0.00139138 0)
(-0.00970128 -0.00791575 0)
(-0.00639426 -0.0148108 0)
(-0.00462794 -0.0168217 0)
(-0.0156525 0.0176366 0)
(-0.0251198 -0.00890255 0)
(-0.00561257 -0.0242313 0)
(0.010321 -0.0230495 0)
(0.0196698 -0.0272687 0)
(0.0334557 -0.0337102 0)
(0.041787 -0.0359972 0)
(0.0233708 -0.027672 0)
(0.0191634 0.00657678 0)
(0.0610632 0.0299166 0)
(-0.0564374 0.0347784 0)
(-0.178192 0.0125724 0)
(0.0509371 0.079012 0)
(-0.0190267 0.0931838 0)
(-0.0082197 0.0269146 0)
(-0.054928 -0.0155945 0)
(-0.0756327 -0.0101329 0)
(0.0885225 0.0346709 0)
(-0.0159673 0.0116445 0)
(0.0414198 -0.00582 0)
(-0.00697984 -0.0154156 0)
(-0.0107337 0.00531043 0)
(0.00450442 0.0325119 0)
(0.0159182 0.0461334 0)
(-0.000447215 0.00645255 0)
(-0.00421017 0.000679127 0)
(-0.00557653 -0.000609005 0)
(0.0044398 -0.0115235 0)
(0.00577645 -0.0134975 0)
(-0.000117942 -0.0129684 0)
(-0.0131062 0.0194633 0)
(-0.0267583 -0.00733403 0)
(-0.00617285 -0.025752 0)
(0.0101721 -0.0240986 0)
(0.0185974 -0.0283111 0)
(0.0283899 -0.0342934 0)
(0.00781401 -0.0331879 0)
(-0.00615754 -0.028373 0)
(-0.0167939 0.0057588 0)
(-0.104448 0.0524217 0)
(-0.045548 0.0639352 0)
(-0.0991711 0.0048098 0)
(-0.0682867 0.0497284 0)
(0.0626701 0.0995567 0)
(-0.00542029 0.0395384 0)
(-0.0620215 -0.0131501 0)
(-0.0750941 -0.0355526 0)
(0.047181 0.0307503 0)
(-0.0361983 0.0261842 0)
(0.0628893 -0.0134007 0)
(0.00238223 0.0114955 0)
(-0.0340868 0.0153541 0)
(-0.0395277 0.0277 0)
(-0.0024881 0.0465259 0)
(-0.0302557 0.0126058 0)
(-0.017911 -0.00102022 0)
(-0.00265756 -0.0113431 0)
(0.00430605 -0.0183683 0)
(0.0051698 -0.00982941 0)
(-0.00132013 -0.00411846 0)
(-0.0267855 0.0200154 0)
(-0.0282713 -0.0109708 0)
(-0.0070002 -0.0272169 0)
(0.00988911 -0.0250987 0)
(0.015802 -0.0289734 0)
(0.0130549 -0.0324601 0)
(-0.0234792 -0.0314215 0)
(0.0583455 -0.0161857 0)
(-0.363456 0.0294661 0)
(-0.308733 0.0334568 0)
(0.0167889 0.0468349 0)
(-0.115579 0.018988 0)
(-0.14249 0.0310052 0)
(0.0317653 0.0829462 0)
(-0.0436584 0.0575968 0)
(-0.0863402 -0.00132884 0)
(-0.106119 -0.0426568 0)
(-0.029613 0.0214915 0)
(0.00978754 0.00687213 0)
(0.00230849 -0.0168179 0)
(-0.0264801 0.033357 0)
(-0.0705329 0.0300702 0)
(-0.0900146 0.0225696 0)
(-0.0240406 0.0394781 0)
(-0.0566109 0.010701 0)
(-0.0213724 -0.0181659 0)
(-0.0130924 -0.024917 0)
(-0.00994511 -0.019997 0)
(-0.00346244 -0.0078321 0)
(-0.00324707 -7.31593e-05 0)
(0.0077623 0.0234795 0)
(-0.0301559 -0.00697868 0)
(-0.00777927 -0.0289271 0)
(0.0088304 -0.0259327 0)
(0.00760062 -0.0284335 0)
(-0.0201352 -0.0295374 0)
(-0.00697384 -0.0427398 0)
(0.190143 0.00182679 0)
(-0.0323183 0.0611925 0)
(-0.280782 -0.00916189 0)
(-0.148603 0.0219941 0)
(-0.204963 0.0352742 0)
(-0.181787 0.0214512 0)
(-0.0799652 0.0708724 0)
(-0.0636698 0.0706924 0)
(-0.103131 -0.000596087 0)
(-0.118698 -0.0517032 0)
(-0.068393 -0.0102353 0)
(-0.0226766 0.00496308 0)
(-0.0846261 0.00572799 0)
(-0.0826996 0.0519911 0)
(-0.122216 0.0346691 0)
(-0.118084 0.00468307 0)
(-0.0327405 0.027679 0)
(-0.0673802 -0.0012469 0)
(-0.0164005 -0.0320114 0)
(-0.033631 -0.0268969 0)
(-0.0178478 -0.0251514 0)
(-0.0122261 -0.0157985 0)
(-0.00481439 -0.00712747 0)
(-0.0670535 0.0220609 0)
(-0.0282544 -0.0124847 0)
(-0.0104058 -0.0303576 0)
(0.00455845 -0.0262926 0)
(-0.013352 -0.0256811 0)
(-0.05458 -0.0339172 0)
(0.258944 -0.0603025 0)
(0.257643 -0.00234349 0)
(0.0716283 0.108847 0)
(-0.290585 0.0280125 0)
(-0.262627 0.0279185 0)
(-0.23936 0.0260876 0)
(-0.21535 0.0079984 0)
(-0.147893 0.0594975 0)
(-0.0750436 0.0668757 0)
(-0.101904 0.00614578 0)
(-0.1145 -0.0528712 0)
(-0.106298 -0.0162891 0)
(-0.0828249 0.00937415 0)
(-0.125485 0.0174538 0)
(-0.111735 0.061167 0)
(-0.147496 0.0352276 0)
(-0.120169 -0.0267601 0)
(-0.0196759 0.00680786 0)
(-0.0509711 -0.00930074 0)
(-0.0208353 -0.0352428 0)
(-0.0326748 -0.0339161 0)
(-0.0141125 -0.0341352 0)
(-0.0139127 -0.0266883 0)
(-0.00374156 -0.0196106 0)
(0.0353658 0.0278421 0)
(-0.0306181 -0.00857473 0)
(-0.0167227 -0.031983 0)
(-0.00986302 -0.0252886 0)
(-0.0494061 -0.0236207 0)
(0.0402668 -0.0593782 0)
(0.0258098 -0.0724622 0)
(0.521531 0.0139027 0)
(0.188751 0.162554 0)
(-0.230036 0.0376958 0)
(-0.27598 0.0188278 0)
(-0.268628 0.0181008 0)
(-0.231725 0.00322416 0)
(-0.16836 0.0356826 0)
(-0.089664 0.0590262 0)
(-0.0823328 0.0111556 0)
(-0.127621 -0.0416106 0)
(-0.15786 -0.0152502 0)
(-0.155502 0.0111485 0)
(-0.148552 0.0236342 0)
(-0.118116 0.0607348 0)
(-0.136714 0.029479 0)
(-0.103851 -0.0652746 0)
(-0.0166585 -0.0303385 0)
(-0.0159165 -0.00284066 0)
(-0.0152074 -0.0346105 0)
(-0.017664 -0.0451674 0)
(-0.00803139 -0.0379032 0)
(-0.00564989 -0.0353419 0)
(0.00107979 -0.0290033 0)
(-0.0738299 0.0249803 0)
(-0.0192742 -0.0113503 0)
(-0.0381896 -0.0315096 0)
(-0.0454185 -0.0220856 0)
(-0.0818319 -0.0301449 0)
(0.228183 -0.033954 0)
(0.443268 -0.112329 0)
(0.547991 -0.00595784 0)
(0.302038 0.208726 0)
(-0.0576154 0.106253 0)
(-0.243178 0.0265618 0)
(-0.274616 0.0175609 0)
(-0.2374 -0.0108166 0)
(-0.189021 0.0208068 0)
(-0.106857 0.0438928 0)
(-0.0932047 0.0118508 0)
(-0.141545 -0.0238401 0)
(-0.200348 -0.00428009 0)
(-0.185019 -0.00233966 0)
(-0.150581 0.0132244 0)
(-0.0959742 0.0467476 0)
(-0.107388 0.0194974 0)
(-0.0415633 -0.0871163 0)
(-0.0653777 -0.0858691 0)
(-0.008476 -0.00511499 0)
(0.00280328 -0.0264649 0)
(-0.00917767 -0.0481659 0)
(-0.00447238 -0.0403416 0)
(-0.00134848 -0.0410685 0)
(0.00278688 -0.0296422 0)
(0.0483701 0.0299417 0)
(-0.03299 -0.00846702 0)
(-0.09082 -0.0291502 0)
(-0.100283 -0.024541 0)
(0.367369 -0.0669158 0)
(0.738268 -0.105821 0)
(0.40379 -0.116834 0)
(0.471783 0.0234215 0)
(0.342833 0.242001 0)
(0.0810746 0.144187 0)
(-0.0982229 0.0548683 0)
(-0.255948 0.0249578 0)
(-0.245025 -0.0164324 0)
(-0.196351 0.00221451 0)
(-0.123729 0.0278108 0)
(-0.111017 0.0169497 0)
(-0.163343 -0.00473664 0)
(-0.19156 0.00190009 0)
(-0.180882 -0.0164295 0)
(-0.162986 -0.00210596 0)
(-0.0631642 0.0221734 0)
(-0.0426117 0.00664303 0)
(0.0524729 -0.0667185 0)
(-0.0525745 -0.0652888 0)
(-0.0478901 -0.038961 0)
(0.0169695 -0.0364901 0)
(-0.0143724 -0.036859 0)
(-0.0055326 -0.0415027 0)
(-0.0113644 -0.0443998 0)
(-0.00304462 -0.0301698 0)
(-0.00322496 -0.00311515 0)
(0.00836486 -0.0145112 0)
(0.0261072 -0.0229504 0)
(0.0523572 -0.00871497 0)
(0.0587952 0.00176439 0)
(0.0537902 0.00233892 0)
(0.054937 0.00184613 0)
(0.049047 0.00238951 0)
(0.0453251 0.000895895 0)
(0.0414741 0.00175645 0)
(0.0286369 0.00126831 0)
(0.0266511 -0.000784175 0)
(0.0265702 -0.00268938 0)
(0.0331552 -0.00113582 0)
(0.023282 9.61234e-05 0)
(0.0222943 0.00109317 0)
(0.00706047 0.00124955 0)
(-0.00568523 0.00111592 0)
(-0.00919294 0.00115699 0)
(-0.0279223 0.000875858 0)
(-0.0315252 0.000943903 0)
(-0.0422511 0.000480087 0)
(-0.0421774 0.000213369 0)
(-0.0403282 -9.61544e-05 0)
(-0.0340268 -0.000213587 0)
(-0.0259443 -0.000277977 0)
(-0.0178939 -0.00025029 0)
(-0.00888684 -0.000313514 0)
(0.000687603 -0.000215435 0)
(0.00229466 -1.93905e-05 0)
(0.00546813 -0.00816607 0)
(0.0163591 -0.0149232 0)
(0.0114833 -0.0293595 0)
(0.0238125 -0.0195211 0)
(0.0479628 -0.00580286 0)
(0.0725706 0.00213941 0)
(0.0841628 0.000991791 0)
(0.0902842 0.00455106 0)
(0.0871673 0.00627127 0)
(0.0704219 0.00594541 0)
(0.0561894 0.00484995 0)
(0.0478641 0.00292851 0)
(0.0329148 -0.000919265 0)
(0.02202 0.00319168 0)
(-0.00159841 0.00286015 0)
(0.00485485 0.00387312 0)
(-0.0202066 0.0058265 0)
(-0.0333357 0.00242878 0)
(-0.0285346 0.00380058 0)
(-0.055152 0.00257684 0)
(-0.0497335 0.00207409 0)
(-0.0608525 0.000903798 0)
(-0.0555145 -0.000231157 0)
(-0.0499203 -0.00104095 0)
(-0.0392818 -0.00136311 0)
(-0.0270309 -0.00142797 0)
(-0.0156903 -0.00120578 0)
(-0.00399379 -0.00125266 0)
(0.00716316 -0.000648725 0)
(0.00556759 0.000243392 0)
(0.0061963 -0.0315041 0)
(0.025141 -0.0229833 0)
(0.0361086 -0.0286629 0)
(0.0456833 -0.0391706 0)
(0.057018 -0.040655 0)
(0.0835489 -0.0227116 0)
(0.101797 -0.0103034 0)
(0.113983 0.00167136 0)
(0.113241 0.0135697 0)
(0.0904717 0.0166306 0)
(0.0657168 0.0111392 0)
(0.0445015 0.00917185 0)
(0.0227417 0.00687942 0)
(0.00452711 0.0105124 0)
(-0.0168438 0.00532924 0)
(-0.00763976 0.00615273 0)
(-0.0305718 0.0104957 0)
(-0.0435681 0.00239769 0)
(-0.0305255 0.00607219 0)
(-0.0606573 0.0039867 0)
(-0.0512936 0.00267864 0)
(-0.0622047 0.00112444 0)
(-0.0555587 -0.000963162 0)
(-0.0491446 -0.00216784 0)
(-0.037813 -0.00264888 0)
(-0.0250101 -0.00265536 0)
(-0.0133712 -0.00220079 0)
(-0.00158511 -0.00217804 0)
(0.00945401 -0.000984383 0)
(0.00662682 0.000800015 0)
(0.00423951 -0.0497343 0)
(0.0175994 -0.0503144 0)
(0.031537 -0.0490794 0)
(0.0525901 -0.0473524 0)
(0.0620286 -0.0498624 0)
(0.0788367 -0.0376641 0)
(0.0947275 -0.0229753 0)
(0.103561 -0.00254556 0)
(0.110693 0.0203172 0)
(0.0874403 0.0282543 0)
(0.064504 0.0228821 0)
(0.0406822 0.0200124 0)
(0.0139988 0.0153738 0)
(-0.00860285 0.0173911 0)
(-0.024877 0.00659598 0)
(-0.0186117 0.00796116 0)
(-0.0299033 0.0147457 0)
(-0.0519339 0.00173219 0)
(-0.0265525 0.00782234 0)
(-0.062433 0.00568545 0)
(-0.051115 0.00312174 0)
(-0.0623404 0.00133665 0)
(-0.0554544 -0.00173273 0)
(-0.0488265 -0.00332928 0)
(-0.0373412 -0.00396089 0)
(-0.02443 -0.00389979 0)
(-0.0127562 -0.00321007 0)
(-0.000973985 -0.00311462 0)
(0.0101023 -0.00131531 0)
(0.00695311 0.00136691 0)
(0.0037155 -0.0615364 0)
(0.00664884 -0.0633732 0)
(0.0119277 -0.0657616 0)
(0.0221461 -0.065539 0)
(0.0338981 -0.0640962 0)
(0.0521326 -0.0491474 0)
(0.0606728 -0.0278552 0)
(0.065928 -0.00645261 0)
(0.0781961 0.023363 0)
(0.0653091 0.0367079 0)
(0.0477332 0.0298403 0)
(0.0200406 0.0299617 0)
(0.00414181 0.0243246 0)
(-0.0179919 0.0235197 0)
(-0.029347 0.00732968 0)
(-0.031837 0.00819315 0)
(-0.018825 0.0185238 0)
(-0.0596524 0.00133959 0)
(-0.0217527 0.00869483 0)
(-0.0636682 0.00790029 0)
(-0.0513126 0.00344241 0)
(-0.0627436 0.00157735 0)
(-0.0557627 -0.00252533 0)
(-0.0489285 -0.00450975 0)
(-0.0373072 -0.00528283 0)
(-0.0243059 -0.00514672 0)
(-0.0126178 -0.00422166 0)
(-0.000792518 -0.00405516 0)
(0.0103925 -0.00164257 0)
(0.0071138 0.00195538 0)
(0.00170509 -0.0587205 0)
(0.00682971 -0.0602804 0)
(0.0092748 -0.0633783 0)
(0.0157186 -0.0715578 0)
(0.0206665 -0.0731823 0)
(0.024053 -0.0510838 0)
(0.0196342 -0.0275015 0)
(0.0206592 -0.00729498 0)
(0.0292314 0.0250033 0)
(0.0331143 0.0418728 0)
(0.0144707 0.0395193 0)
(-0.00398437 0.0385277 0)
(-0.0018187 0.0285233 0)
(-0.0191016 0.0295888 0)
(-0.0268771 0.00969664 0)
(-0.0453766 0.00548351 0)
(-0.000756522 0.021514 0)
(-0.0632566 0.00269524 0)
(-0.0195596 0.0088903 0)
(-0.0641835 0.0105069 0)
(-0.0520579 0.00372058 0)
(-0.0632296 0.00182084 0)
(-0.0562264 -0.00334084 0)
(-0.0491229 -0.00571747 0)
(-0.0373431 -0.00661776 0)
(-0.0242416 -0.00639734 0)
(-0.0125513 -0.00523676 0)
(-0.000663854 -0.00500347 0)
(0.0106568 -0.00197175 0)
(0.00726006 0.00255631 0)
(0.00217131 -0.0681167 0)
(0.00682064 -0.0682039 0)
(0.00764042 -0.0690638 0)
(0.00872223 -0.0768109 0)
(0.00465625 -0.0752775 0)
(0.00306444 -0.0513044 0)
(-0.00682111 -0.0282011 0)
(-0.0118197 -0.0111521 0)
(-0.0122579 0.0217457 0)
(-0.00396386 0.043901 0)
(-0.0184842 0.0461271 0)
(-0.0243079 0.0385568 0)
(-0.00486542 0.03007 0)
(-0.0197895 0.0338318 0)
(-0.0105846 0.0135335 0)
(-0.0527395 0.00246096 0)
(0.0159724 0.0224964 0)
(-0.0638853 0.00629511 0)
(-0.0209797 0.00891393 0)
(-0.0638313 0.0132242 0)
(-0.0533986 0.00403431 0)
(-0.0637433 0.00202886 0)
(-0.0568002 -0.00417877 0)
(-0.0493551 -0.00695962 0)
(-0.0373874 -0.00796719 0)
(-0.0241699 -0.00765055 0)
(-0.0124828 -0.0062554 0)
(-0.000519317 -0.00596085 0)
(0.0109635 -0.00230269 0)
(0.0074275 0.00317197 0)
(0.000121337 -0.0732199 0)
(0.000364055 -0.0676415 0)
(-0.0066958 -0.0645265 0)
(-0.0163028 -0.0708657 0)
(-0.030093 -0.0653832 0)
(-0.0308141 -0.0412279 0)
(-0.0364968 -0.0215123 0)
(-0.0443322 -0.00563937 0)
(-0.0451447 0.0231241 0)
(-0.0415194 0.0429894 0)
(-0.0389412 0.0502459 0)
(-0.0259484 0.0325226 0)
(-0.0117979 0.027495 0)
(-0.0255996 0.0343914 0)
(0.00714902 0.0175875 0)
(-0.0486785 0.000546242 0)
(0.0176525 0.022951 0)
(-0.0631062 0.011232 0)
(-0.0269896 0.00864448 0)
(-0.0621624 0.015844 0)
(-0.0552822 0.00449716 0)
(-0.0643183 0.00216437 0)
(-0.0574743 -0.00503901 0)
(-0.049622 -0.00824424 0)
(-0.0374325 -0.00933355 0)
(-0.024083 -0.00890617 0)
(-0.0124028 -0.00727809 0)
(-0.000348777 -0.00692903 0)
(0.0113258 -0.0026355 0)
(0.00762435 0.0038052 0)
(-0.0036702 -0.06975 0)
(-0.0112751 -0.0580416 0)
(-0.0216627 -0.0499756 0)
(-0.0344527 -0.0585849 0)
(-0.0541649 -0.0569057 0)
(-0.0567499 -0.0370701 0)
(-0.0664856 -0.0205444 0)
(-0.0764943 0.000515783 0)
(-0.0725841 0.0245651 0)
(-0.0630497 0.0392566 0)
(-0.0393802 0.0424274 0)
(-0.00746021 0.0271317 0)
(-0.0131341 0.0281226 0)
(-0.0233391 0.0296587 0)
(0.0127117 0.0184789 0)
(-0.0376593 0.0024942 0)
(0.00143922 0.0239484 0)
(-0.0546113 0.0162228 0)
(-0.0363415 0.00895253 0)
(-0.0595067 0.0177741 0)
(-0.057197 0.00529655 0)
(-0.0650816 0.00220019 0)
(-0.0582328 -0.00592868 0)
(-0.0499244 -0.00957768 0)
(-0.0374761 -0.01072 0)
(-0.0239797 -0.0101643 0)
(-0.0123108 -0.00830509 0)
(-0.00015085 -0.00790986 0)
(0.0117468 -0.00297048 0)
(0.00785288 0.00445905 0)
(-0.00545617 -0.0579363 0)
(-0.0141865 -0.0482742 0)
(-0.0178839 -0.042012 0)
(-0.0349335 -0.0465022 0)
(-0.0686383 -0.0440153 0)
(-0.0704708 -0.0279733 0)
(-0.0840919 -0.0124048 0)
(-0.0894778 0.00244565 0)
(-0.0765928 0.0168316 0)
(-0.0542373 0.0218935 0)
(-0.0231289 0.0232739 0)
(-0.00452196 0.0237174 0)
(-0.0120375 0.0314309 0)
(-0.00550906 0.0258954 0)
(0.00418719 0.0205787 0)
(-0.0284755 0.00492124 0)
(-0.017935 0.0262478 0)
(-0.0412093 0.0195672 0)
(-0.0417212 0.0106552 0)
(-0.0584287 0.018906 0)
(-0.0585378 0.00636381 0)
(-0.0661222 0.0021839 0)
(-0.0590728 -0.00686842 0)
(-0.0502612 -0.0109648 0)
(-0.0375154 -0.0121303 0)
(-0.0238592 -0.0114247 0)
(-0.0122071 -0.00933665 0)
(7.47415e-05 -0.00890528 0)
(0.0122285 -0.00330789 0)
(0.00811416 0.00513665 0)
(-0.00385997 -0.0476736 0)
(-0.0144691 -0.0410488 0)
(-0.0238619 -0.0270167 0)
(-0.0406258 -0.0189116 0)
(-0.0666275 -0.0294686 0)
(-0.0635944 -0.0234838 0)
(-0.0806331 -0.00659181 0)
(-0.0841693 -0.00234098 0)
(-0.0618734 0.00573932 0)
(-0.0345321 0.00611221 0)
(-0.0160082 0.0169669 0)
(-0.0167175 0.021704 0)
(-0.0122084 0.0293752 0)
(0.000770272 0.0255361 0)
(-0.000296557 0.0238607 0)
(-0.0244661 0.00989987 0)
(-0.0324211 0.0273046 0)
(-0.0340867 0.0208126 0)
(-0.0418121 0.0134902 0)
(-0.059311 0.0198442 0)
(-0.059708 0.00751118 0)
(-0.0673356 0.00217401 0)
(-0.0600159 -0.0078736 0)
(-0.0506288 -0.0124114 0)
(-0.0375479 -0.0135685 0)
(-0.0237205 -0.0126865 0)
(-0.0120922 -0.010373 0)
(0.000328146 -0.00991736 0)
(0.0127724 -0.00364815 0)
(0.00840908 0.00584125 0)
(0.000838078 -0.03819 0)
(-0.0122838 -0.0288121 0)
(-0.0375916 -0.0143528 0)
(-0.033708 -0.00480117 0)
(-0.0446996 -0.0220318 0)
(-0.0562543 -0.0179257 0)
(-0.0616417 3.70514e-05 0)
(-0.0670174 -0.00819531 0)
(-0.0490479 -0.0119012 0)
(-0.03401 -0.00601016 0)
(-0.0304786 0.0150917 0)
(-0.0266469 0.0232942 0)
(-0.0137928 0.0236007 0)
(-0.00428499 0.0216146 0)
(-0.00971765 0.0277121 0)
(-0.0235856 0.0130763 0)
(-0.0350028 0.029966 0)
(-0.0389396 0.0205008 0)
(-0.0397256 0.0162499 0)
(-0.0603932 0.0212468 0)
(-0.0612749 0.00862447 0)
(-0.0686641 0.00216535 0)
(-0.0610692 -0.00894956 0)
(-0.0510252 -0.0139249 0)
(-0.0375699 -0.0150399 0)
(-0.0235627 -0.0139483 0)
(-0.0119672 -0.011414 0)
(0.000609493 -0.0109483 0)
(0.0133805 -0.00399179 0)
(0.00873863 0.00657616 0)
(-0.000910797 -0.0355415 0)
(0.00763804 0.00789144 0)
(-0.0298045 -0.00217012 0)
(-0.0417159 -0.0170747 0)
(-0.0449255 -0.0138404 0)
(-0.050592 -0.0151082 0)
(-0.0422809 -0.00017811 0)
(-0.0439989 -0.00361712 0)
(-0.0387789 -0.0122664 0)
(-0.0349428 -0.00493285 0)
(-0.0361877 0.0151896 0)
(-0.0312885 0.0176233 0)
(-0.0111721 0.0186948 0)
(-0.0197528 0.0260146 0)
(-0.00751657 0.0277837 0)
(-0.0254423 0.0170238 0)
(-0.0316719 0.0318004 0)
(-0.0433747 0.0209617 0)
(-0.0408714 0.0184659 0)
(-0.0599982 0.0228804 0)
(-0.0632333 0.00988977 0)
(-0.070196 0.0021056 0)
(-0.0622218 -0.0101054 0)
(-0.0514495 -0.0155119 0)
(-0.0375777 -0.01655 0)
(-0.0233841 -0.0152086 0)
(-0.0118328 -0.0124596 0)
(0.000918916 -0.0120003 0)
(0.0140549 -0.00433906 0)
(0.00910387 0.00734482 0)
(-0.000738119 -0.0463655 0)
(0.0112407 -0.00460102 0)
(0.0177938 0.0298592 0)
(0.00831156 0.0214701 0)
(-0.00536909 -0.00744757 0)
(-0.0290367 -0.0187899 0)
(-0.0443734 -0.00610983 0)
(-0.0353645 -0.00736051 0)
(-0.0368428 -0.0180694 0)
(-0.039234 -0.0101878 0)
(-0.0394299 0.0134494 0)
(-0.0217662 0.014289 0)
(-0.0165277 0.0182271 0)
(-0.0328698 0.0204114 0)
(-0.000277278 0.027859 0)
(-0.0263766 0.0204952 0)
(-0.0251422 0.0366579 0)
(-0.0447007 0.0216994 0)
(-0.043127 0.0203033 0)
(-0.0597026 0.0245222 0)
(-0.0649314 0.0113579 0)
(-0.0720514 0.00202615 0)
(-0.0634768 -0.0113661 0)
(-0.0518986 -0.0171793 0)
(-0.0375671 -0.0181027 0)
(-0.023183 -0.0164672 0)
(-0.0116904 -0.0135097 0)
(0.00125651 -0.0130758 0)
(0.0147979 -0.00469055 0)
(0.00950597 0.00815078 0)
(-0.00565815 -0.0474704 0)
(-0.00860648 -0.0214962 0)
(0.008963 0.00662129 0)
(0.011054 0.00569876 0)
(0.00828252 0.0118893 0)
(-0.0123169 0.0123445 0)
(-0.0177746 0.00302457 0)
(-0.00768771 -0.00553748 0)
(-0.00710673 -0.00879414 0)
(-0.00421559 -0.00513159 0)
(-0.0152634 0.00821671 0)
(-0.0170612 0.0075716 0)
(-0.0103228 0.0218097 0)
(-0.0343885 0.0242489 0)
(0.0060033 0.0248328 0)
(-0.0260955 0.0229183 0)
(-0.0204816 0.0346648 0)
(-0.0402871 0.0244787 0)
(-0.0462229 0.0221172 0)
(-0.0601581 0.0260056 0)
(-0.06647 0.0130343 0)
(-0.074115 0.00196755 0)
(-0.0648778 -0.0127525 0)
(-0.0523649 -0.0189362 0)
(-0.0375332 -0.0196999 0)
(-0.0229569 -0.0177237 0)
(-0.0115409 -0.014564 0)
(0.00162237 -0.0141774 0)
(0.0156122 -0.00504676 0)
(0.00994625 0.00899769 0)
(-0.0208796 -0.0317751 0)
(-0.0325691 -0.0117859 0)
(-0.0361856 0.0108779 0)
(-0.0445732 0.0178603 0)
(-0.0360351 0.0161228 0)
(-0.0327014 0.00292584 0)
(-0.0171129 -0.00833607 0)
(-0.00534339 -0.0125156 0)
(-0.0162765 -0.0181226 0)
(-0.0203324 -0.00981252 0)
(-0.00719552 0.0174612 0)
(-0.011412 0.0154201 0)
(-0.0375866 0.0205835 0)
(-0.0317968 0.0166914 0)
(-0.0147526 0.0210589 0)
(-0.0178579 0.0293783 0)
(-0.0267793 0.0460227 0)
(-0.0358464 0.0274045 0)
(-0.0443931 0.02446 0)
(-0.063011 0.0275559 0)
(-0.06819 0.0146713 0)
(-0.0762415 0.00197402 0)
(-0.0664561 -0.0142725 0)
(-0.0528429 -0.020794 0)
(-0.0374708 -0.0213428 0)
(-0.0227043 -0.0189783 0)
(-0.0113859 -0.0156221 0)
(0.00201661 -0.0153075 0)
(0.0165007 -0.00540831 0)
(0.0104261 0.0098894 0)
(-0.019603 -0.00264658 0)
(-0.0389828 0.0047695 0)
(-0.0473673 0.0170551 0)
(-0.0522244 0.0118017 0)
(-0.035139 0.00159467 0)
(-0.0178201 -0.00918503 0)
(-0.00678758 -0.0172291 0)
(-0.00496852 -0.00952016 0)
(-0.0109779 0.00205354 0)
(-0.0275836 -0.00964337 0)
(0.000686752 0.00751405 0)
(0.00120896 0.0174571 0)
(0.00586942 0.0306661 0)
(-0.0217074 0.0179223 0)
(0.0160184 0.0222366 0)
(-0.0361638 0.0260662 0)
(-0.0496931 0.0334938 0)
(-0.0434571 0.022965 0)
(-0.0394272 0.0284159 0)
(-0.0647011 0.0298042 0)
(-0.0714166 0.016207 0)
(-0.0783689 0.00194488 0)
(-0.0682038 -0.015915 0)
(-0.0533309 -0.0227672 0)
(-0.0373736 -0.0230323 0)
(-0.0224225 -0.020232 0)
(-0.0112268 -0.0166832 0)
(0.00243924 -0.0164691 0)
(0.0174666 -0.00577604 0)
(0.0109471 0.0108298 0)
(-0.01063 0.0285775 0)
(-0.0210482 0.0188857 0)
(-0.0241229 0.0160499 0)
(-0.0244292 0.00844185 0)
(-0.00634567 -0.0147519 0)
(0.00979191 -0.020368 0)
(0.0218812 -0.00877999 0)
(-0.00203933 -0.0083803 0)
(-0.0110482 -0.00479192 0)
(-0.0170731 -0.0188164 0)
(-0.0164861 0.00402061 0)
(-0.0482329 0.011844 0)
(0.0101274 0.0255986 0)
(0.00704996 0.0171268 0)
(0.000500069 0.0183203 0)
(0.0172268 0.0440418 0)
(-0.00672455 0.0583617 0)
(-0.0562893 0.0311847 0)
(-0.0376995 0.0266033 0)
(-0.0626669 0.0329067 0)
(-0.0751719 0.0181457 0)
(-0.0809282 0.00175563 0)
(-0.0700821 -0.0177151 0)
(-0.0538233 -0.0248653 0)
(-0.0372348 -0.0247688 0)
(-0.0221093 -0.0214845 0)
(-0.0110648 -0.0177467 0)
(0.00289024 -0.0176656 0)
(0.0185133 -0.00615097 0)
(0.0115109 0.0118234 0)
(0.0020831 0.0401769 0)
(0.00661387 0.0273113 0)
(0.0190915 0.01674 0)
(0.0114086 0.00481859 0)
(0.0374423 -0.0306326 0)
(0.0385234 -0.039219 0)
(0.0482549 -0.0164291 0)
(0.0234397 0.0079087 0)
(-0.0348957 0.014772 0)
(-0.0053949 -0.00517762 0)
(-0.0397481 0.0223967 0)
(-0.0226362 0.0132776 0)
(-0.0337629 0.012638 0)
(-0.0136611 0.0206388 0)
(0.00676912 0.024018 0)
(-0.0329837 0.0345703 0)
(-0.0825517 0.0435639 0)
(-0.0402539 0.0209031 0)
(-0.0497192 0.0316747 0)
(-0.0571929 0.0365963 0)
(-0.0769849 0.0202623 0)
(-0.0833322 0.00138548 0)
(-0.0721554 -0.0197588 0)
(-0.0542954 -0.0271026 0)
(-0.0370459 -0.0265525 0)
(-0.0217626 -0.0227351 0)
(-0.0109019 -0.0188119 0)
(0.00336947 -0.0189003 0)
(0.0196449 -0.00653113 0)
(0.0121195 0.0128722 0)
(0.00781805 0.0228412 0)
(0.0219279 0.00948792 0)
(0.0358958 0.00730774 0)
(0.0385774 0.00148343 0)
(0.0463852 -0.0342249 0)
(0.0269625 -0.0257201 0)
(-0.00746507 0.0102029 0)
(-0.0246096 0.0367715 0)
(-0.0353554 0.0116964 0)
(-0.00410034 -0.0244316 0)
(0.0092236 0.016014 0)
(0.0184912 0.00583638 0)
(0.0218517 0.0167702 0)
(0.00851834 0.00506726 0)
(0.045512 0.0192316 0)
(0.00715243 0.0576815 0)
(0.0245312 0.0710411 0)
(-0.0543569 0.0302115 0)
(-0.0490958 0.026866 0)
(-0.0582323 0.0354251 0)
(-0.074242 0.0242154 0)
(-0.0821916 0.00222472 0)
(-0.0737921 -0.0220419 0)
(-0.0547455 -0.0295121 0)
(-0.0367871 -0.0283824 0)
(-0.0213797 -0.0239827 0)
(-0.0107397 -0.0198777 0)
(0.00387695 -0.0201768 0)
(0.0208653 -0.00687232 0)
(0.0127745 0.0139914 0)
(0.00712841 -0.00472003 0)
(0.0200289 -0.00902896 0)
(0.0240302 -0.00133848 0)
(0.0380953 -0.00816254 0)
(0.0204073 -0.0222743 0)
(0.00693385 -0.00336378 0)
(-0.0286815 0.0229823 0)
(-0.0391263 0.034236 0)
(0.00797781 0.0027704 0)
(0.00369005 -0.02473 0)
(0.0484889 0.0108049 0)
(0.0352221 0.0111959 0)
(0.0398674 0.0152342 0)
(0.039435 0.0137288 0)
(0.0294003 0.0198955 0)
(0.0261189 0.048783 0)
(0.0215076 0.0612216 0)
(-0.043353 0.0356394 0)
(0.00248116 0.0332797 0)
(-0.0517441 0.0437394 0)
(-0.0653709 0.0237206 0)
(-0.0715659 0.00056464 0)
(-0.0713743 -0.0241293 0)
(-0.0550492 -0.03206 0)
(-0.036402 -0.0302608 0)
(-0.020957 -0.0252241 0)
(-0.0105802 -0.0209431 0)
(0.00441237 -0.0214939 0)
(0.02218 -0.00750491 0)
(0.0134847 0.0151474 0)
(0.00134394 -0.01637 0)
(0.0028279 -0.0130109 0)
(0.00522489 -0.00515581 0)
(0.00819739 -0.00282697 0)
(-0.0117361 -0.00946613 0)
(-0.0144267 0.0113895 0)
(-0.0266118 0.0380516 0)
(-0.0287299 0.0162016 0)
(-0.00316977 -0.0138996 0)
(-0.0215101 -0.0493218 0)
(0.0345847 -0.00248652 0)
(0.0238314 0.0116911 0)
(0.018721 0.0131685 0)
(0.0190432 0.0115665 0)
(0.0138535 0.0201946 0)
(0.0344127 0.0545884 0)
(-0.0620462 0.0773772 0)
(-0.0802286 0.0365882 0)
(-0.125547 0.0254467 0)
(-0.0402789 0.0422931 0)
(-0.0493162 0.0315864 0)
(-0.0487471 0.00625096 0)
(-0.0558411 -0.0247691 0)
(-0.0534814 -0.0342873 0)
(-0.0357343 -0.0321735 0)
(-0.0204783 -0.0264534 0)
(-0.010425 -0.0220067 0)
(0.00496584 -0.0228744 0)
(0.0235913 -0.00733079 0)
(0.0141452 0.0164604 0)
(-0.00532928 -0.0125487 0)
(-0.0104473 -0.0108295 0)
(-0.0083086 -0.00408497 0)
(-0.0050988 0.0053989 0)
(-0.0110752 -0.000158821 0)
(-0.0178512 0.00963035 0)
(-0.0228016 0.0376898 0)
(0.00261728 0.015682 0)
(-0.00244247 -0.00992232 0)
(-0.0286862 -0.0399254 0)
(-0.0264462 -0.0068456 0)
(0.00310652 0.0145334 0)
(-0.00809828 0.0186394 0)
(-0.0176745 0.0173009 0)
(0.013686 0.0162449 0)
(0.00664079 0.0717097 0)
(-0.0844662 0.0959012 0)
(0.118095 0.0400078 0)
(0.0954138 0.0281635 0)
(0.00467387 0.0372844 0)
(-0.0470387 0.0205367 0)
(-0.0287926 -0.00155896 0)
(-0.0247631 -0.0229432 0)
(-0.0429994 -0.0346781 0)
(-0.0341767 -0.033926 0)
(-0.0198647 -0.0276514 0)
(-0.0102744 -0.0230666 0)
(0.0055817 -0.0242748 0)
(0.025108 -0.00890045 0)
(0.0156315 0.0176176 0)
(-0.00639502 -0.00494667 0)
(-0.0129049 -0.00782946 0)
(-0.0110033 -0.0103362 0)
(-0.00587699 0.00136576 0)
(0.0106983 0.00229377 0)
(0.00890309 0.0147453 0)
(0.00339831 0.0303456 0)
(0.038604 0.00567188 0)
(0.0223244 0.00185609 0)
(-0.00889146 -0.0218834 0)
(-0.0643215 -0.0197736 0)
(0.00706713 0.00680868 0)
(-0.040233 0.0206895 0)
(0.0123708 0.00634345 0)
(0.0267781 0.0151518 0)
(-0.0365333 0.0802094 0)
(0.00666413 0.0684378 0)
(0.140358 0.0092427 0)
(0.062354 0.0376594 0)
(0.128781 0.0562937 0)
(0.253141 0.0457428 0)
(0.0271566 0.00775203 0)
(-0.00276611 -0.0214106 0)
(-0.0108926 -0.0318067 0)
(-0.0291044 -0.0346407 0)
(-0.0187742 -0.0287432 0)
(-0.0101087 -0.0241124 0)
(0.00614237 -0.025795 0)
(0.0267466 -0.0073315 0)
(0.0131219 0.0194405 0)
(-0.000324345 -8.92254e-05 0)
(-0.00371812 -0.00392864 0)
(0.00150428 -0.0130615 0)
(-0.0024026 -0.0154722 0)
(0.0257894 -0.0131191 0)
(0.0296814 0.0127717 0)
(0.0357734 0.0163522 0)
(0.0770855 0.0102404 0)
(0.0576901 0.0170259 0)
(-0.0154357 -0.000163967 0)
(-0.0488015 -0.0179969 0)
(0.00411311 0.00288481 0)
(-0.0388758 0.0200417 0)
(0.0606129 -0.00711033 0)
(0.0377069 0.0264426 0)
(-0.0229451 0.0751245 0)
(0.0979327 0.0424105 0)
(0.185472 0.0186514 0)
(0.0610402 0.0391741 0)
(0.202819 0.00832582 0)
(0.265824 0.0373463 0)
(0.0193679 0.0328042 0)
(-0.109456 -0.026808 0)
(0.0257 -0.0319799 0)
(-0.0129831 -0.0327286 0)
(-0.0159356 -0.0294375 0)
(-0.00980618 -0.0251088 0)
(0.00696985 -0.0272588 0)
(0.028263 -0.0109645 0)
(0.0266962 0.0199978 0)
(0.0038584 -0.00484195 0)
(0.00695505 -0.00694091 0)
(0.0162663 -0.0138716 0)
(0.0186076 -0.0180495 0)
(0.0271061 -0.0301245 0)
(0.041126 0.00603204 0)
(0.036212 -0.00298137 0)
(0.110583 -0.00604174 0)
(0.102864 0.0371492 0)
(0.0559013 0.0362518 0)
(0.0165236 -0.0229355 0)
(-0.00755639 -0.00302247 0)
(0.0102113 0.00387004 0)
(0.103944 -0.0185841 0)
(0.0564945 0.0328667 0)
(0.0557107 0.0659853 0)
(0.152487 0.0254565 0)
(0.238592 0.0133233 0)
(0.162993 0.0388056 0)
(0.268945 0.00493476 0)
(0.219433 0.0567839 0)
(0.313119 0.0807064 0)
(-0.239892 -0.0226342 0)
(0.00415894 -0.047814 0)
(0.023111 -0.0296037 0)
(-0.00763746 -0.0288263 0)
(-0.00872439 -0.0259374 0)
(0.00774791 -0.0289687 0)
(0.0301476 -0.00697048 0)
(-0.00766039 0.023451 0)
(0.0037065 -0.0166509 0)
(0.0113089 -0.0155221 0)
(0.01763 -0.0244045 0)
(0.0270606 -0.0258325 0)
(0.0351484 -0.0316416 0)
(0.0373846 0.00620316 0)
(0.0215064 -0.0292654 0)
(0.113 -0.0341101 0)
(0.123683 0.0484392 0)
(0.101771 0.0511687 0)
(0.0821709 0.0110873 0)
(0.0287023 0.00371542 0)
(0.0652781 -0.0193093 0)
(0.122194 -0.0256077 0)
(0.100317 0.0333392 0)
(0.123467 0.0507514 0)
(0.194894 0.00543872 0)
(0.256207 0.00750242 0)
(0.2472 0.0319442 0)
(0.287378 0.00880612 0)
(0.229631 0.0335687 0)
(0.259087 0.0901333 0)
(-0.188193 0.0295046 0)
(-0.302174 -0.0662931 0)
(0.0624817 -0.034381 0)
(0.0135981 -0.0258138 0)
(-0.00441981 -0.0262845 0)
(0.010371 -0.030398 0)
(0.0282643 -0.0124811 0)
(0.0669775 0.0220441 0)
(0.00367683 -0.0260409 0)
(0.00791635 -0.0247413 0)
(0.0158014 -0.0288561 0)
(0.01877 -0.0425839 0)
(0.0364747 -0.0312757 0)
(0.0203382 0.0139428 0)
(0.0318045 -0.0717149 0)
(0.0802605 -0.0686614 0)
(0.128694 0.0390791 0)
(0.11616 0.0526017 0)
(0.120975 0.0190706 0)
(0.108172 0.00128419 0)
(0.124223 -0.0265298 0)
(0.135619 -0.031233 0)
(0.121322 0.0280121 0)
(0.156504 0.0391329 0)
(0.215654 -0.00248123 0)
(0.262085 6.45057e-05 0)
(0.282658 0.0246628 0)
(0.303147 0.0132238 0)
(0.265666 0.0306025 0)
(0.0563079 0.164864 0)
(-0.330118 0.0495963 0)
(-0.0118882 -0.0685355 0)
(-0.0570817 -0.0659266 0)
(0.0497553 -0.0239253 0)
(0.0100829 -0.0252471 0)
(0.016677 -0.0320219 0)
(0.0306014 -0.00855693 0)
(-0.0355343 0.0278161 0)
(0.00152217 -0.0262018 0)
(0.00442317 -0.0311109 0)
(0.0107722 -0.0338254 0)
(0.0261312 -0.0517533 0)
(0.0145635 -0.0284599 0)
(0.0325761 0.015288 0)
(0.072356 -0.0898588 0)
(0.0342772 -0.0924739 0)
(0.106857 0.0253109 0)
(0.112316 0.0454641 0)
(0.130534 0.024353 0)
(0.166126 -0.00443647 0)
(0.159692 -0.0227846 0)
(0.137153 -0.0223618 0)
(0.116711 0.0241974 0)
(0.174854 0.0245412 0)
(0.229231 -0.0146193 0)
(0.257916 -0.0123944 0)
(0.273417 0.0144605 0)
(0.282319 0.0190863 0)
(0.0331693 0.0769783 0)
(-0.197152 0.192177 0)
(-0.396536 0.0437493 0)
(-0.572305 -0.098335 0)
(-0.219144 -0.0274101 0)
(0.0798705 -0.0309341 0)
(0.0457509 -0.022037 0)
(0.0381098 -0.031544 0)
(0.0192395 -0.0113355 0)
(0.0740229 0.024949 0)
(0.000945852 -0.0272953 0)
(0.0121912 -0.0372716 0)
(0.014026 -0.0459118 0)
(0.034038 -0.0433255 0)
(-0.0134781 -0.0389697 0)
(0.0695458 -0.0201399 0)
(0.0871022 -0.061805 0)
(-0.0235335 -0.0710482 0)
(0.066545 0.00379143 0)
(0.071481 0.0280267 0)
(0.142677 0.0102236 0)
(0.182439 -0.0160546 0)
(0.161548 -0.0120175 0)
(0.150225 -0.0120338 0)
(0.125363 0.0130023 0)
(0.181631 0.00359319 0)
(0.237117 -0.0187541 0)
(0.26847 -0.01258 0)
(0.126355 0.0212115 0)
(0.139942 0.057364 0)
(-0.132985 0.114265 0)
(-0.366617 0.217887 0)
(-0.34865 0.0644443 0)
(-0.565452 -0.091598 0)
(-0.648122 -0.120066 0)
(-0.37645 -0.0688699 0)
(0.101937 -0.0245575 0)
(0.0906331 -0.0291495 0)
(0.0329145 -0.00846464 0)
(-0.0482348 0.0299259 0)
(-0.134463 0.0276565 0)
(-0.0192608 -0.00445983 0)
(-0.189953 -0.0283483 0)
(0.0735139 -0.0532303 0)
(0.6425 -0.0952696 0)
(0.674263 -0.0579506 0)
(0.29786 -0.100655 0)
(0.371968 0.0223181 0)
(0.328818 0.255852 0)
(0.158865 0.167807 0)
(-0.0522091 0.0782757 0)
(-0.416246 0.0582174 0)
(-0.348762 -0.0165654 0)
(-0.195567 -0.00738419 0)
(-0.141054 0.0171378 0)
(-0.148646 0.0205507 0)
(-0.179349 0.0023558 0)
(-0.18617 0.00263472 0)
(-0.193083 -0.0225348 0)
(-0.170665 -0.0192362 0)
(-0.0703147 -0.0235417 0)
(0.0114093 -0.0259161 0)
(0.0973956 -0.0519165 0)
(-0.0118238 -0.0421082 0)
(-0.0203638 -0.0512009 0)
(-0.0163777 -0.0433276 0)
(-0.0239477 -0.035635 0)
(-0.0072562 -0.0414771 0)
(-0.0208034 -0.0479466 0)
(-0.00712329 -0.042356 0)
(-0.240286 0.0236146 0)
(0.0160628 -0.00412848 0)
(-0.294416 -0.0338899 0)
(0.404915 -0.0736321 0)
(0.702937 -0.105552 0)
(0.596869 -0.0528897 0)
(0.219274 -0.0920583 0)
(0.297911 0.0209156 0)
(0.305468 0.261404 0)
(0.206748 0.183848 0)
(-0.0232317 0.10203 0)
(-0.39262 0.0773421 0)
(-0.686221 -0.0246751 0)
(-0.197656 -0.0270391 0)
(-0.15309 0.0142702 0)
(-0.172136 0.0258716 0)
(-0.197852 0.00250088 0)
(-0.197784 0.00403307 0)
(-0.206735 -0.0296811 0)
(-0.172296 -0.036001 0)
(-0.0655108 -0.0564924 0)
(0.00743411 -0.0671415 0)
(-0.00201764 -0.0537599 0)
(-0.0321234 -0.0363303 0)
(-0.00669858 -0.0378128 0)
(-0.0303223 -0.0395296 0)
(-0.0357574 -0.0485327 0)
(-0.00422682 -0.0450574 0)
(-0.0202884 -0.0525019 0)
(-0.00157054 -0.054393 0)
(-0.345517 0.0175333 0)
(0.0754958 0.000858561 0)
(-0.214297 -0.0550798 0)
(0.684127 -0.0958213 0)
(0.680288 -0.0938196 0)
(0.477797 -0.0391918 0)
(0.138013 -0.0827562 0)
(0.219516 0.0178073 0)
(0.265854 0.262397 0)
(0.251347 0.19933 0)
(0.00868376 0.131811 0)
(-0.349806 0.10333 0)
(-0.411469 -0.0155368 0)
(-0.188238 -0.0886783 0)
(-0.16225 0.0127834 0)
(-0.177244 0.0314056 0)
(-0.197271 0.00599453 0)
(-0.198148 0.00643077 0)
(-0.200424 -0.0227812 0)
(-0.166313 -0.0390311 0)
(-0.0663334 -0.0606961 0)
(-0.0334496 -0.0419879 0)
(-0.212977 -0.0099856 0)
(0.0109342 -0.0351214 0)
(-0.0116632 -0.0448639 0)
(0.00328477 -0.0293605 0)
(-0.030007 -0.0423561 0)
(-0.00261983 -0.0408516 0)
(-0.0094661 -0.044554 0)
(0.00666869 -0.0496996 0)
(-0.497371 0.0047486 0)
(0.102324 -0.00852923 0)
(0.635688 -0.0730943 0)
(1.12044 -0.134691 0)
(0.299761 -0.0761695 0)
(0.311494 -0.02833 0)
(0.0636087 -0.0754583 0)
(0.141338 0.0132279 0)
(0.208938 0.257794 0)
(0.290692 0.212323 0)
(0.0422032 0.164061 0)
(-0.310832 0.125068 0)
(-0.291986 -0.0241909 0)
(-0.381826 -0.11647 0)
(-0.198922 0.00490526 0)
(-0.185309 0.0316865 0)
(-0.227873 0.0158421 0)
(-0.210534 0.00206378 0)
(-0.170132 -0.0290396 0)
(-0.146523 -0.0842843 0)
(-0.0714852 -0.102806 0)
(-0.048672 -0.0190464 0)
(-0.0387257 -0.0843936 0)
(-0.00164723 -0.104765 0)
(-0.036082 -0.0377969 0)
(-0.00454488 -0.0401952 0)
(-0.00851742 -0.0439054 0)
(0.0153643 -0.0569744 0)
(0.0218526 -0.0553839 0)
(0.0320787 -0.062818 0)
(-0.609424 -0.010344 0)
(0.0573781 -0.0403715 0)
(0.364187 -0.0568831 0)
(0.998059 -0.0642705 0)
(0.12878 -0.0431105 0)
(0.177146 -0.0224719 0)
(0.00776748 -0.0704747 0)
(0.0668463 0.00803694 0)
(0.136571 0.246915 0)
(0.321723 0.221148 0)
(0.0764469 0.197888 0)
(-0.272466 0.146649 0)
(-0.241057 -0.0130987 0)
(-0.378363 -0.0988911 0)
(-0.228796 -0.0242859 0)
(-0.23208 0.0354687 0)
(-0.204267 0.0149618 0)
(-0.183723 -0.0162063 0)
(-0.108396 -0.0352204 0)
(-0.106684 -0.0856599 0)
(-0.0896649 -0.100857 0)
(-0.0660928 -0.0494461 0)
(-0.00113015 -0.0620055 0)
(0.00069435 -0.0813842 0)
(-0.0182949 -0.043808 0)
(0.0100157 -0.0442216 0)
(0.0241055 -0.0537624 0)
(0.038227 -0.0651342 0)
(0.0427093 -0.063233 0)
(0.0458382 -0.0635907 0)
(-0.5969 -0.0186503 0)
(0.0423352 -0.0501981 0)
(-0.0322382 -0.161138 0)
(0.2203 -0.101055 0)
(-0.0444612 -0.0330728 0)
(0.0770375 -0.0212837 0)
(-0.02925 -0.066835 0)
(-0.00076146 0.00318453 0)
(0.057406 0.229494 0)
(0.338745 0.224249 0)
(0.110978 0.233177 0)
(-0.229111 0.168441 0)
(-0.201579 -0.00226035 0)
(-0.340401 -0.094572 0)
(-0.220218 -0.0363928 0)
(-0.244587 0.0298508 0)
(-0.128677 0.00799577 0)
(-0.116851 -0.0332132 0)
(-0.0456432 -0.0426515 0)
(-0.0592236 -0.0825472 0)
(-0.0809286 -0.0916008 0)
(-0.0947077 -0.0730426 0)
(-0.0346325 -0.0846476 0)
(-0.0183668 -0.0673552 0)
(-0.0207686 -0.0524921 0)
(0.012684 -0.058847 0)
(0.0317265 -0.0651369 0)
(0.0431 -0.0686353 0)
(0.0473553 -0.0644304 0)
(0.0480401 -0.0602881 0)
(-0.402311 -0.0575352 0)
(-0.0777228 -0.0920115 0)
(-0.20892 -0.119757 0)
(-0.04557 -0.0779831 0)
(-0.0899387 -0.033923 0)
(0.0122638 -0.0232921 0)
(-0.0519349 -0.0637136 0)
(-0.0570101 0.000611754 0)
(-0.0109889 0.206527 0)
(0.329727 0.220509 0)
(0.142237 0.268297 0)
(-0.179045 0.191077 0)
(-0.159216 0.0102452 0)
(-0.291126 -0.0910142 0)
(-0.189408 -0.0497735 0)
(-0.220336 0.0160804 0)
(-0.0417928 -0.0126111 0)
(-0.0245294 -0.0452566 0)
(0.0222051 -0.0455475 0)
(-0.0107716 -0.0753369 0)
(-0.0217895 -0.0799453 0)
(-0.0484543 -0.0801659 0)
(-0.051151 -0.0939835 0)
(-0.0345971 -0.0708331 0)
(-0.0213801 -0.0671577 0)
(0.0049539 -0.0755578 0)
(0.022881 -0.0771985 0)
(0.0328431 -0.0747169 0)
(0.0368678 -0.0671009 0)
(0.0365258 -0.0587844 0)
(-0.221107 -0.0481198 0)
(-0.143406 -0.0694717 0)
(-0.19574 -0.12727 0)
(-0.0948885 -0.0859089 0)
(-0.0945462 -0.0374036 0)
(-0.0231344 -0.0253515 0)
(-0.0648573 -0.0603469 0)
(-0.097747 0.000545479 0)
(-0.0540236 0.179876 0)
(0.273334 0.210598 0)
(0.164492 0.301641 0)
(-0.120688 0.21407 0)
(-0.109403 0.0240298 0)
(-0.237522 -0.0864562 0)
(-0.155691 -0.0642373 0)
(-0.159941 -0.00350278 0)
(0.00812093 -0.0399447 0)
(-0.0051882 -0.053941 0)
(0.0228543 -0.0468385 0)
(0.0120827 -0.0696412 0)
(0.00672168 -0.0709342 0)
(-0.0221526 -0.0674765 0)
(-0.0535924 -0.0906408 0)
(-0.0436745 -0.0820277 0)
(-0.0259427 -0.0811385 0)
(-0.00908668 -0.0904447 0)
(0.00531258 -0.0878286 0)
(0.012487 -0.080272 0)
(0.015052 -0.0685051 0)
(0.0132826 -0.0556158 0)
(-0.114282 -0.0465739 0)
(-0.154706 -0.0711625 0)
(-0.16206 -0.125915 0)
(-0.0988081 -0.0892444 0)
(-0.0917297 -0.0405919 0)
(-0.039086 -0.0269158 0)
(-0.0712628 -0.0563863 0)
(-0.121528 0.00185748 0)
(-0.0769371 0.155431 0)
(0.149846 0.195891 0)
(0.187914 0.328269 0)
(-0.046325 0.238389 0)
(-0.0481068 0.0402632 0)
(-0.179284 -0.0785782 0)
(-0.125385 -0.08162 0)
(-0.0847113 -0.0275878 0)
(0.0491121 -0.0560748 0)
(0.00761742 -0.0518471 0)
(0.010753 -0.0503736 0)
(0.0182649 -0.0664619 0)
(0.00132245 -0.0643822 0)
(-0.0199096 -0.0521512 0)
(-0.0523202 -0.08022 0)
(-0.0581582 -0.0941016 0)
(-0.0408933 -0.0915102 0)
(-0.0302943 -0.102197 0)
(-0.020029 -0.0955679 0)
(-0.0167454 -0.0837129 0)
(-0.0171564 -0.0679034 0)
(-0.0211203 -0.0504542 0)
(-0.0504365 -0.0441558 0)
(-0.134127 -0.0694423 0)
(-0.128469 -0.127902 0)
(-0.0957385 -0.0919668 0)
(-0.0874188 -0.0434304 0)
(-0.0449229 -0.0280539 0)
(-0.0732817 -0.0518487 0)
(-0.129822 0.00458364 0)
(-0.0972021 0.140745 0)
(-0.0257389 0.177507 0)
(0.1949 0.337202 0)
(0.0338368 0.261082 0)
(0.0220251 0.0598809 0)
(-0.116303 -0.0667134 0)
(-0.0843308 -0.0999135 0)
(-0.0306847 -0.0559944 0)
(0.0664664 -0.0641901 0)
(0.0198061 -0.0421585 0)
(0.0126238 -0.0541077 0)
(0.0231439 -0.0613864 0)
(-0.00174222 -0.0550528 0)
(-0.0217366 -0.0402345 0)
(-0.0400317 -0.0655955 0)
(-0.0540446 -0.0943992 0)
(-0.0580492 -0.0957962 0)
(-0.0546476 -0.109435 0)
(-0.0508721 -0.0986763 0)
(-0.0530952 -0.0828953 0)
(-0.0579792 -0.0631003 0)
(-0.0656785 -0.0414217 0)
(-0.00549709 -0.0407802 0)
(-0.10069 -0.0669532 0)
(-0.0961714 -0.128213 0)
(-0.0891549 -0.0934772 0)
(-0.0824486 -0.0459666 0)
(-0.0465601 -0.0289216 0)
(-0.0725122 -0.0470754 0)
(-0.125409 0.00870166 0)
(-0.108968 0.138517 0)
(-0.180789 0.148224 0)
(0.243036 0.323679 0)
(0.121112 0.283678 0)
(0.102298 0.0824475 0)
(-0.0491127 -0.0505025 0)
(-0.0362019 -0.112037 0)
(-0.00305255 -0.0811209 0)
(0.0660727 -0.0690979 0)
(0.038035 -0.0335654 0)
(0.0335628 -0.0557613 0)
(0.0278462 -0.0524037 0)
(0.00328212 -0.0447466 0)
(-0.0159018 -0.0289939 0)
(-0.034376 -0.0529563 0)
(-0.0575069 -0.077124 0)
(-0.0772665 -0.0928761 0)
(-0.0809066 -0.109021 0)
(-0.0862003 -0.094555 0)
(-0.095525 -0.0752849 0)
(-0.105949 -0.0516898 0)
(-0.11806 -0.0260071 0)
(0.0299738 -0.0368132 0)
(-0.0630474 -0.0637594 0)
(-0.0647134 -0.127195 0)
(-0.080352 -0.0938482 0)
(-0.0769971 -0.0481437 0)
(-0.0466791 -0.029629 0)
(-0.0701829 -0.0425346 0)
(-0.112545 0.0121909 0)
(-0.0849156 0.145267 0)
(-0.197731 0.0975603 0)
(0.40455 0.260175 0)
(0.289702 0.305255 0)
(0.20334 0.114906 0)
(0.0243736 -0.0278525 0)
(0.0116429 -0.11382 0)
(0.00808538 -0.0970401 0)
(0.0537267 -0.0707617 0)
(0.0341688 -0.0286665 0)
(0.0234677 -0.0539592 0)
(0.0171047 -0.0414566 0)
(-0.00477293 -0.031789 0)
(-0.0282315 -0.0139322 0)
(-0.0571677 -0.0365961 0)
(-0.0801994 -0.0593588 0)
(-0.0969953 -0.0862802 0)
(-0.108581 -0.0995632 0)
(-0.123142 -0.0801993 0)
(-0.140145 -0.0573429 0)
(-0.157156 -0.0302353 0)
(-0.173464 -0.00254422 0)
(0.0552378 -0.032822 0)
(-0.0262321 -0.0599686 0)
(-0.0360596 -0.124919 0)
(-0.0707729 -0.0929455 0)
(-0.0710781 -0.049856 0)
(-0.0461344 -0.0302371 0)
(-0.0671676 -0.038514 0)
(-0.0975881 0.0128741 0)
(-0.0461306 0.150228 0)
(-0.0549068 0.0453877 0)
(0.401865 0.174887 0)
(0.435911 0.326215 0)
(0.277539 0.1565 0)
(0.0882583 0.00343453 0)
(0.0553196 -0.104439 0)
(0.0135966 -0.10194 0)
(0.0387662 -0.0682846 0)
(0.0210654 -0.0233651 0)
(0.000639256 -0.0471281 0)
(-0.00611165 -0.0344265 0)
(-0.0151908 -0.0193396 0)
(-0.0311967 0.000356346 0)
(-0.0450209 -0.0173982 0)
(-0.0754768 -0.0299899 0)
(-0.105675 -0.0715687 0)
(-0.125444 -0.0768635 0)
(-0.149397 -0.0551338 0)
(-0.171213 -0.030773 0)
(-0.19033 -0.0036679 0)
(-0.205348 0.0211312 0)
(0.070086 -0.029341 0)
(0.0080615 -0.0560273 0)
(-0.0103734 -0.121066 0)
(-0.0611692 -0.0906618 0)
(-0.064776 -0.0510234 0)
(-0.0451091 -0.0307518 0)
(-0.0639292 -0.0350458 0)
(-0.084323 0.0113163 0)
(-0.0314788 0.13885 0)
(0.0588458 0.0226524 0)
(0.10131 0.112826 0)
(0.485013 0.367201 0)
(0.30862 0.208451 0)
(0.139906 0.0429633 0)
(0.0976287 -0.0845868 0)
(0.0211334 -0.096276 0)
(0.0295589 -0.0640767 0)
(0.00962163 -0.0163304 0)
(-0.00340488 -0.0410374 0)
(-0.000715895 -0.0316351 0)
(-0.0123108 -0.00878201 0)
(-0.0284849 0.0101356 0)
(-0.0467558 0.00124524 0)
(-0.0719131 -0.00490925 0)
(-0.102229 -0.0417576 0)
(-0.131433 -0.0459177 0)
(-0.154637 -0.0255228 0)
(-0.175768 -0.00251207 0)
(-0.19241 0.0208632 0)
(-0.204287 0.0404706 0)
(0.0765664 -0.0267045 0)
(0.0365322 -0.0523168 0)
(0.00931173 -0.11558 0)
(-0.0518558 -0.0871978 0)
(-0.0582775 -0.0515815 0)
(-0.043638 -0.0311517 0)
(-0.0605198 -0.0320745 0)
(-0.0727323 0.00964198 0)
(-0.0365552 0.117449 0)
(0.0971034 0.0282134 0)
(-0.109917 0.0412119 0)
(0.505498 0.358127 0)
(0.317506 0.250262 0)
(0.179782 0.0816326 0)
(0.135357 -0.0570613 0)
(0.0333589 -0.0799021 0)
(0.022091 -0.0608356 0)
(0.00419692 -0.00794085 0)
(-0.00667721 -0.0385549 0)
(-0.00307647 -0.0297676 0)
(-0.0108322 0.00201397 0)
(-0.0224255 0.0216373 0)
(-0.0289484 0.0257254 0)
(-0.0634842 0.0256278 0)
(-0.101859 -0.00996154 0)
(-0.117985 -0.0232012 0)
(-0.134608 0.000510588 0)
(-0.150587 0.022637 0)
(-0.163809 0.0419158 0)
(-0.173564 0.0559061 0)
(0.076954 -0.0251155 0)
(0.0569434 -0.0493081 0)
(0.0223645 -0.108657 0)
(-0.0435234 -0.082748 0)
(-0.051812 -0.0515057 0)
(-0.0417523 -0.031427 0)
(-0.0568332 -0.0295676 0)
(-0.0616815 0.00866189 0)
(-0.0433137 0.093578 0)
(0.135029 0.0417245 0)
(-0.0875213 -0.0361861 0)
(0.477698 0.301066 0)
(0.290179 0.285206 0)
(0.213433 0.117532 0)
(0.170358 -0.0237871 0)
(0.059294 -0.0533101 0)
(0.0139216 -0.0390466 0)
(-0.00873014 0.0022438 0)
(0.0069323 -0.0387844 0)
(-0.000384348 -0.0273097 0)
(-0.00553651 0.00876817 0)
(-0.00990362 0.0208036 0)
(0.000264149 0.0308684 0)
(-0.0161366 0.07028 0)
(-0.0502569 0.0295923 0)
(-0.0699571 0.000605966 0)
(-0.0904008 0.0248197 0)
(-0.104951 0.0452883 0)
(-0.116549 0.0609358 0)
(-0.124606 0.0698974 0)
(0.0735471 -0.0245064 0)
(0.0675357 -0.046729 0)
(0.0297089 -0.100644 0)
(-0.0365476 -0.0776419 0)
(-0.0455952 -0.0508515 0)
(-0.039504 -0.0315736 0)
(-0.0527901 -0.0275107 0)
(-0.0512411 0.00802347 0)
(-0.0419018 0.0659558 0)
(0.154891 0.0457008 0)
(-0.0191315 -0.100744 0)
(0.447973 0.240324 0)
(0.294757 0.322563 0)
(0.250348 0.146247 0)
(0.195501 0.0203589 0)
(0.0882857 -0.0177328 0)
(0.0353618 -0.0198549 0)
(0.0200001 -0.00890745 0)
(0.0392692 -0.0365603 0)
(0.0177792 -0.0223555 0)
(0.0100617 0.013818 0)
(0.00597591 0.023734 0)
(-0.00893598 0.0393633 0)
(-0.0198858 0.0902443 0)
(-0.0269086 0.0591034 0)
(-0.0357208 0.0238852 0)
(-0.0481096 0.0438587 0)
(-0.0554933 0.0638535 0)
(-0.0625597 0.0772813 0)
(-0.0683489 0.0840248 0)
(0.0687301 -0.0245105 0)
(0.0682944 -0.0446027 0)
(0.0316999 -0.0921981 0)
(-0.0309076 -0.0722023 0)
(-0.0397962 -0.0497307 0)
(-0.0369629 -0.0315841 0)
(-0.0484233 -0.0259167 0)
(-0.0423709 0.00660364 0)
(-0.0343269 0.0383386 0)
(0.136225 0.034737 0)
(0.0282701 -0.136707 0)
(0.323601 0.182038 0)
(0.321772 0.344686 0)
(0.21929 0.155599 0)
(0.193521 0.0657254 0)
(0.15181 0.0192782 0)
(0.104469 0.00879874 0)
(0.0698445 -0.00619681 0)
(0.0581298 -0.0313703 0)
(0.042585 -0.0146799 0)
(0.0315046 0.0185266 0)
(0.0268914 0.0357527 0)
(0.0129819 0.055956 0)
(0.0103557 0.0882019 0)
(0.008342 0.0677975 0)
(-0.00305199 0.0394231 0)
(-0.0124633 0.0570353 0)
(-0.0193089 0.0801199 0)
(-0.0244565 0.0881419 0)
(-0.0267703 0.094135 0)
(0.0638631 -0.0245859 0)
(0.0616135 -0.042655 0)
(0.0299147 -0.0839459 0)
(-0.0262822 -0.0668199 0)
(-0.0344983 -0.0482607 0)
(-0.0342135 -0.0314559 0)
(-0.0439557 -0.0247207 0)
(-0.0357518 0.00394564 0)
(-0.0276832 0.0166834 0)
(0.086592 0.019033 0)
(0.0234568 -0.133286 0)
(0.0398886 0.132531 0)
(0.317681 0.372444 0)
(0.118739 0.172562 0)
(0.178787 0.0666508 0)
(0.199864 0.0207806 0)
(0.171255 0.0399641 0)
(0.135085 0.026253 0)
(0.1058 -0.0080697 0)
(0.0745942 0.00359613 0)
(0.0576941 0.0295201 0)
(0.0500492 0.0467828 0)
(0.0450681 0.0637329 0)
(0.0453193 0.0900047 0)
(0.0279242 0.095739 0)
(0.0159654 0.0482539 0)
(0.0168313 0.0547266 0)
(0.0181835 0.0876938 0)
(0.012126 0.0972477 0)
(0.00593573 0.0972039 0)
(0.0589972 -0.024319 0)
(0.0517098 -0.0406305 0)
(0.0262574 -0.0762042 0)
(-0.0222796 -0.0617109 0)
(-0.0297083 -0.0465326 0)
(-0.0313288 -0.0311897 0)
(-0.039524 -0.023777 0)
(-0.0311344 0.000736417 0)
(-0.024212 0.00289623 0)
(0.0376067 0.0108062 0)
(0.00467594 -0.110469 0)
(-0.148373 0.0540147 0)
(0.28197 0.388053 0)
(0.0603709 0.185643 0)
(0.160282 0.0458627 0)
(0.155946 0.0215332 0)
(0.139927 0.0630478 0)
(0.12017 0.0431758 0)
(0.10065 0.0177064 0)
(0.0814944 0.0232418 0)
(0.0725545 0.039585 0)
(0.0698574 0.0545357 0)
(0.0676069 0.0659629 0)
(0.0686921 0.0912893 0)
(0.0681712 0.118953 0)
(0.0572901 0.0772731 0)
(0.0352375 0.067604 0)
(0.0287359 0.0877285 0)
(0.029364 0.114071 0)
(0.025502 0.110998 0)
(0.0538119 -0.0236034 0)
(0.0422827 -0.0384103 0)
(0.0222174 -0.0690877 0)
(-0.0187342 -0.0569723 0)
(-0.0254048 -0.0446161 0)
(-0.0283649 -0.0307874 0)
(-0.0352195 -0.0229563 0)
(-0.0279476 -0.00244444 0)
(-0.0224156 -0.00438872 0)
(0.00635412 0.00511874 0)
(0.00420031 -0.0773201 0)
(-0.158558 -0.0102151 0)
(0.181659 0.339603 0)
(0.0617589 0.180993 0)
(0.132517 0.0439756 0)
(0.0983197 0.0304103 0)
(0.0935625 0.0677713 0)
(0.0983713 0.0493818 0)
(0.0953588 0.0314166 0)
(0.0877007 0.0315349 0)
(0.0831604 0.0433169 0)
(0.0821748 0.0569398 0)
(0.0815488 0.068874 0)
(0.0818849 0.0876505 0)
(0.0854705 0.111104 0)
(0.0876672 0.109634 0)
(0.0810886 0.100819 0)
(0.0716044 0.0986211 0)
(0.0662613 0.121315 0)
(0.0640329 0.121531 0)
(0.0483031 -0.0225459 0)
(0.0347486 -0.0360454 0)
(0.0185986 -0.0626257 0)
(-0.0154833 -0.0526188 0)
(-0.021558 -0.0425728 0)
(-0.0253576 -0.0302508 0)
(-0.0310723 -0.0221715 0)
(-0.0253849 -0.00524466 0)
(-0.0213751 -0.00734783 0)
(-0.0101715 8.88948e-05 0)
(-0.00289136 -0.0478077 0)
(-0.129084 -0.0299772 0)
(0.0537417 0.268968 0)
(0.0714724 0.160661 0)
(0.1033 0.0514162 0)
(0.0803595 0.0445524 0)
(0.083378 0.057501 0)
(0.0934478 0.0456013 0)
(0.0952099 0.0353193 0)
(0.0928094 0.0357221 0)
(0.0914305 0.0451155 0)
(0.0917524 0.0577689 0)
(0.0918159 0.0702338 0)
(0.0908309 0.0844187 0)
(0.0912649 0.100561 0)
(0.0919078 0.108538 0)
(0.0887633 0.112384 0)
(0.082695 0.117445 0)
(0.076964 0.130733 0)
(0.0714522 0.137506 0)
(0.0426496 -0.0212933 0)
(0.0288097 -0.0336544 0)
(0.0155941 -0.0568116 0)
(-0.0125627 -0.0486669 0)
(-0.0181262 -0.0404574 0)
(-0.0223333 -0.0295867 0)
(-0.0271044 -0.0213961 0)
(-0.0230151 -0.00753559 0)
(-0.0204386 -0.00815333 0)
(-0.0181006 -0.00236499 0)
(-0.0129724 -0.0262137 0)
(-0.104728 -0.0235036 0)
(-0.0267535 0.205231 0)
(0.067271 0.124422 0)
(0.0780185 0.0571081 0)
(0.0746899 0.0479474 0)
(0.0819465 0.047282 0)
(0.0902587 0.0398167 0)
(0.0943531 0.0346435 0)
(0.0959702 0.0357761 0)
(0.0975275 0.0445589 0)
(0.0988326 0.057635 0)
(0.0986214 0.0716052 0)
(0.0963331 0.0865998 0)
(0.0935501 0.100828 0)
(0.090755 0.110378 0)
(0.0870222 0.117247 0)
(0.0827626 0.125684 0)
(0.0785044 0.13869 0)
(0.0731465 0.156828 0)
(0.0369771 -0.0199538 0)
(0.0238677 -0.0313382 0)
(0.0130786 -0.0515999 0)
(-0.00998687 -0.0451031 0)
(-0.0150624 -0.0383303 0)
(-0.0193109 -0.0288102 0)
(-0.0233086 -0.0206469 0)
(-0.0205711 -0.00924794 0)
(-0.0192239 -0.0079708 0)
(-0.0207329 -0.00259228 0)
(-0.0180942 -0.0103013 0)
(-0.0781187 -0.00755357 0)
(-0.0400294 0.144808 0)
(0.0554979 0.0867075 0)
(0.0592359 0.0539849 0)
(0.0684331 0.0436437 0)
(0.0779817 0.0376559 0)
(0.0867681 0.0320955 0)
(0.0934292 0.0296656 0)
(0.0984727 0.0318723 0)
(0.102401 0.0416357 0)
(0.104582 0.0595943 0)
(0.102904 0.0801226 0)
(0.0966311 0.101504 0)
(0.0863695 0.123274 0)
(0.0720874 0.140835 0)
(0.054911 0.152526 0)
(0.0373234 0.162437 0)
(0.0215675 0.174904 0)
(0.00693596 0.195921 0)
(0.031332 -0.0186036 0)
(0.0195578 -0.0291651 0)
(0.0108762 -0.0469764 0)
(-0.00776335 -0.0419264 0)
(-0.012315 -0.036255 0)
(-0.0163072 -0.0279542 0)
(-0.0196557 -0.0199575 0)
(-0.0179522 -0.0104099 0)
(-0.0173664 -0.00748835 0)
(-0.0197836 -0.00179865 0)
(-0.017348 -0.000385047 0)
(-0.0521545 0.00440934 0)
(-0.0249797 0.0959485 0)
(0.0423175 0.0576578 0)
(0.0467885 0.0434315 0)
(0.0610382 0.0339558 0)
(0.0720608 0.0263926 0)
(0.0825315 0.0207314 0)
(0.0920431 0.0187297 0)
(0.101035 0.0220798 0)
(0.108846 0.0331517 0)
(0.115358 0.0546466 0)
(0.119115 0.084569 0)
(0.117661 0.11706 0)
(0.11107 0.150961 0)
(0.100426 0.184681 0)
(0.0860592 0.211135 0)
(0.0685814 0.231327 0)
(0.0494912 0.248213 0)
(0.028864 0.259987 0)
(0.0257191 -0.0173057 0)
(0.0156676 -0.0271999 0)
(0.00886278 -0.0429479 0)
(-0.00587132 -0.0391391 0)
(-0.00982773 -0.0343041 0)
(-0.0133382 -0.0270682 0)
(-0.0161089 -0.0193687 0)
(-0.0151346 -0.0111282 0)
(-0.0149023 -0.00704261 0)
(-0.0167219 -0.0011407 0)
(-0.0140967 0.00431364 0)
(-0.0310655 0.00903077 0)
(-0.0103179 0.0606814 0)
(0.0312586 0.0373221 0)
(0.0383052 0.0300287 0)
(0.0525566 0.0211134 0)
(0.0643939 0.0124537 0)
(0.0761845 0.0050569 0)
(0.0878696 0.00123992 0)
(0.100125 0.00374837 0)
(0.113012 0.0152135 0)
(0.125147 0.0382848 0)
(0.135446 0.0739773 0)
(0.142271 0.116627 0)
(0.144308 0.160292 0)
(0.142282 0.202823 0)
(0.137576 0.24028 0)
(0.130624 0.270224 0)
(0.123034 0.291688 0)
(0.115899 0.305316 0)
(0.0201163 -0.0161209 0)
(0.0120484 -0.0255078 0)
(0.00695822 -0.0395402 0)
(-0.0042801 -0.0367664 0)
(-0.00753855 -0.0325598 0)
(-0.0104156 -0.0262089 0)
(-0.0126196 -0.0188884 0)
(-0.0121142 -0.0115158 0)
(-0.0119881 -0.00673637 0)
(-0.0129277 -0.000899324 0)
(-0.0102787 0.00525886 0)
(-0.0166125 0.00930452 0)
(-0.00231061 0.0360673 0)
(0.0225662 0.0225702 0)
(0.030706 0.0164978 0)
(0.0426688 0.00720572 0)
(0.0534955 -0.00319784 0)
(0.0650157 -0.0135504 0)
(0.0776 -0.0216203 0)
(0.0914428 -0.0234689 0)
(0.106632 -0.0141084 0)
(0.122178 0.0105006 0)
(0.13668 0.0511916 0)
(0.148171 0.103293 0)
(0.154787 0.160494 0)
(0.156177 0.218063 0)
(0.153422 0.27062 0)
(0.147632 0.31731 0)
(0.138774 0.352936 0)
(0.128352 0.368179 0)
(0.0144712 -0.0151171 0)
(0.00859966 -0.0241576 0)
(0.00508788 -0.036823 0)
(-0.0029428 -0.0348439 0)
(-0.00536792 -0.0310953 0)
(-0.00752018 -0.0254242 0)
(-0.00913246 -0.0184848 0)
(-0.00890489 -0.0117115 0)
(-0.00876337 -0.00664535 0)
(-0.00893663 -0.00112246 0)
(-0.00664072 0.00441695 0)
(-0.00791374 0.00748389 0)
(0.000895061 0.0200299 0)
(0.0150198 0.0119659 0)
(0.0216551 0.0052873 0)
(0.0295836 -0.00491597 0)
(0.0371353 -0.0177328 0)
(0.0458475 -0.0324479 0)
(0.0565265 -0.0468965 0)
(0.069253 -0.0562228 0)
(0.0845243 -0.053652 0)
(0.101545 -0.03326 0)
(0.119006 0.00685271 0)
(0.135046 0.0626468 0)
(0.147716 0.125388 0)
(0.156659 0.188334 0)
(0.16313 0.246168 0)
(0.16801 0.298438 0)
(0.170015 0.351424 0)
(0.165952 0.395112 0)
(0.00869781 -0.0143803 0)
(0.00524931 -0.0232118 0)
(0.00314349 -0.034834 0)
(-0.00176561 -0.033366 0)
(-0.00321208 -0.0299553 0)
(-0.00458198 -0.0247424 0)
(-0.00556973 -0.0181393 0)
(-0.00551446 -0.0117806 0)
(-0.00539276 -0.00665746 0)
(-0.00525203 -0.00152692 0)
(-0.00366608 0.00302115 0)
(-0.00324905 0.00522524 0)
(0.00136759 0.0105452 0)
(0.00810093 0.00522426 0)
(0.0113147 -0.0014638 0)
(0.0139709 -0.0113231 0)
(0.015475 -0.0245483 0)
(0.0164879 -0.0414508 0)
(0.017806 -0.0605147 0)
(0.0205447 -0.0767791 0)
(0.0271678 -0.0817433 0)
(0.03983 -0.0674252 0)
(0.0587896 -0.0295949 0)
(0.0814483 0.0302095 0)
(0.102095 0.1044 0)
(0.118044 0.171597 0)
(0.129526 0.231157 0)
(0.137348 0.292668 0)
(0.143314 0.359418 0)
(0.148852 0.425785 0)
(0.00274228 -0.0139624 0)
(0.00186694 -0.0225778 0)
(0.00102007 -0.0334939 0)
(-0.000560282 -0.0326273 0)
(-0.00101568 -0.0294249 0)
(-0.00152124 -0.0244463 0)
(-0.00186118 -0.0180758 0)
(-0.00188977 -0.0119397 0)
(-0.00184333 -0.00679342 0)
(-0.00175447 -0.00190439 0)
(-0.00123831 0.00208866 0)
(-0.00101172 0.00396939 0)
(0.000322837 0.00667321 0)
(0.00207654 0.00292069 0)
(0.00281383 -0.00280816 0)
(0.00333034 -0.0114622 0)
(0.00370756 -0.0234535 0)
(0.00384481 -0.0390099 0)
(0.00353572 -0.0577994 0)
(0.00313144 -0.0790519 0)
(0.00419161 -0.100274 0)
(0.00918306 -0.115313 0)
(0.0196078 -0.114757 0)
(0.0351508 -0.0861277 0)
(0.0555086 -0.00868838 0)
(0.0667449 0.0990728 0)
(0.0712284 0.189187 0)
(0.0725084 0.263528 0)
(0.0738289 0.32478 0)
(0.0760772 0.372227 0)
(0.00498678 -0.0423522 0)
(0.0256444 -0.0457187 0)
(0.0228922 -0.0496577 0)
(0.0318415 -0.0387941 0)
(0.0247776 -0.0443955 0)
(0.0398115 -0.0484983 0)
(0.0424445 -0.0583711 0)
(-0.0816241 -0.0542475 0)
(0.0152705 -0.01775 0)
(0.0546208 -0.00178586 0)
(0.150917 -0.00802307 0)
(0.182253 -0.0191484 0)
(0.175246 -0.0116416 0)
(0.173812 -0.0105655 0)
(0.16303 0.0102593 0)
(0.194216 -0.00678684 0)
(0.252786 -0.0283531 0)
(0.341952 0.0103934 0)
(0.033681 0.0368188 0)
(0.0441386 0.0738108 0)
(-0.216148 0.142116 0)
(-0.421108 0.229507 0)
(-0.24877 0.0667535 0)
(-0.445551 -0.0717545 0)
(-0.53136 -0.0718646 0)
(-0.665636 -0.0926121 0)
(-0.0729171 -0.0538887 0)
(0.189814 -0.0283188 0)
(0.0191183 -0.00445659 0)
(0.134549 0.0276336 0)
(0.00279674 -0.0573483 0)
(0.0264444 -0.0532398 0)
(0.0170182 -0.0486541 0)
(0.039588 -0.0462741 0)
(0.0435299 -0.0434667 0)
(0.0227898 -0.0372406 0)
(0.0498919 -0.0368579 0)
(-0.0585872 -0.0461285 0)
(-0.0229923 -0.0424676 0)
(0.0611505 -0.0285608 0)
(0.152212 -0.0214022 0)
(0.187914 -0.0260148 0)
(0.192669 -0.0134144 0)
(0.195815 -0.00908674 0)
(0.188427 0.00585442 0)
(0.194815 -0.0133768 0)
(0.252914 -0.0329101 0)
(0.391534 0.036836 0)
(-0.0263935 0.0520311 0)
(-0.0202281 0.0850121 0)
(-0.262 0.16067 0)
(-0.435798 0.231797 0)
(-0.171626 0.0636171 0)
(-0.35549 -0.0613594 0)
(-0.445845 -0.0710051 0)
(-0.811773 -0.0974669 0)
(-0.408155 -0.0748108 0)
(0.294655 -0.0338356 0)
(-0.0163781 -0.0041758 0)
(0.240136 0.0235892 0)
(0.0055393 -0.0529147 0)
(0.0267908 -0.0522451 0)
(-0.00494251 -0.0570004 0)
(0.0976493 -0.0557113 0)
(0.0194569 -0.0401464 0)
(0.0179044 -0.0462931 0)
(0.0598428 -0.0290967 0)
(0.0838911 -0.022797 0)
(-0.0124204 -0.0773004 0)
(0.0552047 -0.0639598 0)
(0.148003 -0.036675 0)
(0.181782 -0.0355168 0)
(0.212642 -0.0138619 0)
(0.216886 -0.00938593 0)
(0.202599 0.0074517 0)
(0.201976 -0.0149225 0)
(0.163721 -0.0601157 0)
(0.260571 0.0469796 0)
(-0.103657 0.0733716 0)
(-0.0889103 0.0965363 0)
(-0.2976 0.177909 0)
(-0.425934 0.22784 0)
(-0.0937747 0.056314 0)
(-0.259426 -0.0502418 0)
(-0.325625 -0.0587475 0)
(-0.776436 -0.0821395 0)
(-0.678835 -0.10107 0)
(0.220981 -0.0550292 0)
(-0.0758739 0.00101758 0)
(0.345766 0.0175068 0)
(0.0313482 -0.0648022 0)
(0.040021 -0.0594332 0)
(0.0277417 -0.0768213 0)
(0.0362855 -0.0535444 0)
(0.0185087 -0.0212815 0)
(0.0159722 -0.0444278 0)
(0.027362 -0.059091 0)
(0.0163895 -0.0143438 0)
(0.00515203 -0.0344033 0)
(0.0639278 -0.0634524 0)
(0.139364 -0.0452994 0)
(0.175994 -0.0353681 0)
(0.210981 -0.0146301 0)
(0.22869 -0.00826181 0)
(0.202231 0.0120116 0)
(0.298377 -0.0428538 0)
(0.164684 -0.0398105 0)
(0.162204 0.0631837 0)
(-0.191451 0.0964549 0)
(-0.1577 0.106599 0)
(-0.320155 0.19182 0)
(-0.389119 0.218428 0)
(-0.0271512 0.045488 0)
(-0.16721 -0.041034 0)
(-0.17347 -0.0495271 0)
(-0.407526 -0.0613504 0)
(-1.09101 -0.143501 0)
(-0.635872 -0.0732421 0)
(-0.10271 -0.00841936 0)
(0.498117 0.00467959 0)
(0.0433321 -0.0630975 0)
(0.039989 -0.0593938 0)
(0.0269354 -0.0629497 0)
(0.0109952 -0.046438 0)
(9.0479e-05 -0.0173124 0)
(-0.00780245 -0.0412201 0)
(-0.0298964 -0.0519253 0)
(-0.0170604 -0.020304 0)
(0.0131643 -0.0604329 0)
(0.0409444 -0.103269 0)
(0.0888823 -0.0741661 0)
(0.12849 -0.0531408 0)
(0.169052 -0.0289176 0)
(0.243968 -0.00935167 0)
(0.225286 0.0017229 0)
(0.332919 -0.0193554 0)
(0.147096 -0.0152394 0)
(0.0798848 0.0877458 0)
(-0.275608 0.119738 0)
(-0.219145 0.112973 0)
(-0.324898 0.200498 0)
(-0.328395 0.204573 0)
(0.0209441 0.0323179 0)
(-0.0895518 -0.0345512 0)
(-0.0682435 -0.0449812 0)
(-0.199908 -0.0246682 0)
(-0.92541 -0.0697082 0)
(-0.356981 -0.0552372 0)
(-0.0589396 -0.0400912 0)
(0.608938 -0.0103892 0)
(0.0442003 -0.0560791 0)
(0.0365479 -0.050519 0)
(0.021345 -0.0463401 0)
(-0.000762384 -0.0345218 0)
(-0.0148024 -0.0186757 0)
(-0.0266307 -0.0329912 0)
(-0.0472738 -0.0399754 0)
(-0.0360173 -0.0359204 0)
(-0.00701312 -0.0743826 0)
(-0.00530175 -0.101975 0)
(0.0216201 -0.0786913 0)
(0.0715773 -0.0634792 0)
(0.113536 -0.0484176 0)
(0.218989 -0.0219787 0)
(0.221743 -0.00727286 0)
(0.311047 -0.0152985 0)
(0.110475 0.0135138 0)
(0.00280887 0.119115 0)
(-0.351888 0.143069 0)
(-0.248756 0.113312 0)
(-0.299012 0.202492 0)
(-0.254827 0.18778 0)
(0.0495133 0.0183448 0)
(-0.0298553 -0.030148 0)
(-0.00467086 -0.0452222 0)
(-0.00453465 -0.0135343 0)
(-0.150341 -0.115815 0)
(0.0199463 -0.15686 0)
(-0.0426512 -0.0498968 0)
(0.594929 -0.0186836 0)
(0.0321706 -0.0504276 0)
(0.0233904 -0.040572 0)
(0.00783128 -0.0304956 0)
(-0.0144174 -0.0187271 0)
(-0.0321445 -0.00946468 0)
(-0.0496564 -0.0216386 0)
(-0.0654799 -0.0347333 0)
(-0.0554712 -0.0470734 0)
(-0.0403179 -0.0786424 0)
(-0.0372957 -0.104437 0)
(-0.0226949 -0.0913646 0)
(0.0280098 -0.0789331 0)
(0.06239 -0.0715613 0)
(0.170477 -0.0402389 0)
(0.186618 -0.018022 0)
(0.255891 -0.00485597 0)
(0.0578763 0.0472242 0)
(-0.0699125 0.154916 0)
(-0.413007 0.163586 0)
(-0.214947 0.104393 0)
(-0.229651 0.198563 0)
(-0.179963 0.171132 0)
(0.062314 0.00500975 0)
(0.0121515 -0.026921 0)
(0.0266428 -0.0479215 0)
(0.0615884 -0.014508 0)
(0.074212 -0.0897215 0)
(0.19612 -0.114531 0)
(0.0830198 -0.0919008 0)
(0.398267 -0.0579287 0)
(0.00748295 -0.0429427 0)
(-0.00258704 -0.0286403 0)
(-0.0182951 -0.0139071 0)
(-0.0391002 -0.00138327 0)
(-0.0581937 0.00338264 0)
(-0.0782029 -0.00987059 0)
(-0.0923619 -0.030403 0)
(-0.0882356 -0.0531026 0)
(-0.0795143 -0.0834787 0)
(-0.0650317 -0.107185 0)
(-0.05652 -0.102992 0)
(-0.00943 -0.0947716 0)
(0.0138853 -0.0928523 0)
(0.107258 -0.0595342 0)
(0.127156 -0.0283994 0)
(0.182058 0.0082439 0)
(-0.00485956 0.0844549 0)
(-0.134843 0.193782 0)
(-0.451347 0.176046 0)
(-0.107139 0.0832026 0)
(-0.135844 0.193054 0)
(-0.107088 0.158104 0)
(0.0655316 -0.00640451 0)
(0.0389981 -0.0242792 0)
(0.0396647 -0.0506794 0)
(0.0753494 -0.0181968 0)
(0.105325 -0.0984981 0)
(0.184716 -0.122212 0)
(0.148893 -0.0695991 0)
(0.220388 -0.0476937 0)
(-0.0288012 -0.0330178 0)
(-0.0407457 -0.01433 0)
(-0.0570947 0.0038272 0)
(-0.0765961 0.0167635 0)
(-0.0954869 0.0181808 0)
(-0.114657 0.00185017 0)
(-0.125195 -0.0259892 0)
(-0.121181 -0.0590333 0)
(-0.108734 -0.0917128 0)
(-0.0927028 -0.111988 0)
(-0.088925 -0.112629 0)
(-0.0526943 -0.108716 0)
(-0.0390283 -0.109384 0)
(0.033605 -0.0768466 0)
(0.0534853 -0.0378114 0)
(0.0956408 0.0232061 0)
(-0.0725752 0.12309 0)
(-0.1897 0.230254 0)
(-0.471556 0.17494 0)
(0.0213091 0.0492984 0)
(-0.0632838 0.191644 0)
(-0.0370751 0.149565 0)
(0.0649016 -0.0149778 0)
(0.0540258 -0.0220436 0)
(0.0439129 -0.0527002 0)
(0.074928 -0.0217719 0)
(0.104747 -0.101212 0)
(0.150261 -0.121103 0)
(0.160202 -0.0713259 0)
(0.114265 -0.0463247 0)
(-0.0760897 -0.0191469 0)
(-0.0898475 0.00312573 0)
(-0.106314 0.0228792 0)
(-0.123348 0.0348776 0)
(-0.138844 0.0327125 0)
(-0.151807 0.0116444 0)
(-0.153496 -0.0252713 0)
(-0.1443 -0.0678755 0)
(-0.13147 -0.099876 0)
(-0.124577 -0.114306 0)
(-0.125249 -0.118543 0)
(-0.104115 -0.11885 0)
(-0.0973063 -0.12136 0)
(-0.0474292 -0.0916193 0)
(-0.0282509 -0.045631 0)
(0.00471587 0.0386209 0)
(-0.13847 0.160107 0)
(-0.230275 0.265735 0)
(-0.479989 0.155052 0)
(0.086609 0.0069535 0)
(-0.0449213 0.196166 0)
(0.0266115 0.143286 0)
(0.0630858 -0.0200028 0)
(0.0608366 -0.0201418 0)
(0.0446222 -0.0539134 0)
(0.0713577 -0.0252634 0)
(0.0996882 -0.103515 0)
(0.115942 -0.123507 0)
(0.139593 -0.0698159 0)
(0.0503627 -0.0438195 0)
(-0.131528 1.24784e-05 0)
(-0.14653 0.0239069 0)
(-0.161552 0.0423497 0)
(-0.173874 0.0504606 0)
(-0.18141 0.0421862 0)
(-0.182134 0.0133714 0)
(-0.173214 -0.0320449 0)
(-0.161822 -0.0776263 0)
(-0.154924 -0.10335 0)
(-0.156918 -0.112545 0)
(-0.161604 -0.12021 0)
(-0.156703 -0.124394 0)
(-0.157994 -0.128951 0)
(-0.132098 -0.103212 0)
(-0.116082 -0.0514157 0)
(-0.0905278 0.053353 0)
(-0.201317 0.192839 0)
(-0.272568 0.291703 0)
(-0.471104 0.120278 0)
(0.0707136 -0.0364228 0)
(-0.0767362 0.201752 0)
(0.0781747 0.134754 0)
(0.060232 -0.0214657 0)
(0.0626986 -0.0184553 0)
(0.0440681 -0.0544938 0)
(0.0669564 -0.028676 0)
(0.0912032 -0.104441 0)
(0.0832025 -0.124261 0)
(0.106136 -0.0675838 0)
(0.00510724 -0.0403651 0)
(-0.187384 0.0232512 0)
(-0.199398 0.0445142 0)
(-0.209062 0.0575629 0)
(-0.213522 0.0575711 0)
(-0.210037 0.0402003 0)
(-0.198461 0.00378896 0)
(-0.183251 -0.0437973 0)
(-0.174317 -0.0838584 0)
(-0.174491 -0.101567 0)
(-0.181336 -0.107958 0)
(-0.191903 -0.116279 0)
(-0.204183 -0.123155 0)
(-0.218401 -0.13001 0)
(-0.217282 -0.109832 0)
(-0.208738 -0.0545888 0)
(-0.183679 0.0652994 0)
(-0.245109 0.219663 0)
(-0.28212 0.315871 0)
(-0.445896 0.0846926 0)
(0.019827 -0.0758837 0)
(-0.127612 0.199813 0)
(0.109798 0.120859 0)
(0.0554696 -0.0199752 0)
(0.0618924 -0.0169554 0)
(0.0429832 -0.0545818 0)
(0.0620443 -0.0318835 0)
(0.0810885 -0.104126 0)
(0.0518105 -0.123777 0)
(0.0682477 -0.0646963 0)
(-0.0310371 -0.0362616 0)
(-0.216614 0.0417435 0)
(-0.22461 0.0567038 0)
(-0.228259 0.0626904 0)
(-0.225947 0.0534452 0)
(-0.216281 0.0276165 0)
(-0.200843 -0.0126278 0)
(-0.186874 -0.0556386 0)
(-0.182097 -0.085903 0)
(-0.185251 -0.0966988 0)
(-0.194746 -0.0999682 0)
(-0.213469 -0.104756 0)
(-0.240991 -0.112542 0)
(-0.272927 -0.122144 0)
(-0.296947 -0.109284 0)
(-0.301347 -0.0562327 0)
(-0.270193 0.0703629 0)
(-0.281031 0.236068 0)
(-0.288593 0.337042 0)
(-0.410412 0.0414542 0)
(-0.0357034 -0.109154 0)
(-0.170083 0.186768 0)
(0.118483 0.101483 0)
(0.0487179 -0.0167623 0)
(0.0596241 -0.0157356 0)
(0.0415326 -0.0542571 0)
(0.0566498 -0.0347635 0)
(0.0705797 -0.102462 0)
(0.023606 -0.122051 0)
(0.0309267 -0.0612536 0)
(-0.0569422 -0.0320934 0)
(-0.213221 0.0555026 0)
(-0.219499 0.0621044 0)
(-0.220309 0.0582599 0)
(-0.213859 0.0408632 0)
(-0.20194 0.0114342 0)
(-0.189261 -0.0267631 0)
(-0.181276 -0.0628851 0)
(-0.180197 -0.0850469 0)
(-0.184547 -0.0902886 0)
(-0.196292 -0.0875388 0)
(-0.220393 -0.0860068 0)
(-0.258494 -0.091872 0)
(-0.308137 -0.102798 0)
(-0.357707 -0.0995273 0)
(-0.380917 -0.0572762 0)
(-0.339635 0.0633661 0)
(-0.284373 0.232823 0)
(-0.282349 0.328918 0)
(-0.280406 0.0104496 0)
(-0.0907919 -0.123989 0)
(-0.184106 0.165679 0)
(0.108838 0.0786623 0)
(0.0410563 -0.0131846 0)
(0.0563996 -0.0149442 0)
(0.0397461 -0.0535687 0)
(0.0508823 -0.0372275 0)
(0.0601777 -0.0994148 0)
(-0.00144185 -0.118721 0)
(-0.004356 -0.0576374 0)
(-0.0727428 -0.0284083 0)
(-0.179659 0.0647113 0)
(-0.182667 0.0646619 0)
(-0.1827 0.0533275 0)
(-0.179462 0.0306106 0)
(-0.173636 9.62792e-05 0)
(-0.168103 -0.0343072 0)
(-0.165948 -0.0652315 0)
(-0.167696 -0.082507 0)
(-0.173248 -0.0830239 0)
(-0.185239 -0.0732527 0)
(-0.208214 -0.0636245 0)
(-0.247045 -0.063146 0)
(-0.304839 -0.0724134 0)
(-0.375239 -0.078956 0)
(-0.426536 -0.057244 0)
(-0.395802 0.0409851 0)
(-0.263127 0.214849 0)
(-0.188752 0.349904 0)
(-0.0425627 0.00110336 0)
(-0.0937151 -0.112424 0)
(-0.159375 0.135766 0)
(0.0901297 0.0564434 0)
(0.0338585 -0.0103686 0)
(0.0524607 -0.0146555 0)
(0.0376428 -0.0525587 0)
(0.0449625 -0.0392052 0)
(0.0502612 -0.0952501 0)
(-0.0201922 -0.113765 0)
(-0.0338524 -0.0541862 0)
(-0.0797665 -0.0255949 0)
(-0.130025 0.0721659 0)
(-0.133812 0.0674183 0)
(-0.136294 0.053332 0)
(-0.137651 0.0291698 0)
(-0.13825 -0.00188132 0)
(-0.138984 -0.0346266 0)
(-0.141568 -0.0626381 0)
(-0.14686 -0.077384 0)
(-0.154769 -0.0751703 0)
(-0.166052 -0.0607172 0)
(-0.182865 -0.044171 0)
(-0.210243 -0.0344599 0)
(-0.255371 -0.0349719 0)
(-0.323917 -0.0437723 0)
(-0.399709 -0.0459257 0)
(-0.417557 0.00727663 0)
(-0.290436 0.146402 0)
(-0.111649 0.302826 0)
(0.09134 -0.0155148 0)
(-0.075102 -0.0872076 0)
(-0.112393 0.109829 0)
(0.0713696 0.0382833 0)
(0.0278738 -0.0088575 0)
(0.0480194 -0.0148393 0)
(0.035252 -0.0512762 0)
(0.0391533 -0.0406686 0)
(0.0415159 -0.0901323 0)
(-0.0322864 -0.107329 0)
(-0.0556868 -0.0513998 0)
(-0.0804413 -0.0238514 0)
(-0.073277 0.0832589 0)
(-0.0780599 0.0769313 0)
(-0.0835507 0.062074 0)
(-0.0893051 0.0368919 0)
(-0.0949906 0.00530445 0)
(-0.101565 -0.0266759 0)
(-0.110298 -0.053054 0)
(-0.120979 -0.0674861 0)
(-0.132777 -0.0655127 0)
(-0.144724 -0.0505422 0)
(-0.156413 -0.0316039 0)
(-0.170505 -0.0158599 0)
(-0.192607 -0.00616538 0)
(-0.232418 -0.00580429 0)
(-0.292759 -0.0135082 0)
(-0.343426 3.09461e-05 0)
(-0.293653 0.0725712 0)
(-0.0750012 0.17671 0)
(0.0706078 -0.0196114 0)
(-0.0702155 -0.0587256 0)
(-0.0719772 0.0887761 0)
(0.056151 0.0249171 0)
(0.0230672 -0.00854713 0)
(0.0432703 -0.0154086 0)
(0.0326148 -0.0497821 0)
(0.0336876 -0.0416442 0)
(0.0341943 -0.0844802 0)
(-0.038784 -0.0997437 0)
(-0.0676946 -0.0489736 0)
(-0.0769375 -0.0231494 0)
(-0.0291991 0.0941701 0)
(-0.0330516 0.08929 0)
(-0.0384631 0.0762765 0)
(-0.0458256 0.0521558 0)
(-0.055093 0.0201733 0)
(-0.0663074 -0.011124 0)
(-0.0799463 -0.0366857 0)
(-0.0949895 -0.0518864 0)
(-0.110477 -0.0522049 0)
(-0.124261 -0.0404383 0)
(-0.134021 -0.0239578 0)
(-0.140342 -0.00808286 0)
(-0.146563 0.00534219 0)
(-0.158376 0.0136204 0)
(-0.182277 0.0126482 0)
(-0.214524 0.0109296 0)
(-0.213721 0.0365078 0)
(-0.045013 0.101835 0)
(0.0276688 -0.0159891 0)
(-0.0599795 -0.038336 0)
(-0.0476843 0.0694691 0)
(0.0438893 0.0150821 0)
(0.0191302 -0.00913397 0)
(0.0383692 -0.0162733 0)
(0.029783 -0.0481491 0)
(0.0287197 -0.042194 0)
(0.0282415 -0.0786427 0)
(-0.0399178 -0.0916202 0)
(-0.0695824 -0.0469363 0)
(-0.0717908 -0.0231618 0)
(0.00304957 0.0993849 0)
(0.000661445 0.0968883 0)
(-0.00309648 0.0890225 0)
(-0.0107789 0.0710063 0)
(-0.0224635 0.0432476 0)
(-0.0372483 0.0131866 0)
(-0.0542101 -0.0136936 0)
(-0.0724581 -0.0306691 0)
(-0.090903 -0.0346369 0)
(-0.10673 -0.0283371 0)
(-0.116685 -0.0173981 0)
(-0.120711 -0.0055004 0)
(-0.120724 0.00597052 0)
(-0.118613 0.0157778 0)
(-0.118152 0.0197042 0)
(-0.122552 0.0175182 0)
(-0.125916 0.0181741 0)
(-0.0354375 0.0620116 0)
(0.00354049 -0.00968672 0)
(-0.0497104 -0.0268839 0)
(-0.0337988 0.0523902 0)
(0.0335489 0.007433 0)
(0.0158301 -0.010392 0)
(0.0334459 -0.0173595 0)
(0.0268139 -0.0464556 0)
(0.0242921 -0.0423935 0)
(0.0233005 -0.0730399 0)
(-0.0373764 -0.0836087 0)
(-0.0635486 -0.0450631 0)
(-0.0666447 -0.0233331 0)
(0.0230997 0.10419 0)
(0.0222295 0.0991841 0)
(0.0160541 0.103532 0)
(0.00693836 0.0858933 0)
(-0.00191939 0.064405 0)
(-0.0159563 0.0405821 0)
(-0.0348725 0.0151574 0)
(-0.0559691 -0.00378027 0)
(-0.0770222 -0.0126856 0)
(-0.0945418 -0.0133612 0)
(-0.105037 -0.00973902 0)
(-0.109014 -0.00363403 0)
(-0.10812 0.00362818 0)
(-0.102461 0.010647 0)
(-0.0934497 0.0149892 0)
(-0.0841843 0.0146922 0)
(-0.0803022 0.0103943 0)
(-0.0391631 0.0356518 0)
(-0.0114188 -0.00491096 0)
(-0.0415585 -0.0202438 0)
(-0.0253212 0.0373299 0)
(0.0246815 0.00124794 0)
(0.0130062 -0.0121647 0)
(0.0286154 -0.0186102 0)
(0.0237666 -0.0447726 0)
(0.0203633 -0.0423063 0)
(0.0190114 -0.067841 0)
(-0.0330715 -0.0760694 0)
(-0.0538312 -0.0430811 0)
(-0.0616515 -0.0232005 0)
(0.0592396 0.119838 0)
(0.046149 0.1245 0)
(0.0322774 0.125664 0)
(0.0236098 0.109264 0)
(0.0107069 0.0935974 0)
(-0.0065783 0.0746878 0)
(-0.0275222 0.0506897 0)
(-0.0501563 0.0286027 0)
(-0.0719885 0.0134704 0)
(-0.089474 0.00423452 0)
(-0.0998654 -0.000852859 0)
(-0.103842 -0.00133255 0)
(-0.102875 0.0010339 0)
(-0.0970066 0.0042442 0)
(-0.086851 0.00691624 0)
(-0.0746596 0.00739322 0)
(-0.0650383 0.00486959 0)
(-0.0424185 0.0169127 0)
(-0.021559 -0.00388641 0)
(-0.0356177 -0.0166858 0)
(-0.0200809 0.02403 0)
(0.0170837 -0.00388925 0)
(0.0105357 -0.01433 0)
(0.0239831 -0.0199858 0)
(0.0206991 -0.0431623 0)
(0.0168881 -0.0419804 0)
(0.0152236 -0.0630794 0)
(-0.0284975 -0.0691711 0)
(-0.044357 -0.0408703 0)
(-0.0563867 -0.0226209 0)
(0.0646002 0.148197 0)
(0.0507136 0.172168 0)
(0.0322003 0.156479 0)
(0.0155507 0.138354 0)
(0.000380007 0.125084 0)
(-0.0148401 0.108955 0)
(-0.0330066 0.086762 0)
(-0.0545937 0.0626034 0)
(-0.0763332 0.0416421 0)
(-0.0929811 0.0231409 0)
(-0.102082 0.0085088 0)
(-0.104874 0.000732022 0)
(-0.102567 -0.00207668 0)
(-0.0960079 -0.00254594 0)
(-0.0855404 -0.00186518 0)
(-0.0734085 -0.0013788 0)
(-0.0611767 -0.00197874 0)
(-0.0441463 0.00282502 0)
(-0.0278953 -0.00643027 0)
(-0.031483 -0.0154687 0)
(-0.0170293 0.0122041 0)
(0.0106843 -0.00829549 0)
(0.00833228 -0.0167699 0)
(0.0196466 -0.021459 0)
(0.017669 -0.0416757 0)
(0.0138204 -0.0414696 0)
(0.0117992 -0.0587462 0)
(-0.0244065 -0.0629533 0)
(-0.0367474 -0.0384912 0)
(-0.0507506 -0.0216966 0)
(0.0659711 0.191679 0)
(0.0523991 0.235468 0)
(0.0336692 0.218021 0)
(0.0150541 0.194582 0)
(-0.00405919 0.170488 0)
(-0.0222292 0.149797 0)
(-0.0415986 0.127929 0)
(-0.0628926 0.104055 0)
(-0.0854487 0.0741344 0)
(-0.102517 0.0429418 0)
(-0.110932 0.0173981 0)
(-0.111571 0.00103367 0)
(-0.106308 -0.0072863 0)
(-0.0979554 -0.0109003 0)
(-0.0861162 -0.012148 0)
(-0.0736006 -0.0115299 0)
(-0.0599498 -0.0109261 0)
(-0.0448375 -0.00821038 0)
(-0.0314643 -0.011543 0)
(-0.0283427 -0.0162104 0)
(-0.0152694 0.00161134 0)
(0.00553706 -0.0122373 0)
(0.00634521 -0.0193476 0)
(0.0156894 -0.0230152 0)
(0.0147356 -0.0403517 0)
(0.0111265 -0.0408165 0)
(0.00881142 -0.0548403 0)
(-0.0209287 -0.057419 0)
(-0.0307496 -0.0360745 0)
(-0.0449137 -0.0205832 0)
(-0.00148004 0.233419 0)
(-0.000311503 0.261016 0)
(-0.00235479 0.259416 0)
(-0.0144309 0.239727 0)
(-0.0263298 0.211199 0)
(-0.0399022 0.186181 0)
(-0.0583477 0.156715 0)
(-0.0815502 0.129876 0)
(-0.10325 0.0986494 0)
(-0.11814 0.0601156 0)
(-0.125227 0.0234561 0)
(-0.123072 -0.00341942 0)
(-0.113482 -0.0170591 0)
(-0.101582 -0.0227407 0)
(-0.0873372 -0.0248765 0)
(-0.0732726 -0.0230914 0)
(-0.0587487 -0.0211091 0)
(-0.0445754 -0.0182806 0)
(-0.0326327 -0.0180849 0)
(-0.0255179 -0.0186667 0)
(-0.0141181 -0.00777371 0)
(0.00165855 -0.0158997 0)
(0.00455104 -0.0219202 0)
(0.0121697 -0.0246368 0)
(0.0119613 -0.0392123 0)
(0.00877268 -0.0400739 0)
(0.00627791 -0.0513402 0)
(-0.0179055 -0.0525171 0)
(-0.0257315 -0.0337182 0)
(-0.0390219 -0.0193931 0)
(0.0123893 0.272384 0)
(0.00371823 0.255881 0)
(0.00390307 0.253483 0)
(0.006224 0.25279 0)
(-0.00263912 0.242102 0)
(-0.0226067 0.235281 0)
(-0.0485398 0.230772 0)
(-0.0768512 0.2077 0)
(-0.102239 0.15499 0)
(-0.123313 0.0914339 0)
(-0.135154 0.0346679 0)
(-0.13352 -0.0110349 0)
(-0.1213 -0.0336516 0)
(-0.104963 -0.0404889 0)
(-0.0878036 -0.0413483 0)
(-0.0711916 -0.0372514 0)
(-0.0562035 -0.0328383 0)
(-0.0426175 -0.0282297 0)
(-0.0316224 -0.0251813 0)
(-0.0228942 -0.0225128 0)
(-0.0132665 -0.0158481 0)
(-0.00102172 -0.0194236 0)
(0.00296348 -0.0243742 0)
(0.00912169 -0.0262786 0)
(0.00940812 -0.038268 0)
(0.00674131 -0.0392946 0)
(0.00422416 -0.0482386 0)
(-0.0151465 -0.048234 0)
(-0.0213025 -0.0314934 0)
(-0.0331335 -0.0182003 0)
(0.108668 0.310234 0)
(0.101931 0.279926 0)
(0.090824 0.265604 0)
(0.0722886 0.303109 0)
(0.0373286 0.31727 0)
(-0.00378109 0.303168 0)
(-0.0410135 0.270323 0)
(-0.0725619 0.220948 0)
(-0.104028 0.166599 0)
(-0.130444 0.107121 0)
(-0.143151 0.0366238 0)
(-0.141779 -0.0281188 0)
(-0.127298 -0.0622283 0)
(-0.105301 -0.0681198 0)
(-0.0847013 -0.0630154 0)
(-0.0659332 -0.0538692 0)
(-0.051258 -0.045253 0)
(-0.0387704 -0.0377057 0)
(-0.0288394 -0.0319414 0)
(-0.0200792 -0.0272471 0)
(-0.0121477 -0.0226426 0)
(-0.00250734 -0.0228558 0)
(0.00166196 -0.026684 0)
(0.00655743 -0.0278661 0)
(0.00712649 -0.0375225 0)
(0.00501505 -0.0385359 0)
(0.00264576 -0.0455296 0)
(-0.0125194 -0.0445589 0)
(-0.01724 -0.0294727 0)
(-0.027255 -0.0170617 0)
(0.117366 0.369809 0)
(0.104313 0.354615 0)
(0.0893389 0.343671 0)
(0.0808895 0.389166 0)
(0.0737716 0.43232 0)
(0.0567658 0.428693 0)
(0.0282185 0.391307 0)
(-0.0108696 0.346233 0)
(-0.0531217 0.2852 0)
(-0.0846555 0.181708 0)
(-0.104339 0.064842 0)
(-0.112056 -0.0309771 0)
(-0.106747 -0.092491 0)
(-0.0887691 -0.101403 0)
(-0.0705884 -0.0876252 0)
(-0.0536777 -0.0708526 0)
(-0.0416431 -0.0570434 0)
(-0.0317317 -0.0464323 0)
(-0.0238152 -0.0383945 0)
(-0.0165223 -0.0322021 0)
(-0.0103555 -0.0278868 0)
(-0.00298911 -0.0260383 0)
(0.000688809 -0.0287798 0)
(0.00448262 -0.0293154 0)
(0.00514412 -0.0369639 0)
(0.0035686 -0.03785 0)
(0.00152196 -0.0432376 0)
(-0.00993502 -0.0414955 0)
(-0.0133903 -0.0277279 0)
(-0.021361 -0.0160292 0)
(0.157329 0.405852 0)
(0.145648 0.404336 0)
(0.125333 0.39094 0)
(0.10039 0.386877 0)
(0.081638 0.416837 0)
(0.0662853 0.453378 0)
(0.0463557 0.467297 0)
(0.0262515 0.425723 0)
(0.009175 0.326459 0)
(-0.00853152 0.205142 0)
(-0.0326623 0.0905145 0)
(-0.0498891 -0.0211345 0)
(-0.0530239 -0.10703 0)
(-0.0470578 -0.124849 0)
(-0.0398271 -0.106143 0)
(-0.0320905 -0.0827944 0)
(-0.026946 -0.0649812 0)
(-0.0219424 -0.0523572 0)
(-0.0172521 -0.0430805 0)
(-0.0123268 -0.0362186 0)
(-0.00795232 -0.0317211 0)
(-0.00271317 -0.0288672 0)
(9.35518e-05 -0.0304988 0)
(0.00285489 -0.030526 0)
(0.00344974 -0.0365461 0)
(0.00235332 -0.0372667 0)
(0.000806891 -0.0413887 0)
(-0.00730632 -0.0390804 0)
(-0.00965019 -0.0263401 0)
(-0.0153966 -0.0151586 0)
(0.152675 0.460681 0)
(0.153574 0.499426 0)
(0.149911 0.531335 0)
(0.140906 0.544952 0)
(0.130051 0.553134 0)
(0.120142 0.552568 0)
(0.116067 0.510323 0)
(0.11406 0.449985 0)
(0.104684 0.395038 0)
(0.0882938 0.310119 0)
(0.0717895 0.182546 0)
(0.0565545 0.028256 0)
(0.0423213 -0.083419 0)
(0.0232644 -0.115745 0)
(0.0061785 -0.101393 0)
(-0.0039603 -0.0807586 0)
(-0.00944774 -0.0653655 0)
(-0.0106515 -0.0542843 0)
(-0.00958138 -0.0456756 0)
(-0.00730567 -0.0389347 0)
(-0.0049083 -0.0342308 0)
(-0.00185738 -0.031014 0)
(-0.000127316 -0.0317159 0)
(0.00155787 -0.0314066 0)
(0.00197246 -0.0362102 0)
(0.00129375 -0.0367913 0)
(0.00039277 -0.0399612 0)
(-0.00451416 -0.0373063 0)
(-0.00594328 -0.0253739 0)
(-0.00927329 -0.0145244 0)
(0.0796333 0.397428 0)
(0.0857059 0.421161 0)
(0.0940438 0.452502 0)
(0.102232 0.480313 0)
(0.107786 0.506594 0)
(0.110191 0.522426 0)
(0.109412 0.521792 0)
(0.0986458 0.497731 0)
(0.0845912 0.409504 0)
(0.0798801 0.287425 0)
(0.080244 0.177227 0)
(0.0738193 0.0728616 0)
(0.051205 -0.0498543 0)
(0.0377045 -0.0693243 0)
(0.0202407 -0.0631571 0)
(0.0076958 -0.0595255 0)
(0.00142853 -0.0561955 0)
(-0.00140845 -0.0514669 0)
(-0.00234479 -0.045718 0)
(-0.00216907 -0.0401375 0)
(-0.00158676 -0.0356824 0)
(-0.000649824 -0.0324598 0)
(-8.20941e-05 -0.0325883 0)
(0.000477796 -0.0321377 0)
(0.000614262 -0.0361684 0)
(0.00035812 -0.0366896 0)
(7.8167e-05 -0.0392511 0)
(-0.00146881 -0.0361063 0)
(-0.00212161 -0.0247291 0)
(-0.00294185 -0.0141694 0)
)
;

boundaryField
{
    leftWall
    {
        type            fixedValue;
        value           uniform (0 0 0);
    }
    rightWall
    {
        type            fixedValue;
        value           uniform (0 0 0);
    }
    lowerWall
    {
        type            fixedValue;
        value           uniform (0 0 0);
    }
    atmosphere
    {
        type            pressureInletOutletVelocity;
        value           nonuniform List<vector> 
120
(
(-0.134463 0.0276565 0)
(-0.240286 0.0236146 0)
(-0.345517 0.0175333 0)
(-0.497371 0.0047486 0)
(-0.609424 -0.010344 0)
(-0.5969 -0.0186503 0)
(-0.402311 -0.0575352 0)
(-0.221107 -0.0481198 0)
(-0.114282 -0.0465739 0)
(-0.0504365 -0.0441558 0)
(-0.00549709 -0.0407802 0)
(0.0299738 0 0)
(0.0552378 0 0)
(0.070086 0 0)
(0.0765664 0 0)
(0.076954 0 0)
(0.0735471 0 0)
(0.0687301 0 0)
(0.0638631 0 0)
(0.0589972 0 0)
(0.0538119 0 0)
(0.0483031 0 0)
(0.0426496 0 0)
(0.0369771 0 0)
(0.031332 0 0)
(0.0257191 0 0)
(0.0201163 0 0)
(0.0144712 0 0)
(0.00869781 0 0)
(0.00274228 0 0)
(0 -0.0139624 0)
(0 -0.0225778 0)
(0 -0.0334939 0)
(0 -0.0326273 0)
(0 -0.0294249 0)
(0 -0.0244463 0)
(0 -0.0180758 0)
(0 -0.0119397 0)
(0 -0.00679342 0)
(0 -0.00190439 0)
(-0.00123831 0.00208866 0)
(-0.00101172 0.00396939 0)
(0.000322837 0.00667321 0)
(0.00207654 0.00292069 0)
(0 -0.00280816 0)
(0 -0.0114622 0)
(0 -0.0234535 0)
(0 -0.0390099 0)
(0 -0.0577994 0)
(0 -0.0790519 0)
(0 -0.100274 0)
(0 -0.115313 0)
(0 -0.114757 0)
(0 -0.0861277 0)
(0 -0.00868838 0)
(0.0667449 0.0990728 0)
(0.0712284 0.189187 0)
(0.0725084 0.263528 0)
(0.0738289 0.32478 0)
(0.0760772 0.372227 0)
(0.0796333 0.397428 0)
(0.0857059 0.421161 0)
(0.0940438 0.452502 0)
(0.102232 0.480313 0)
(0.107786 0.506594 0)
(0.110191 0.522426 0)
(0.109412 0.521792 0)
(0.0986458 0.497731 0)
(0.0845912 0.409504 0)
(0.0798801 0.287425 0)
(0.080244 0.177227 0)
(0.0738193 0.0728616 0)
(0 -0.0498543 0)
(0 -0.0693243 0)
(0 -0.0631571 0)
(0 -0.0595255 0)
(0 -0.0561955 0)
(0 -0.0514669 0)
(0 -0.045718 0)
(0 -0.0401375 0)
(0 -0.0356824 0)
(0 -0.0324598 0)
(0 -0.0325883 0)
(0 -0.0321377 0)
(0 -0.0361684 0)
(0 -0.0366896 0)
(0 -0.0392511 0)
(0 -0.0361063 0)
(0 -0.0247291 0)
(0 -0.0141694 0)
(0.134549 0.0276336 0)
(0.240136 0.0235892 0)
(0.345766 0.0175068 0)
(0.498117 0.00467959 0)
(0.608938 -0.0103892 0)
(0.594929 -0.0186836 0)
(0.398267 -0.0579287 0)
(0.220388 -0.0476937 0)
(0.114265 -0.0463247 0)
(0.0503627 -0.0438195 0)
(0.00510724 -0.0403651 0)
(-0.0310371 0 0)
(-0.0569422 0 0)
(-0.0727428 0 0)
(-0.0797665 0 0)
(-0.0804413 0 0)
(-0.0769375 0 0)
(-0.0717908 0 0)
(-0.0666447 0 0)
(-0.0616515 0 0)
(-0.0563867 0 0)
(-0.0507506 0 0)
(-0.0449137 0 0)
(-0.0390219 0 0)
(-0.0331335 0 0)
(-0.027255 0 0)
(-0.021361 0 0)
(-0.0153966 0 0)
(-0.00927329 0 0)
(-0.00294185 0 0)
)
;
    }
    defaultFaces
    {
        type            empty;
    }
}


// ************************************************************************* //
