/*--------------------------------*- C++ -*----------------------------------*\
| =========                 |                                                 |
| \\      /  F ield         | OpenFOAM: The Open Source CFD Toolbox           |
|  \\    /   O peration     | Version:  2.4.0                                 |
|   \\  /    A nd           | Web:      www.OpenFOAM.org                      |
|    \\/     M anipulation  |                                                 |
\*---------------------------------------------------------------------------*/
FoamFile
{
    version     2.0;
    format      ascii;
    class       surfaceScalarField;
    location    "0.02";
    object      phiAlpha;
}
// * * * * * * * * * * * * * * * * * * * * * * * * * * * * * * * * * * * * * //

dimensions      [0 3 -1 0 0 0 0];

internalField   nonuniform List<scalar> 
7080
(
-1.53266e-08
1.53266e-08
-2.9898e-08
1.45713e-08
-4.42994e-08
1.44014e-08
-5.89014e-08
1.46021e-08
-7.40113e-08
1.51096e-08
-9.00139e-08
1.60029e-08
-1.07437e-07
1.74229e-08
-1.26986e-07
1.95495e-08
-1.49386e-07
2.23995e-08
-1.75309e-07
2.59238e-08
-2.05163e-07
2.98535e-08
-2.38994e-07
3.38317e-08
-2.7636e-07
3.73654e-08
-3.16215e-07
3.9856e-08
-3.56864e-07
4.06493e-08
-3.96026e-07
3.91617e-08
-4.30992e-07
3.49657e-08
-4.58957e-07
2.79655e-08
-4.77377e-07
1.84199e-08
-4.84325e-07
6.94743e-09
-4.78176e-07
-6.14915e-09
-4.58253e-07
-1.99227e-08
-4.25026e-07
-3.32276e-08
-3.79879e-07
-4.51471e-08
-3.25046e-07
-5.48327e-08
-2.63432e-07
-6.16149e-08
-1.98183e-07
-6.52488e-08
-1.32222e-07
-6.59609e-08
-6.81847e-08
-6.40371e-08
-5.99757e-08
-8.20895e-09
-1.61594e-08
3.14861e-08
-3.15533e-08
2.99651e-08
-4.67946e-08
2.96425e-08
-6.22745e-08
3.00824e-08
-7.82987e-08
3.11332e-08
-9.52346e-08
3.29393e-08
-1.13584e-07
3.57722e-08
-1.34038e-07
4.00037e-08
-1.57298e-07
4.56589e-08
-1.84034e-07
5.26608e-08
-2.14655e-07
6.04745e-08
-2.49234e-07
6.84114e-08
-2.87393e-07
7.55246e-08
-3.28208e-07
8.06711e-08
-3.70157e-07
8.25985e-08
-4.1118e-07
8.01847e-08
-4.48807e-07
7.25923e-08
-4.80406e-07
5.95647e-08
-5.03486e-07
4.14995e-08
-5.16002e-07
1.94626e-08
-5.16343e-07
-5.80887e-09
-5.03065e-07
-3.32001e-08
-4.75855e-07
-6.04381e-08
-4.35055e-07
-8.59472e-08
-3.81671e-07
-1.08217e-07
-3.17405e-07
-1.25881e-07
-2.44834e-07
-1.3782e-07
-1.67102e-07
-1.43692e-07
-8.72727e-08
-1.43867e-07
-1.39252e-07
-7.99633e-09
-1.61228e-08
4.7609e-08
-3.14774e-08
4.53196e-08
-4.66755e-08
4.48405e-08
-6.20983e-08
4.55056e-08
-7.80286e-08
4.70629e-08
-9.47987e-08
4.97099e-08
-1.12869e-07
5.38426e-08
-1.3292e-07
6.00544e-08
-1.55629e-07
6.83677e-08
-1.817e-07
7.87329e-08
-2.11602e-07
9.03761e-08
-2.45534e-07
1.02344e-07
-2.83343e-07
1.13333e-07
-3.24444e-07
1.21773e-07
-3.67777e-07
1.25931e-07
-4.11806e-07
1.24213e-07
-4.546e-07
1.15386e-07
-4.93942e-07
9.89062e-08
-5.27487e-07
7.50443e-08
-5.52938e-07
4.49135e-08
-5.6912e-07
1.03736e-08
-5.73322e-07
-2.8998e-08
-5.64034e-07
-6.97262e-08
-5.39839e-07
-1.10143e-07
-4.9931e-07
-1.48746e-07
-4.41029e-07
-1.84162e-07
-3.63739e-07
-2.1511e-07
-2.67181e-07
-2.40251e-07
-1.50863e-07
-2.60185e-07
-2.8345e-07
-6.66513e-09
-1.60484e-08
6.36574e-08
-3.13242e-08
6.05954e-08
-4.64365e-08
5.99526e-08
-6.17512e-08
6.08207e-08
-7.75173e-08
6.28287e-08
-9.40151e-08
6.62082e-08
-1.11637e-07
7.14647e-08
-1.31052e-07
7.9469e-08
-1.52892e-07
9.02085e-08
-1.77915e-07
1.03756e-07
-2.06659e-07
1.19119e-07
-2.39497e-07
1.35183e-07
-2.76576e-07
1.50412e-07
-3.17782e-07
1.62979e-07
-3.62688e-07
1.70837e-07
-4.10492e-07
1.72016e-07
-4.60038e-07
1.64932e-07
-5.09808e-07
1.48676e-07
-5.58047e-07
1.23284e-07
-6.0283e-07
8.96966e-08
-6.42085e-07
4.96278e-08
-6.76e-07
4.91774e-09
-6.99947e-07
-4.57797e-08
-7.12766e-07
-9.7324e-08
-7.11477e-07
-1.50035e-07
-6.91718e-07
-2.03921e-07
-6.45894e-07
-2.60934e-07
-5.55607e-07
-3.30538e-07
-3.66506e-07
-4.49286e-07
-6.4769e-07
-2.26614e-09
-1.59486e-08
7.9606e-08
-3.11192e-08
7.5766e-08
-4.61175e-08
7.49508e-08
-6.12902e-08
7.59938e-08
-7.68441e-08
7.83823e-08
-9.29942e-08
8.23588e-08
-1.10028e-07
8.84987e-08
-1.28611e-07
9.80524e-08
-1.49295e-07
1.10892e-07
-1.72909e-07
1.27371e-07
-2.00042e-07
1.46252e-07
-2.3126e-07
1.66401e-07
-2.67037e-07
1.86189e-07
-3.07792e-07
2.03733e-07
-3.53845e-07
2.16891e-07
-4.05298e-07
2.23468e-07
-4.62002e-07
2.21636e-07
-5.23388e-07
2.10063e-07
-5.88536e-07
1.88431e-07
-6.56264e-07
1.57425e-07
-7.2542e-07
1.18784e-07
-7.95227e-07
7.47241e-08
-8.68081e-07
2.70743e-08
-9.44423e-07
-2.09814e-08
-1.02758e-06
-6.68825e-08
-1.11837e-06
-1.13124e-07
-1.19402e-06
-1.85287e-07
-1.14691e-06
-3.77653e-07
-7.3413e-07
-8.62062e-07
-1.38431e-06
2.48712e-09
-1.58241e-08
9.54302e-08
-3.08634e-08
9.08053e-08
-4.57207e-08
8.98081e-08
-6.07208e-08
9.09942e-08
-7.60199e-08
9.36813e-08
-9.17627e-08
9.8102e-08
-1.08078e-07
1.04815e-07
-1.25656e-07
1.1563e-07
-1.44896e-07
1.30132e-07
-1.66743e-07
1.49219e-07
-1.91783e-07
1.71291e-07
-2.20747e-07
1.95364e-07
-2.54409e-07
2.19852e-07
-2.93701e-07
2.43025e-07
-3.39699e-07
2.62889e-07
-3.93434e-07
2.77204e-07
-4.55792e-07
2.83994e-07
-5.27185e-07
2.81456e-07
-6.07681e-07
2.68926e-07
-6.96984e-07
2.46728e-07
-7.94706e-07
2.16506e-07
-9.01535e-07
1.81553e-07
-1.02113e-06
1.46674e-07
-1.15928e-06
1.1716e-07
-1.32182e-06
9.56579e-08
-1.49572e-06
6.07752e-08
-1.607e-06
-7.4e-08
-1.45502e-06
-5.29637e-07
-6.49013e-07
-1.66807e-06
-2.0263e-06
-7.02159e-09
-1.56754e-08
1.11106e-07
-3.05576e-08
1.05687e-07
-4.52484e-08
1.04499e-07
-6.00484e-08
1.05795e-07
-7.50564e-08
1.08689e-07
-9.03468e-08
1.13393e-07
-1.0583e-07
1.20298e-07
-1.22262e-07
1.32062e-07
-1.39771e-07
1.47641e-07
-1.59509e-07
1.68957e-07
-1.81953e-07
1.93735e-07
-2.07954e-07
2.21365e-07
-2.38479e-07
2.50377e-07
-2.74881e-07
2.79428e-07
-3.18958e-07
3.06965e-07
-3.72703e-07
3.30949e-07
-4.38368e-07
3.49659e-07
-5.17456e-07
3.60543e-07
-6.1034e-07
3.6181e-07
-7.15766e-07
3.52155e-07
-8.306e-07
3.31339e-07
-9.49178e-07
3.00131e-07
-1.06165e-06
2.59149e-07
-1.15355e-06
2.09055e-07
-1.2065e-06
1.48611e-07
-1.20004e-06
5.43173e-08
-1.09519e-06
-1.78852e-07
-8.33963e-07
-7.90865e-07
-3.53354e-09
-2.4985e-06
-2.01666e-06
-1.31759e-08
-1.55032e-08
1.26609e-07
-3.0203e-08
1.20387e-07
-4.4703e-08
1.18999e-07
-5.92795e-08
1.20371e-07
-7.39664e-08
1.23376e-07
-8.87745e-08
1.28201e-07
-1.03331e-07
1.34854e-07
-1.18534e-07
1.47266e-07
-1.34016e-07
1.63123e-07
-1.51348e-07
1.8629e-07
-1.70696e-07
2.13082e-07
-1.92987e-07
2.43657e-07
-2.1919e-07
2.7658e-07
-2.50817e-07
3.11055e-07
-2.90152e-07
3.463e-07
-3.39583e-07
3.80381e-07
-4.02451e-07
4.12526e-07
-4.81306e-07
4.39398e-07
-5.78519e-07
4.59024e-07
-6.94504e-07
4.6814e-07
-8.23028e-07
4.59863e-07
-9.46436e-07
4.23539e-07
-1.02861e-06
3.41326e-07
-1.01069e-06
1.91136e-07
-8.23611e-07
-3.84724e-08
-4.1852e-07
-3.50774e-07
-6.31192e-08
-5.34253e-07
1.8103e-07
-1.03501e-06
3.1e-07
-2.62747e-06
-1.73064e-06
2.39827e-08
-1.53081e-08
1.41917e-07
-2.98005e-08
1.3488e-07
-4.40871e-08
1.33285e-07
-5.84209e-08
1.34705e-07
-7.27641e-08
1.37719e-07
-8.70803e-08
1.42517e-07
-1.00606e-07
1.4838e-07
-1.14549e-07
1.61208e-07
-1.27734e-07
1.76308e-07
-1.4247e-07
2.01026e-07
-1.58252e-07
2.28864e-07
-1.7616e-07
2.61565e-07
-1.96899e-07
2.97319e-07
-2.21866e-07
3.36021e-07
-2.5404e-07
3.78474e-07
-2.95986e-07
4.22326e-07
-3.539e-07
4.70441e-07
-4.32014e-07
5.17512e-07
-5.34163e-07
5.61173e-07
-6.64546e-07
5.98523e-07
-8.23443e-07
6.18761e-07
-1.01449e-06
6.14589e-07
-1.21165e-06
5.38485e-07
-1.26559e-06
2.45077e-07
-9.22725e-07
-3.81341e-07
-3.13313e-07
-9.60186e-07
1.78496e-07
-1.02606e-06
6.95949e-07
-1.55247e-06
1.45907e-07
-2.07743e-06
-1.63103e-06
4.63022e-08
-1.50909e-08
1.57008e-07
-2.93512e-08
1.4914e-07
-4.34034e-08
1.47338e-07
-5.74802e-08
1.48782e-07
-7.14641e-08
1.51703e-07
-8.53073e-08
1.56361e-07
-9.76876e-08
1.6076e-07
-1.10384e-07
1.73905e-07
-1.21006e-07
1.86929e-07
-1.33033e-07
2.13054e-07
-1.4489e-07
2.40721e-07
-1.57827e-07
2.74502e-07
-1.71963e-07
3.11454e-07
-1.87823e-07
3.51882e-07
-2.08272e-07
3.98923e-07
-2.33034e-07
4.47088e-07
-2.69458e-07
5.06866e-07
-3.22607e-07
5.7066e-07
-4.04534e-07
6.431e-07
-5.51463e-07
7.45452e-07
-7.84183e-07
8.51481e-07
-1.12759e-06
9.57996e-07
-1.48133e-06
8.92228e-07
-1.61077e-06
3.74519e-07
-1.40444e-06
-5.87672e-07
-1.04678e-06
-1.31785e-06
-5.27322e-07
-1.54552e-06
1.3573e-07
-2.21552e-06
-3.20089e-07
-1.62161e-06
-1.94893e-06
-2.19094e-09
-1.48526e-08
1.71861e-07
-2.88563e-08
1.63144e-07
-4.26543e-08
1.61136e-07
-5.64647e-08
1.62593e-07
-7.00805e-08
1.65319e-07
-8.35057e-08
1.69786e-07
-9.46074e-08
1.71862e-07
-1.06173e-07
1.85472e-07
-1.1386e-07
1.94615e-07
-1.23187e-07
2.22381e-07
-1.30832e-07
2.48366e-07
-1.38406e-07
2.82077e-07
-1.45273e-07
3.1832e-07
-1.50909e-07
3.57519e-07
-1.59021e-07
4.07034e-07
-1.67235e-07
4.55302e-07
-1.8644e-07
5.26071e-07
-2.21819e-07
6.06039e-07
-2.72263e-07
6.93543e-07
-3.62836e-07
8.36025e-07
-4.67856e-07
9.56501e-07
-6.2193e-07
1.11207e-06
-7.62263e-07
1.03256e-06
-8.30728e-07
4.42984e-07
-7.93654e-07
-6.24746e-07
-6.30209e-07
-1.4813e-06
-2.98497e-07
-1.87723e-06
-4.05728e-07
-2.10829e-06
-2.97793e-07
-1.72954e-06
-2.21188e-06
-3.48495e-08
-1.45941e-08
1.86455e-07
-2.83165e-08
1.76866e-07
-4.18418e-08
1.74661e-07
-5.5382e-08
1.76133e-07
-6.86235e-08
1.7856e-07
-8.17313e-08
1.82894e-07
-9.13737e-08
1.81504e-07
-1.02072e-07
1.9617e-07
-1.06353e-07
1.98897e-07
-1.13232e-07
2.29259e-07
-1.16512e-07
2.51646e-07
-1.1862e-07
2.84186e-07
-1.17736e-07
3.17436e-07
-1.11248e-07
3.5103e-07
-1.01587e-07
3.97374e-07
-7.85945e-08
4.32309e-07
-4.79549e-08
4.95432e-07
6.81459e-09
5.51269e-07
8.07256e-08
6.19632e-07
1.9488e-07
7.2187e-07
4.02654e-07
7.48726e-07
6.52793e-07
8.61931e-07
1.03191e-06
6.53444e-07
1.19102e-06
2.83871e-07
1.08406e-06
-5.17781e-07
1.20401e-06
-1.60125e-06
1.18919e-06
-1.86241e-06
4.79003e-07
-1.3981e-06
4.67582e-07
-1.71812e-06
-1.70081e-06
-4.34868e-08
-1.43167e-08
2.00772e-07
-2.77326e-08
1.90282e-07
-4.09675e-08
1.87896e-07
-5.42388e-08
1.89404e-07
-6.70952e-08
1.91417e-07
-8.00425e-08
1.95841e-07
-8.8011e-08
1.89472e-07
-9.8246e-08
2.06405e-07
-9.86054e-08
1.99256e-07
-1.03511e-07
2.34165e-07
-1.02457e-07
2.50592e-07
-9.95833e-08
2.81312e-07
-9.1822e-08
3.09675e-07
-7.43037e-08
3.33512e-07
-5.25402e-08
3.75611e-07
-8.51362e-09
3.88282e-07
4.17111e-08
4.45207e-07
1.2822e-07
4.64761e-07
2.50178e-07
4.97672e-07
4.01494e-07
5.70555e-07
6.5923e-07
4.90989e-07
9.03797e-07
6.17365e-07
1.38264e-06
1.74602e-07
1.54332e-06
1.23192e-07
1.54668e-06
-5.21147e-07
1.49936e-06
-1.55393e-06
1.26486e-06
-1.6279e-06
1.1734e-06
-1.30664e-06
7.99385e-07
-1.3441e-06
-8.30873e-07
-7.05491e-08
-1.40215e-08
2.14793e-07
-2.71051e-08
2.03366e-07
-4.00321e-08
2.00823e-07
-5.30415e-08
2.02414e-07
-6.54785e-08
2.03854e-07
-7.84909e-08
2.08854e-07
-8.46651e-08
1.95647e-07
-9.48457e-08
2.16586e-07
-9.09435e-08
1.95354e-07
-9.43348e-08
2.37557e-07
-8.90257e-08
2.45283e-07
-8.21374e-08
2.74424e-07
-6.89363e-08
2.96474e-07
-4.3863e-08
3.08439e-07
-1.18512e-08
3.436e-07
4.31998e-08
3.33231e-07
1.03305e-07
3.85101e-07
2.01215e-07
3.66851e-07
2.76507e-07
4.2238e-07
4.13744e-07
4.33318e-07
4.6312e-07
4.41613e-07
6.16154e-07
4.64331e-07
6.77457e-07
1.13299e-07
6.19548e-07
1.81102e-07
6.27848e-07
-5.29447e-07
8.41034e-08
-1.01019e-06
-3.24604e-07
-1.21919e-06
-1.15748e-07
-1.5155e-06
-1.18233e-07
-1.34162e-06
-9.08254e-07
-4.0852e-08
-1.37099e-08
2.28503e-07
-2.64343e-08
2.1609e-07
-3.90351e-08
2.13424e-07
-5.17964e-08
2.15175e-07
-6.37681e-08
2.15825e-07
-7.71039e-08
2.2219e-07
-8.16061e-08
2.00149e-07
-9.19747e-08
2.26955e-07
-8.36631e-08
1.87043e-07
-8.59069e-08
2.39801e-07
-7.64421e-08
2.35818e-07
-6.67652e-08
2.64747e-07
-4.99534e-08
2.79662e-07
-2.11745e-08
2.7966e-07
1.88658e-08
3.0356e-07
8.94076e-08
2.62689e-07
1.63223e-07
3.11285e-07
2.9012e-07
2.39955e-07
4.17813e-07
2.94687e-07
5.61067e-07
2.90064e-07
8.21842e-07
1.80837e-07
1.03019e-06
2.55983e-07
8.18756e-07
3.24733e-07
1.21615e-06
-2.16295e-07
1.17123e-06
-4.84528e-07
9.90259e-07
-8.29214e-07
7.21691e-07
-9.50627e-07
2.16976e-07
-1.01078e-06
-1.71751e-07
-9.52891e-07
-1.05574e-06
-2.42645e-08
-1.33838e-08
2.41887e-07
-2.572e-08
2.28426e-07
-3.79746e-08
2.25679e-07
-5.05081e-08
2.27709e-07
-6.2027e-08
2.27344e-07
-7.58785e-08
2.36042e-07
-7.90391e-08
2.03309e-07
-8.97198e-08
2.37636e-07
-7.68488e-08
1.74172e-07
-7.83134e-08
2.41265e-07
-6.57187e-08
2.23223e-07
-5.36583e-08
2.52688e-07
-3.33692e-08
2.59373e-07
-6.53711e-09
2.52828e-07
3.78253e-08
2.59197e-07
9.95675e-08
2.00947e-07
1.79333e-07
2.31518e-07
3.14173e-07
1.05115e-07
3.87213e-07
2.21647e-07
6.48132e-07
2.91451e-08
1.04137e-06
-2.12405e-07
1.0284e-06
2.68955e-07
8.56754e-07
4.96381e-07
1.45896e-06
-8.18499e-07
1.80848e-06
-8.34054e-07
2.26758e-06
-1.28831e-06
1.98228e-06
-6.65334e-07
1.41892e-06
-4.47424e-07
7.25419e-07
-2.59386e-07
-2.32857e-07
-9.74646e-08
-1.3045e-08
2.54932e-07
-2.49618e-08
2.40343e-07
-3.68459e-08
2.37563e-07
-4.91733e-08
2.40036e-07
-6.03613e-08
2.38532e-07
-7.47969e-08
2.50478e-07
-7.70808e-08
2.05593e-07
-8.81873e-08
2.48743e-07
-7.0493e-08
1.56477e-07
-7.16742e-08
2.42447e-07
-5.76846e-08
2.09233e-07
-4.78733e-08
2.42877e-07
-3.55419e-08
2.47042e-07
-1.4843e-08
2.32129e-07
2.52721e-08
2.19082e-07
9.42998e-08
1.3192e-07
1.62872e-07
1.62946e-07
3.17972e-07
-4.99848e-08
3.42929e-07
1.96691e-07
5.80043e-07
-2.0797e-07
8.79219e-07
-5.1158e-07
6.37334e-07
5.10838e-07
5.72986e-07
5.6073e-07
8.19632e-07
-1.06515e-06
1.32503e-06
-1.33945e-06
7.78866e-07
-7.42147e-07
2.32543e-07
-1.1901e-07
4.38713e-07
-6.53594e-07
5.69341e-07
-3.90013e-07
4.09058e-07
-7.25734e-08
-1.26958e-08
2.67628e-07
-2.4159e-08
2.51806e-07
-3.56394e-08
2.49043e-07
-4.77734e-08
2.5217e-07
-5.88302e-08
2.49589e-07
-7.38387e-08
2.65486e-07
-7.58619e-08
2.07616e-07
-8.74937e-08
2.60374e-07
-6.44737e-08
1.33457e-07
-6.46944e-08
2.42668e-07
-4.53328e-08
1.89871e-07
-2.69621e-08
2.24506e-07
-3.53731e-09
2.23617e-07
8.11841e-09
2.20473e-07
4.32328e-08
1.83968e-07
6.5152e-08
1.1e-07
1.48984e-07
7.91144e-08
1.76859e-07
-7.78607e-08
4.01819e-07
-2.82684e-08
4.68146e-07
-2.74298e-07
5.72345e-07
-6.15779e-07
7.15804e-07
3.67379e-07
9.88261e-07
2.88273e-07
1.12475e-06
-1.20164e-06
1.30452e-06
-1.51921e-06
8.5059e-07
-2.88221e-07
6.31573e-07
1.00007e-07
2.31547e-09
-2.43367e-08
-5.58691e-08
-3.31829e-07
3.96328e-07
-4.31393e-08
-1.23393e-08
2.79967e-07
-2.33105e-08
2.62777e-07
-3.43449e-08
2.60078e-07
-4.62739e-08
2.64099e-07
-5.74305e-08
2.60745e-07
-7.29767e-08
2.81033e-07
-7.55589e-08
2.10198e-07
-8.78276e-08
2.72643e-07
-5.9172e-08
1.04801e-07
-6.39169e-08
2.47413e-07
-5.48903e-08
1.80845e-07
-4.71984e-08
2.16814e-07
-5.17088e-08
2.28128e-07
-5.56393e-08
2.24403e-07
-2.90324e-08
1.57361e-07
5.68815e-10
8.03991e-08
8.11047e-08
-1.42123e-09
1.03881e-07
-1.00637e-07
2.84613e-07
-2.09e-07
3.16258e-07
-3.05943e-07
2.78315e-07
-5.77837e-07
6.85879e-07
-4.01846e-08
1.16935e-06
-1.952e-07
9.12082e-07
-9.44368e-07
3.74951e-07
-9.8208e-07
2.56545e-07
-1.69815e-07
1.64548e-07
1.92004e-07
-3.81052e-07
5.21263e-07
-5.48386e-07
-1.64495e-07
-1.68939e-07
1.68811e-08
-1.1979e-08
2.91947e-07
-2.24145e-08
2.73212e-07
-3.29803e-08
2.70644e-07
-4.46318e-08
2.7575e-07
-5.61369e-08
2.7225e-07
-7.21701e-08
2.97066e-07
-7.63694e-08
2.14397e-07
-8.90333e-08
2.85307e-07
-5.23812e-08
6.81491e-08
-4.79378e-08
2.42969e-07
-1.61924e-08
1.49099e-07
9.6025e-09
1.91019e-07
2.75837e-08
2.10147e-07
1.70302e-08
2.34957e-07
1.2414e-08
1.61977e-07
-2.65768e-08
1.1939e-07
-3.2937e-08
4.93898e-09
-8.00936e-08
-5.34806e-08
-5.14934e-08
-2.376e-07
-1.39202e-07
-2.18234e-07
-1.52965e-07
-5.64073e-07
1.25559e-07
-3.18709e-07
2.2439e-07
-2.9403e-07
-4.30944e-07
-2.89034e-07
-8.56706e-07
-5.56318e-07
-9.43783e-07
-8.27382e-08
-6.70283e-07
-8.1495e-08
1.89408e-07
-3.38429e-07
1.35812e-07
-1.10898e-07
9.3986e-08
-1.27114e-07
-1.16196e-08
3.03566e-07
-2.14675e-08
2.8306e-07
-3.15569e-08
2.80733e-07
-4.28037e-08
2.86997e-07
-5.49096e-08
2.84356e-07
-7.137e-08
3.13526e-07
-7.8641e-08
2.21668e-07
-9.28513e-08
2.99517e-07
-5.01993e-08
2.54972e-08
-6.57264e-08
2.58497e-07
-6.51108e-08
1.48484e-07
-5.8127e-08
1.84036e-07
-8.59779e-08
2.37998e-07
-1.27614e-07
2.76593e-07
-1.32406e-07
1.66769e-07
-9.95299e-08
8.65144e-08
-1.01431e-07
6.84005e-09
-7.65191e-08
-7.83924e-08
-8.82144e-08
-2.25905e-07
-1.12018e-07
-1.94431e-07
-2.47504e-07
-4.28587e-07
-1.153e-07
-4.50913e-07
1.71568e-08
-4.26487e-07
-5.69416e-08
-2.14935e-07
-2.34947e-07
-3.78313e-07
-8.9792e-08
-2.27893e-07
2.79436e-07
-4.50723e-07
6.07076e-07
-6.66068e-07
4.85331e-07
1.08456e-08
7.89071e-07
-2.09754e-07
-1.12662e-08
3.14833e-07
-2.04625e-08
2.92256e-07
-3.00733e-08
2.90344e-07
-4.07496e-08
2.97673e-07
-5.36831e-08
2.97289e-07
-7.04691e-08
3.30312e-07
-8.25699e-08
2.33769e-07
-9.36578e-08
3.10605e-07
-3.72006e-08
-3.09601e-08
-2.80707e-08
2.49367e-07
2.79166e-08
9.24963e-08
8.07825e-08
1.3117e-07
8.04147e-08
2.38365e-07
5.65251e-08
3.00483e-07
-1.27733e-08
2.36068e-07
-1.0155e-07
1.75291e-07
-2.01454e-07
1.06744e-07
-2.52566e-07
-2.72802e-08
-4.00921e-07
-7.75495e-08
-4.81701e-07
-1.13652e-07
-4.57329e-07
-4.52958e-07
-1.67696e-07
-7.40542e-07
1.46733e-07
-7.40907e-07
6.31756e-07
-6.99954e-07
7.15859e-07
-4.6241e-07
6.01256e-07
-1.13289e-07
2.0785e-07
-5.73178e-08
-3.49468e-07
-1.08744e-07
-1.64617e-07
-1.74005e-07
6.83694e-07
-5.92402e-08
-1.09249e-08
3.25758e-07
-1.93904e-08
3.00721e-07
-2.8523e-08
2.99477e-07
-3.84329e-08
3.07583e-07
-5.23578e-08
3.11214e-07
-6.94824e-08
3.47436e-07
-8.85354e-08
2.52822e-07
-1.07566e-07
3.29635e-07
-4.41187e-08
-9.44074e-08
-7.51067e-08
2.80355e-07
-8.13011e-08
9.86905e-08
-7.84916e-08
1.2836e-07
-1.12638e-07
2.72512e-07
-2.38313e-07
4.26158e-07
-2.51965e-07
2.49719e-07
-1.87754e-07
1.11081e-07
-3.50468e-07
2.69457e-07
-3.06742e-07
-7.10062e-08
-4.71272e-07
8.69813e-08
-5.16723e-07
-6.81997e-08
-4.70191e-07
-4.99475e-07
-2.2727e-07
-8.84976e-07
-5.26325e-08
-6.93867e-07
7.0223e-09
-5.70954e-07
1.64042e-07
-3.30921e-07
2.06857e-09
5.11034e-08
-1.18179e-07
7.34799e-08
-4.14321e-08
-9.40406e-08
-1.09497e-06
3.88801e-07
8.19678e-08
-6.70599e-07
-1.06006e-08
3.36358e-07
-1.82394e-08
3.0836e-07
-2.68951e-08
3.08133e-07
-3.58149e-08
3.16503e-07
-5.07693e-08
3.26169e-07
-6.79207e-08
3.64588e-07
-9.85923e-08
2.83493e-07
-1.00111e-07
3.31154e-07
-1.71848e-08
-1.77334e-07
-1.68443e-08
2.80015e-07
8.09582e-08
8.87721e-10
2.14503e-07
-5.18424e-09
1.75643e-07
3.11371e-07
1.5538e-07
4.46422e-07
2.86047e-08
3.76495e-07
-1.53969e-07
2.93654e-07
-2.7463e-07
3.90119e-07
-4.29177e-07
8.35409e-08
-8.83112e-07
5.40916e-07
-1.26473e-06
3.13431e-07
-9.00186e-07
-3.56213e-07
-3.79596e-07
-2.28966e-07
-5.22345e-07
-1.5883e-09
-3.17887e-07
-6.99124e-09
-5.51284e-08
-1.79278e-07
8.02214e-08
-1.09243e-07
2.49044e-07
-1.41692e-07
8.08801e-08
-1.52117e-07
6.7555e-08
1.85677e-07
-4.44117e-08
5.89844e-08
-1.03067e-08
3.46665e-07
-1.70365e-08
3.1509e-07
-2.52052e-08
3.16301e-07
-3.2888e-08
3.24186e-07
-4.87197e-08
3.42e-07
-6.67744e-08
3.82642e-07
-1.09705e-07
3.26423e-07
-1.35542e-07
3.56991e-07
-4.01029e-08
-2.72773e-07
-8.59931e-08
3.25905e-07
-1.01472e-07
1.6366e-08
-8.29344e-08
-2.37216e-08
-1.1827e-07
3.46707e-07
-3.94745e-07
7.22896e-07
-2.54299e-07
2.3605e-07
-1.75801e-07
2.15156e-07
-5.48284e-07
7.62605e-07
6.68868e-08
-5.31531e-07
-1.32552e-07
7.404e-07
-5.7198e-08
2.25327e-07
-4.23352e-08
-5.63579e-08
-1.75307e-09
4.22847e-09
-1.96763e-09
-1.63566e-09
1.21126e-09
-1.03549e-08
-2.84091e-09
-4.67308e-10
-4.01321e-08
3.84527e-09
-1.67655e-08
-9.65659e-08
3.37368e-08
-2.49461e-07
1.41818e-08
8.77919e-08
-1.48122e-07
1.0346e-08
-1.00025e-08
3.56668e-07
-1.56566e-08
3.20744e-07
-2.33626e-08
3.24008e-07
-2.94991e-08
3.30322e-07
-4.57641e-08
3.58266e-07
-6.2587e-08
3.99465e-07
-1.31427e-07
3.95263e-07
-1.08598e-07
3.34162e-07
9.32404e-09
-3.90695e-07
-4.99663e-08
3.85196e-07
1.34895e-07
-1.68495e-07
4.61205e-07
-3.50032e-07
2.76483e-07
5.3143e-07
2.69575e-07
7.29804e-07
7.85829e-08
4.27042e-07
9.82241e-09
2.83917e-07
-1.77637e-07
9.50065e-07
-1.18749e-06
4.78323e-07
-8.21701e-07
4.28694e-07
8.76597e-08
-8.1486e-07
-2.12081e-08
-9.25033e-08
5.66328e-09
-4.36989e-09
1.23089e-08
-7.36447e-10
3.14478e-09
-1.35987e-09
3.91546e-09
1.20522e-10
7.98326e-09
5.87283e-10
3.74678e-07
-9.92721e-08
2.32878e-07
-1.30357e-07
6.64435e-08
1.40012e-07
-3.52933e-07
-9.39064e-09
-9.84365e-09
3.66511e-07
-1.47177e-08
3.25618e-07
-2.19066e-08
3.31197e-07
-2.60565e-08
3.34472e-07
-4.178e-08
3.73989e-07
-6.23803e-08
4.20065e-07
-1.51223e-07
4.84106e-07
-1.74872e-07
3.57811e-07
-3.41083e-08
-5.31458e-07
-6.84004e-08
4.19488e-07
-1.15737e-07
-1.21158e-07
-9.16058e-09
-4.56609e-07
-1.31999e-08
5.35469e-07
-4.28333e-07
1.14494e-06
2.51686e-07
-2.52977e-07
-1.37222e-07
6.72825e-07
-1.30557e-06
2.11842e-06
-5.95178e-07
-2.32023e-07
3.22475e-07
-4.88934e-07
-8.99666e-07
7.33519e-07
-3.25743e-09
-1.27958e-06
1.72653e-09
-9.36915e-09
1.59831e-09
-7.92996e-10
-3.56279e-10
4.26468e-10
-1.4646e-09
1.08055e-09
-3.14047e-09
5.02486e-09
-1.31154e-07
9.20498e-08
-1.70316e-07
-1.31417e-07
-1.32006e-07
2.15143e-07
-3.96635e-07
-2.56701e-08
-9.53917e-09
3.76051e-07
-1.23754e-08
3.28454e-07
-1.92925e-08
3.38114e-07
-2.14445e-08
3.36624e-07
-3.512e-08
3.87664e-07
-5.09816e-08
4.35927e-07
-1.95723e-07
6.28847e-07
-1.11009e-07
2.73097e-07
4.215e-08
-6.84617e-07
-2.01721e-07
6.63359e-07
1.75158e-07
-4.98038e-07
9.12714e-07
-1.19417e-06
7.74492e-08
1.37073e-06
2.02088e-07
1.0203e-06
1.17791e-06
-1.2288e-06
1.40266e-06
4.48068e-07
1.52804e-06
1.99304e-06
1.03949e-06
2.56526e-07
-5.40117e-07
1.09067e-06
-9.11795e-07
1.1633e-06
-1.15532e-07
-2.126e-06
-3.89906e-09
-1.20947e-07
-4.69681e-09
-1.96094e-11
-2.80133e-09
-1.63726e-09
-1.67775e-09
-4.01732e-10
1.21348e-08
4.2288e-09
2.96214e-08
-2.28867e-09
-5.72748e-07
-4.49344e-08
-3.41823e-07
-3.95674e-07
-8.70052e-07
1.95165e-07
-1.30138e-08
3.89064e-07
-1.40421e-08
3.29482e-07
-1.91415e-08
3.43213e-07
-1.80403e-08
3.35522e-07
-2.70169e-08
3.96641e-07
-5.35884e-08
4.62498e-07
-2.35179e-07
8.10438e-07
-2.02635e-07
2.40553e-07
7.03168e-08
-9.57569e-07
3.31459e-07
4.02216e-07
-1.50042e-08
-1.51573e-07
2.15144e-07
-1.42431e-06
2.93592e-07
1.29229e-06
7.204e-07
5.9349e-07
-9.14976e-08
-4.16898e-07
-9.06687e-07
1.26382e-06
1.03933e-06
3.73623e-08
-1.13628e-06
2.43213e-06
-1.0903e-06
9.64144e-07
5.21817e-07
-3.77891e-07
3.86585e-07
-1.24739e-06
-6.68804e-10
5.49435e-08
-2.43658e-09
1.79385e-09
-4.2142e-08
3.79449e-08
-1.86037e-08
-2.55692e-08
-2.84286e-08
-2.02496e-08
-2.84671e-09
-7.26423e-08
-2.31851e-07
6.58002e-09
-3.52625e-07
-9.51913e-08
-1.28831e-07
-5.51716e-07
1.04684e-07
2.84381e-07
-2.26631e-08
4.56829e-07
-1.08815e-08
3.31432e-07
-8.5501e-09
3.33191e-07
-8.66214e-09
3.96753e-07
-2.25032e-08
4.7634e-07
-3.05196e-07
1.09313e-06
3.44725e-08
-9.91154e-08
-1.65254e-06
7.29439e-07
3.52015e-07
-1.60234e-06
-2.42917e-07
4.43358e-07
-3.1501e-06
1.77397e-06
-8.29924e-09
-1.47857e-06
3.11637e-06
-2.52775e-06
9.00175e-07
1.7993e-06
1.22121e-06
9.42803e-07
6.72121e-07
-1.29738e-08
2.03874e-06
2.57122e-08
3.02177e-06
-6.06937e-07
4.38208e-06
-2.2607e-06
6.25638e-06
-1.76478e-06
4.28276e-06
2.33571e-06
2.91365e-06
8.69537e-07
6.81449e-07
3.89464e-07
1.95864e-07
4.36358e-08
5.86721e-07
1.03214e-08
2.34514e-07
-1.41663e-08
1.33969e-07
-3.19099e-07
1.98108e-08
-4.83485e-07
3.21131e-08
-1.02332e-07
5.17226e-08
-5.99315e-08
1.15641e-07
-6.39188e-08
1.81423e-07
-6.57813e-08
2.46438e-07
-6.50156e-08
3.07778e-07
-6.13402e-08
3.6231e-07
-5.45325e-08
4.07156e-07
-4.48453e-08
4.40114e-07
-3.29586e-08
4.59846e-07
-1.97328e-08
4.65942e-07
-6.09587e-09
4.59133e-07
6.80928e-09
4.41113e-07
1.80198e-08
4.13867e-07
2.72456e-08
3.79985e-07
3.3882e-08
3.42295e-07
3.76902e-08
3.03501e-07
3.87938e-08
2.65852e-07
3.7649e-08
2.30984e-07
3.48687e-08
1.99847e-07
3.11367e-08
1.72761e-07
2.70858e-08
1.49515e-07
2.32469e-08
1.295e-07
2.00145e-08
1.11832e-07
1.76677e-08
9.56016e-08
1.62308e-08
8.00076e-08
1.55939e-08
6.45491e-08
1.54586e-08
4.89995e-08
1.55496e-08
3.32517e-08
1.57477e-08
1.70896e-08
1.6162e-08
1.70895e-08
7.10775e-08
-1.39005e-07
1.50624e-07
-1.43465e-07
2.28035e-07
-1.43193e-07
3.00254e-07
-1.37235e-07
3.64147e-07
-1.25233e-07
4.17146e-07
-1.07532e-07
4.5757e-07
-8.52698e-08
4.84448e-07
-5.98374e-08
4.97491e-07
-3.27754e-08
4.97072e-07
-5.67707e-09
4.84693e-07
1.91882e-08
4.62037e-07
4.0676e-08
4.31203e-07
5.80791e-08
3.94724e-07
7.03611e-08
3.55247e-07
7.71677e-08
3.15231e-07
7.88091e-08
2.76703e-07
7.61779e-08
2.41118e-07
7.04539e-08
2.09307e-07
6.29476e-08
1.81521e-07
5.4872e-08
1.57519e-07
4.72489e-08
1.36687e-07
4.08465e-08
1.18138e-07
3.62161e-08
1.00982e-07
3.33865e-08
8.44374e-08
3.21388e-08
6.80374e-08
3.18586e-08
5.15791e-08
3.20077e-08
3.49616e-08
3.2365e-08
1.79492e-08
3.31743e-08
3.50387e-08
1.36039e-07
-2.8171e-07
2.51364e-07
-2.5879e-07
3.47232e-07
-2.3906e-07
4.23947e-07
-2.13951e-07
4.81697e-07
-1.82983e-07
5.21706e-07
-1.47541e-07
5.45396e-07
-1.08959e-07
5.54234e-07
-6.8675e-08
5.49726e-07
-2.82677e-08
5.33419e-07
1.06294e-08
5.08115e-07
4.44921e-08
4.75048e-07
7.3743e-08
4.36559e-07
9.65683e-08
3.95016e-07
1.11904e-07
3.5264e-07
1.19543e-07
3.1134e-07
1.20109e-07
2.72611e-07
1.14907e-07
2.37449e-07
1.05617e-07
2.06343e-07
9.40537e-08
1.79321e-07
8.18935e-08
1.56016e-07
7.05533e-08
1.3575e-07
6.11133e-08
1.176e-07
5.43658e-08
1.00695e-07
5.02916e-08
8.42688e-08
4.85645e-08
6.79194e-08
4.82079e-08
5.14866e-08
4.84404e-08
3.48942e-08
4.89573e-08
1.79138e-08
5.01547e-08
5.29524e-08
3.5518e-07
-6.39156e-07
5.40166e-07
-4.43777e-07
6.29046e-07
-3.2794e-07
6.74285e-07
-2.5919e-07
6.93511e-07
-2.02208e-07
6.9417e-07
-1.482e-07
6.80659e-07
-9.54489e-08
6.56041e-07
-4.40568e-08
6.21791e-07
5.98227e-09
5.82356e-07
5.00643e-08
5.37751e-07
8.90967e-08
4.90098e-07
1.21396e-07
4.41335e-07
1.45331e-07
3.93214e-07
1.60025e-07
3.47231e-07
1.65526e-07
3.04509e-07
1.62832e-07
2.65803e-07
1.53612e-07
2.31475e-07
1.39945e-07
2.01547e-07
1.23981e-07
1.75749e-07
1.07692e-07
1.5354e-07
9.27619e-08
1.3416e-07
8.0493e-08
1.16638e-07
7.18883e-08
1.00133e-07
6.67962e-08
8.39083e-08
6.47891e-08
6.76581e-08
6.44581e-08
5.1286e-08
6.48124e-08
3.47526e-08
6.54905e-08
1.78404e-08
6.70668e-08
7.07927e-08
7.30042e-07
-1.36671e-06
1.13292e-06
-8.46659e-07
1.1761e-06
-3.71114e-07
1.09996e-06
-1.83051e-07
1.00898e-06
-1.1123e-07
9.25165e-07
-6.43845e-08
8.47931e-07
-1.82148e-08
7.74014e-07
2.98599e-08
7.03521e-07
7.64747e-08
6.34237e-07
1.19349e-07
5.66883e-07
1.56451e-07
5.02545e-07
1.85733e-07
4.42412e-07
2.05464e-07
3.87382e-07
2.15055e-07
3.37981e-07
2.14927e-07
2.94311e-07
2.06502e-07
2.56227e-07
1.91696e-07
2.23336e-07
1.72837e-07
1.95138e-07
1.52179e-07
1.71034e-07
1.31796e-07
1.50298e-07
1.13498e-07
1.321e-07
9.86907e-08
1.15397e-07
8.85918e-08
9.94062e-08
8.27865e-08
8.34346e-08
8.07607e-08
6.73101e-08
8.05824e-08
5.10165e-08
8.1106e-08
3.45619e-08
8.19449e-08
1.77416e-08
8.38871e-08
8.85344e-08
6.40419e-07
-2.01415e-06
1.44838e-06
-1.65462e-06
1.59733e-06
-5.20066e-07
1.48252e-06
-6.82402e-08
1.30502e-06
6.62662e-08
1.13975e-06
1.00885e-07
9.99408e-07
1.22126e-07
8.78505e-07
1.50763e-07
7.70806e-07
1.84174e-07
6.72953e-07
2.17202e-07
5.84197e-07
2.45206e-07
5.04852e-07
2.65079e-07
4.3509e-07
2.75226e-07
3.74749e-07
2.75396e-07
3.23364e-07
2.66313e-07
2.79997e-07
2.49868e-07
2.43582e-07
2.28111e-07
2.12966e-07
2.03453e-07
1.87155e-07
1.77991e-07
1.65246e-07
1.53705e-07
1.46358e-07
1.32386e-07
1.29634e-07
1.15415e-07
1.13918e-07
1.04307e-07
9.8538e-08
9.81667e-08
8.28575e-08
9.64412e-08
6.68793e-08
9.65605e-08
5.06791e-08
9.73061e-08
3.43224e-08
9.83016e-08
1.76177e-08
1.00592e-07
1.06152e-07
-9.15882e-09
-2.01817e-06
8.45156e-07
-2.50893e-06
1.11169e-06
-7.86603e-07
1.20694e-06
-1.6349e-07
1.20082e-06
7.2391e-08
1.13674e-06
1.64962e-07
1.03825e-06
2.20616e-07
9.22606e-07
2.66409e-07
8.03055e-07
3.03725e-07
6.88609e-07
3.31648e-07
5.84391e-07
3.49425e-07
4.93282e-07
3.56188e-07
4.16361e-07
3.52147e-07
3.53158e-07
3.38599e-07
3.02125e-07
3.17345e-07
2.60963e-07
2.91031e-07
2.27678e-07
2.61395e-07
2.00376e-07
2.30755e-07
1.77681e-07
2.00686e-07
1.58483e-07
1.72902e-07
1.41809e-07
1.4906e-07
1.26848e-07
1.30376e-07
1.12242e-07
1.18914e-07
9.75536e-08
1.12855e-07
8.21881e-08
1.11807e-07
6.63697e-08
1.12379e-07
5.02745e-08
1.13401e-07
3.40338e-08
1.14542e-07
1.74685e-08
1.17157e-07
1.23621e-07
-2.68768e-07
-1.72542e-06
-1.36934e-07
-2.64076e-06
1.00973e-07
-1.02451e-06
4.39413e-07
-5.01929e-07
8.22255e-07
-3.10451e-07
9.86979e-07
2.37914e-10
9.98147e-07
2.09448e-07
9.13165e-07
3.51391e-07
7.89837e-07
4.27054e-07
6.6307e-07
4.58414e-07
5.49525e-07
4.62969e-07
4.55047e-07
4.50666e-07
3.79061e-07
4.28133e-07
3.1917e-07
3.9849e-07
2.72856e-07
3.63659e-07
2.36723e-07
3.27163e-07
2.08488e-07
2.89631e-07
1.85683e-07
2.5356e-07
1.66874e-07
2.19495e-07
1.50897e-07
1.8888e-07
1.36763e-07
1.63194e-07
1.23824e-07
1.43314e-07
1.1041e-07
1.32327e-07
9.64825e-08
1.26783e-07
8.14391e-08
1.2685e-07
6.57853e-08
1.28032e-07
4.98027e-08
1.29384e-07
3.36958e-08
1.30649e-07
1.72943e-08
1.33558e-07
1.40915e-07
-6.41244e-08
-1.61499e-06
-6.28614e-07
-2.07627e-06
-1.58702e-07
-1.49442e-06
2.97497e-07
-9.58127e-07
8.91342e-07
-9.04296e-07
1.21803e-06
-3.26455e-07
1.15687e-06
2.70613e-07
9.65171e-07
5.43089e-07
7.81167e-07
6.11057e-07
6.27769e-07
6.11812e-07
5.01796e-07
5.88942e-07
4.03613e-07
5.48849e-07
3.29167e-07
5.02579e-07
2.74777e-07
4.5288e-07
2.36389e-07
4.02046e-07
2.0766e-07
3.55892e-07
1.86416e-07
3.10875e-07
1.69213e-07
2.70762e-07
1.55002e-07
2.33707e-07
1.427e-07
2.01182e-07
1.31342e-07
1.74551e-07
1.20626e-07
1.54031e-07
1.08469e-07
1.44484e-07
9.53621e-08
1.3989e-07
8.06241e-08
1.41588e-07
6.51303e-08
1.43526e-07
4.92636e-08
1.4525e-07
3.33078e-08
1.46605e-07
1.7095e-08
1.49771e-07
1.5801e-07
3.05383e-07
-1.92257e-06
-1.57089e-07
-1.6138e-06
5.06397e-07
-2.15791e-06
9.9963e-07
-1.45136e-06
1.35581e-06
-1.26048e-06
1.55369e-06
-5.24335e-07
1.41347e-06
4.10836e-07
1.06395e-06
8.92606e-07
7.32006e-07
9.43004e-07
5.09379e-07
8.34439e-07
3.69742e-07
7.28579e-07
2.9291e-07
6.2568e-07
2.43936e-07
5.51553e-07
2.11318e-07
4.85498e-07
1.90424e-07
4.22941e-07
1.73566e-07
3.72751e-07
1.61837e-07
3.22603e-07
1.51304e-07
2.81296e-07
1.42321e-07
2.42689e-07
1.33991e-07
2.09512e-07
1.25606e-07
1.82936e-07
1.17361e-07
1.62276e-07
1.06482e-07
1.55364e-07
9.42356e-08
1.52135e-07
7.97571e-08
1.56067e-07
6.44084e-08
1.58875e-07
4.86565e-08
1.61002e-07
3.28692e-08
1.62392e-07
1.68708e-08
1.65769e-07
1.74881e-07
2.15648e-07
-2.17306e-06
3.05028e-07
-1.70318e-06
2.51435e-07
-2.10432e-06
6.08681e-07
-1.80861e-06
7.73366e-07
-1.42516e-06
8.0432e-07
-5.55289e-07
7.27979e-07
4.87177e-07
5.80369e-07
1.04022e-06
4.26192e-07
1.09718e-06
3.23926e-07
9.36705e-07
2.3749e-07
8.15015e-07
1.90527e-07
6.72644e-07
1.60153e-07
5.81928e-07
1.45093e-07
5.00559e-07
1.4111e-07
4.26923e-07
1.36626e-07
3.77234e-07
1.3571e-07
3.2352e-07
1.32339e-07
2.84667e-07
1.29082e-07
2.45947e-07
1.24939e-07
2.13655e-07
1.19688e-07
1.88186e-07
1.14172e-07
1.67792e-07
1.04518e-07
1.65018e-07
9.31512e-08
1.63502e-07
7.8851e-08
1.70367e-07
6.36225e-08
1.74103e-07
4.79799e-08
1.76645e-07
3.23789e-08
1.77993e-07
1.66218e-08
1.81526e-07
1.91502e-07
-5.26509e-07
-1.69004e-06
-5.39732e-07
-1.68996e-06
-1.25156e-06
-1.39248e-06
-1.21803e-06
-1.84214e-06
-1.09859e-06
-1.5446e-06
-1.22283e-06
-4.31053e-07
-1.05123e-06
3.15579e-07
-6.73423e-07
6.6241e-07
-4.28679e-07
8.52438e-07
-2.23179e-07
7.31205e-07
-1.09635e-07
7.01472e-07
-3.34837e-08
5.96492e-07
2.30161e-08
5.25428e-07
5.66569e-08
4.66918e-07
8.39289e-08
3.99651e-07
9.67766e-08
3.64387e-07
1.09033e-07
3.11263e-07
1.12972e-07
2.80727e-07
1.15805e-07
2.43114e-07
1.15822e-07
2.13638e-07
1.13741e-07
1.90268e-07
1.11216e-07
1.70317e-07
1.02647e-07
1.73587e-07
9.21599e-08
1.73989e-07
7.79154e-08
1.84611e-07
6.27743e-08
1.89244e-07
4.72307e-08
1.92188e-07
3.18355e-08
1.93388e-07
1.63483e-08
1.97014e-07
2.07851e-07
-8.92405e-07
-8.68186e-07
-1.21532e-06
-1.36704e-06
-1.34258e-06
-1.26523e-06
-1.56127e-06
-1.62345e-06
-1.59533e-06
-1.51054e-06
-1.59909e-06
-4.27292e-07
-1.41483e-06
1.31326e-07
-9.30052e-07
1.7763e-07
-6.90173e-07
6.12559e-07
-4.31355e-07
4.72387e-07
-2.79981e-07
5.50099e-07
-1.56272e-07
4.72783e-07
-6.68995e-08
4.36055e-07
-1.35823e-08
4.13601e-07
3.52222e-08
3.50847e-07
5.97513e-08
3.39857e-07
8.43871e-08
2.86627e-07
9.39895e-08
2.71125e-07
1.03155e-07
2.33949e-07
1.06906e-07
2.09887e-07
1.07858e-07
1.89316e-07
1.0866e-07
1.69515e-07
1.00917e-07
1.81331e-07
9.13128e-08
1.83593e-07
7.69531e-08
1.98971e-07
6.18635e-08
2.04334e-07
4.64044e-08
2.07647e-07
3.12375e-08
2.08555e-07
1.60506e-08
2.122e-07
2.23901e-07
3.42908e-08
-9.43328e-07
4.14795e-08
-1.37423e-06
2.46425e-07
-1.47017e-06
-1.96741e-07
-1.18029e-06
-7.20257e-07
-9.87028e-07
-6.77151e-07
-4.70399e-07
-7.40784e-07
1.9496e-07
-6.67041e-07
1.03886e-07
-5.08037e-07
4.53556e-07
-4.51957e-07
4.16306e-07
-3.10701e-07
4.08843e-07
-2.31408e-07
3.93489e-07
-1.29435e-07
3.34083e-07
-6.54154e-08
3.4958e-07
-5.9596e-09
2.91391e-07
3.04378e-08
3.0346e-07
6.30481e-08
2.54017e-07
7.63117e-08
2.57862e-07
9.17848e-08
2.18476e-07
9.83496e-08
2.03323e-07
1.02229e-07
1.85437e-07
1.06679e-07
1.65065e-07
9.93045e-08
1.88705e-07
9.06583e-08
1.92239e-07
7.59529e-08
2.13676e-07
6.08881e-08
2.19398e-07
4.54941e-08
2.23041e-07
3.0583e-08
2.23466e-07
1.57291e-08
2.27054e-07
2.39631e-07
6.68198e-08
-1.03441e-06
-3.73864e-07
-9.33549e-07
-8.38473e-07
-1.00556e-06
-1.08025e-06
-9.38508e-07
-1.25009e-06
-8.17189e-07
-1.25973e-06
-4.60756e-07
-8.66384e-07
-1.98389e-07
-1.08301e-06
3.20515e-07
-8.61901e-07
2.32443e-07
-5.95931e-07
1.50336e-07
-4.50071e-07
2.62983e-07
-3.20223e-07
2.63641e-07
-1.89626e-07
2.03485e-07
-1.12165e-07
2.7212e-07
-3.4431e-08
2.13656e-07
8.73545e-09
2.60293e-07
4.59912e-08
2.16761e-07
6.1746e-08
2.42107e-07
8.20951e-08
1.98127e-07
9.00614e-08
1.95357e-07
9.72908e-08
1.78208e-07
1.05446e-07
1.5691e-07
9.7962e-08
1.96189e-07
9.02393e-08
1.99962e-07
7.48724e-08
2.29043e-07
5.98444e-08
2.34426e-07
4.44891e-08
2.38396e-07
2.98702e-08
2.38085e-07
1.53848e-08
2.4154e-07
2.55015e-07
-9.08321e-07
-2.23556e-07
-1.54779e-06
-2.9408e-07
-2.10925e-06
-4.44105e-07
-2.30612e-06
-7.41637e-07
-1.8215e-06
-1.30181e-06
-1.46418e-06
-8.18076e-07
-8.78433e-07
-7.84135e-07
-1.07921e-06
5.21291e-07
-1.08191e-06
2.35149e-07
-6.76286e-07
-2.55292e-07
-4.17393e-07
4.09035e-09
-3.45962e-07
1.9221e-07
-2.0383e-07
6.13528e-08
-1.20487e-07
1.88777e-07
-5.10723e-08
1.44242e-07
-3.02402e-09
2.12245e-07
3.17189e-08
1.82018e-07
4.99325e-08
2.23894e-07
7.38991e-08
1.7416e-07
8.20354e-08
1.87221e-07
9.33545e-08
1.66889e-07
1.05135e-07
1.4513e-07
9.73059e-08
2.04018e-07
9.00803e-08
2.07188e-07
7.37101e-08
2.45413e-07
5.87295e-08
2.49407e-07
4.33826e-08
2.53743e-07
2.90975e-08
2.5237e-07
1.50186e-08
2.55618e-07
2.70034e-07
-6.35994e-07
3.39864e-07
-4.29278e-07
-5.00796e-07
-2.8867e-07
-5.84713e-07
-9.13339e-07
-1.16969e-07
-1.38487e-06
-8.30272e-07
-8.16003e-07
-1.38695e-06
-6.1601e-07
-9.84128e-07
-7.01072e-07
6.06353e-07
-9.1927e-07
4.53347e-07
-6.1013e-07
-5.64432e-07
-3.79303e-07
-2.26737e-07
-3.49234e-07
1.62142e-07
-1.93847e-07
-9.40345e-08
-1.23099e-07
1.18029e-07
-4.22557e-08
6.33992e-08
2.3099e-09
1.6768e-07
3.49433e-08
1.49385e-07
4.48149e-08
2.14022e-07
6.88218e-08
1.50154e-07
7.53311e-08
1.80712e-07
9.06536e-08
1.51566e-07
1.0596e-07
1.29824e-07
9.75187e-08
2.12459e-07
9.01775e-08
2.14529e-07
7.25802e-08
2.6301e-07
5.75395e-08
2.64448e-07
4.21773e-08
2.69105e-07
2.8264e-08
2.66283e-07
1.46319e-08
2.6925e-07
2.84666e-07
5.20127e-09
2.91524e-07
-1.56239e-07
-3.39355e-07
-7.49397e-07
8.44391e-09
-9.41512e-07
7.51466e-08
-1.36242e-06
-4.09368e-07
-1.16048e-06
-1.58889e-06
-1.03377e-06
-1.11083e-06
-7.61803e-07
3.34382e-07
-6.13749e-07
3.05293e-07
-5.20115e-07
-6.58066e-07
-4.47074e-07
-2.99778e-07
-2.13143e-07
-7.17878e-08
-1.73406e-07
-1.33772e-07
-7.95325e-08
2.41561e-08
-5.16435e-08
3.55103e-08
-9.89346e-09
1.2593e-07
1.14196e-08
1.28072e-07
2.93826e-08
1.9606e-07
5.66031e-08
1.22933e-07
6.68503e-08
1.70465e-07
8.92881e-08
1.29129e-07
1.08168e-07
1.10944e-07
9.86931e-08
2.21934e-07
9.05107e-08
2.22711e-07
7.15337e-08
2.81987e-07
5.62589e-08
2.79722e-07
4.08682e-08
2.84495e-07
2.73685e-08
2.79783e-07
1.42265e-08
2.82392e-07
2.98892e-07
5.07876e-07
-1.99472e-07
2.45714e-07
-7.71933e-08
-2.71359e-07
5.25517e-07
-3.15426e-07
1.19214e-07
-4.44277e-07
-2.80516e-07
-9.94617e-07
-1.03855e-06
-1.19761e-06
-9.07838e-07
-7.10855e-07
-1.52373e-07
-3.02955e-07
-1.02607e-07
-3.50813e-07
-6.10208e-07
-3.10624e-07
-3.39966e-07
-1.39475e-07
-2.42937e-07
-1.19778e-07
-1.53469e-07
-4.24928e-08
-5.31289e-08
2.27619e-09
-9.25864e-09
4.00935e-08
8.81126e-08
5.35818e-08
1.14584e-07
4.09933e-08
2.08648e-07
6.86592e-08
9.52677e-08
6.87337e-08
1.7039e-07
9.01365e-08
1.07726e-07
1.12198e-07
8.88831e-08
1.00964e-07
2.33168e-07
9.10477e-08
2.32627e-07
7.05458e-08
3.02488e-07
5.48511e-08
2.95417e-07
3.94492e-08
2.99897e-07
2.64095e-08
2.92823e-07
1.38045e-08
2.94997e-07
3.12697e-07
-3.57119e-07
3.0534e-08
-2.05983e-07
-2.28329e-07
6.98094e-07
-3.7856e-07
8.45479e-07
-2.81718e-08
7.62473e-07
-1.9751e-07
2.94775e-07
-5.7085e-07
-3.31865e-07
-2.81198e-07
-1.70595e-07
-3.13643e-07
1.05152e-07
-3.78353e-07
6.14548e-08
-5.66511e-07
-1.7877e-08
-2.60634e-07
2.46526e-08
-2.85466e-07
-6.73267e-09
-1.22084e-07
2.26298e-08
-8.24913e-08
-9.82522e-09
2.31964e-08
1.14132e-09
7.71462e-08
-2.09805e-09
1.17824e-07
5.64873e-09
2.00902e-07
3.16926e-08
6.92239e-08
4.98042e-08
1.52279e-07
8.45022e-08
7.30279e-08
1.17043e-07
5.63425e-08
1.04463e-07
2.45748e-07
9.17301e-08
2.4536e-07
6.95573e-08
3.24661e-07
5.32568e-08
3.11718e-07
3.79126e-08
3.15241e-07
2.5383e-08
3.05353e-07
1.33689e-08
3.07011e-07
3.26066e-07
-8.54132e-07
6.74912e-07
-8.54364e-07
-2.28085e-07
-4.20745e-07
-8.12153e-07
-5.893e-08
-3.89987e-07
1.09644e-07
-3.66083e-07
-5.33973e-08
-4.07809e-07
-7.53718e-08
-2.59223e-07
9.43141e-08
-4.83329e-07
2.49759e-07
-5.33798e-07
7.22088e-08
-3.88962e-07
5.29128e-08
-2.41339e-07
3.5829e-08
-2.68383e-07
4.33302e-08
-1.29585e-07
5.69861e-08
-9.61473e-08
1.01377e-07
-2.11947e-08
1.11014e-07
6.75091e-08
9.52862e-08
1.33552e-07
4.03226e-08
2.55865e-07
7.71746e-08
3.23718e-08
6.46423e-08
1.64811e-07
9.85904e-08
3.90798e-08
1.28757e-07
2.6176e-08
1.09674e-07
2.6483e-07
9.24889e-08
2.62546e-07
6.84859e-08
3.48664e-07
5.14033e-08
3.288e-07
3.62487e-08
3.30396e-07
2.42805e-08
3.17321e-07
1.29235e-08
3.18368e-07
3.38989e-07
9.4731e-08
5.20941e-07
-5.03447e-08
-8.30098e-08
-8.59193e-07
-3.07237e-09
-8.52378e-07
-3.96803e-07
-7.32294e-07
-4.86162e-07
-6.28406e-07
-5.11692e-07
-1.63866e-07
-7.23756e-07
1.38747e-07
-7.85924e-07
4.04915e-07
-7.99958e-07
3.28011e-07
-3.12058e-07
2.80967e-07
-1.94295e-07
1.85846e-07
-1.73261e-07
1.46179e-07
-8.99183e-08
1.04703e-07
-5.46704e-08
2.51899e-08
5.83181e-08
5.02633e-09
8.76728e-08
-2.45785e-08
1.63157e-07
-3.82108e-08
2.69498e-07
-6.69998e-09
8.60833e-10
2.99849e-08
1.28126e-07
7.14704e-08
-2.40581e-09
1.30652e-07
-3.30061e-08
1.1631e-07
2.79173e-07
9.31037e-08
2.85752e-07
6.72169e-08
3.7455e-07
4.92174e-08
3.468e-07
3.44447e-08
3.45168e-07
2.30879e-08
3.28678e-07
1.24743e-08
3.28982e-07
3.51464e-07
-3.7626e-08
-9.98208e-08
7.81378e-08
-1.68106e-07
-2.44648e-07
3.19948e-07
-1.31005e-07
-5.00258e-07
-1.52218e-08
-5.24226e-07
-1.39236e-08
-3.88678e-07
-7.5489e-08
-3.48573e-07
2.01884e-07
-7.04009e-07
3.79268e-07
-8.238e-07
3.59618e-07
-2.92398e-07
3.49378e-07
-1.84054e-07
2.25625e-07
-4.95085e-08
2.34624e-07
-9.89177e-08
1.6526e-07
1.4694e-08
2.4045e-07
-1.68716e-08
2.2657e-07
1.01553e-07
1.39852e-07
2.49874e-07
3.62499e-08
3.731e-07
8.2623e-08
-4.55123e-08
5.99604e-08
1.50789e-07
1.09644e-07
-5.20893e-08
1.63216e-07
-8.65782e-08
1.25996e-07
3.16393e-07
9.36233e-08
3.18124e-07
6.56071e-08
4.02567e-07
4.66319e-08
3.65775e-07
3.24849e-08
3.59315e-07
2.17884e-08
3.39374e-07
1.20283e-08
3.38742e-07
3.63492e-07
-2.2604e-08
8.85489e-08
-1.67989e-07
7.18262e-11
5.8761e-07
-2.07661e-07
4.5588e-07
-4.00669e-08
1.43434e-07
-5.69368e-08
-5.45011e-10
-7.2979e-09
1.882e-08
-7.97983e-09
2.19508e-07
-1.59948e-08
1.12302e-07
-6.03919e-08
4.69113e-07
-2.37996e-07
3.87103e-07
-9.39923e-08
2.86708e-07
5.08873e-08
1.93733e-07
-5.9433e-09
1.46514e-07
6.19129e-08
-9.6141e-10
1.30604e-07
-1.19163e-08
1.12508e-07
-6.4798e-08
3.02756e-07
-1.49891e-07
4.58193e-07
-6.49369e-08
-1.30467e-07
8.25625e-09
7.75953e-08
7.19814e-08
-1.15815e-07
1.54204e-07
-1.68801e-07
1.38582e-07
3.32016e-07
9.31442e-08
3.63562e-07
6.34244e-08
4.32286e-07
4.35781e-08
3.85621e-07
3.03502e-08
3.72543e-07
2.03627e-08
3.49362e-07
1.15922e-08
3.47512e-07
3.75084e-07
3.27809e-08
4.08295e-08
1.65098e-08
4.02469e-09
4.2025e-08
-1.1504e-07
6.80079e-08
-2.65309e-10
2.58299e-07
2.10651e-08
7.95392e-09
-1.78835e-08
-1.37079e-09
-1.54447e-09
-1.82989e-08
-1.11002e-11
-7.75307e-08
-1.26065e-09
-9.15339e-08
-3.78913e-10
2.84087e-07
-1.6381e-07
1.39612e-07
1.95396e-07
2.738e-07
-1.40062e-07
2.36346e-07
9.93667e-08
4.13604e-07
-4.66533e-08
4.16775e-07
1.09337e-07
1.52338e-07
5.67193e-07
2.61112e-08
5.8442e-07
7.9746e-08
-1.84102e-07
4.89876e-08
1.08354e-07
1.19516e-07
-1.86343e-07
2.25201e-07
-2.74487e-07
1.54168e-07
4.03049e-07
9.28264e-08
4.24903e-07
6.04324e-08
4.6468e-07
4.00226e-08
4.06031e-07
2.80446e-08
3.84521e-07
1.88225e-08
3.58584e-07
1.11806e-08
3.55154e-07
3.86265e-07
-2.93608e-08
-1.23525e-08
1.61647e-07
-3.69955e-07
8.19061e-10
-2.53197e-08
4.10264e-09
-5.45884e-09
2.49975e-08
4.07204e-10
1.86721e-08
-8.79657e-10
2.38473e-09
3.99253e-10
1.77811e-09
4.37697e-10
4.97953e-10
-1.4606e-11
1.05445e-10
-2.29557e-11
4.28235e-07
-2.33773e-07
1.1133e-06
-9.48345e-08
6.96973e-07
2.76308e-07
2.35705e-07
5.60635e-07
-1.38613e-07
3.27665e-07
3.75807e-08
-6.68564e-08
-9.36613e-09
6.14139e-07
-4.19234e-07
9.94287e-07
-1.7966e-07
-4.23676e-07
-3.80976e-09
-6.74965e-08
7.08107e-08
-2.60963e-07
1.98464e-07
-4.02141e-07
1.77658e-07
4.23856e-07
8.8261e-08
5.143e-07
5.60828e-08
4.96859e-07
3.57873e-08
4.26327e-07
2.54529e-08
3.94856e-07
1.70213e-08
3.67015e-07
1.07605e-08
3.61415e-07
3.97025e-07
1.00465e-08
-2.65862e-07
-1.24211e-07
-4.28836e-07
-9.98493e-09
-2.10916e-07
-1.14751e-09
-1.40818e-08
8.5218e-10
-1.39616e-10
5.39999e-10
1.69194e-11
8.32997e-10
-2.08451e-10
8.72907e-10
6.68059e-11
7.64046e-10
6.63346e-11
1.2351e-10
5.79779e-10
-4.75503e-07
2.59072e-07
-3.30526e-07
-2.39715e-07
-2.88736e-07
2.34615e-07
-1.87799e-07
4.59698e-07
4.4715e-07
-3.07284e-07
6.71015e-07
-2.90722e-07
4.12338e-08
1.24392e-06
-8.34384e-08
1.11896e-06
4.78733e-08
-5.54987e-07
3.37755e-08
-5.33988e-08
1.43287e-07
-3.70475e-07
3.26346e-07
-5.85199e-07
1.98809e-07
5.51392e-07
8.50756e-08
6.28033e-07
5.0217e-08
5.31717e-07
3.12299e-08
4.45314e-07
2.30035e-08
4.03082e-07
1.5553e-08
3.74466e-07
1.04805e-08
3.66487e-07
4.07506e-07
5.33313e-07
-4.8649e-07
1.85346e-07
-1.04308e-07
-2.06224e-08
-7.80273e-08
-2.65682e-09
-3.27404e-08
3.14558e-10
-3.11423e-09
4.40581e-10
-8.99796e-11
1.48944e-10
9.75841e-11
-5.02962e-11
2.38778e-10
1.0158e-10
-1.07946e-10
-3.18734e-08
3.25299e-08
-1.23797e-07
5.85273e-08
6.96853e-07
-1.21865e-06
2.0066e-06
-1.07507e-06
7.03163e-07
1.76313e-06
-7.15009e-07
1.11089e-06
2.03829e-07
-1.20956e-06
2.80336e-07
1.16741e-06
-1.13604e-06
2.53534e-06
-4.55144e-07
-1.23589e-06
1.86561e-08
-5.27199e-07
6.64441e-08
-4.18263e-07
2.92645e-07
-8.114e-07
2.44448e-07
5.99589e-07
7.07024e-08
8.01779e-07
4.10896e-08
5.6133e-07
2.5274e-08
4.61129e-07
1.95331e-08
4.08823e-07
1.2626e-08
3.81373e-07
1.0087e-08
3.69026e-07
4.17593e-07
-8.31691e-08
-5.74573e-08
-1.87276e-07
-9.69554e-08
-1.42967e-07
-2.38212e-07
-2.58629e-08
-1.75004e-07
-2.05262e-09
-2.53238e-08
-3.2457e-10
-1.94853e-09
-2.72886e-09
2.52353e-09
-2.64651e-08
2.39776e-08
-4.4757e-08
1.80611e-08
-5.40827e-07
7.5699e-08
-1.48203e-06
5.16533e-07
-3.68221e-07
-2.31805e-06
3.69935e-07
-1.81319e-06
1.01685e-06
1.11623e-06
-6.72805e-07
2.80054e-06
-5.2837e-07
-1.35207e-06
-5.80719e-07
1.21976e-06
-3.10053e-07
2.26517e-06
-3.5341e-07
-1.12457e-06
-2.86781e-07
-5.93827e-07
2.56265e-07
-9.61299e-07
4.86348e-07
-1.04148e-06
2.55523e-07
8.30414e-07
6.73903e-08
9.89912e-07
2.98062e-08
5.98914e-07
2.02277e-08
4.70708e-07
1.84756e-08
4.10575e-07
1.36508e-08
3.86198e-07
1.3711e-08
3.68966e-07
4.31304e-07
6.86715e-08
-5.32778e-08
1.94762e-07
-4.50896e-08
1.04967e-07
1.36487e-08
4.79329e-10
-9.22046e-08
-1.98832e-07
-2.38996e-07
-8.73546e-08
-1.54217e-07
-3.7318e-08
3.6248e-08
4.91415e-08
2.68469e-07
9.51824e-08
6.36637e-08
2.35172e-07
5.32455e-08
2.65215e-07
1.36687e-06
-3.85134e-06
1.95782e-06
-4.83014e-06
-5.16651e-08
-1.61196e-06
-2.55478e-07
3.31355e-07
4.63344e-07
-3.25935e-06
2.28441e-06
-1.96851e-06
1.2472e-07
3.44818e-06
-3.77747e-06
5.81724e-07
1.82891e-06
4.52685e-07
-3.71711e-07
2.2446e-06
-9.71463e-07
3.37081e-07
1.05761e-06
3.15135e-07
8.5236e-07
3.39754e-08
1.27107e-06
7.64497e-09
6.25245e-07
8.76467e-09
4.69588e-07
9.38321e-09
4.09956e-07
2.31355e-08
3.72446e-07
-1.11518e-07
5.0362e-07
3.19786e-07
-1.69835e-07
-9.69237e-09
3.53446e-08
2.5165e-07
-4.66517e-09
3.71441e-07
-5.36555e-09
3.33891e-07
-3.6035e-09
3.94991e-07
-1.02587e-08
4.82995e-07
-1.56322e-07
1.23919e-06
-6.75246e-07
4.19809e-07
-1.25643e-06
1.31063e-06
-9.69301e-07
-1.88939e-06
-7.83753e-07
2.6951e-07
-2.2773e-07
1.24614e-06
-5.94501e-07
-9.87054e-07
-6.4364e-07
-2.48714e-06
-4.45566e-08
1.19372e-06
1.53159e-07
4.09226e-07
4.08737e-09
1.82148e-09
1.38664e-07
-2.55818e-08
4.45451e-07
-7.69145e-07
2.04784e-07
-2.01818e-06
1.29357e-07
-1.6877e-06
3.00541e-07
2.16552e-06
3.37617e-07
8.3644e-07
1.23887e-07
4.83922e-07
1.40272e-07
9.87711e-08
1.85488e-07
7.113e-08
1.41537e-07
6.31909e-08
1.89517e-07
-3.67183e-07
7.23604e-09
-6.0575e-07
-9.74247e-08
-1.16644e-08
-4.55378e-08
-4.50189e-11
1.55248e-08
3.61008e-10
-1.95134e-08
2.05564e-07
-2.15877e-08
2.39828e-07
-1.66456e-08
3.90049e-07
-1.2067e-08
4.78416e-07
-1.74161e-07
1.40129e-06
-7.68923e-07
1.01457e-06
-1.36164e-06
1.90349e-06
-1.09018e-06
-2.01254e-06
-8.68091e-07
1.52343e-07
-1.35528e-07
5.01881e-07
-4.81245e-07
-4.1693e-07
-5.34665e-07
-2.43479e-06
-3.64837e-08
6.94192e-07
4.26637e-08
5.76193e-08
1.0867e-08
1.12034e-09
6.81071e-08
-1.2799e-08
4.6181e-07
-6.44613e-07
1.68693e-07
-1.72312e-06
7.95573e-08
-1.59742e-06
2.93176e-07
1.95226e-06
2.41606e-07
8.7317e-07
1.13436e-07
6.16584e-07
2.06493e-07
1.02577e-07
3.4902e-07
-4.87857e-08
4.00281e-07
1.04053e-08
3.30343e-07
-2.97331e-07
1.28293e-07
-7.34692e-07
-3.02898e-08
1.41683e-08
-5.24036e-10
-7.31494e-11
-6.83095e-09
-3.23173e-10
-3.99116e-08
-1.79133e-08
-9.90296e-08
1.78143e-08
-1.34133e-07
1.30673e-07
-7.20753e-08
2.62519e-07
-2.01355e-07
1.53057e-06
-8.92526e-07
1.70613e-06
-8.42697e-07
2.0958e-06
-8.00506e-07
-6.92911e-07
-5.33051e-07
1.01342e-07
-3.74081e-08
1.85334e-07
-2.74602e-07
-5.22275e-08
-4.76082e-07
-1.08117e-06
-3.98506e-08
2.67171e-07
7.58801e-08
-1.76613e-07
2.3508e-08
3.40431e-09
1.1531e-08
-9.38709e-10
2.00173e-07
-3.38253e-07
9.20871e-08
-1.46429e-06
4.33233e-08
-1.54835e-06
3.44464e-07
1.65122e-06
3.23697e-07
9.00622e-07
2.60627e-07
7.69815e-07
3.48781e-07
3.17434e-08
5.2349e-07
-2.23268e-07
5.78982e-07
-4.80278e-08
5.16627e-07
-2.3492e-07
-4.13164e-09
-5.1925e-07
-5.87579e-08
-2.87403e-09
-6.34488e-10
-5.08139e-11
-4.03099e-09
8.08745e-10
-1.02033e-07
-3.07417e-09
-3.42108e-07
9.11489e-09
-4.36391e-07
4.6598e-08
-3.58207e-07
4.36775e-08
-2.93164e-07
1.41279e-06
-8.90984e-07
2.3126e-06
-9.9339e-08
1.58308e-06
-7.11932e-08
-3.89986e-07
-1.2384e-07
3.35023e-09
1.61107e-08
1.82614e-07
5.01471e-09
-5.03667e-08
-7.34021e-08
-1.58504e-07
-4.22993e-08
2.20231e-07
1.43714e-08
-1.12584e-07
2.17803e-08
-4.65682e-09
1.13902e-08
6.95082e-09
7.53112e-08
-1.62033e-07
1.91822e-07
-1.4234e-06
9.8152e-08
-1.45455e-06
4.14107e-07
1.33534e-06
5.19688e-07
7.95139e-07
5.55268e-07
7.34729e-07
6.65032e-07
-7.63092e-08
6.82224e-07
-2.40303e-07
6.85326e-07
-5.1063e-08
5.85445e-07
-1.34985e-07
1.09692e-07
-2.51162e-07
-8.7964e-08
-1.41791e-10
-7.99481e-10
1.62127e-12
-6.42407e-08
7.53695e-09
-2.94937e-07
-2.7381e-08
-4.30184e-07
-8.63726e-09
-5.80902e-07
-5.15387e-09
-6.96548e-07
-1.06809e-07
-5.56513e-07
1.07953e-06
-1.11584e-06
2.88704e-06
-8.15389e-08
7.79395e-07
5.97323e-08
-6.29591e-07
3.47603e-08
-9.96393e-09
-1.55917e-09
3.73831e-07
-5.73997e-09
-5.68534e-08
-1.36058e-07
-1.00984e-07
-1.25784e-09
2.92747e-08
1.44743e-08
-1.48262e-07
1.50194e-08
-1.72807e-09
-4.36267e-09
3.25145e-08
2.74435e-08
-1.79229e-07
2.13089e-07
-1.48632e-06
1.74756e-08
-1.25885e-06
2.93492e-07
1.0594e-06
5.01349e-07
5.84992e-07
6.0638e-07
6.27183e-07
6.8248e-07
-1.52427e-07
6.2491e-07
-1.83623e-07
4.97887e-07
7.60252e-08
4.54772e-07
-9.18075e-08
1.56161e-07
-8.64967e-08
-4.07068e-08
-1.70609e-09
-7.23167e-09
1.22496e-09
-9.82163e-09
1.98285e-10
-6.56752e-10
-2.07734e-09
-9.78837e-09
-4.58976e-10
-6.15022e-08
-5.23859e-09
-5.78196e-07
-1.50223e-07
-7.86196e-07
6.47533e-07
-1.11076e-06
3.26847e-06
-6.71541e-07
6.76148e-07
2.74204e-08
-4.64973e-07
2.96188e-08
-2.3726e-10
-9.34831e-09
1.85411e-07
-6.10433e-08
-1.57482e-08
-1.70548e-07
-1.81615e-09
3.52723e-08
-1.15745e-07
4.38517e-09
-1.20571e-07
8.51944e-09
-1.55105e-09
2.81513e-08
2.4619e-08
1.1605e-07
-2.04428e-07
3.00153e-07
-1.56985e-06
-8.20298e-09
-9.50411e-07
-1.38301e-08
1.06511e-06
3.53934e-07
2.1556e-07
6.59199e-07
3.17807e-07
6.11484e-07
-1.04742e-07
5.19738e-07
-9.04762e-08
5.53716e-07
4.2114e-08
5.16518e-07
-5.45459e-08
1.97296e-07
3.29977e-08
-2.82365e-10
-2.55009e-10
-4.97081e-09
3.86568e-10
-1.64866e-09
9.9624e-10
-3.12839e-10
-5.98968e-10
-8.81953e-10
-1.72702e-10
-6.80017e-08
-4.84745e-10
-5.27922e-07
-1.76331e-07
-8.72468e-07
3.78478e-07
-7.90698e-07
3.19657e-06
-5.38749e-08
1.98855e-07
2.65443e-09
-4.21109e-07
1.36273e-08
3.73563e-12
-5.31948e-09
3.04257e-09
-2.35787e-08
-3.42068e-08
-4.65225e-09
-2.37873e-07
-6.50425e-09
-2.86726e-08
-3.46068e-09
-2.83832e-08
2.38547e-10
-1.78601e-09
2.42976e-08
9.00745e-09
5.08843e-07
-3.80419e-07
3.53446e-07
-1.36004e-06
3.39252e-08
-6.36672e-07
1.74178e-07
9.21902e-07
4.14764e-07
-2.50155e-08
6.51659e-07
7.22615e-08
6.81254e-07
-1.30103e-07
5.88418e-07
1.25308e-08
5.74725e-07
5.60202e-08
6.35185e-07
-1.1494e-07
1.64531e-07
3.90215e-07
3.81917e-08
-8.63944e-11
-2.10919e-09
-6.86708e-11
-5.52874e-10
-1.36319e-10
-8.47709e-11
-3.05696e-11
-4.08423e-10
-5.49646e-11
-3.65968e-09
-5.69183e-10
-3.0092e-07
-1.48767e-07
-9.06246e-07
2.35721e-07
-3.8973e-07
2.88965e-06
1.20938e-08
7.01093e-07
5.82172e-09
-4.26e-07
4.68766e-09
1.01053e-10
1.85886e-09
9.37829e-10
4.63395e-10
-1.13819e-07
-1.09105e-08
-1.97288e-07
1.08998e-10
-4.68452e-08
-5.89068e-09
-1.57055e-08
4.08815e-10
-1.19152e-09
9.72188e-09
2.60334e-09
2.39398e-07
-3.19891e-07
2.59962e-07
-1.34186e-06
2.32602e-07
-6.1619e-07
5.07863e-07
6.4319e-07
3.63196e-07
2.34582e-08
3.23769e-07
6.903e-08
3.95716e-07
-1.63134e-07
4.37401e-07
-1.07215e-08
4.38688e-07
5.52246e-08
2.04603e-07
6.75521e-08
8.17117e-08
3.243e-07
7.02818e-08
-1.3481e-09
-6.87289e-11
-1.53699e-12
-4.7014e-13
1.81483e-12
-3.11537e-11
-2.94994e-13
-7.7438e-11
-1.13475e-11
-9.86963e-10
2.17768e-10
-3.44179e-07
-7.38609e-08
-9.58406e-07
1.52395e-07
-5.92693e-07
2.63286e-06
-3.46547e-07
2.06423e-06
7.48763e-09
-1.67185e-06
7.97398e-10
-4.97417e-11
1.02878e-09
-3.17804e-10
6.19643e-10
-1.48247e-09
-2.01102e-08
-1.44933e-07
2.99293e-09
-1.47846e-07
1.83971e-09
-4.85525e-08
3.82683e-09
-2.6005e-09
4.70105e-09
2.81182e-09
4.30621e-07
-5.85541e-07
3.7268e-07
-1.1934e-06
3.02425e-07
-5.51959e-07
5.2486e-07
3.52634e-07
2.15997e-07
1.09976e-07
1.65366e-07
6.81896e-08
2.79395e-07
-2.022e-07
3.22321e-07
-3.55848e-08
3.70381e-07
-1.68964e-08
1.73311e-07
1.80723e-07
1.33349e-07
2.46876e-07
1.33142e-07
-7.20179e-10
-1.51893e-12
-3.40555e-14
-5.20454e-14
8.04188e-15
-4.95963e-13
-3.85167e-14
-8.21417e-12
-4.02852e-12
1.70706e-10
2.33637e-11
-9.68091e-08
-5.38024e-08
-9.20377e-07
6.33908e-08
-8.47169e-07
2.24162e-06
-6.67479e-07
3.23938e-06
-3.92593e-09
-2.37629e-06
-1.39458e-09
-2.19961e-10
9.3281e-10
-5.37364e-10
1.66173e-09
-1.70341e-09
-4.72762e-08
-2.10131e-08
-4.83771e-08
-1.19996e-07
1.65311e-08
-2.38967e-07
5.41394e-09
-9.43954e-10
7.32996e-09
1.64615e-09
5.80304e-07
2.21047e-07
4.0421e-07
-6.88297e-07
2.13971e-07
-3.54202e-07
6.59697e-07
-2.09316e-07
2.89967e-07
1.28425e-07
3.15653e-07
4.91129e-08
5.5297e-07
-1.86217e-07
3.81753e-07
1.5369e-07
2.68871e-07
2.64572e-08
1.04564e-08
4.11619e-07
-6.25292e-09
2.76611e-07
4.63223e-08
7.60422e-12
-3.39956e-14
-3.95172e-16
-8.01876e-15
9.98274e-16
-4.75584e-14
-2.79035e-15
-3.79576e-12
-3.88729e-13
-1.36412e-10
1.42327e-10
-1.74525e-07
-8.3205e-09
-9.35649e-07
-4.23013e-08
-9.96897e-07
1.70541e-06
-4.20955e-07
3.03612e-06
-1.71091e-09
-4.87217e-09
-1.76927e-10
-1.56921e-10
4.08854e-10
4.92496e-10
-6.86684e-09
-4.14448e-10
1.51275e-09
-5.25423e-08
5.46391e-09
-9.49867e-08
-3.92777e-09
-1.99199e-07
4.53611e-10
-3.56262e-09
2.60445e-09
6.01254e-10
2.04822e-07
2.28199e-07
4.21825e-07
-3.03677e-07
5.60457e-07
-1.11409e-07
6.49373e-07
-2.54024e-07
2.97829e-07
1.30665e-07
3.58615e-07
3.66216e-08
6.53886e-07
-1.42838e-07
4.91224e-07
3.5949e-07
2.87179e-07
1.29287e-07
3.20062e-08
7.18017e-07
-4.96236e-08
4.59199e-07
3.12538e-08
-2.84399e-09
-8.50018e-16
2.38541e-16
-1.16662e-16
5.48063e-16
-4.5214e-15
-1.13207e-16
-3.15134e-13
-7.92018e-14
5.73901e-11
4.76183e-12
-7.1586e-09
-2.31678e-09
-7.80176e-07
3.359e-09
-9.41952e-07
1.33488e-06
-1.36451e-09
1.72371e-06
8.80369e-11
-4.41232e-09
1.44128e-10
-1.72569e-10
2.90003e-10
1.06705e-09
-4.09682e-08
1.77793e-08
3.61916e-08
-4.79994e-08
3.31563e-08
-9.57025e-08
-5.01386e-10
-7.07938e-08
-3.63129e-09
-5.72389e-10
1.76668e-08
-2.59019e-11
8.39394e-08
3.83215e-07
3.31014e-08
-4.52484e-08
2.75308e-07
-1.41492e-07
2.63458e-07
-1.27459e-07
2.49668e-07
1.22623e-08
3.05155e-07
2.79009e-08
6.79843e-07
-6.61683e-08
7.06377e-07
3.44161e-07
3.6387e-07
2.28572e-07
-1.38657e-10
1.0941e-06
-8.60917e-09
3.64466e-07
3.84366e-07
-1.99302e-08
-2.27428e-17
4.69062e-17
-1.71986e-17
8.52266e-16
-1.76862e-16
-3.17754e-17
-7.73859e-14
-3.59548e-15
-7.28189e-12
1.16588e-11
-2.11427e-09
-3.2501e-10
-6.69832e-07
1.07591e-08
-9.50874e-07
8.45775e-07
-1.85971e-08
1.17443e-06
-1.4617e-10
-2.27521e-08
-2.21253e-10
-4.4053e-11
2.9709e-10
7.4943e-10
2.84135e-08
-9.90999e-09
-1.25086e-08
-2.24359e-08
5.6256e-10
-5.388e-08
2.12319e-10
-1.63584e-08
8.36769e-11
-5.94722e-10
4.09085e-09
-4.16945e-09
2.51453e-08
2.18479e-07
-9.15727e-09
-1.40737e-08
9.31006e-08
-1.03017e-07
7.90016e-08
-6.25982e-08
1.04808e-07
3.03753e-09
1.36868e-07
-2.22943e-08
3.85981e-07
7.11383e-10
3.98682e-07
3.49606e-08
2.41338e-07
6.04652e-08
1.71691e-07
1.11307e-06
3.92616e-08
1.69152e-07
2.27998e-07
1.69392e-07
-1.18485e-18
7.46131e-18
8.78373e-20
7.07275e-17
-8.68611e-17
-1.54624e-17
-4.1654e-15
-4.10322e-17
1.15267e-11
1.1251e-13
-3.05314e-10
-1.54775e-11
-2.74929e-07
-4.54522e-09
-9.63686e-07
3.51131e-07
-5.97392e-08
7.46424e-07
-9.35513e-11
-1.48757e-11
-1.18791e-10
-1.2045e-11
1.02466e-10
5.61655e-10
6.83191e-09
-4.8738e-09
-2.68715e-08
2.25046e-08
-1.18367e-08
-3.16169e-08
-3.62823e-10
5.74073e-10
-9.70626e-10
-2.71024e-10
-6.02441e-09
-2.49876e-09
8.02466e-09
6.59413e-09
-2.39147e-09
-1.53993e-09
5.1954e-09
-6.48033e-09
6.57709e-08
-5.34852e-08
1.08473e-07
-1.8257e-08
1.23384e-07
-6.01691e-08
9.11202e-08
-2.05979e-09
1.00076e-07
-9.90262e-09
1.40976e-07
1.86712e-08
2.52363e-07
9.15658e-07
1.01017e-08
4.91512e-07
2.64859e-07
1.16105e-08
-1.04836e-18
1.24423e-18
1.49432e-18
7.71231e-17
-1.08315e-18
-6.40064e-18
-1.11067e-16
-4.58705e-18
1.12161e-13
-2.87015e-16
-1.49296e-11
-8.33036e-13
-4.06859e-08
-1.33073e-09
-5.66651e-07
-1.46752e-08
-1.79593e-12
1.0869e-07
-3.74309e-14
-1.96442e-11
4.51497e-12
-7.79094e-12
1.11464e-10
2.84708e-10
3.30699e-10
-1.20032e-08
3.07184e-08
4.73368e-09
-3.5424e-09
-4.17022e-08
-2.47107e-10
-9.94811e-09
-1.84438e-10
-5.54014e-10
-3.0535e-09
-4.09857e-10
2.50808e-09
7.38918e-10
3.18079e-10
-1.12227e-10
1.26877e-09
-8.43559e-09
1.91613e-08
-2.12426e-09
2.83654e-08
-2.51254e-09
2.23333e-08
-3.21553e-09
7.70929e-08
-4.0436e-09
9.62173e-08
8.23611e-09
3.90807e-08
8.83748e-08
-3.53102e-10
7.31305e-07
-1.61524e-07
8.8455e-07
9.46737e-07
-6.1628e-07
-4.30961e-19
2.40494e-19
8.67087e-19
3.18239e-17
1.39449e-19
-1.94509e-18
-1.70249e-17
-9.90543e-19
-2.10784e-16
-2.90356e-16
-8.28061e-13
-1.50682e-14
-1.31456e-09
-1.92728e-11
-1.66702e-08
4.15044e-11
-1.00316e-11
3.18913e-11
-3.36982e-12
-3.61719e-11
-1.08628e-11
-8.61587e-13
9.94976e-11
1.68068e-10
-2.53304e-08
-2.72543e-09
-3.54205e-08
-1.15524e-08
-5.24283e-08
-6.21456e-08
-6.44121e-09
-2.34476e-08
-2.87586e-10
-6.7877e-09
-5.98478e-10
-1.44028e-10
-3.53789e-12
1.22144e-10
-1.07782e-10
-1.08809e-10
3.63199e-09
-3.1115e-08
4.30584e-09
-1.56889e-08
1.30864e-09
-2.99009e-09
8.86053e-10
-3.96329e-09
7.8836e-10
-4.94184e-09
-3.17352e-09
1.1316e-08
-4.30665e-08
1.0754e-07
-6.26636e-07
9.42003e-07
-3.93575e-07
6.53519e-07
9.93123e-07
-4.38372e-07
-1.35929e-19
4.79174e-20
2.86362e-19
9.28308e-18
1.05013e-19
-4.12975e-19
-1.73982e-18
-2.137e-19
2.54336e-17
4.22344e-17
-1.88025e-14
3.61577e-17
-1.93297e-11
1.79791e-14
-1.36914e-12
6.35044e-12
3.59001e-11
-5.23178e-12
4.62625e-13
-5.45743e-13
-4.25523e-13
-1.285e-13
4.53435e-12
1.39282e-11
-1.67717e-09
-2.77114e-10
-1.07332e-08
-3.24521e-10
-2.39849e-08
-1.34118e-08
-2.54186e-09
-2.87942e-08
-3.55278e-10
-9.69682e-09
7.67716e-12
-5.4299e-10
1.64846e-10
-1.62592e-11
2.00988e-09
2.1723e-10
-4.02801e-09
-2.09994e-08
9.96724e-09
-2.45359e-08
1.12111e-08
-1.70365e-09
-2.00579e-09
8.34445e-09
-8.50574e-09
4.14532e-10
-2.29942e-08
2.40352e-08
-1.83982e-07
1.4281e-07
-7.87691e-07
9.24271e-07
-5.31269e-07
3.98056e-07
6.23421e-07
-1.6071e-07
-3.39626e-20
8.45655e-21
6.92117e-20
2.10627e-18
3.73585e-20
-5.51158e-20
-9.49497e-20
-3.86626e-20
-6.38142e-19
2.47573e-18
-1.637e-16
1.48054e-17
7.39071e-15
1.97603e-16
5.82028e-12
1.5325e-13
5.32354e-13
-7.12712e-15
-9.05686e-15
-5.90969e-15
-1.35611e-13
-7.71994e-15
5.57487e-13
1.25034e-14
-2.35454e-10
-1.10782e-11
8.57883e-11
-1.39816e-10
8.67819e-11
-1.3693e-08
-6.92171e-10
-1.07648e-08
5.3241e-10
-7.15551e-10
3.33977e-11
-3.12558e-11
3.96536e-11
-9.38792e-12
2.61359e-10
9.16203e-12
1.50389e-08
-8.88201e-10
3.72265e-09
-9.25706e-09
1.28997e-08
-6.91138e-09
4.70805e-09
1.64368e-08
1.49727e-09
2.40883e-09
8.60374e-09
1.60668e-08
-2.57644e-07
2.41814e-07
-3.95006e-07
7.41624e-07
-2.34292e-07
2.38371e-07
3.3282e-07
5.7214e-08
-6.73645e-21
1.24492e-21
1.30205e-20
3.79315e-19
9.53776e-21
-1.88327e-21
-1.09817e-20
-5.74482e-21
-1.53812e-20
2.92696e-19
-1.00892e-17
5.22937e-19
2.54905e-16
-2.24918e-16
1.414e-13
4.87553e-15
5.72722e-15
-9.84659e-16
-1.13605e-16
-2.83003e-16
-8.45153e-15
-1.1145e-16
-1.65785e-15
8.53321e-16
-1.10798e-11
-5.07716e-17
-1.52916e-10
2.79941e-12
-1.84515e-08
-4.48031e-09
-3.2774e-10
-8.73721e-09
4.07108e-12
-1.03213e-09
1.56799e-12
-1.67934e-11
2.19065e-11
-1.60347e-11
4.5636e-11
3.46844e-12
2.02175e-08
5.17482e-09
1.10135e-08
1.28141e-09
1.82418e-09
-1.42127e-09
6.17046e-09
3.01288e-09
-8.94933e-10
8.64825e-09
-9.22165e-09
2.33639e-08
-9.75549e-08
1.74928e-07
1.66351e-08
2.70262e-07
1.64589e-07
3.23039e-08
1.33603e-07
1.82396e-07
-1.06946e-21
1.51537e-22
1.95002e-21
5.49001e-20
1.91691e-21
6.9421e-21
-1.83661e-21
-7.00278e-22
-6.7118e-22
4.97134e-20
1.90007e-22
3.24346e-20
1.28742e-17
4.26484e-17
3.86723e-15
5.51846e-16
2.35225e-16
-1.30688e-17
-5.29999e-18
-2.55786e-17
-4.85585e-16
-2.57658e-18
1.97343e-16
1.84104e-17
1.43984e-16
-2.15188e-19
3.81224e-12
1.10588e-12
-8.53041e-12
-3.53353e-13
2.0063e-10
-1.07231e-14
6.74632e-11
-5.79195e-15
2.75322e-12
-4.48042e-13
1.07946e-11
-1.26622e-11
1.79669e-11
1.81723e-11
2.41983e-08
2.73171e-08
4.55144e-08
-1.44611e-08
4.39326e-08
5.2157e-09
9.02462e-09
3.94016e-09
5.38169e-09
1.10039e-08
1.23601e-08
1.50271e-08
2.29289e-08
5.61811e-08
-2.29066e-08
-2.97624e-08
-1.79918e-07
-9.94597e-09
-4.62255e-09
-1.20478e-07
-1.37629e-22
1.53541e-23
2.36109e-22
6.48124e-21
3.12476e-22
2.5168e-21
-2.87219e-22
-7.01386e-23
-5.51838e-23
7.96157e-21
1.45304e-22
4.3886e-21
1.87928e-19
1.29863e-18
1.49803e-16
3.73811e-16
2.43435e-17
-3.73201e-18
-1.21012e-19
-4.24334e-18
-2.11494e-17
-1.07765e-19
7.72979e-18
5.56295e-17
5.90124e-18
-1.52493e-20
3.63962e-13
4.19719e-16
1.09754e-14
-4.0742e-16
2.50636e-16
-5.14794e-19
1.14517e-16
-1.06077e-14
3.95215e-13
-8.4332e-13
1.9112e-10
-2.02981e-10
3.78923e-08
1.97627e-08
3.11473e-08
4.83284e-08
4.19235e-09
-1.6453e-09
2.36574e-09
-1.20309e-10
3.2025e-09
-4.37822e-11
5.80593e-09
6.63981e-09
6.83182e-09
1.24214e-08
4.01622e-09
-5.08647e-09
-1.33305e-08
-3.48162e-09
-2.34578e-08
-9.12545e-10
-5.32481e-12
-2.21448e-08
-1.45506e-23
1.30642e-24
2.3435e-23
6.34051e-22
4.17194e-23
5.17793e-22
-3.81506e-23
-5.78595e-24
-2.27932e-24
1.09766e-21
3.63743e-23
5.52204e-22
5.44082e-21
3.18957e-20
1.18791e-17
2.31507e-17
4.57927e-18
-4.86347e-19
-3.2377e-21
-3.30018e-19
-4.2952e-19
-5.78466e-21
2.1911e-19
7.64605e-19
4.11159e-21
-5.8404e-22
4.22899e-16
-2.79685e-21
8.69479e-18
-1.19022e-20
6.94724e-18
-1.95867e-19
4.8508e-14
-6.4499e-14
3.88354e-12
-4.67594e-12
1.32508e-09
-3.54433e-10
2.41157e-08
-1.9673e-09
3.23028e-08
5.56095e-08
1.3363e-13
1.69559e-09
-3.58312e-09
4.93313e-11
-9.18859e-10
7.14791e-10
3.79445e-09
1.02879e-09
9.85446e-09
4.11377e-09
5.33686e-09
-1.61153e-09
1.3583e-09
1.09879e-10
1.92336e-10
1.10749e-10
-5.75558e-11
-1.74362e-09
-1.27806e-24
9.39489e-26
1.92794e-24
5.21491e-23
4.58573e-24
7.72211e-23
-4.2558e-24
-3.93145e-25
2.85705e-25
1.29178e-22
5.90858e-24
5.67984e-23
1.73291e-22
8.70384e-22
4.87752e-19
6.92161e-19
4.36047e-19
-2.82199e-20
-6.74885e-23
-1.2774e-20
-3.21576e-21
-2.35978e-22
2.81435e-21
1.6336e-21
1.41902e-22
-4.33894e-23
6.07351e-21
-5.06584e-23
4.80685e-21
-2.64945e-22
4.61197e-18
-4.83048e-18
-5.4993e-14
-2.37701e-18
-4.01578e-12
-1.88173e-17
-6.27329e-11
-4.80538e-12
-6.95183e-09
-4.15472e-10
-3.4869e-11
4.12076e-10
-3.03198e-11
1.42612e-11
1.17297e-10
1.91887e-12
-1.38736e-10
-1.64412e-11
6.88632e-10
2.47326e-10
2.42068e-09
1.03533e-09
3.6021e-10
5.85509e-10
4.17612e-10
-2.45324e-12
2.66653e-10
2.65701e-10
1.53269e-10
1.35431e-11
-9.39149e-26
5.72578e-27
1.32306e-25
3.64734e-24
4.15904e-25
8.97072e-24
-3.98585e-25
-2.18511e-26
7.97402e-26
1.30089e-23
6.98078e-25
4.74953e-24
9.96905e-24
4.3191e-23
1.04591e-20
9.35916e-21
1.95298e-20
-8.31129e-22
9.9535e-24
-2.64805e-22
-4.07077e-24
-6.66981e-24
5.05732e-24
-7.01112e-26
8.492e-24
-2.79046e-24
5.99543e-23
-5.83431e-25
8.18722e-23
-4.26591e-24
2.30002e-18
-2.46812e-20
3.60869e-20
-6.49792e-20
7.12031e-19
-1.92288e-17
-4.7772e-12
-2.83736e-14
-4.18951e-10
-1.55682e-12
-1.45844e-11
1.32978e-12
-1.54098e-12
1.747e-13
1.77605e-13
-3.20095e-13
-2.51649e-12
-8.61056e-12
-7.21816e-12
8.85714e-14
1.99376e-10
1.475e-11
4.87742e-10
2.46078e-10
3.91097e-10
3.82386e-10
1.80444e-10
5.53091e-10
1.59463e-10
1.33751e-10
-5.7835e-27
2.95561e-28
7.57486e-27
2.18656e-25
3.10578e-26
8.38851e-25
-3.13364e-26
-9.73492e-28
1.08374e-26
1.12569e-24
6.28315e-26
3.24129e-25
7.85248e-25
2.97338e-24
1.0702e-22
3.90616e-23
4.55738e-22
-1.24064e-23
2.36703e-24
-2.93261e-24
-2.95948e-26
-1.83586e-25
5.78564e-26
-8.53271e-27
4.73789e-25
-1.32478e-25
3.53397e-25
-1.81239e-26
1.03619e-24
-5.90169e-26
8.08037e-21
-1.40671e-24
1.58023e-20
-1.38618e-19
-1.11728e-16
-2.44643e-18
-2.86058e-14
-2.01519e-16
-1.58532e-12
-1.74803e-16
-2.56e-13
-5.48413e-15
-3.11046e-14
-2.18949e-16
1.01684e-13
1.71771e-15
6.49525e-13
7.4206e-13
6.81797e-13
8.05898e-13
1.67894e-11
5.8256e-13
2.34164e-10
3.00718e-11
1.44596e-10
7.69473e-10
5.34752e-11
8.54636e-10
1.94893e-10
9.91943e-12
-2.97349e-28
1.28846e-29
3.59214e-28
1.12989e-26
1.8944e-27
6.43167e-26
-2.06586e-27
-3.33509e-29
1.02793e-27
8.40783e-26
4.40016e-27
1.81845e-26
5.6153e-26
1.89781e-25
4.08277e-25
-3.80785e-28
5.42791e-24
-1.04852e-25
4.9097e-26
-2.43824e-26
-9.11908e-28
-7.76277e-27
3.02892e-27
-5.77271e-28
1.82572e-26
-4.49213e-27
7.65422e-27
-5.19965e-28
9.58869e-27
-4.21322e-28
1.84684e-25
-1.00246e-28
-4.5654e-19
-1.16461e-20
-5.30661e-18
-5.03412e-19
-8.9834e-18
-6.612e-18
-1.36068e-16
-2.66849e-17
-5.46287e-15
-6.4352e-17
-4.36612e-15
-1.27695e-15
-1.26603e-12
-6.93716e-14
-5.33717e-13
1.09812e-11
-3.15555e-12
1.54617e-12
-6.41546e-12
2.14558e-12
-1.60911e-10
9.32859e-11
-7.14781e-11
1.00455e-09
2.35243e-11
4.80441e-10
1.28221e-10
-6.12555e-12
-1.26388e-29
4.72095e-31
1.38571e-29
5.06024e-28
9.24614e-29
4.09072e-27
-1.13688e-28
-7.58642e-31
7.24585e-29
5.44588e-27
2.40805e-28
8.50373e-28
3.25641e-27
1.02343e-26
1.66609e-27
-5.70051e-29
3.61591e-26
-1.52455e-27
6.05843e-28
-4.88613e-28
-1.69461e-29
-3.61062e-28
1.26988e-28
-2.73433e-29
5.10887e-28
-1.06036e-28
1.42128e-28
-9.80946e-30
6.21974e-29
-1.58735e-30
1.29728e-29
-1.29063e-31
-1.79017e-20
-9.02006e-23
-1.09204e-18
-1.46862e-19
-1.43297e-17
-2.87677e-18
-6.58699e-17
-2.11622e-17
-2.64761e-17
-1.00764e-16
1.60173e-15
-3.1336e-15
-3.2065e-12
-7.23107e-14
-6.27324e-13
1.51618e-11
-5.47627e-12
4.35807e-12
-7.10497e-11
6.54726e-11
-1.72707e-10
3.1859e-11
-1.47734e-10
2.44762e-11
-1.01831e-11
5.3405e-12
5.03029e-12
-1.66769e-12
-4.35574e-31
1.44124e-32
4.16585e-31
1.97937e-29
3.42627e-30
2.17499e-28
-5.16174e-30
-2.90228e-33
3.72799e-30
3.07473e-28
1.01637e-29
3.39853e-29
1.47375e-28
4.6953e-28
5.43811e-29
-3.77332e-30
3.953e-28
-4.73934e-29
1.57526e-29
-1.61673e-29
9.74139e-32
-1.46466e-29
4.0222e-30
-9.27163e-31
9.1341e-30
-1.70117e-30
1.85282e-30
-1.07566e-31
1.55247e-31
-7.91165e-33
1.18187e-32
-2.61556e-34
9.81699e-25
-2.53903e-22
-4.40157e-19
-1.89433e-20
-9.54498e-18
-5.89538e-19
-7.82621e-17
-1.16164e-17
-6.37321e-17
-1.75227e-16
7.96106e-15
-1.11945e-14
6.51209e-13
-7.16961e-13
-1.86154e-10
4.15414e-11
-7.26094e-10
6.55584e-09
-4.21251e-11
5.01982e-09
-2.28742e-11
2.31494e-12
-6.48491e-12
7.07497e-12
-1.72242e-12
2.22022e-13
3.73565e-14
-7.73871e-14
-1.16738e-32
3.59231e-34
8.46887e-33
6.84376e-31
8.01954e-32
9.71298e-30
-1.88203e-31
1.65519e-32
1.20161e-31
1.52273e-29
3.06972e-31
1.21451e-30
4.81533e-30
1.91366e-29
1.5674e-30
-1.76238e-31
8.07294e-30
-1.65787e-30
4.88704e-31
-5.14997e-31
5.70856e-32
-4.99775e-31
8.31413e-32
-1.98449e-32
9.59306e-32
-1.86504e-32
1.16175e-32
-4.80588e-34
4.8575e-34
-1.27912e-35
7.5196e-36
-1.5356e-37
-1.29735e-21
-1.15203e-28
-9.28208e-20
-1.51434e-23
-3.32524e-18
-2.09648e-21
-8.57349e-17
-9.74211e-20
-2.55826e-16
-2.05983e-18
-1.15623e-14
-8.6715e-17
-7.78528e-13
-7.02736e-15
-7.63799e-10
3.3421e-11
-1.52046e-09
4.39935e-09
-1.5543e-09
9.51619e-09
-7.08873e-12
7.95295e-11
-2.37808e-13
1.84661e-13
-3.73399e-14
8.70118e-15
1.22079e-15
-4.22396e-15
-2.27834e-34
1.41439e-35
-2.23486e-35
-4.72428e-33
7.19637e-34
4.90542e-33
8.06871e-32
2.33472e-32
1.11952e-31
7.09888e-33
1.19424e-33
6.19985e-34
3.62598e-34
1.85353e-35
2.97625e-37
3.41728e-39
1.0241e-30
-9.25555e-23
-1.16805e-20
-4.4785e-19
-7.22275e-18
-8.72488e-17
-7.11458e-15
9.16435e-12
1.11667e-10
-9.91057e-11
-1.70834e-13
-3.71716e-15
-4.24136e-16
-4.43997e-17
-4.23229e-08
-1.89266e-08
5.62971e-09
-6.21103e-08
2.28571e-08
-4.42422e-09
-1.65272e-08
-6.71356e-08
-2.56563e-07
-3.61035e-07
-3.09305e-07
-2.49624e-07
-1.80883e-07
2.5318e-08
-7.00471e-09
5.96462e-07
-1.07953e-08
1.44002e-07
-2.72318e-07
2.64415e-07
-2.4241e-07
1.37932e-06
-2.98175e-07
2.04597e-06
-5.77054e-08
1.0255e-07
-1.71267e-07
-1.36644e-07
-8.39707e-08
-8.39265e-08
9.67212e-07
1.21384e-06
6.61838e-07
4.18342e-07
8.72007e-07
-4.06085e-06
7.9406e-07
1.63906e-06
3.05252e-07
1.92362e-07
9.15626e-08
-8.2013e-07
4.07643e-07
8.17681e-07
9.99935e-08
1.16381e-06
8.55756e-09
1.36251e-06
1.94169e-09
6.31861e-07
4.1194e-09
4.6741e-07
3.68754e-09
4.10388e-07
-3.56462e-08
4.11779e-07
1.69368e-07
2.98606e-07
7.21375e-09
3.56696e-10
-3.10534e-09
-6.24063e-10
-4.64446e-09
6.14226e-10
-5.06102e-09
-4.57592e-08
-4.28737e-08
-4.40059e-07
-4.26165e-07
-4.4773e-07
-3.73251e-07
-3.24266e-07
-7.86756e-08
-4.24381e-08
6.33753e-07
-2.87463e-08
3.82265e-07
-2.98025e-07
4.69127e-07
-2.01704e-07
1.24964e-06
-2.88861e-07
2.16015e-06
-4.10075e-08
7.96744e-08
-1.17864e-07
-5.73139e-08
-5.1432e-09
-5.95019e-07
1.31461e-06
-1.02259e-07
9.53098e-07
7.66172e-07
8.95636e-07
-4.01774e-06
8.99372e-07
1.4141e-06
2.79423e-07
7.22384e-07
1.0643e-07
-7.67082e-07
4.59675e-07
6.54977e-07
1.21332e-07
1.5139e-06
9.18875e-09
1.47465e-06
7.25171e-09
6.33798e-07
1.58332e-08
4.58829e-07
1.63234e-08
3.25319e-07
-1.85092e-08
2.50178e-07
5.44396e-08
3.37198e-09
-3.5221e-11
-1.54496e-09
-3.23829e-09
-2.67291e-09
-2.19021e-09
6.83618e-10
-7.92973e-09
-2.59281e-08
-7.93165e-08
-5.4116e-07
-4.40028e-07
-6.76362e-07
-2.86702e-07
-6.15806e-07
-1.33262e-07
-2.57458e-07
5.25268e-07
-1.02838e-07
1.05025e-06
-4.37922e-07
1.03254e-06
-4.46081e-07
1.27744e-06
-5.16852e-07
2.25922e-06
-4.44724e-08
-3.95259e-08
-7.50301e-08
-1.54355e-08
-4.02849e-07
-2.09233e-07
6.09925e-07
-8.33897e-07
1.30142e-06
9.16043e-08
1.15771e-06
-3.82147e-06
9.82508e-07
1.39476e-06
5.33023e-07
9.75964e-07
1.18168e-07
-6.61208e-07
4.91037e-07
4.62469e-07
1.1134e-07
1.9119e-06
3.39916e-08
1.55203e-06
1.15954e-07
4.22691e-07
1.04533e-07
1.81484e-07
4.67552e-08
2.26724e-08
6.71603e-09
-2.09972e-08
7.85163e-10
-3.29392e-10
-6.76567e-11
-1.6516e-09
-2.38518e-09
-2.5452e-09
-1.06222e-09
8.7719e-11
-1.00523e-08
-1.27221e-07
-7.09227e-08
-7.11942e-07
-3.52439e-07
-9.947e-07
-6.93103e-09
-1.10843e-06
-1.75379e-08
-8.86481e-07
3.3496e-07
-4.30368e-07
9.59604e-07
-4.31332e-07
1.65118e-06
-5.87367e-07
1.45489e-06
-5.45971e-07
2.27537e-06
-3.53922e-08
4.31632e-08
-4.92145e-08
-2.0362e-09
-2.24378e-07
-3.15509e-08
1.29275e-07
-3.50238e-07
1.36628e-06
-9.22894e-07
8.51984e-07
-2.92694e-06
6.3554e-07
1.48826e-06
1.44068e-07
1.26895e-07
8.52592e-08
-6.72044e-07
5.19409e-07
2.80867e-07
1.87961e-07
2.32953e-06
2.78238e-07
1.46187e-06
4.09967e-07
1.33917e-07
2.89035e-07
6.03289e-08
7.78599e-08
5.15772e-09
4.62274e-09
-9.68561e-09
8.91496e-10
3.48954e-10
-7.87482e-11
-3.22545e-09
-1.57928e-09
-2.42712e-09
-2.44569e-09
4.86816e-09
-1.84594e-08
-8.72674e-08
-1.00427e-07
-7.88396e-07
-1.5867e-07
-1.0483e-06
2.5449e-07
-1.32715e-06
2.61865e-07
-1.43427e-06
4.44463e-07
-9.62841e-07
4.89901e-07
-5.94924e-07
1.29431e-06
-5.7714e-07
1.45963e-06
-2.88764e-07
2.05057e-06
-1.38814e-08
1.03438e-07
-1.68212e-08
5.66118e-10
-3.75585e-09
-4.51258e-08
7.07813e-08
-4.21761e-07
8.16768e-07
-1.05516e-06
5.28176e-07
-2.36046e-06
2.32466e-08
1.63538e-06
1.31555e-09
-8.50257e-09
2.50316e-07
-8.55204e-07
6.2643e-07
2.66669e-07
4.19647e-07
2.69077e-06
6.39912e-07
1.11408e-06
6.17492e-07
-7.77714e-08
4.45415e-07
-1.04547e-09
3.0511e-07
-1.82699e-08
3.81585e-08
-3.44609e-08
1.16269e-09
6.04208e-09
3.73706e-11
-2.74867e-09
1.42865e-09
-3.91078e-09
-1.40939e-09
-1.13899e-08
-1.22819e-08
-2.2543e-07
-6.8665e-08
-6.91036e-07
-2.15256e-07
-6.63823e-07
2.21116e-07
-8.12536e-07
4.23347e-07
-1.0041e-06
6.80902e-07
-7.78143e-07
2.23194e-07
-3.33798e-07
5.23573e-07
-2.83844e-07
1.23373e-06
-2.68661e-07
2.08065e-06
-1.11374e-08
1.43201e-07
-1.5373e-08
3.86439e-09
-2.17021e-08
-3.88615e-08
-6.16468e-08
-3.49423e-07
5.91392e-07
-8.1372e-07
2.33615e-07
-1.89417e-06
-2.46292e-08
1.06006e-06
-2.86396e-08
1.62528e-08
1.52874e-07
-5.43769e-08
4.3276e-07
1.2821e-07
5.43975e-07
2.50487e-06
6.92567e-07
5.8952e-07
1.49291e-07
-1.46154e-07
2.03983e-08
-1.08454e-08
1.31403e-09
-9.13873e-10
9.95957e-09
-2.51617e-09
6.68687e-09
6.88907e-09
1.40251e-09
5.96718e-10
9.24475e-10
-3.75035e-10
-4.79999e-10
1.0849e-09
-1.38627e-08
-1.29005e-07
-6.17383e-08
-5.80716e-07
-2.65903e-07
-4.14086e-07
-1.88054e-08
-3.49725e-07
3.64456e-07
-4.20647e-07
8.90046e-07
-2.92661e-07
1.09915e-07
5.61194e-08
1.8666e-07
-2.45022e-07
1.20669e-06
-4.44653e-07
2.42324e-06
-2.03732e-08
1.12452e-07
-2.03537e-08
2.95292e-10
6.26778e-08
-1.63351e-09
3.43156e-07
-4.68858e-07
2.34579e-07
-1.10573e-06
3.34937e-08
-1.59211e-06
-3.29975e-08
2.20212e-07
-3.05171e-09
9.4507e-09
1.95158e-09
-5.90833e-08
2.05391e-07
-2.24269e-08
6.67766e-07
1.65832e-06
6.09391e-07
2.83074e-07
1.10705e-07
-1.96697e-07
1.62441e-09
-4.70276e-09
4.48734e-10
-3.50429e-10
1.43658e-09
-7.11372e-10
5.12356e-09
1.30212e-09
4.27492e-10
3.39816e-11
-4.98968e-10
2.99877e-10
-7.91772e-10
-1.2883e-08
-5.56012e-10
-2.01566e-07
-4.62782e-08
-7.23372e-07
-2.84688e-07
-4.30794e-07
-3.1124e-07
-3.35515e-07
2.6906e-07
-3.22267e-07
9.04477e-07
-3.53488e-07
2.77324e-07
-4.06909e-07
1.6308e-07
-6.08853e-07
8.79264e-07
-5.60479e-07
2.57357e-06
-1.4678e-08
8.66241e-08
-2.18111e-08
3.0513e-09
6.96395e-09
-3.46696e-08
-5.09927e-08
-6.1435e-07
4.47337e-07
-1.54793e-06
6.27515e-08
-1.15374e-06
-1.17081e-08
-5.58439e-08
-2.64591e-09
3.01075e-10
2.23618e-09
-7.25771e-08
-4.90436e-07
2.08816e-07
5.96298e-07
7.91538e-07
6.03718e-07
2.02008e-07
4.79751e-08
-1.57383e-07
5.4821e-10
-1.19697e-09
1.05546e-10
-1.24305e-10
4.30774e-10
-3.83485e-11
2.10874e-09
-2.28574e-10
-8.03446e-11
5.47959e-12
-1.27135e-09
7.51545e-10
-1.58749e-09
-2.32127e-09
2.41522e-09
-1.48865e-07
-2.07303e-08
-7.66315e-07
-3.50056e-07
-3.83467e-07
-6.9387e-07
-3.73943e-07
2.5987e-07
-4.29548e-07
9.60965e-07
-3.73857e-07
4.63526e-07
-2.99857e-07
9.07323e-08
-5.79589e-07
2.95986e-07
-2.13673e-07
2.35925e-06
-6.09802e-09
1.82586e-08
-4.53161e-09
-3.25975e-09
5.58894e-08
-3.71502e-07
1.599e-07
-6.72314e-07
3.3082e-07
-1.65809e-06
4.79858e-08
-5.17935e-07
-2.11119e-09
-1.26229e-08
-2.96792e-09
8.66e-11
5.7853e-08
-1.63975e-07
2.49323e-07
6.86654e-07
7.75328e-07
1.60925e-06
5.08555e-07
1.75884e-07
1.3873e-08
-1.30453e-07
1.23329e-10
4.21298e-11
3.89699e-11
-4.34298e-11
6.79296e-13
-7.0671e-13
7.26927e-11
2.10741e-12
-1.58581e-12
-3.4764e-10
-9.93636e-10
-1.62909e-09
-4.19182e-10
-4.80882e-09
4.94258e-09
-1.66117e-07
3.61627e-09
-6.05276e-07
-5.91953e-07
-5.05717e-07
-7.93237e-07
-4.96773e-07
2.50838e-07
-5.79833e-07
1.04234e-06
-6.08507e-07
6.28678e-07
-1.60907e-08
-1.5647e-07
-5.92289e-09
-2.20791e-08
-7.78007e-09
9.09722e-07
-9.60715e-09
3.56245e-09
-1.96971e-08
-6.9329e-09
-2.43701e-09
-2.52997e-07
-1.12807e-07
-1.39147e-07
5.1412e-08
-5.29607e-07
1.62881e-08
-2.33622e-10
6.05741e-10
3.22275e-09
1.98934e-10
2.27945e-10
6.85979e-08
-1.88619e-07
7.02494e-07
1.67127e-06
7.29277e-07
1.68926e-06
2.88518e-07
9.44459e-08
1.22755e-10
-6.73725e-08
3.34972e-11
9.46983e-11
8.89671e-13
-1.14548e-11
1.2553e-13
-8.23911e-14
1.58253e-12
1.62426e-14
-3.47441e-14
-5.82402e-09
4.17491e-10
-3.02324e-09
1.07211e-10
7.29825e-10
-5.26425e-10
9.58823e-10
2.12121e-11
-3.06644e-07
-3.99375e-07
-4.5494e-07
-6.49466e-07
-4.7815e-07
2.60173e-07
-6.32543e-07
1.1789e-06
-6.57721e-07
7.78368e-07
4.91004e-08
-4.72275e-07
-6.42182e-09
2.67134e-08
-4.92976e-09
2.65202e-08
-1.4493e-08
3.98969e-10
7.12723e-08
-4.65226e-09
1.17443e-08
-1.5511e-07
-2.18193e-08
-9.27569e-08
-7.18271e-12
-1.28941e-08
-6.3851e-12
-1.88525e-10
3.02829e-09
1.52766e-10
3.04337e-09
2.06724e-10
-9.34673e-08
-1.02694e-08
1.05937e-06
8.97935e-07
9.92796e-07
1.87145e-06
2.20653e-07
3.28723e-08
6.58104e-11
-1.90283e-08
9.26708e-12
1.38494e-10
1.19696e-13
-2.48103e-12
1.03247e-14
-1.06133e-14
3.48504e-14
-2.09152e-18
-6.44549e-16
-3.20462e-08
1.56992e-08
-2.11969e-09
4.73331e-09
-9.47112e-10
-4.98556e-09
-4.70698e-08
-5.50942e-09
-3.12225e-07
-3.01475e-07
-4.63849e-07
-5.12561e-07
-5.36133e-07
3.1824e-07
-6.02822e-07
1.22177e-06
-3.17388e-07
8.27162e-07
-2.36699e-08
-1.7731e-07
1.70638e-10
2.22105e-09
1.36531e-08
4.94782e-09
3.8993e-09
2.68074e-10
1.19028e-09
-3.07785e-09
9.809e-09
-2.88154e-08
1.46989e-08
-1.35881e-07
3.89919e-11
-4.81596e-09
6.04796e-12
-4.99305e-12
1.14007e-10
7.35997e-11
3.09062e-10
1.0897e-11
7.77319e-08
-8.76995e-08
9.64019e-07
2.24523e-06
1.10653e-06
1.85411e-06
1.14986e-07
8.95996e-09
-6.18759e-11
-1.05853e-09
2.00596e-12
7.03989e-11
1.49296e-14
-4.01963e-13
6.70263e-16
-9.47653e-16
9.34193e-16
-2.11123e-16
3.03573e-16
1.77276e-08
1.26712e-07
3.59992e-08
2.88619e-10
3.51711e-08
-3.23292e-09
-6.0802e-08
4.19372e-08
-3.23234e-07
-2.8127e-07
-4.93834e-07
-3.63233e-07
-6.48196e-07
4.58983e-07
-6.59953e-07
1.21758e-06
-4.2084e-07
1.10952e-06
-5.7079e-09
-8.84757e-09
-3.0188e-09
-1.14573e-10
2.3139e-09
-1.07495e-09
-7.23368e-10
-1.51388e-10
-1.48083e-09
-2.77618e-09
-7.67358e-09
-2.76172e-08
2.95359e-10
-1.15792e-07
-5.66913e-11
-2.05794e-09
-6.05563e-11
-5.82727e-13
1.14079e-12
1.11167e-11
1.18113e-11
1.6481e-13
-1.20157e-07
-2.09791e-11
1.22854e-06
1.34929e-06
9.91281e-07
1.11062e-06
3.99678e-08
1.71418e-09
-5.14363e-11
9.43105e-11
3.69216e-13
1.74159e-11
9.32194e-16
-3.62922e-14
2.22293e-17
-4.76007e-17
1.30781e-17
2.36353e-17
4.93949e-17
3.10252e-08
2.13351e-07
8.00575e-08
-1.2016e-08
9.57238e-09
4.0793e-08
-1.5021e-07
8.54338e-08
-3.88663e-07
-2.50398e-07
-5.66364e-07
-2.09907e-07
-8.84464e-07
7.61529e-07
-9.23507e-07
1.24e-06
-5.97006e-07
1.38285e-06
-3.13784e-09
8.82529e-08
-5.2215e-10
-2.53534e-09
5.56988e-10
-2.78696e-12
-7.12125e-10
1.47614e-09
-1.18107e-09
-2.24086e-09
-3.16756e-09
-1.48004e-08
-7.16169e-09
-8.50665e-08
-1.07959e-11
-2.57948e-13
-1.11166e-11
-2.48668e-13
-2.20712e-13
1.95694e-13
3.09871e-13
-3.31641e-13
7.80646e-11
-9.88045e-11
9.53669e-07
9.75439e-07
5.54915e-07
3.9006e-07
2.90047e-09
-3.00862e-09
-1.72081e-11
-8.38137e-11
3.38638e-14
8.23661e-14
-4.25755e-16
-1.96018e-15
-3.8e-19
-2.62085e-17
1.09028e-18
7.28163e-17
8.52068e-18
-2.77852e-07
7.76027e-08
-5.66555e-08
2.81278e-08
-1.49329e-07
1.07953e-07
-7.34313e-07
1.98525e-07
-8.60434e-07
-6.76054e-07
-9.14069e-07
-1.82813e-07
-1.11935e-06
9.50571e-07
-1.10171e-06
1.20434e-06
-4.00275e-07
9.8332e-07
1.6517e-09
-9.21042e-10
-8.55542e-10
-4.6416e-11
-1.32971e-09
-1.01537e-11
-1.408e-09
8.7193e-10
-2.2548e-09
-1.68364e-09
-5.60764e-09
3.5592e-09
-3.93982e-12
1.06733e-08
-7.95371e-13
-3.38875e-12
-2.68826e-13
-8.88585e-13
-7.03411e-14
1.17158e-13
7.50547e-14
-6.96205e-13
4.44843e-10
-5.43472e-10
2.80044e-07
6.29472e-09
7.22242e-08
-4.33952e-09
1.15825e-10
-1.66785e-09
-8.77411e-14
-2.09673e-12
1.98743e-15
-1.00667e-14
3.41817e-18
-1.53569e-17
-1.95739e-18
-1.16925e-17
9.58482e-19
8.4036e-17
1.40418e-18
-4.80025e-08
-3.07927e-07
-8.77313e-08
1.08667e-07
-1.91434e-08
3.66946e-07
-1.7952e-07
8.00255e-08
-8.44302e-07
-1.05469e-07
-1.25112e-06
-1.56119e-07
-1.1719e-06
5.50681e-07
-5.8649e-07
6.90017e-08
-1.43686e-08
6.48956e-08
-2.36768e-10
-1.50707e-08
-4.36135e-11
-2.10732e-10
-1.78159e-11
-3.77919e-13
1.50909e-10
7.41411e-10
2.34553e-09
-6.05119e-09
-1.4878e-08
-2.10046e-08
-6.62889e-10
4.34722e-08
-7.50463e-12
4.17564e-10
-1.00861e-13
-8.23232e-12
1.1563e-14
5.30245e-15
-1.12092e-13
-6.94805e-16
-2.56307e-10
-5.86839e-12
6.35141e-09
-1.57404e-11
1.66723e-09
3.68476e-11
2.16087e-12
-1.02684e-11
1.01083e-14
2.46863e-15
5.81355e-17
-4.14079e-17
-1.09278e-19
-1.96174e-18
-1.06637e-18
-3.97683e-18
3.76882e-19
3.39767e-17
2.6026e-19
4.47075e-09
-4.63747e-07
-1.60726e-07
2.78832e-07
-7.28619e-09
2.45874e-07
-9.95231e-08
1.0894e-07
-2.18099e-07
-1.55364e-09
-4.65887e-07
-5.0766e-08
-8.43985e-08
5.11258e-08
-2.47516e-08
-1.62579e-09
2.90788e-08
2.71281e-09
3.96725e-10
-1.67671e-09
-6.51663e-11
-4.22902e-13
3.64892e-13
6.57373e-12
7.68124e-10
1.1129e-10
-6.88865e-09
-3.06317e-08
-6.02712e-08
-7.48129e-09
-2.28147e-08
3.214e-08
-7.5818e-11
4.92785e-08
-5.36041e-15
-8.40426e-11
3.82633e-17
-3.35048e-17
5.49912e-17
-3.29757e-16
-5.37821e-12
-4.89795e-13
-1.91496e-11
-2.14256e-12
1.03988e-11
2.89374e-12
-9.24054e-16
8.28273e-15
1.54831e-16
7.75856e-16
7.66814e-18
1.11757e-16
-8.67731e-20
-3.82235e-19
-3.41798e-19
-1.01882e-18
1.16508e-19
9.71374e-18
5.04515e-20
-2.50392e-07
-1.39426e-07
-1.85751e-07
2.75844e-07
-8.93145e-08
1.17686e-07
-6.6109e-09
2.91531e-08
-3.95572e-09
-9.93883e-10
-5.00295e-08
-2.86271e-09
-5.57032e-10
1.40384e-09
-2.13995e-09
-1.23888e-10
5.69152e-10
-3.16717e-10
-3.39617e-11
-5.51632e-10
-3.47985e-11
9.2256e-12
1.02129e-11
-6.07121e-12
1.81555e-10
4.79066e-11
4.03738e-08
-2.88201e-08
1.17524e-08
-6.3946e-09
-3.81028e-08
9.11742e-09
-4.98204e-10
6.5272e-08
-1.44936e-16
-5.82161e-10
-2.45788e-17
-6.81486e-17
-1.74769e-17
-2.40429e-16
-4.85009e-13
-4.93774e-15
-2.65734e-12
-2.07778e-15
-5.66441e-15
4.92254e-14
-2.18008e-16
9.67971e-16
7.2339e-18
4.57092e-16
5.10852e-19
7.53303e-18
-3.1349e-20
-6.83849e-20
-8.17021e-20
-1.98035e-19
2.90549e-20
2.18485e-18
8.82867e-21
-5.96132e-07
2.46011e-07
-1.3329e-07
2.72269e-08
-3.49983e-08
1.99201e-08
-6.22741e-09
2.16526e-09
-5.72926e-09
-7.22405e-10
-1.48405e-09
-2.09458e-10
-1.10465e-10
3.53914e-11
-2.1754e-10
-4.99102e-11
-2.91892e-10
-3.77265e-11
-3.31218e-10
-3.41365e-10
-2.85805e-11
-1.36144e-10
1.02152e-11
-5.29158e-11
5.07044e-11
-2.16044e-12
1.23721e-09
1.52718e-08
-4.43644e-09
-1.42215e-08
-2.58379e-08
-1.31939e-09
-3.58981e-11
6.24376e-08
-6.98159e-16
-7.29067e-10
-1.98597e-17
-6.73357e-16
1.99018e-17
-8.06951e-17
-4.7914e-15
-9.5702e-17
-4.73889e-14
-3.66235e-16
-1.67105e-16
1.2916e-15
-1.92332e-18
4.2765e-16
3.33992e-19
2.95641e-17
3.62432e-20
5.30514e-19
-8.09498e-21
-1.02984e-20
-1.5386e-20
-2.90801e-20
5.81798e-21
3.94031e-19
1.30125e-21
-3.2688e-08
-1.84107e-08
-1.89686e-08
5.9949e-09
-3.34785e-09
3.74561e-09
-3.62214e-10
1.1833e-10
-1.32036e-09
9.15879e-12
-5.14729e-11
9.03924e-11
-5.20217e-11
1.38152e-11
-5.1747e-11
-7.62029e-11
-5.83312e-11
-7.1643e-11
-4.38792e-10
-1.61426e-10
-9.58725e-11
-3.4907e-10
2.62686e-12
-1.66007e-10
1.01561e-10
-1.10756e-10
3.52888e-08
3.92202e-09
6.28809e-10
-1.47325e-13
-8.90385e-10
5.02297e-11
-2.49112e-10
1.75976e-09
-2.42603e-14
-4.58924e-10
-3.02213e-18
-2.4873e-14
-2.13057e-19
-1.95885e-17
-1.07069e-16
-1.90548e-17
-8.91034e-16
-8.25822e-18
-1.53996e-17
8.58203e-17
-1.25544e-19
3.06114e-17
1.20846e-20
1.49067e-18
3.75994e-21
5.47555e-20
-1.64057e-21
-1.28357e-21
-2.32163e-21
-3.12323e-21
9.38306e-22
5.74553e-20
1.59177e-22
-6.97876e-09
-1.42567e-09
-3.55034e-09
1.99338e-09
-3.52102e-12
1.2397e-10
1.56147e-11
1.30698e-10
-6.66634e-12
3.08463e-11
-1.47331e-11
7.68539e-11
-4.29355e-11
1.80644e-11
-5.28329e-11
-9.28655e-11
-3.05289e-11
-1.37996e-10
-3.01899e-10
-1.90955e-10
-1.26349e-10
-3.83882e-10
-8.32483e-11
-9.47995e-10
-7.42843e-10
-2.0715e-11
-1.01987e-15
-3.82264e-15
-4.87524e-15
-3.82236e-14
4.777e-11
2.89379e-12
5.59468e-10
3.2649e-11
-1.96141e-13
-3.54619e-11
-7.78623e-17
-8.64465e-16
-4.04714e-20
-1.70665e-17
-1.77342e-17
-1.88572e-18
-2.5344e-17
-1.41977e-18
-4.2084e-19
3.0564e-17
-8.06896e-21
1.35747e-18
3.78462e-22
7.7328e-20
4.89156e-22
7.16075e-21
-2.68477e-22
-1.32529e-22
-2.84025e-22
-2.1615e-22
1.2301e-22
6.85134e-21
1.622e-23
-1.87643e-09
-4.59745e-10
2.00751e-10
-1.85555e-10
-4.8066e-11
2.445e-10
-9.13684e-13
8.98039e-11
-2.33555e-11
5.47616e-11
-4.69849e-11
9.3134e-11
-4.63896e-10
4.09042e-10
-1.1324e-10
-1.59786e-09
-7.56851e-11
-2.4734e-10
-3.45285e-10
-1.56165e-10
-1.42405e-10
-4.34397e-10
-9.74e-11
-8.19079e-10
-5.2744e-17
-1.18116e-10
-2.27115e-15
-2.1802e-15
-4.05093e-14
-1.29336e-18
2.67562e-12
4.29634e-14
3.50422e-11
3.66226e-13
7.95082e-16
-4.17389e-13
-4.35215e-20
-2.86475e-17
-1.52533e-20
-8.06259e-19
-1.88919e-18
-1.25884e-19
-3.42497e-18
-1.47109e-19
-1.71709e-20
2.40531e-18
-6.98635e-22
4.51934e-20
8.30731e-24
5.48298e-21
6.03123e-23
9.00651e-22
-3.58924e-23
-1.13972e-23
-2.8501e-23
-2.96629e-24
1.32555e-23
6.77265e-22
1.3866e-24
-1.38561e-09
1.52758e-10
5.19169e-10
7.76356e-10
-3.11266e-11
3.85363e-10
-9.55768e-11
1.80317e-10
-3.7774e-11
1.33042e-09
-1.83344e-10
3.19217e-09
-3.50467e-10
2.8163e-09
-1.33363e-09
-3.55145e-09
-3.28379e-10
-4.36871e-09
-3.2398e-10
-4.28225e-10
-2.64243e-10
9.31359e-11
-3.47015e-11
-8.775e-10
-2.86099e-13
-2.3298e-10
-7.86987e-19
-2.88279e-13
5.08173e-19
-3.09311e-18
4.58826e-14
1.33843e-16
4.14755e-13
2.696e-15
4.55903e-17
-2.64879e-15
1.03147e-18
-9.50923e-19
-1.93984e-21
-2.21673e-20
-1.33123e-19
-5.35789e-21
-1.18302e-19
-9.23223e-21
-6.83763e-22
2.41401e-20
-7.21549e-23
1.44613e-21
-3.32007e-25
4.68096e-22
6.41761e-24
9.94832e-23
-3.94869e-24
-8.21503e-25
-2.36848e-24
1.6694e-23
1.18562e-24
5.62259e-23
9.9982e-26
2.27405e-10
4.68758e-11
6.80866e-10
1.61734e-10
1.42224e-10
6.15042e-10
1.04196e-10
1.64453e-10
1.38637e-09
4.5237e-11
9.18782e-09
2.00251e-09
9.27806e-09
3.18847e-09
7.71017e-09
-1.47082e-09
7.8209e-10
-5.7078e-09
1.22052e-10
-9.79601e-11
5.69761e-10
-9.04256e-10
3.60176e-10
-4.81659e-10
2.8826e-13
-3.87396e-16
-3.48361e-17
-6.30255e-18
-3.45107e-17
-9.21784e-18
9.7195e-17
-8.36344e-20
2.63248e-15
1.55172e-16
3.43878e-18
-1.28287e-17
5.18723e-20
-5.05109e-20
-1.1252e-22
-6.85035e-22
-6.17539e-21
-1.31739e-22
-1.27544e-21
-3.28929e-22
-3.73104e-23
-8.34755e-25
-6.81399e-24
6.1949e-23
-9.46778e-26
3.69264e-23
5.78251e-25
9.49033e-24
-3.59037e-25
-4.98903e-26
-1.6393e-25
3.24999e-24
8.85475e-26
3.96177e-24
6.09434e-27
3.50947e-11
1.52165e-11
1.85263e-10
8.24562e-12
2.9674e-10
1.31492e-10
1.03074e-10
1.03619e-10
1.44523e-10
-4.05023e-13
4.20647e-09
1.80217e-10
1.16198e-08
1.87951e-09
1.08423e-08
-1.3825e-10
-5.40866e-10
-1.50778e-09
6.39062e-10
-1.25514e-09
9.40337e-12
2.78634e-10
-5.78751e-16
-1.78115e-12
-1.8148e-20
-1.01105e-15
2.3686e-18
-5.84977e-17
2.9195e-18
-1.31142e-18
1.60115e-19
-1.0789e-20
4.18984e-17
-3.91968e-20
3.96525e-19
-5.64586e-20
3.00386e-21
-2.61675e-22
-3.41158e-24
-3.17799e-24
-1.68093e-22
-1.88691e-24
-2.49403e-24
-6.49033e-24
-2.56803e-24
-7.91125e-26
-5.27867e-25
3.22842e-24
-1.24279e-26
2.4237e-24
4.39017e-26
7.8214e-25
-2.68447e-26
-2.58994e-27
-9.44876e-27
3.76593e-25
5.528e-27
2.38733e-25
3.13838e-28
2.26566e-12
3.88936e-12
9.66369e-12
4.42076e-13
6.15578e-11
2.14962e-12
3.85823e-11
-8.17873e-13
2.75507e-11
2.07548e-12
1.94594e-10
8.14108e-12
6.60732e-09
4.20839e-10
1.84931e-09
-4.06687e-11
1.28728e-09
-1.8059e-10
5.55606e-10
-8.20168e-10
-6.32831e-11
1.43859e-09
-9.26134e-14
-6.48869e-11
-2.95304e-17
-9.39875e-14
-1.81548e-19
-6.5037e-16
-5.36508e-22
-1.83428e-17
4.8887e-21
-3.02174e-19
1.57576e-19
-2.04995e-21
1.81826e-21
-1.88888e-22
1.45784e-23
-3.61651e-25
-5.65314e-26
-4.31023e-27
-2.5616e-24
-2.2346e-26
-8.35725e-26
-8.87073e-26
-1.62797e-25
-5.43554e-27
-3.26708e-26
1.45401e-25
-1.13544e-27
1.30134e-25
2.79619e-27
5.58615e-26
-1.63627e-27
-1.15472e-28
-4.50393e-28
3.22473e-26
2.87444e-28
1.23725e-26
1.36209e-29
6.33685e-14
4.7169e-13
4.81591e-13
3.48574e-15
2.48638e-12
3.27356e-14
1.45865e-12
2.51219e-13
3.64065e-12
3.34157e-13
1.2409e-10
5.58767e-11
2.30341e-10
-1.30547e-12
9.53642e-11
-4.25961e-12
7.90994e-10
-8.13859e-15
3.18311e-10
8.83883e-11
4.67903e-10
1.7078e-09
-2.58704e-14
-3.42356e-11
7.03574e-16
-1.22963e-13
2.00526e-16
-2.65693e-16
5.09467e-18
-9.08621e-19
1.05304e-19
-2.90126e-21
2.06486e-21
-7.09718e-24
7.30823e-24
-2.26481e-25
1.74032e-26
-2.58243e-28
-7.09611e-28
-1.03451e-28
-2.66809e-26
-4.2131e-28
-3.2318e-27
-1.53863e-27
-8.30412e-27
-2.89467e-28
-1.60093e-27
4.62438e-27
-7.78176e-29
5.78953e-27
1.48321e-28
3.47546e-27
-7.96444e-29
-4.38098e-30
-1.74492e-29
2.17578e-27
1.23376e-29
5.54683e-28
4.96293e-31
7.72571e-16
4.58489e-15
3.37733e-15
7.0691e-16
3.16659e-14
7.1587e-16
2.76452e-13
7.55317e-15
3.41333e-12
2.74696e-12
5.74935e-12
-8.90091e-14
4.26516e-12
1.99262e-15
6.11177e-13
-3.58321e-14
6.00647e-13
1.28143e-15
2.66823e-10
1.13641e-12
2.65788e-10
3.9533e-13
1.22684e-13
-1.57304e-12
2.99417e-16
-5.06011e-16
2.10695e-17
-4.31496e-18
6.90986e-20
-3.59177e-20
4.06406e-22
-4.4185e-22
3.71481e-24
-1.51486e-24
6.67972e-27
-2.5969e-26
9.39428e-30
-2.53659e-29
-1.28106e-29
-3.28504e-30
-3.35799e-28
-1.19328e-29
-1.0642e-28
-4.54135e-29
-3.26603e-28
-1.2826e-29
-6.11177e-29
7.56766e-29
-3.95129e-30
2.20442e-28
6.44758e-30
1.89677e-28
-2.94049e-30
-1.42654e-31
-5.27393e-31
1.18947e-28
4.29399e-31
2.16895e-29
1.50691e-32
-3.30336e-16
2.74628e-16
-1.32175e-16
2.8247e-16
-1.68698e-17
4.52591e-18
6.7428e-15
4.87393e-16
1.68338e-13
6.21426e-15
4.48398e-14
1.16706e-14
4.12567e-14
1.57587e-15
4.91959e-15
-9.7359e-17
5.95498e-15
9.84336e-17
1.13431e-12
6.69158e-15
1.47172e-12
4.56351e-15
7.12336e-17
-3.4747e-15
5.12162e-17
-3.53487e-19
9.40538e-19
-1.4125e-21
8.80948e-21
-8.13279e-25
5.8968e-23
-1.70364e-28
4.06654e-25
-2.95479e-32
5.97385e-28
-6.37536e-34
5.91684e-31
-8.04121e-33
-2.88182e-31
-8.96603e-32
-6.29726e-30
-3.23359e-31
-2.7289e-30
-1.38308e-30
-9.32684e-30
-4.87428e-31
-1.70186e-30
-4.25532e-32
-1.30607e-31
7.60564e-30
2.19855e-31
9.1609e-30
-6.88357e-32
-4.13008e-33
-1.08687e-32
5.33887e-30
1.16771e-32
7.49027e-31
3.74441e-34
-1.01226e-17
-1.16294e-17
-3.12739e-18
3.45955e-18
9.35155e-16
8.31192e-16
3.86923e-16
4.21723e-17
1.9248e-18
2.62877e-15
3.65935e-15
1.13095e-17
3.50003e-20
3.41173e-23
6.50151e-27
2.10626e-30
2.49366e-33
3.45654e-36
7.49981e-35
-3.33578e-33
-7.1295e-32
-3.65975e-32
-1.40953e-31
-2.48553e-32
-1.08653e-33
4.72079e-33
8.09031e-36
-3.28215e-35
2.38408e-34
)
;

boundaryField
{
    leftWall
    {
        type            calculated;
        value           uniform 0;
    }
    rightWall
    {
        type            calculated;
        value           uniform 0;
    }
    lowerWall
    {
        type            calculated;
        value           uniform 0;
    }
    atmosphere
    {
        type            calculated;
        value           nonuniform List<scalar> 
120
(
4.07469e-07
4.29214e-08
4.85536e-11
6.6923e-11
1.29425e-10
7.6936e-10
9.91847e-10
3.22508e-10
1.90453e-12
2.67752e-14
4.34037e-16
1.85655e-17
3.39835e-18
5.45021e-19
9.55297e-20
1.9771e-20
4.24505e-21
8.07721e-22
1.27881e-22
1.66672e-23
1.79677e-24
1.61246e-25
1.20838e-26
7.54673e-28
3.89772e-29
1.64169e-30
5.50856e-32
1.40911e-33
2.4848e-35
2.36958e-37
7.02208e-36
2.12991e-32
3.64574e-31
8.77673e-34
6.66307e-31
4.14598e-32
7.45508e-31
0
0
0
0
0
0
0
0
0
0
0
0
0
0
0
0
2.1202e-13
1.58103e-09
1.35197e-08
7.3882e-11
2.09763e-15
8.6512e-16
4.35099e-16
6.96262e-17
2.79227e-17
6.35574e-17
5.42158e-17
4.79777e-15
2.87285e-15
8.55031e-16
1.09906e-16
4.86219e-18
3.97914e-15
3.1666e-15
0
0
0
0
0
0
0
0
0
0
0
0
0
2.57558e-31
3.95603e-31
0
1.97223e-31
2.32626e-32
7.3606e-36
4.16041e-07
5.40633e-08
6.31232e-11
8.57646e-11
1.4647e-10
7.37454e-10
1.01312e-09
3.32087e-10
2.14441e-12
3.16789e-14
5.31909e-16
2.27262e-17
3.43408e-18
5.96675e-19
1.0336e-19
2.05276e-20
4.29332e-21
8.11303e-22
1.28856e-22
1.69176e-23
1.83937e-24
1.66397e-25
1.25507e-26
7.87269e-28
4.07513e-29
1.71711e-30
5.75701e-32
1.47108e-33
2.59553e-35
2.50708e-37
)
;
    }
    defaultFaces
    {
        type            empty;
        value           nonuniform 0();
    }
}


// ************************************************************************* //
