/*--------------------------------*- C++ -*----------------------------------*\
| =========                 |                                                 |
| \\      /  F ield         | OpenFOAM: The Open Source CFD Toolbox           |
|  \\    /   O peration     | Version:  2.4.0                                 |
|   \\  /    A nd           | Web:      www.OpenFOAM.org                      |
|    \\/     M anipulation  |                                                 |
\*---------------------------------------------------------------------------*/
FoamFile
{
    version     2.0;
    format      ascii;
    class       surfaceScalarField;
    location    "0.18";
    object      phiAlpha;
}
// * * * * * * * * * * * * * * * * * * * * * * * * * * * * * * * * * * * * * //

dimensions      [0 3 -1 0 0 0 0];

internalField   nonuniform List<scalar> 
7080
(
3.20942e-08
-3.20942e-08
6.60169e-08
-3.39227e-08
8.94928e-08
-2.34759e-08
9.6489e-08
-6.99615e-09
9.08979e-08
5.5911e-09
6.80277e-08
2.28702e-08
4.23921e-08
2.56356e-08
1.92535e-08
2.31386e-08
3.35253e-10
1.89183e-08
-9.80216e-09
1.01374e-08
-1.31551e-08
3.35296e-09
-2.52164e-08
1.20613e-08
-3.16541e-08
6.43766e-09
-4.00838e-08
8.42971e-09
-4.38941e-08
3.81032e-09
-2.54033e-08
-1.84908e-08
7.45992e-09
-3.27773e-08
2.10557e-08
-1.35958e-08
1.32468e-08
7.80877e-09
-3.55348e-08
4.87707e-08
-1.41404e-07
1.06296e-07
-1.97736e-07
5.81095e-08
-1.84634e-07
-1.32029e-08
-1.76675e-07
-8.04959e-09
-1.67633e-07
-9.1235e-09
-1.36135e-07
-3.1714e-08
-9.46784e-08
-4.2109e-08
-5.99754e-08
-3.50878e-08
-3.18865e-08
-2.83919e-08
-2.70711e-08
-5.08874e-09
2.9307e-08
-6.14012e-08
7.52562e-08
-7.98719e-08
1.16153e-07
-6.43728e-08
1.37306e-07
-2.81496e-08
1.44157e-07
-1.25936e-09
1.30553e-07
3.64737e-08
1.08083e-07
4.81055e-08
8.62819e-08
4.49402e-08
6.21537e-08
4.30465e-08
4.67827e-08
2.55083e-08
3.88622e-08
1.12735e-08
1.6715e-08
3.42085e-08
8.10932e-09
1.50433e-08
-2.29732e-08
3.95123e-08
-3.49645e-08
1.58016e-08
-3.41526e-08
-1.93024e-08
-3.04713e-08
-3.63362e-08
-2.00031e-08
-2.40558e-08
-6.34874e-08
5.13164e-08
-1.76298e-07
1.6162e-07
-2.92555e-07
2.22846e-07
-3.13796e-07
7.9695e-08
-2.81219e-07
-4.56256e-08
-2.51874e-07
-3.73512e-08
-2.0909e-07
-5.21645e-08
-1.55805e-07
-8.52541e-08
-1.06639e-07
-9.12747e-08
-7.03601e-08
-7.13657e-08
-3.42367e-08
-6.45461e-08
-5.88313e-08
-2.51138e-09
2.38857e-08
-8.52869e-08
7.00887e-08
-1.26075e-07
1.1391e-07
-1.08194e-07
1.38142e-07
-5.23816e-08
1.48798e-07
-1.19158e-08
1.40047e-07
4.52246e-08
1.21571e-07
6.6582e-08
1.06056e-07
6.04553e-08
8.32109e-08
6.58911e-08
7.29443e-08
3.5775e-08
6.7595e-08
1.66227e-08
4.70841e-08
5.47193e-08
4.96244e-08
1.25031e-08
1.67465e-08
7.23902e-08
4.31023e-09
2.82379e-08
-5.17799e-09
-9.81263e-09
-4.01744e-08
-1.36644e-09
-6.54331e-08
1.04754e-09
-1.33976e-07
1.19755e-07
-2.46928e-07
2.74605e-07
-3.19199e-07
2.95146e-07
-3.04549e-07
6.52778e-08
-2.70301e-07
-7.99379e-08
-2.33902e-07
-7.37941e-08
-1.82747e-07
-1.03177e-07
-1.28699e-07
-1.39099e-07
-8.56326e-08
-1.34285e-07
-6.18193e-08
-9.51776e-08
-3.36411e-08
-9.27229e-08
-8.72732e-08
-5.19804e-09
2.19294e-08
-1.07216e-07
6.80407e-08
-1.72186e-07
1.12296e-07
-1.52449e-07
1.36963e-07
-7.70494e-08
1.48227e-07
-2.31793e-08
1.40192e-07
5.32599e-08
1.22485e-07
8.42885e-08
1.09443e-07
7.3497e-08
8.60861e-08
8.92484e-08
8.04714e-08
4.13896e-08
7.26431e-08
2.44511e-08
5.97415e-08
6.76209e-08
7.74893e-08
-5.24478e-09
4.80874e-08
1.01792e-07
3.4405e-08
4.19203e-08
1.85096e-08
6.08274e-09
-4.57998e-08
6.29827e-08
-1.03708e-07
5.89512e-08
-1.75835e-07
1.91875e-07
-2.4489e-07
3.43692e-07
-2.68057e-07
3.18385e-07
-2.53148e-07
5.02269e-08
-2.39226e-07
-9.39867e-08
-2.02534e-07
-1.10604e-07
-1.60647e-07
-1.45174e-07
-1.22592e-07
-1.77256e-07
-8.65781e-08
-1.7035e-07
-4.78411e-08
-1.33823e-07
-2.85977e-08
-1.11969e-07
-1.05009e-07
-1.08623e-08
2.13275e-08
-1.28544e-07
6.76269e-08
-2.18486e-07
1.12216e-07
-1.97038e-07
1.37139e-07
-1.01972e-07
1.48551e-07
-3.45921e-08
1.40226e-07
6.15853e-08
1.22353e-07
1.02161e-07
1.09894e-07
8.5956e-08
8.49894e-08
1.14153e-07
8.24913e-08
4.38877e-08
6.60267e-08
4.09157e-08
6.46885e-08
6.89591e-08
9.48836e-08
-3.54398e-08
6.8507e-08
1.28169e-07
6.10349e-08
4.93923e-08
4.45371e-08
2.25805e-08
-3.72888e-08
1.44809e-07
-1.1798e-07
1.3963e-07
-1.76123e-07
2.50081e-07
-1.88995e-07
3.56515e-07
-1.76824e-07
3.0605e-07
-1.55333e-07
2.85952e-08
-1.28696e-07
-1.20908e-07
-8.81263e-08
-1.51542e-07
-5.93826e-08
-1.74306e-07
-4.48254e-08
-1.92231e-07
-3.83707e-08
-1.77026e-07
-2.11094e-08
-1.51284e-07
-1.63902e-08
-1.16662e-07
-1.05417e-07
-1.59645e-08
2.1007e-08
-1.49551e-07
6.75484e-08
-2.65027e-07
1.12555e-07
-2.42044e-07
1.37816e-07
-1.27232e-07
1.49396e-07
-4.61722e-08
1.40601e-07
7.03802e-08
1.22506e-07
1.20256e-07
1.10023e-07
9.84385e-08
8.39484e-08
1.40228e-07
8.29497e-08
4.48863e-08
5.7566e-08
6.62995e-08
6.60785e-08
6.04466e-08
9.50158e-08
-6.43771e-08
7.76927e-08
1.45492e-07
8.63007e-08
4.07844e-08
7.43014e-08
3.45798e-08
-1.32543e-09
2.20436e-07
-8.4347e-08
2.22652e-07
-1.22381e-07
2.88494e-07
-1.14768e-07
3.48731e-07
-9.32373e-08
2.84359e-07
-6.90752e-08
4.35579e-09
-2.28997e-08
-1.67025e-07
2.69393e-08
-2.01326e-07
5.53166e-08
-2.02631e-07
4.68482e-08
-1.83715e-07
1.89836e-08
-1.49322e-07
-1.86665e-09
-1.30629e-07
-9.16539e-09
-1.09362e-07
-9.62578e-08
-1.83201e-08
2.06857e-08
-1.70236e-07
6.74972e-08
-3.11839e-07
1.13009e-07
-2.87557e-07
1.38691e-07
-1.52914e-07
1.50485e-07
-5.79659e-08
1.41112e-07
7.97526e-08
1.22864e-07
1.38504e-07
1.10057e-07
1.11245e-07
8.3719e-08
1.66566e-07
8.32231e-08
4.53822e-08
5.47231e-08
9.47995e-08
6.45377e-08
5.06319e-08
6.75359e-08
-6.73752e-08
6.81489e-08
1.44879e-07
1.0257e-07
6.36305e-09
9.15342e-08
4.56158e-08
3.63096e-08
2.7566e-07
-3.98777e-08
2.98839e-07
-7.67961e-08
3.25654e-07
-5.01313e-08
3.23365e-07
-9.28566e-09
2.44383e-07
2.91166e-08
-3.40332e-08
6.05774e-08
-1.98488e-07
9.68106e-08
-2.37443e-07
1.11085e-07
-2.16751e-07
9.94333e-08
-1.71933e-07
7.5064e-08
-1.24952e-07
3.63997e-08
-9.19641e-08
6.27009e-09
-7.92624e-08
-7.45609e-08
-1.54453e-08
2.03041e-08
-1.90541e-07
6.74248e-08
-3.58959e-07
1.13534e-07
-3.33666e-07
1.39722e-07
-1.79102e-07
1.51772e-07
-7.0016e-08
1.41705e-07
8.98203e-08
1.23352e-07
1.56858e-07
1.09931e-07
1.24666e-07
8.4403e-08
1.92094e-07
8.3829e-08
4.59562e-08
5.9299e-08
1.1933e-07
6.36589e-08
4.6272e-08
3.1037e-08
-3.47532e-08
4.20565e-08
1.33859e-07
9.00895e-08
-4.16699e-08
7.65444e-08
5.91609e-08
5.22867e-08
2.99918e-07
1.19864e-08
3.39139e-07
-7.91894e-09
3.45587e-07
1.9344e-08
2.96162e-07
8.64623e-08
1.77403e-07
1.23672e-07
-7.12265e-08
1.33475e-07
-2.08344e-07
1.39539e-07
-2.43556e-07
1.29715e-07
-2.06971e-07
1.12276e-07
-1.54498e-07
9.04588e-08
-1.0312e-07
5.92867e-08
-6.07915e-08
2.41767e-08
-4.41519e-08
-4.62917e-08
-4.10514e-09
1.98485e-08
-2.10389e-07
6.73228e-08
-4.06434e-07
1.14122e-07
-3.80465e-07
1.40911e-07
-2.05891e-07
1.53257e-07
-8.23613e-08
1.42384e-07
1.00693e-07
1.23918e-07
1.75324e-07
1.09599e-07
1.38985e-07
8.59228e-08
2.15771e-07
8.33329e-08
4.85461e-08
6.90042e-08
1.33658e-07
7.05269e-08
4.47494e-08
1.87076e-08
1.7066e-08
1.90118e-08
1.33555e-07
4.94398e-08
-7.20978e-08
5.20262e-08
5.65745e-08
5.81218e-08
2.93822e-07
6.11656e-08
3.36096e-07
9.10596e-08
3.15694e-07
1.25516e-07
2.61676e-07
1.7764e-07
1.25254e-07
1.9286e-07
-8.66273e-08
1.78172e-07
-1.93711e-07
1.58063e-07
-2.23498e-07
1.35219e-07
-1.84229e-07
1.09968e-07
-1.29252e-07
8.62255e-08
-7.93776e-08
5.75937e-08
-3.21593e-08
2.84583e-08
-1.50178e-08
-2.09985e-08
3.16183e-09
1.93133e-08
-2.29702e-07
6.71865e-08
-4.54307e-07
1.14763e-07
-4.28042e-07
1.42265e-07
-2.33393e-07
1.54941e-07
-9.50379e-08
1.43168e-07
1.12467e-07
1.2447e-07
1.94021e-07
1.09296e-07
1.54158e-07
8.72449e-08
2.37822e-07
8.01261e-08
5.56649e-08
7.85984e-08
1.35186e-07
7.93672e-08
4.39806e-08
2.46281e-08
7.18052e-08
1.54268e-08
1.42756e-07
2.8762e-08
-8.5433e-08
5.17739e-08
3.35626e-08
7.6281e-08
2.69315e-07
8.73934e-08
3.24983e-07
1.45213e-07
2.57873e-07
1.92733e-07
2.14156e-07
2.23851e-07
9.38061e-08
2.11477e-07
-7.43821e-08
1.81287e-07
-1.6357e-07
1.49418e-07
-1.91627e-07
1.21937e-07
-1.56748e-07
9.37493e-08
-1.01069e-07
6.7161e-08
-5.27893e-08
4.31495e-08
-8.14672e-09
2.11981e-08
6.933e-09
-3.07896e-09
3.27513e-09
1.86939e-08
-2.48396e-07
6.70113e-08
-5.02624e-07
1.15441e-07
-4.76472e-07
1.43789e-07
-2.6174e-07
1.56835e-07
-1.08084e-07
1.44049e-07
1.25253e-07
1.24989e-07
2.13081e-07
1.09291e-07
1.69857e-07
8.74005e-08
2.59712e-07
7.55049e-08
6.75605e-08
8.49509e-08
1.2574e-07
7.95706e-08
4.93608e-08
3.45267e-08
1.16849e-07
2.97052e-08
1.47578e-07
3.55821e-08
-9.13099e-08
5.82196e-08
1.09252e-08
8.66939e-08
2.40841e-07
9.81526e-08
3.13525e-07
1.40084e-07
2.15942e-07
1.81493e-07
1.72703e-07
1.95884e-07
7.9391e-08
1.73751e-07
-5.22224e-08
1.62507e-07
-1.52326e-07
1.37977e-07
-1.67098e-07
1.12671e-07
-1.31442e-07
8.27929e-08
-7.11932e-08
5.15398e-08
-2.15379e-08
2.9884e-08
1.35101e-08
1.60726e-08
2.07431e-08
6.95162e-09
6.04292e-09
1.79853e-08
-2.66382e-07
6.67919e-08
-5.51431e-07
1.16129e-07
-5.25809e-07
1.45491e-07
-2.91103e-07
1.58949e-07
-1.21542e-07
1.45012e-07
1.3919e-07
1.25542e-07
2.32551e-07
1.09638e-07
1.8576e-07
8.62415e-08
2.83109e-07
7.28191e-08
8.09829e-08
8.79683e-08
1.10591e-07
7.17458e-08
6.55833e-08
4.28774e-08
1.45718e-07
4.88823e-08
1.41573e-07
5.6498e-08
-9.89256e-08
6.50189e-08
2.40443e-09
8.05622e-08
2.25298e-07
1.03792e-07
2.90295e-07
1.24145e-07
1.95589e-07
1.53576e-07
1.43275e-07
1.66634e-07
6.63372e-08
1.67067e-07
-5.26558e-08
1.6916e-07
-1.54419e-07
1.44559e-07
-1.42497e-07
1.13282e-07
-1.00166e-07
7.40972e-08
-3.2014e-08
3.84682e-08
1.40912e-08
2.46262e-08
2.73528e-08
1.49933e-08
3.03751e-08
1.23746e-08
9.57147e-09
1.71816e-08
-2.83563e-07
6.6521e-08
-6.0077e-07
1.16849e-07
-5.76137e-07
1.47378e-07
-3.21632e-07
1.61287e-07
-1.35451e-07
1.4605e-07
1.54427e-07
1.26217e-07
2.52384e-07
1.10083e-07
2.01894e-07
8.47457e-08
3.08446e-07
7.14174e-08
9.43112e-08
9.02261e-08
9.17821e-08
6.61541e-08
8.96554e-08
5.12869e-08
1.60585e-07
6.55982e-08
1.27262e-07
7.21598e-08
-1.05487e-07
7.12773e-08
3.28694e-09
6.32931e-08
2.33282e-07
9.64117e-08
2.57176e-07
1.23211e-07
1.6879e-07
1.42968e-07
1.23518e-07
1.61724e-07
4.75815e-08
1.67489e-07
-5.84216e-08
1.50199e-07
-1.37128e-07
1.23148e-07
-1.15446e-07
9.44662e-08
-7.14834e-08
7.09547e-08
-8.50256e-09
4.94993e-08
3.55467e-08
2.90308e-08
4.78212e-08
1.47718e-08
4.46333e-08
1.01235e-08
1.70234e-08
1.62762e-08
-2.99839e-07
6.61906e-08
-6.50685e-07
1.17645e-07
-6.27591e-07
1.49458e-07
-3.53445e-07
1.63861e-07
-1.49853e-07
1.47168e-07
1.7112e-07
1.26996e-07
2.72557e-07
1.10666e-07
2.18224e-07
8.30547e-08
3.36057e-07
6.97879e-08
1.07578e-07
9.21947e-08
6.93753e-08
6.49986e-08
1.16852e-07
5.02806e-08
1.75303e-07
7.08232e-08
1.06719e-07
6.7676e-08
-1.0234e-07
7.81617e-08
-7.19879e-09
7.43547e-08
2.37089e-07
9.33426e-08
2.38188e-07
1.18005e-07
1.44128e-07
1.36799e-07
1.04723e-07
1.53724e-07
3.06572e-08
1.44835e-07
-4.95331e-08
1.17548e-07
-1.09841e-07
9.87641e-08
-9.66624e-08
8.41075e-08
-5.68257e-08
6.88568e-08
6.74901e-09
4.27519e-08
6.16515e-08
7.18083e-09
8.33923e-08
7.50623e-09
4.4307e-08
-4.92168e-09
2.25521e-08
1.52613e-08
-3.15101e-07
6.57922e-08
-7.01216e-07
1.18542e-07
-6.80341e-07
1.51739e-07
-3.86643e-07
1.66684e-07
-1.64798e-07
1.48348e-07
1.89455e-07
1.27885e-07
2.9302e-07
1.11548e-07
2.3456e-07
8.12841e-08
3.66322e-07
6.59775e-08
1.22885e-07
9.4469e-08
4.08838e-08
7.34233e-08
1.37897e-07
6.2544e-08
1.86182e-07
7.79386e-08
9.13247e-08
6.78339e-08
-9.22352e-08
9.353e-08
-3.28949e-08
8.66067e-08
2.44012e-07
8.48389e-08
2.39956e-07
1.10173e-07
1.18794e-07
1.23755e-07
9.11414e-08
1.22965e-07
3.1447e-08
1.13463e-07
-4.00317e-08
8.62839e-08
-8.26613e-08
4.15642e-08
-5.19426e-08
-2.56387e-10
-1.50075e-08
-1.71812e-08
2.36708e-08
-3.1522e-08
7.59923e-08
-2.94388e-08
8.13092e-08
-4.17799e-09
1.90483e-08
-1.57794e-08
6.67998e-09
1.41274e-08
-3.29228e-07
6.53165e-08
-7.52405e-07
1.19538e-07
-7.34563e-07
1.54236e-07
-4.21341e-07
1.69766e-07
-1.80327e-07
1.49566e-07
2.09655e-07
1.28871e-07
3.13715e-07
1.13133e-07
2.50298e-07
7.83769e-08
4.01078e-07
6.15849e-08
1.39677e-07
9.9028e-08
3.44063e-09
7.6525e-08
1.604e-07
2.10084e-08
2.41699e-07
3.88055e-08
7.35276e-08
7.07946e-08
-1.24224e-07
1.15259e-07
-7.73588e-08
1.17376e-07
2.41895e-07
1.10355e-07
2.46978e-07
1.2045e-07
1.08699e-07
1.04219e-07
1.07373e-07
1.15411e-07
2.02547e-08
1.27947e-07
-5.25678e-08
1.01816e-07
-5.65305e-08
6.05609e-08
-1.06874e-08
1.15865e-08
3.39668e-08
-2.32187e-08
5.84734e-08
-3.41528e-08
8.69156e-08
-2.91291e-08
7.62748e-08
-2.72477e-08
1.71651e-08
-9.67428e-09
-3.33512e-08
1.28638e-08
-3.42092e-07
6.47528e-08
-8.04294e-07
1.20626e-07
-7.90436e-07
1.56967e-07
-4.57682e-07
1.73098e-07
-1.96458e-07
1.50759e-07
2.31993e-07
1.3015e-07
3.34324e-07
1.15024e-07
2.65425e-07
7.3911e-08
4.42191e-07
6.02571e-08
1.5333e-07
1.06344e-07
-4.26466e-08
8.70567e-08
1.79688e-07
5.2968e-08
2.75787e-07
6.3268e-08
6.32277e-08
8.57034e-08
-1.4666e-07
1.36076e-07
-1.27732e-07
1.57506e-07
2.20464e-07
1.39104e-07
2.65381e-07
9.44567e-08
1.53346e-07
8.03966e-08
1.21433e-07
1.1179e-07
-1.11386e-08
1.00409e-07
-4.11868e-08
6.05752e-08
-1.66969e-08
4.88828e-08
1.00505e-09
4.17986e-08
4.1051e-08
1.6714e-08
8.35648e-08
6.66112e-09
9.69648e-08
7.21095e-09
7.57218e-08
-9.44635e-09
3.38205e-08
1.58301e-08
-3.49495e-08
1.14585e-08
-3.5355e-07
6.40842e-08
-8.5692e-07
1.21792e-07
-8.48144e-07
1.59951e-07
-4.95841e-07
1.766e-07
-2.13106e-07
1.51976e-07
2.56617e-07
1.3166e-07
3.5464e-07
1.18601e-07
2.78484e-07
6.67281e-08
4.94064e-07
5.51883e-08
1.6487e-07
1.14279e-07
-1.01737e-07
7.8162e-08
2.15805e-07
1.32899e-08
3.40659e-07
2.45046e-08
5.2013e-08
6.86061e-08
-1.90761e-07
1.25288e-07
-1.84414e-07
1.18898e-07
2.26855e-07
1.03806e-07
2.80473e-07
8.5926e-08
1.71226e-07
7.73945e-08
1.29964e-07
6.84671e-08
-2.21119e-09
5.1071e-09
2.21726e-08
-2.88299e-08
1.72407e-08
-8.23391e-09
-1.95907e-08
2.66701e-08
6.14627e-09
3.99035e-08
7.03307e-08
4.98694e-08
8.70089e-08
5.55804e-08
7.00078e-08
3.9191e-08
5.0218e-08
4.64716e-08
8.55074e-09
9.90027e-09
-3.6345e-07
6.327e-08
-9.10289e-07
1.23001e-07
-9.07874e-07
1.63144e-07
-5.35984e-07
1.80095e-07
-2.30057e-07
1.53064e-07
2.83648e-07
1.34526e-07
3.73177e-07
1.15449e-07
2.97561e-07
7.08723e-08
5.38641e-07
5.82317e-08
1.77511e-07
1.14858e-07
-1.58364e-07
7.20921e-08
2.58571e-07
-1.79289e-08
4.3068e-07
1.16337e-08
2.24504e-08
7.19715e-08
-2.51099e-07
1.22159e-07
-2.33745e-07
9.53037e-08
2.53803e-07
7.97591e-08
2.96017e-07
9.519e-08
1.55795e-07
6.42036e-08
1.60951e-07
-1.03701e-08
7.23625e-08
-7.90987e-08
9.09025e-08
-8.91191e-08
2.7261e-08
-6.68152e-08
-4.18947e-08
-3.0759e-08
-2.99112e-08
4.59028e-09
3.4981e-08
2.92483e-08
6.23505e-08
4.77098e-08
5.15565e-08
4.26758e-08
5.52534e-08
6.55176e-08
2.36301e-08
8.19459e-09
-3.71645e-07
6.21852e-08
-9.6428e-07
1.24123e-07
-9.69812e-07
1.6625e-07
-5.78112e-07
1.83016e-07
-2.46823e-07
1.54472e-07
3.12191e-07
1.35284e-07
3.92365e-07
1.28022e-07
3.04824e-07
4.70687e-08
6.19593e-07
1.87577e-08
2.05822e-07
1.17501e-07
-2.57107e-07
6.00679e-08
3.16004e-07
-1.06186e-08
5.01367e-07
3.27773e-08
-2.09455e-08
5.4728e-08
-2.7305e-07
1.02183e-07
-2.81241e-07
6.96535e-08
2.86516e-07
5.45523e-08
3.11119e-07
4.79016e-08
1.62446e-07
4.5243e-08
1.63609e-07
8.0505e-09
1.09555e-07
-8.99129e-08
1.88866e-07
-1.17336e-07
5.46919e-08
-1.12971e-07
-4.62599e-08
-8.75312e-08
-5.53544e-08
-5.39598e-08
1.40662e-09
-2.60984e-08
3.44866e-08
-9.40507e-11
2.55482e-08
1.23842e-08
4.2774e-08
6.71223e-08
1.07755e-08
6.41185e-09
-3.78057e-07
6.04235e-08
-1.01829e-06
1.24623e-07
-1.03401e-06
1.68195e-07
-6.21683e-07
1.83867e-07
-2.62495e-07
1.52687e-07
3.43371e-07
1.38337e-07
4.06716e-07
1.0262e-07
3.4054e-07
6.32632e-08
6.58951e-07
3.84374e-08
2.30648e-07
1.19241e-07
-3.37911e-07
7.59746e-08
3.59271e-07
-5.48754e-09
5.82829e-07
6.49653e-08
-9.13983e-08
7.24543e-08
-2.80535e-07
9.12124e-08
-3.00037e-07
1.05653e-07
2.71304e-07
8.152e-08
3.35231e-07
7.6299e-09
2.36311e-07
-9.92622e-09
1.81165e-07
3.65446e-08
6.2159e-08
-6.55719e-09
2.32037e-07
-4.20778e-08
9.02126e-08
-6.16317e-08
-2.67059e-08
-7.57699e-08
-4.12162e-08
-6.56577e-08
-8.70523e-09
-4.68941e-08
1.57243e-08
-3.27444e-08
1.14016e-08
-1.79603e-08
2.79895e-08
5.04137e-08
-1.25214e-09
4.92377e-09
-3.82981e-07
5.6831e-08
-1.0702e-06
1.2268e-07
-1.09986e-06
1.65975e-07
-6.64978e-07
1.76889e-07
-2.73408e-07
1.4227e-07
3.77989e-07
1.16889e-07
4.32096e-07
1.3729e-07
3.2014e-07
8.77169e-08
7.08523e-07
5.28689e-08
2.65496e-07
1.72185e-07
-4.4602e-07
1.34438e-07
3.89899e-07
5.78596e-09
7.10343e-07
9.24972e-08
-1.7811e-07
1.40333e-07
-3.27796e-07
9.92844e-08
-2.5903e-07
1.15661e-07
2.56281e-07
9.0616e-08
3.60575e-07
5.44216e-08
2.72506e-07
2.45241e-09
2.30633e-07
4.58227e-08
1.87716e-08
7.18186e-08
2.05458e-07
2.92111e-08
1.3282e-07
6.34217e-09
-3.83699e-09
-1.6126e-08
-1.8748e-08
-2.3871e-08
-9.60043e-10
-2.1657e-08
1.35096e-08
-2.42973e-08
1.40423e-08
-2.07198e-08
2.44153e-08
3.57073e-08
-6.01012e-09
3.42751e-09
-3.86408e-07
4.87209e-08
-1.11549e-06
1.13464e-07
-1.1646e-06
1.52919e-07
-7.04432e-07
1.50212e-07
-2.70701e-07
9.85338e-08
4.29668e-07
6.15988e-08
4.69031e-07
3.71803e-08
3.44558e-07
-2.12977e-08
7.67001e-07
-5.10919e-08
2.9628e-07
-6.27994e-08
-4.3511e-07
-6.89726e-08
3.91333e-07
-9.34423e-08
7.33321e-07
4.36609e-08
-3.15213e-07
1.7755e-07
-4.61741e-07
1.1042e-07
-1.9195e-07
7.57677e-08
2.9228e-07
5.28535e-08
3.83705e-07
7.88165e-08
2.46544e-07
4.15117e-08
2.67051e-07
3.64051e-08
2.38611e-08
8.78299e-08
1.53991e-07
6.52461e-08
1.55662e-07
3.21982e-08
2.9211e-08
8.67879e-09
4.77151e-09
8.094e-09
-3.76059e-10
7.46591e-09
1.41366e-08
4.05359e-11
2.14649e-08
-9.59662e-09
3.40522e-08
3.96103e-08
-1.34995e-08
8.25025e-09
-3.94658e-07
3.14596e-08
-1.1387e-06
8.80436e-08
-1.22119e-06
1.21713e-07
-7.38101e-07
9.77144e-08
-2.46701e-07
4.89866e-08
4.78396e-07
3.29324e-08
4.85086e-07
2.40665e-08
3.52577e-07
1.20348e-08
7.75913e-07
-8.2336e-08
3.92735e-07
-1.35339e-07
-3.82976e-07
-8.32002e-08
3.38305e-07
-1.88116e-07
8.38605e-07
-8.15236e-08
-4.22111e-07
1.07803e-07
-6.53094e-07
3.09161e-08
-1.15206e-07
-7.27384e-08
3.9618e-07
-7.82577e-08
3.89239e-07
3.29472e-08
1.35339e-07
7.02739e-08
2.31453e-07
4.17233e-08
5.23946e-08
8.14415e-08
1.15622e-07
7.28867e-08
1.64498e-07
2.49071e-08
7.71915e-08
3.92601e-09
2.57451e-08
7.22459e-09
-3.67554e-09
3.94219e-09
1.74182e-08
-1.07452e-09
2.64816e-08
-1.1929e-08
4.49062e-08
5.12358e-08
-2.35544e-08
-3.25365e-09
-3.91405e-07
1.57202e-09
-1.14353e-06
3.98482e-08
-1.25946e-06
8.39398e-08
-7.82173e-07
6.01594e-08
-2.01431e-07
-5.2067e-08
4.72448e-07
-2.05625e-07
6.36459e-07
-7.25126e-08
1.99337e-07
1.33556e-08
6.90611e-07
-1.42739e-07
5.44223e-07
-1.79537e-07
-3.51922e-07
-1.46793e-07
3.13233e-07
-2.37738e-07
9.30296e-07
-1.69413e-07
-4.90761e-07
-3.92153e-08
-7.83273e-07
-7.28881e-08
-8.16762e-08
-1.76184e-07
4.99491e-07
-1.1499e-07
3.28059e-07
5.34749e-08
-3.34399e-08
1.0287e-07
1.82038e-07
4.56278e-08
1.10246e-07
3.4375e-08
1.27393e-07
3.12101e-08
1.67684e-07
-8.09342e-09
1.16497e-07
-1.72266e-08
3.48802e-08
-1.86035e-08
-2.2969e-09
-1.98382e-08
1.8654e-08
-1.44167e-08
2.10633e-08
-1.39772e-08
4.44666e-08
5.38137e-08
-1.65559e-08
2.5384e-08
-4.16789e-07
-3.73191e-08
-1.08082e-06
-1.32691e-08
-1.28351e-06
6.49205e-08
-4.92614e-07
1.90525e-08
-2.68487e-08
-1.99879e-07
1.85164e-07
-4.41991e-07
8.1677e-07
-2.31789e-07
-3.23342e-08
-5.4676e-08
5.13565e-07
-1.64434e-07
6.59733e-07
-2.93092e-07
-2.2379e-07
-2.89805e-07
3.09256e-07
-2.04503e-07
8.4509e-07
-1.69143e-07
-5.26134e-07
-1.59077e-07
-7.92698e-07
-1.30718e-07
-1.10186e-07
-1.15249e-07
4.82122e-07
-5.05716e-08
2.63395e-07
6.45361e-09
-9.04148e-08
-1.99778e-08
2.0848e-07
-6.87329e-08
1.59417e-07
-7.05093e-09
6.57094e-08
2.22037e-08
1.38427e-07
-2.24442e-08
1.61134e-07
-3.57666e-08
4.82028e-08
-3.36114e-08
-4.45218e-09
-2.60183e-08
1.10608e-08
-1.97646e-08
1.48095e-08
-1.14525e-08
3.61551e-08
4.47027e-08
-2.34162e-09
-4.00556e-08
-3.76733e-07
-6.22895e-08
-1.05859e-06
-5.98593e-09
-8.84076e-07
-1.35516e-08
-3.44085e-08
-1.89031e-07
3.23695e-10
-4.5119e-07
9.51914e-08
-4.03156e-07
5.922e-07
-3.80497e-07
-6.92285e-08
-1.74394e-07
3.07517e-07
-1.34591e-07
6.19964e-07
-3.81787e-07
2.33842e-08
-2.98598e-07
2.25062e-07
-9.57249e-08
6.39671e-07
-1.69572e-07
-4.522e-07
-2.93792e-07
-6.68235e-07
-2.58397e-07
-1.45736e-07
-1.16875e-07
3.39857e-07
-9.96255e-08
2.45771e-07
-1.3638e-07
-5.40301e-08
-1.08796e-07
1.81007e-07
-7.71077e-08
1.27725e-07
-5.47248e-09
-5.92682e-09
4.34795e-08
8.94721e-08
1.57843e-08
1.88824e-07
-6.14166e-09
7.01261e-08
-1.93761e-08
8.78215e-09
-2.18117e-08
1.3496e-08
-2.23999e-08
1.53975e-08
-1.27926e-08
2.65474e-08
3.17793e-08
1.30838e-10
-2.60962e-08
-3.50325e-07
3.24995e-08
-1.11702e-06
-4.60542e-09
-1.43967e-07
-3.67215e-08
-1.78177e-10
-1.89356e-07
5.53836e-09
-4.6385e-07
-5.52638e-08
-5.26209e-07
3.64539e-07
-5.88073e-07
-5.75024e-08
-3.28148e-07
3.3885e-08
-1.82034e-07
4.73882e-07
-4.20014e-07
2.6209e-07
-2.15898e-07
2.01294e-08
2.78133e-08
3.95237e-07
-1.70861e-07
-2.5355e-07
-3.66085e-07
-4.73032e-07
-3.39816e-07
-1.71943e-07
-1.41642e-07
1.40931e-07
-1.25898e-07
2.29968e-07
-1.54177e-07
-2.57496e-08
-8.69642e-08
1.13789e-07
-3.39191e-08
7.46707e-08
-5.00923e-08
1.02371e-08
-1.40242e-08
5.33969e-08
5.27687e-08
1.22028e-07
6.1386e-08
6.15077e-08
2.66161e-08
4.35519e-08
-5.29455e-09
4.54068e-08
-1.99501e-08
3.00532e-08
-1.79311e-08
2.45284e-08
1.91398e-08
-5.29155e-09
-1.45554e-07
-1.9024e-07
1.17319e-07
-4.04055e-07
-4.08436e-10
-2.24701e-10
1.12775e-10
9.4313e-10
-1.20494e-08
-9.8619e-10
-3.15244e-07
-1.35332e-08
-5.69981e-07
1.63019e-07
-6.89409e-07
-8.62961e-08
-5.11668e-07
-1.78428e-07
-2.85471e-07
2.47716e-07
-3.77086e-07
3.53733e-07
-2.54012e-07
-1.0292e-07
-1.92773e-08
1.6071e-07
-1.37002e-07
-1.35848e-07
-3.34706e-07
-2.75326e-07
-3.8617e-07
-1.1877e-07
-1.87787e-07
-5.58149e-08
-8.92961e-08
1.31693e-07
-1.0665e-07
-6.73238e-09
-1.98858e-08
2.70229e-08
5.46602e-08
-3.32071e-09
1.63746e-08
2.59631e-08
-2.9558e-10
3.71284e-08
5.57262e-08
3.42796e-08
5.60294e-08
2.729e-08
3.86033e-08
2.76735e-08
2.95045e-08
2.26026e-08
1.41114e-08
1.87108e-08
2.38476e-09
1.44182e-08
9.63425e-09
-4.13689e-09
1.6772e-07
-3.34358e-07
-9.06938e-12
-2.22423e-08
2.44988e-11
-3.38844e-10
5.23254e-10
-1.05616e-11
-6.19297e-10
4.00852e-11
-5.27721e-08
-2.16015e-10
-2.27152e-07
-4.23976e-09
-4.98042e-07
-2.92851e-08
-6.11196e-07
-2.1537e-07
-4.01561e-07
1.93564e-08
-3.49664e-07
3.013e-07
-4.04453e-07
-6.10103e-08
-1.89722e-07
-5.28887e-08
-1.34636e-07
-1.29698e-07
-2.23755e-07
-4.52496e-08
-2.04868e-07
-1.35874e-08
-1.92556e-07
-4.39644e-10
-2.9844e-08
-1.53585e-10
5.19944e-09
-6.09086e-11
3.84714e-08
-8.24777e-12
2.07182e-08
-1.59447e-13
1.97965e-08
2.07112e-10
2.59274e-08
-2.04738e-10
2.44758e-08
1.64286e-10
1.56872e-08
1.57076e-10
1.43641e-08
-1.50061e-10
1.42007e-08
-7.88142e-11
1.4026e-08
-1.04936e-11
1.18261e-08
-4.40683e-11
5.39898e-09
-7.85323e-11
2.25903e-08
-2.79723e-08
4.96399e-08
-2.73173e-08
9.11763e-08
-4.20498e-08
1.23313e-07
-3.26846e-08
1.48423e-07
-2.52736e-08
1.643e-07
-1.60576e-08
1.92274e-07
-2.81747e-08
2.32405e-07
-4.03507e-08
1.76891e-07
5.78793e-08
5.87447e-08
1.18188e-07
1.8414e-10
5.85289e-08
-1.36212e-08
1.38048e-08
-1.13327e-09
-1.24886e-08
3.26864e-08
-3.36639e-08
5.24313e-08
-1.97371e-08
4.83871e-08
4.04414e-09
3.7517e-08
1.08701e-08
2.96676e-08
7.84943e-09
1.35289e-08
1.61386e-08
2.82508e-09
1.07039e-08
-1.50901e-08
1.79152e-08
-3.20802e-08
1.69901e-08
-5.00235e-08
1.79433e-08
-6.86703e-08
1.86469e-08
-8.90657e-08
2.03954e-08
-9.39833e-08
4.91765e-09
-8.85715e-08
-5.41185e-09
-6.55241e-08
-2.30474e-08
-3.19916e-08
-3.35325e-08
-3.19916e-08
2.90848e-08
-5.95798e-08
6.2769e-08
-6.10006e-08
9.97095e-08
-7.89894e-08
1.47016e-07
-7.99897e-08
1.96663e-07
-7.51512e-08
2.43551e-07
-6.28776e-08
2.82949e-07
-6.74902e-08
3.25483e-07
-8.26813e-08
3.08855e-07
7.48583e-08
1.98246e-07
2.28834e-07
8.16176e-08
1.75197e-07
3.24677e-08
6.29988e-08
4.17524e-08
-2.18058e-08
4.93969e-08
-4.11658e-08
4.96162e-08
-1.99319e-08
3.45712e-08
1.90891e-08
-7.18516e-10
4.61598e-08
-1.30677e-08
2.01986e-08
-4.16862e-08
4.47571e-08
-5.71173e-08
2.6135e-08
-8.07007e-08
4.14986e-08
-1.01095e-07
3.73839e-08
-1.1598e-07
3.28286e-08
-1.30707e-07
3.33739e-08
-1.42098e-07
3.17867e-08
-1.34594e-07
-2.58604e-09
-1.15223e-07
-2.47838e-08
-7.47696e-08
-6.35003e-08
-2.9215e-08
-7.90871e-08
-6.12066e-08
2.02616e-08
-8.50383e-08
4.30074e-08
-8.37456e-08
6.38612e-08
-9.98026e-08
1.14035e-07
-1.30074e-07
1.72466e-07
-1.33564e-07
2.19606e-07
-1.10004e-07
2.52939e-07
-1.00916e-07
2.92254e-07
-1.22337e-07
3.04902e-07
6.23625e-08
2.57075e-07
2.76792e-07
1.59116e-07
2.73214e-07
8.82479e-08
1.33807e-07
5.96536e-08
6.60499e-09
2.48589e-08
-6.42276e-09
1.18947e-08
-6.95212e-09
-4.26796e-09
3.52518e-08
-4.25101e-08
8.44018e-08
-4.49564e-08
2.26449e-08
-7.25005e-08
7.23011e-08
-8.42569e-08
3.78913e-08
-1.02037e-07
5.9279e-08
-1.20481e-07
5.58276e-08
-1.29076e-07
4.14233e-08
-1.3997e-07
4.42686e-08
-1.46685e-07
3.85011e-08
-1.35452e-07
-1.38188e-08
-1.13012e-07
-4.72239e-08
-6.96289e-08
-1.06884e-07
-2.38007e-08
-1.24915e-07
-8.50073e-08
4.7737e-09
-1.00664e-07
2.83494e-08
-1.0727e-07
6.288e-08
-1.34277e-07
1.00041e-07
-1.66885e-07
1.34123e-07
-1.67704e-07
1.73325e-07
-1.49264e-07
2.07986e-07
-1.35636e-07
2.25774e-07
-1.40187e-07
2.49984e-07
3.80857e-08
2.48115e-07
2.78602e-07
1.94005e-07
3.27356e-07
1.26747e-07
2.00986e-07
6.86315e-08
6.47249e-08
2.88455e-09
5.93633e-08
-1.85638e-08
1.44969e-08
-3.62094e-08
5.28973e-08
-7.15749e-08
1.19767e-07
-5.923e-08
1.03e-08
-7.923e-08
9.23011e-08
-9.22142e-08
5.08756e-08
-1.05172e-07
7.22363e-08
-1.23826e-07
7.44819e-08
-1.29864e-07
4.74612e-08
-1.39947e-07
5.43524e-08
-1.46001e-07
4.45547e-08
-1.34259e-07
-2.55605e-08
-1.11406e-07
-7.00767e-08
-6.75973e-08
-1.50693e-07
-2.18466e-08
-1.70666e-07
-1.06854e-07
-1.5467e-08
-1.01134e-07
-5.53611e-09
-1.17145e-07
6.06502e-09
-1.46062e-07
7.44552e-09
-1.68935e-07
1.83447e-08
-1.7889e-07
4.5968e-08
-1.77142e-07
8.98135e-08
-1.79796e-07
1.20301e-07
-1.71159e-07
1.55687e-07
2.57361e-09
1.81703e-07
2.52528e-07
1.79769e-07
3.2896e-07
1.34747e-07
2.46317e-07
6.04839e-08
1.3895e-07
-2.11479e-08
1.40995e-07
-4.48119e-08
3.81608e-08
-5.74771e-08
6.55625e-08
-9.09836e-08
1.53274e-07
-6.52796e-08
-1.54041e-08
-7.37442e-08
1.00766e-07
-9.46354e-08
7.17667e-08
-1.04664e-07
8.22647e-08
-1.24573e-07
9.43916e-08
-1.29727e-07
5.26145e-08
-1.39799e-07
6.44248e-08
-1.46162e-07
5.09179e-08
-1.34404e-07
-3.73186e-08
-1.11335e-07
-9.31461e-08
-6.72001e-08
-1.94827e-07
-2.12468e-08
-2.16619e-07
-1.28101e-07
-2.52403e-08
-9.42115e-08
-3.69115e-08
-1.05574e-07
-6.34975e-08
-1.19678e-07
-8.91856e-08
-1.4343e-07
-9.08005e-08
-1.77277e-07
-6.01009e-08
-2.0774e-07
-8.14067e-09
-2.31636e-07
3.6551e-08
-2.15719e-07
7.96864e-08
-4.06367e-08
1.14836e-07
2.1732e-07
1.28746e-07
3.14984e-07
9.79523e-08
2.77775e-07
2.39151e-08
2.12987e-07
-5.23743e-08
2.17284e-07
-7.04411e-08
5.62276e-08
-6.91718e-08
6.42932e-08
-9.55396e-08
1.79642e-07
-6.69481e-08
-4.39956e-08
-6.52322e-08
9.90498e-08
-9.55258e-08
1.0206e-07
-1.04434e-07
9.11724e-08
-1.25122e-07
1.1508e-07
-1.29893e-07
5.73856e-08
-1.39944e-07
7.44751e-08
-1.46798e-07
5.77726e-08
-1.35044e-07
-4.90724e-08
-1.11687e-07
-1.16504e-07
-6.71419e-08
-2.39372e-07
-2.09293e-08
-2.62832e-07
-1.4903e-07
-3.8738e-08
-7.09563e-08
-7.06996e-08
-7.36126e-08
-1.02181e-07
-8.81965e-08
-1.21118e-07
-1.24494e-07
-1.28685e-07
-1.6948e-07
-1.16437e-07
-2.20028e-07
-8.34575e-08
-2.6466e-07
-5.93962e-08
-2.3975e-07
-1.00056e-08
-8.99573e-08
4.72721e-08
1.60588e-07
7.88332e-08
2.84744e-07
4.97147e-08
3.07131e-07
-1.91675e-08
2.81866e-07
-7.42546e-08
2.72371e-07
-8.98846e-08
7.18576e-08
-6.45525e-08
3.89612e-08
-7.41635e-08
1.89253e-07
-6.57053e-08
-5.24538e-08
-6.05104e-08
9.38549e-08
-9.6187e-08
1.37737e-07
-1.05195e-07
1.0018e-07
-1.2562e-07
1.35506e-07
-1.30269e-07
6.20341e-08
-1.4017e-07
8.43759e-08
-1.47633e-07
6.52361e-08
-1.35879e-07
-6.08263e-08
-1.1216e-07
-1.40223e-07
-6.71151e-08
-2.84417e-07
-2.06114e-08
-3.09336e-07
-1.69641e-07
-3.25342e-08
-4.25333e-08
-6.61512e-08
-3.99956e-08
-9.51681e-08
-5.91797e-08
-1.17121e-07
-1.02541e-07
-1.34985e-07
-1.51661e-07
-1.47402e-07
-2.07731e-07
-1.45808e-07
-2.66297e-07
-1.45377e-07
-2.40228e-07
-1.07329e-07
-1.28023e-07
-3.4846e-08
8.81327e-08
3.26707e-10
2.49572e-07
-6.12076e-09
3.13564e-07
-3.91324e-08
3.14882e-07
-6.58133e-08
2.99052e-07
-8.49236e-08
9.09679e-08
-4.08767e-08
-5.08578e-09
-3.73449e-08
1.85721e-07
-6.37304e-08
-2.60683e-08
-6.1949e-08
9.20735e-08
-9.72972e-08
1.73085e-07
-1.07058e-07
1.09941e-07
-1.25989e-07
1.54436e-07
-1.30769e-07
6.68141e-08
-1.40421e-07
9.40279e-08
-1.48619e-07
7.34337e-08
-1.36868e-07
-7.2577e-08
-1.12711e-07
-1.64379e-07
-6.70718e-08
-3.30057e-07
-2.02339e-08
-3.56174e-07
-1.89875e-07
-2.1261e-08
-1.81123e-08
-5.02209e-08
-1.10357e-08
-7.9201e-08
-3.01986e-08
-1.01991e-07
-7.97504e-08
-1.24343e-07
-1.29309e-07
-1.46304e-07
-1.8577e-07
-1.72418e-07
-2.40291e-07
-1.89193e-07
-2.23512e-07
-1.85115e-07
-1.32167e-07
-1.39431e-07
4.22249e-08
-9.81462e-08
2.08287e-07
-5.54547e-08
2.70873e-07
-4.50598e-08
3.04487e-07
-4.11195e-08
2.95112e-07
-4.564e-08
9.54884e-08
-1.3774e-08
-3.69517e-08
-1.73631e-08
1.8931e-07
-6.76421e-08
2.42107e-08
-6.91692e-08
9.36005e-08
-9.77516e-08
2.01668e-07
-1.10118e-07
1.22308e-07
-1.26211e-07
1.7053e-07
-1.31287e-07
7.189e-08
-1.40703e-07
1.03444e-07
-1.49748e-07
8.24791e-08
-1.38014e-07
-8.43116e-08
-1.13336e-07
-1.89057e-07
-6.70035e-08
-3.76389e-07
-1.9783e-08
-4.03394e-07
-2.09658e-07
-1.27618e-08
-2.0757e-09
-3.22219e-08
8.42459e-09
-5.39972e-08
-8.42261e-09
-7.74504e-08
-5.62979e-08
-1.00569e-07
-1.06192e-07
-1.26261e-07
-1.60078e-07
-1.57579e-07
-2.08974e-07
-1.79649e-07
-2.01474e-07
-2.04095e-07
-1.07792e-07
-1.87059e-07
2.51125e-08
-1.40252e-07
1.61298e-07
-8.11602e-08
2.11781e-07
-6.3424e-08
2.86751e-07
-3.42614e-08
2.65949e-07
-1.59919e-08
7.72189e-08
-1.38306e-09
-5.15606e-08
-1.56518e-08
2.03579e-07
-7.45013e-08
8.30602e-08
-7.79619e-08
9.70612e-08
-9.56824e-08
2.19388e-07
-1.13546e-07
1.40171e-07
-1.2659e-07
1.83574e-07
-1.31712e-07
7.70117e-08
-1.4103e-07
1.12762e-07
-1.51023e-07
9.24718e-08
-1.39325e-07
-9.60098e-08
-1.14031e-07
-2.14351e-07
-6.69061e-08
-4.23514e-07
-1.92532e-08
-4.51047e-07
-2.28911e-07
-3.1621e-09
7.12988e-09
-1.63483e-08
2.1611e-08
-3.94104e-08
1.46404e-08
-6.97188e-08
-2.59903e-08
-8.97292e-08
-8.61819e-08
-1.1258e-07
-1.37229e-07
-1.3901e-07
-1.82544e-07
-1.48165e-07
-1.92319e-07
-1.60928e-07
-9.50385e-08
-1.57363e-07
2.15435e-08
-1.27067e-07
1.30974e-07
-8.72062e-08
1.7192e-07
-7.30211e-08
2.72566e-07
-3.45393e-08
2.27468e-07
-1.06483e-08
5.33279e-08
-8.79872e-09
-5.34102e-08
-2.13608e-08
2.16141e-07
-7.50757e-08
1.36775e-07
-8.40293e-08
1.06015e-07
-9.16564e-08
2.27015e-07
-1.1631e-07
1.64824e-07
-1.2742e-07
1.94685e-07
-1.32057e-07
8.1649e-08
-1.41392e-07
1.22096e-07
-1.52448e-07
1.03528e-07
-1.4081e-07
-1.07648e-07
-1.14793e-07
-2.40368e-07
-6.67753e-08
-4.71531e-07
-1.86399e-08
-4.99183e-07
-2.47551e-07
-1.11391e-11
1.67125e-08
-1.8022e-08
3.96202e-08
-3.53614e-08
3.19799e-08
-5.85524e-08
-2.79952e-09
-8.30715e-08
-6.16655e-08
-1.08126e-07
-1.12175e-07
-1.35389e-07
-1.55281e-07
-1.48399e-07
-1.79309e-07
-1.43357e-07
-1.0008e-07
-1.26616e-07
4.80253e-09
-1.09385e-07
1.13753e-07
-9.098e-08
1.53515e-07
-6.52157e-08
2.46801e-07
-3.18808e-08
1.94133e-07
-2.42015e-08
4.56486e-08
-2.66062e-08
-5.10055e-08
-3.08587e-08
2.20393e-07
-6.92389e-08
1.75155e-07
-8.59708e-08
1.22747e-07
-8.92191e-08
2.30263e-07
-1.17984e-07
1.93589e-07
-1.28718e-07
2.05418e-07
-1.32412e-07
8.53438e-08
-1.41769e-07
1.31452e-07
-1.54031e-07
1.15791e-07
-1.42478e-07
-1.19201e-07
-1.15614e-07
-2.67232e-07
-6.66061e-08
-5.20539e-07
-1.79378e-08
-5.47851e-07
-2.65489e-07
1.38897e-08
1.98462e-08
-1.30589e-08
6.65664e-08
-4.15935e-08
6.05145e-08
-6.07932e-08
1.64002e-08
-7.47453e-08
-4.77134e-08
-8.93298e-08
-9.75908e-08
-1.05309e-07
-1.39302e-07
-1.35333e-07
-1.49285e-07
-1.42317e-07
-9.30964e-08
-1.19928e-07
-1.7586e-08
-1.10072e-07
1.03897e-07
-8.48454e-08
1.28289e-07
-4.62728e-08
2.08229e-07
-3.73791e-08
1.85239e-07
-4.01186e-08
4.83882e-08
-4.49787e-08
-4.61454e-08
-4.39518e-08
2.19366e-07
-6.55472e-08
1.96751e-07
-8.60759e-08
1.43275e-07
-8.86868e-08
2.32874e-07
-1.1954e-07
2.24442e-07
-1.30177e-07
2.16055e-07
-1.32854e-07
8.80204e-08
-1.42148e-07
1.40747e-07
-1.55772e-07
1.29414e-07
-1.44341e-07
-1.30632e-07
-1.16474e-07
-2.95099e-07
-6.63928e-08
-5.7062e-07
-1.71413e-08
-5.97102e-07
-2.8263e-07
3.39432e-08
8.45518e-09
3.21495e-08
6.83579e-08
5.00911e-09
8.76553e-08
-2.00242e-08
4.143e-08
-4.92659e-08
-1.84711e-08
-6.5947e-08
-8.09097e-08
-7.63551e-08
-1.28894e-07
-1.06271e-07
-1.19369e-07
-1.2879e-07
-7.05767e-08
-1.22196e-07
-2.41803e-08
-1.10239e-07
9.19396e-08
-8.67314e-08
1.04781e-07
-5.58634e-08
1.77361e-07
-4.92472e-08
1.78623e-07
-4.62397e-08
4.53807e-08
-5.05667e-08
-4.18184e-08
-4.89187e-08
2.17718e-07
-6.67177e-08
2.1455e-07
-8.5195e-08
1.61753e-07
-8.91747e-08
2.36854e-07
-1.21334e-07
2.56602e-07
-1.31849e-07
2.2657e-07
-1.33323e-07
8.9494e-08
-1.42532e-07
1.49956e-07
-1.57676e-07
1.44558e-07
-1.46406e-07
-1.41902e-07
-1.17349e-07
-3.24156e-07
-6.61278e-08
-6.21842e-07
-1.62434e-08
-6.46987e-07
-2.98874e-07
1.47666e-08
3.68038e-10
2.61379e-08
5.69861e-08
2.61049e-08
8.76775e-08
9.49184e-09
5.8037e-08
-2.19421e-08
1.29618e-08
-3.73198e-08
-6.55321e-08
-6.22319e-08
-1.03982e-07
-8.80925e-08
-9.35085e-08
-9.74591e-08
-6.12101e-08
-1.02379e-07
-1.92607e-08
-9.74072e-08
8.6968e-08
-7.47098e-08
8.20837e-08
-7.33308e-08
1.75982e-07
-6.06007e-08
1.65893e-07
-3.47997e-08
1.95797e-08
-7.07275e-08
-5.89061e-09
-6.9307e-08
2.16298e-07
-7.12037e-08
2.16446e-07
-8.49514e-08
1.755e-07
-8.77868e-08
2.39689e-07
-1.24063e-07
2.92878e-07
-1.33819e-07
2.36327e-07
-1.33809e-07
8.9484e-08
-1.42896e-07
1.59043e-07
-1.5975e-07
1.61412e-07
-1.48685e-07
-1.52967e-07
-1.18267e-07
-3.54573e-07
-6.5802e-08
-6.74307e-07
-1.52362e-08
-6.97552e-07
-3.1411e-07
-3.39515e-08
9.68075e-10
-2.5987e-08
4.90204e-08
-2.88316e-08
9.05235e-08
-4.87423e-08
7.79432e-08
-5.09357e-08
1.51578e-08
-4.50953e-08
-7.1369e-08
-7.553e-08
-7.35467e-08
-1.0459e-07
-6.44487e-08
-1.05154e-07
-6.06463e-08
-9.45871e-08
-2.98273e-08
-1.08624e-07
1.01005e-07
-1.03394e-07
7.68538e-08
-9.40925e-08
1.6668e-07
-7.76372e-08
1.49437e-07
-2.7036e-08
-3.10215e-08
-1.80048e-08
-1.49218e-08
-3.64161e-08
2.34709e-07
-8.30267e-08
2.63057e-07
-8.47487e-08
1.77222e-07
-8.54366e-08
2.40377e-07
-1.26589e-07
3.34031e-07
-1.36484e-07
2.46222e-07
-1.34305e-07
8.73049e-08
-1.43205e-07
1.67943e-07
-1.62004e-07
1.8021e-07
-1.51192e-07
-1.63778e-07
-1.1927e-07
-3.86496e-07
-6.54054e-08
-7.28171e-07
-1.4111e-08
-7.48847e-07
-3.28221e-07
-5.18347e-08
1.786e-08
-5.52808e-08
5.24663e-08
-5.31356e-08
8.83786e-08
-5.05141e-08
7.53254e-08
-2.49826e-08
-1.03731e-08
-9.31837e-09
-8.70336e-08
-3.43585e-08
-4.85049e-08
-7.21163e-08
-2.6691e-08
-7.43921e-08
-5.83705e-08
-5.4492e-08
-4.97273e-08
-7.47096e-08
1.21222e-07
-1.35991e-07
1.38135e-07
-1.37603e-07
1.68292e-07
-8.41219e-08
9.59566e-08
-6.17745e-08
-5.33689e-08
-6.09463e-08
-1.57499e-08
-2.5878e-08
1.99641e-07
-6.86047e-08
3.05784e-07
-8.99969e-08
1.98615e-07
-8.10191e-08
2.314e-07
-1.29233e-07
3.82245e-07
-1.39764e-07
2.56752e-07
-1.34945e-07
8.24863e-08
-1.4341e-07
1.76408e-07
-1.64435e-07
2.01236e-07
-1.53944e-07
-1.74269e-07
-1.20376e-07
-4.20064e-07
-6.4927e-08
-7.83621e-07
-1.28566e-08
-8.00917e-07
-3.41078e-07
-2.49354e-08
5.13476e-08
-4.09649e-08
6.85054e-08
-3.23839e-08
7.98036e-08
-9.50327e-09
5.24449e-08
2.41547e-08
-4.40308e-08
2.61706e-08
-8.90499e-08
5.17486e-09
-2.75095e-08
-4.56593e-08
2.41409e-08
-5.46605e-08
-4.93694e-08
-3.44622e-08
-6.98844e-08
-5.41135e-08
1.40874e-07
-9.28485e-08
1.7687e-07
-9.74301e-08
1.72873e-07
-8.2807e-08
8.13335e-08
-3.70094e-08
-9.91665e-08
-2.2632e-08
-3.01273e-08
-4.78121e-08
2.24821e-07
-9.90326e-08
3.57004e-07
-9.48618e-08
1.94444e-07
-7.96344e-08
2.16172e-07
-1.28938e-07
4.31549e-07
-1.43223e-07
2.71036e-07
-1.35728e-07
7.49914e-08
-1.43484e-07
1.84164e-07
-1.67009e-07
2.24761e-07
-1.56954e-07
-1.84324e-07
-1.21584e-07
-4.55434e-07
-6.43499e-08
-8.40855e-07
-1.14612e-08
-8.53806e-07
-3.52539e-07
1.97273e-09
7.30052e-08
-3.73138e-10
7.08515e-08
1.83978e-08
6.10328e-08
4.52816e-08
2.55611e-08
6.9973e-08
-6.87247e-08
5.5452e-08
-7.45293e-08
2.10112e-08
6.93445e-09
-4.86338e-08
9.38558e-08
-6.58443e-08
-3.13112e-08
-7.60385e-08
-6.01017e-08
-1.05215e-07
1.7005e-07
-8.35309e-08
1.55186e-07
-7.58592e-08
1.65202e-07
-7.6534e-08
8.20083e-08
-3.83842e-08
-1.37316e-07
1.55253e-08
-8.40367e-08
5.58618e-08
1.84484e-07
-1.04027e-08
4.23269e-07
-7.47659e-08
2.58807e-07
-9.76271e-08
2.39033e-07
-1.36122e-07
4.70044e-07
-1.47122e-07
2.82036e-07
-1.3656e-07
6.44299e-08
-1.43253e-07
1.90857e-07
-1.69578e-07
2.51085e-07
-1.6019e-07
-1.93712e-07
-1.22862e-07
-4.92762e-07
-6.3633e-08
-9.00084e-07
-9.91479e-09
-9.07524e-07
-3.62454e-07
1.01005e-08
7.36804e-08
2.41885e-08
5.67598e-08
5.2464e-08
3.27541e-08
7.72381e-08
7.84171e-10
6.41712e-08
-5.5661e-08
1.19305e-08
-2.22886e-08
-5.55419e-08
7.44077e-08
-1.00362e-07
1.39409e-07
-7.20358e-08
-5.96915e-08
-1.01647e-07
-3.15362e-08
-1.26412e-07
1.94815e-07
-9.56348e-08
1.24409e-07
-8.46394e-08
1.54206e-07
-6.23978e-08
5.97666e-08
-3.34228e-08
-1.66291e-07
-3.40339e-08
-8.34256e-08
-6.41036e-08
2.14554e-07
-1.39845e-07
4.9901e-07
-9.56246e-08
2.14586e-07
-4.66943e-08
1.90103e-07
-1.1717e-07
5.40519e-07
-1.52254e-07
3.1712e-07
-1.36002e-07
4.81777e-08
-1.42486e-07
1.97342e-07
-1.71524e-07
2.80123e-07
-1.63389e-07
-2.01847e-07
-1.24081e-07
-5.32069e-07
-6.26488e-08
-9.61517e-07
-8.22284e-09
-9.6195e-07
-3.70676e-07
1.80784e-08
5.4347e-08
3.68439e-08
3.79912e-08
4.98567e-08
1.97445e-08
4.40834e-08
6.55739e-09
-2.09952e-09
-9.47807e-09
-4.85157e-08
2.41276e-08
-7.37114e-08
9.96034e-08
-1.95423e-08
8.61181e-08
-2.59792e-08
-5.33084e-08
-6.67115e-08
8.37648e-09
-4.00183e-08
1.68122e-07
-2.59802e-08
1.10371e-07
-4.03167e-08
1.68543e-07
-6.94705e-08
8.89205e-08
-5.36158e-08
-1.82146e-07
-2.84295e-08
-1.08612e-07
-4.38982e-08
2.30023e-07
-6.4604e-08
5.19716e-07
-9.06029e-08
2.40585e-07
-1.45658e-07
2.45158e-07
-1.84213e-07
5.79074e-07
-1.45964e-07
2.78871e-07
-1.3279e-07
3.50038e-08
-1.38999e-07
2.03551e-07
-1.70889e-07
3.12012e-07
-1.65467e-07
-2.07269e-07
-1.24727e-07
-5.72809e-07
-6.09832e-08
-1.02526e-06
-6.45639e-09
-1.01648e-06
-3.77133e-07
9.54339e-09
3.87955e-08
1.20385e-08
3.54992e-08
-2.41028e-09
3.41933e-08
-3.23144e-08
3.64612e-08
-6.05529e-08
1.87605e-08
-8.59621e-08
4.95368e-08
-9.78489e-08
1.11501e-07
-2.55931e-08
1.46694e-08
-2.58137e-08
-5.31417e-08
-6.0895e-08
4.3436e-08
-4.20634e-08
1.4779e-07
-2.14843e-08
8.91749e-08
-1.01345e-08
1.57163e-07
-8.97145e-08
1.685e-07
-4.84106e-08
-2.22991e-07
1.46795e-08
-1.71702e-07
3.86467e-10
2.44316e-07
-2.96335e-08
5.49736e-07
-5.09141e-08
2.61866e-07
-2.45571e-09
1.967e-07
-6.47221e-08
6.41341e-07
-1.22992e-07
3.37141e-07
-1.10436e-07
2.24477e-08
-1.26597e-07
2.19713e-07
-1.61859e-07
3.47275e-07
-1.63163e-07
-2.05966e-07
-1.23025e-07
-6.12947e-07
-5.74676e-08
-1.09082e-06
-4.98432e-09
-1.06896e-06
-3.82117e-07
-1.58055e-08
4.11016e-08
-2.44162e-08
4.41101e-08
-3.87116e-08
4.84889e-08
-5.74682e-08
5.52178e-08
-6.40474e-08
2.53398e-08
-7.87244e-08
6.42139e-08
-9.06179e-08
1.23413e-07
-9.02069e-08
1.43964e-08
-1.2963e-07
-1.2996e-08
-1.72972e-07
8.65299e-08
-1.30442e-07
1.05036e-07
-4.28672e-08
5.64212e-10
-4.42472e-08
1.58557e-07
-1.07495e-07
2.32035e-07
-1.80494e-08
-3.10724e-07
6.34769e-08
-2.53232e-07
8.75908e-09
2.99034e-07
-6.97123e-08
6.28198e-07
-9.45144e-08
2.86668e-07
-7.0469e-08
1.72654e-07
-1.07185e-07
6.78057e-07
-8.97944e-08
3.1975e-07
-5.19038e-08
-1.54429e-08
-8.89941e-08
2.56803e-07
-1.3296e-07
3.9124e-07
-1.4952e-07
-1.89406e-07
-1.14117e-07
-6.4835e-07
-4.94059e-08
-1.15553e-06
-3.5284e-09
-1.11484e-06
-3.85646e-07
-3.22323e-08
4.97796e-08
-3.9612e-08
5.14886e-08
-4.35067e-08
5.23805e-08
-4.53636e-08
5.70726e-08
-3.54671e-08
1.54376e-08
-4.56092e-08
7.43566e-08
-5.78094e-08
1.35628e-07
-3.80158e-08
-5.39724e-09
-5.10131e-08
4.14069e-10
-1.02669e-07
1.39133e-07
-5.93189e-08
6.22283e-08
1.71541e-08
-7.60324e-08
-5.44233e-08
2.3015e-07
-1.0765e-07
2.85927e-07
-5.27871e-08
-3.66008e-07
1.66364e-08
-3.22055e-07
-4.03586e-08
3.56029e-07
-4.59835e-08
6.33837e-07
3.87517e-08
2.00329e-07
-5.51981e-08
2.66592e-07
-1.95537e-08
6.41689e-07
6.88471e-08
2.30753e-07
2.43943e-08
2.90588e-08
-1.31942e-08
2.94392e-07
-7.58816e-08
4.53928e-07
-1.17686e-07
-1.47602e-07
-8.87908e-08
-6.77245e-07
-3.21937e-08
-1.21213e-06
-8.29224e-09
-1.13874e-06
-3.93938e-07
-2.0579e-08
5.38028e-08
-2.37659e-08
5.46765e-08
-2.58163e-08
5.44313e-08
-2.12762e-08
5.25306e-08
-2.24218e-09
-3.59848e-09
-1.33444e-08
8.54547e-08
-4.77028e-08
1.69987e-07
-6.0458e-09
-4.70542e-08
2.5789e-08
-3.14206e-08
-3.177e-08
1.97052e-07
-2.5204e-08
5.57253e-08
2.77992e-08
-1.28768e-07
1.99387e-08
2.38026e-07
-3.9033e-08
3.45267e-07
-1.01042e-07
-3.04421e-07
-1.42732e-08
-4.07951e-07
-3.79797e-08
3.79734e-07
-2.18479e-08
6.15247e-07
9.25758e-08
8.52854e-08
-2.92618e-08
3.88116e-07
1.68184e-07
4.42457e-07
4.29214e-07
-3.45282e-08
2.4979e-07
2.11655e-07
1.24987e-08
5.31683e-07
-3.47864e-08
4.43311e-07
-8.28965e-08
-9.63644e-08
-4.03423e-08
-7.19788e-07
-2.29955e-09
-1.25017e-06
3.06519e-09
-1.1441e-06
-3.90873e-07
3.0216e-09
4.84395e-08
9.73656e-09
4.79625e-08
1.25881e-08
5.15855e-08
1.37719e-08
5.13545e-08
3.17706e-08
-2.15963e-08
4.28543e-08
7.43666e-08
1.85664e-08
1.94275e-07
1.00603e-08
-3.8549e-08
4.62888e-08
-6.76489e-08
8.24647e-08
1.60705e-07
2.93022e-08
1.08668e-07
-1.91256e-08
-8.0539e-08
-7.43294e-10
2.19652e-07
2.81017e-08
3.13419e-07
1.2824e-09
-2.78573e-07
1.3837e-07
-5.46912e-07
1.43415e-07
3.74686e-07
7.48606e-08
6.81468e-07
1.52475e-07
8.46467e-09
1.11597e-07
4.29827e-07
3.1048e-07
2.45272e-07
4.90786e-07
-2.1448e-07
5.49504e-07
1.4466e-07
3.44313e-07
7.17489e-07
1.51395e-08
3.84739e-07
-7.87678e-08
2.57062e-09
1.23134e-08
-4.92834e-07
3.65014e-08
-1.27435e-06
-2.53774e-08
-1.08222e-06
-4.1625e-07
1.19963e-08
3.65738e-08
2.41966e-08
3.57618e-08
3.76119e-08
3.81697e-08
4.92894e-08
3.96768e-08
5.21602e-08
-2.44686e-08
7.25042e-08
5.40197e-08
8.39462e-08
1.82828e-07
4.84782e-08
-3.08056e-09
1.96348e-08
-3.88054e-08
8.63644e-08
9.39757e-08
1.04577e-07
9.04435e-08
6.8616e-08
-4.50542e-08
6.25692e-08
2.25673e-07
1.32491e-07
2.42727e-07
1.7259e-07
-3.18943e-07
1.72377e-07
-5.46827e-07
1.44766e-07
4.02179e-07
2.13811e-07
6.14186e-07
2.55649e-07
-3.25694e-08
2.86273e-07
3.9983e-07
5.69931e-07
-3.85833e-08
5.03313e-07
-1.48415e-07
3.69467e-07
2.786e-07
5.36085e-07
4.27831e-07
1.63824e-07
3.12001e-07
1.07743e-08
2.68822e-09
1.38004e-08
-6.15975e-08
6.53968e-08
-7.62522e-07
4.04476e-08
-1.05726e-06
-3.758e-07
1.21027e-08
1.91795e-08
2.66236e-08
2.12409e-08
3.96031e-08
2.51902e-08
3.86204e-08
4.06594e-08
-8.31704e-09
2.24688e-08
2.39424e-09
4.33084e-08
8.61737e-08
9.90482e-08
7.2512e-08
1.05811e-08
5.9746e-09
2.7732e-08
3.93742e-08
6.0576e-08
7.60255e-08
5.37922e-08
5.01463e-08
-1.92935e-08
1.09626e-07
1.65402e-07
2.8703e-07
6.64621e-08
2.70658e-07
-3.01849e-07
5.74905e-08
-3.33894e-07
9.2708e-08
3.66299e-07
3.77199e-07
3.30221e-07
3.62348e-07
-1.76585e-08
4.13073e-07
3.49192e-07
6.81168e-07
-3.0658e-07
6.97291e-07
-1.64397e-07
5.92612e-07
3.83396e-07
5.39813e-07
3.43904e-07
2.71292e-07
1.25517e-07
7.49798e-08
-1.14653e-07
1.25742e-08
-4.6885e-10
-9.46295e-09
-2.05471e-09
2.68448e-08
-1.09339e-06
-3.48609e-07
-6.54153e-09
7.68477e-09
-1.13798e-08
9.31087e-09
-2.08276e-08
1.27286e-08
-1.84035e-08
1.22987e-08
-4.00946e-08
1.70023e-08
-3.68846e-08
1.24973e-08
1.88602e-08
1.35216e-08
-2.58164e-08
2.29468e-08
-5.12719e-08
2.26859e-08
-1.01496e-08
4.48742e-09
2.64386e-08
9.83394e-09
3.39942e-08
-1.6121e-08
1.7393e-07
2.46663e-08
3.47481e-07
-9.58004e-08
2.6721e-07
-2.16321e-07
7.3393e-08
-1.40307e-07
1.82491e-07
2.56885e-07
4.46767e-07
6.60161e-08
4.53983e-07
-2.47959e-08
5.59823e-07
2.4344e-07
7.21997e-07
-4.68657e-07
7.28041e-07
-1.79513e-07
7.55989e-07
2.94479e-07
5.66997e-07
2.49265e-07
1.36092e-07
2.88638e-08
8.88932e-11
-3.54496e-09
-4.50529e-10
7.09401e-11
-8.95438e-08
-3.14388e-10
1.47873e-07
-3.7964e-07
-1.84943e-07
-3.14732e-09
-5.79082e-11
-9.08796e-09
3.73994e-11
-8.97399e-09
8.77456e-11
-7.68885e-09
-3.7417e-11
-4.37304e-09
-9.55245e-11
-8.89839e-09
1.22091e-10
-1.26346e-08
4.81227e-11
-9.12834e-09
-9.57237e-11
-1.19111e-08
3.10605e-11
-2.47734e-08
6.91648e-11
-1.47896e-08
-3.84036e-13
1.24189e-08
-1.60757e-13
1.16544e-07
-1.95334e-13
1.62567e-07
-3.54331e-13
1.71387e-07
-1.32303e-08
1.57562e-07
-1.67673e-08
3.30292e-07
8.38438e-08
4.20732e-07
-4.03744e-08
4.66995e-07
-4.44269e-08
6.25049e-07
9.24274e-08
3.29004e-07
-1.78623e-07
2.19255e-07
-1.3056e-08
3.42924e-07
2.6637e-09
2.1825e-07
-2.25719e-10
9.59492e-09
-1.86507e-09
-8.44754e-11
-1.07784e-10
-1.14789e-11
-1.38326e-12
3.4402e-12
-3.57027e-10
-1.80099e-07
-2.35798e-08
-3.40513e-07
2.70331e-08
-4.62059e-12
1.32741e-11
-4.71126e-09
1.44588e-11
-3.51331e-10
1.32932e-11
-1.0728e-11
-2.02028e-13
-8.76989e-13
-2.15836e-10
1.37308e-12
-4.54886e-09
-1.95557e-11
-4.468e-08
-2.65664e-09
-2.53409e-07
-8.17289e-08
-2.12129e-07
-5.92662e-08
-7.35713e-08
1.77866e-07
-1.44844e-07
-1.88771e-09
-7.7249e-08
-2.65403e-08
-2.12541e-08
-4.05499e-12
-1.02228e-08
-1.07147e-11
-7.09955e-12
-7.92054e-10
-1.96192e-12
-4.52451e-10
-4.48155e-13
-1.57999e-10
9.98871e-13
-6.23295e-11
1.01471e-12
-8.35235e-12
9.21955e-13
-4.33771e-14
2.07608e-10
3.39632e-13
3.21718e-12
-1.08583e-12
1.6521e-10
1.49176e-13
3.14175e-10
3.54868e-12
1.66014e-10
-2.41931e-12
8.73782e-11
-1.1541e-12
7.57281e-11
-4.59098e-13
3.03717e-11
-2.07329e-12
-1.63111e-12
-4.6619e-11
-1.36394e-11
-7.14872e-12
1.56239e-10
-1.76951e-11
1.64172e-11
-8.53825e-14
5.57231e-13
-9.18348e-13
2.70925e-13
-7.57112e-13
-1.61077e-11
5.61854e-13
-1.13449e-10
1.00625e-11
-2.73398e-09
-3.63151e-11
-9.95554e-08
-5.29586e-09
-2.0458e-07
-2.8071e-08
-2.17897e-09
1.03072e-08
-3.36988e-09
5.28216e-11
-2.25282e-12
-8.36525e-11
-1.38762e-12
-5.74557e-12
-1.10366e-11
-1.75297e-12
3.9227e-12
-1.75113e-11
3.54621e-10
-3.86875e-10
5.06066e-10
-5.99287e-11
-6.86019e-12
1.48014e-11
-7.5491e-13
-2.21665e-12
1.92957e-12
1.86143e-13
1.93566e-12
1.24457e-13
1.58719e-13
-1.26608e-13
2.93803e-13
-2.28511e-14
3.76154e-12
-7.07794e-15
1.38526e-12
-3.28579e-14
1.96553e-13
-9.07555e-15
-2.84308e-13
-6.43415e-15
-2.46694e-12
-7.83478e-14
1.98366e-13
-6.38796e-12
-1.77642e-14
-1.66523e-11
6.08801e-14
-1.78097e-11
6.76105e-15
-5.76319e-14
9.86506e-13
-1.36508e-13
1.33352e-13
9.86367e-14
-1.56708e-13
3.33583e-13
-1.23455e-12
-4.90365e-14
-3.75418e-11
-4.33228e-17
-5.33337e-09
-2.75996e-14
-3.88748e-08
-1.55266e-13
1.67212e-09
-1.75905e-12
7.3203e-11
-9.49229e-13
-3.55382e-12
-7.97913e-12
-3.50787e-12
-7.07138e-12
-1.95701e-12
-6.216e-12
-2.01087e-12
-1.74827e-11
7.2151e-12
-1.42293e-10
-1.6805e-11
-1.83117e-11
-4.26981e-12
1.53602e-13
1.40497e-14
-4.57154e-14
3.31139e-14
-2.57835e-14
7.00824e-14
8.96893e-14
2.57656e-14
-4.91629e-14
3.75195e-15
2.88426e-15
1.23605e-14
5.34947e-15
-5.48179e-15
-7.54734e-15
-1.79355e-14
2.94433e-15
-4.77018e-14
5.01823e-15
-3.25719e-13
5.9531e-15
3.46492e-14
-7.00114e-13
-1.01899e-12
-1.82499e-11
2.33045e-15
-1.88037e-11
-2.26529e-14
-5.93513e-14
7.51325e-13
2.66816e-13
3.02895e-13
3.54601e-12
3.68145e-14
1.49217e-12
-8.43637e-17
-9.17257e-14
-4.78914e-16
8.50851e-18
-2.9777e-15
-2.54031e-14
-2.67236e-14
-1.32968e-13
-8.98094e-15
-1.77889e-12
-6.29263e-13
-3.13699e-13
-1.00355e-11
-2.43442e-13
-3.61345e-11
-1.23063e-11
-3.42792e-11
-3.79924e-11
-2.80951e-11
-5.57143e-11
-3.03592e-11
-1.25989e-10
-6.32214e-12
-2.83128e-12
-1.58681e-14
-7.52451e-15
-4.11826e-14
-2.68064e-14
-3.95923e-16
-6.30557e-14
-1.7526e-14
1.13146e-13
-4.69019e-15
5.99272e-14
-7.8521e-15
5.51859e-15
-6.25526e-15
3.72422e-15
-2.19712e-15
-3.92137e-15
-3.41526e-15
2.7372e-15
-6.20752e-15
3.73109e-15
-2.66152e-14
4.01376e-15
2.76919e-14
-6.40797e-14
-1.04985e-12
-1.75223e-11
-1.48152e-15
-1.8851e-11
-1.98944e-15
-1.05148e-13
1.30804e-13
6.40575e-15
6.22239e-13
3.69392e-12
8.47185e-14
3.12251e-13
-6.654e-17
-8.19341e-15
-6.44074e-16
1.87642e-16
-1.50277e-13
-6.60886e-14
-7.73363e-13
-1.22714e-13
-5.82542e-13
-3.33765e-13
8.26678e-13
-5.64702e-14
-2.13281e-11
5.17699e-12
-5.28804e-11
-2.98363e-12
-5.09627e-11
-1.98363e-12
-4.47189e-11
-2.77538e-11
-2.00118e-11
-4.7967e-11
-3.72979e-14
-1.4418e-12
-1.87219e-14
-3.34102e-14
-2.92917e-14
-2.24357e-14
-2.01269e-13
-6.30973e-14
-1.81853e-13
2.51058e-13
-8.02685e-15
2.7599e-14
-4.10401e-15
1.36968e-15
-4.28334e-15
3.49389e-15
-2.64181e-15
3.55272e-15
-3.02814e-15
2.54613e-15
-2.63835e-15
2.64456e-15
-4.81482e-15
4.30076e-15
4.02667e-14
-2.0447e-14
-6.23366e-13
-1.23283e-13
-3.73776e-14
-1.83509e-11
-1.18482e-16
-3.62926e-13
3.49565e-15
1.15045e-15
6.93482e-13
3.73467e-12
3.54314e-14
-4.27659e-15
7.2819e-16
3.09639e-15
1.23862e-16
6.8211e-16
-1.03229e-12
1.08801e-13
-1.36892e-12
1.0283e-16
-1.72037e-12
1.80739e-13
-1.37503e-12
-1.17164e-14
-1.77319e-13
2.88629e-14
-3.03392e-12
-1.89996e-13
-1.36128e-11
-1.0483e-12
-1.44084e-11
-1.10908e-12
-2.35264e-12
-1.62251e-12
-1.62264e-13
-6.78867e-13
-2.06699e-14
-1.82454e-13
-2.40653e-14
-2.6843e-14
-1.34481e-13
-1.30088e-14
-5.98422e-14
-3.84452e-16
-2.99047e-15
-2.02342e-15
-3.58579e-15
1.79676e-15
-3.52247e-15
3.04447e-15
-3.5178e-15
2.90908e-15
-4.16347e-15
2.61042e-15
-5.69077e-15
3.67352e-15
-2.30314e-14
2.10985e-14
8.11309e-13
-8.33022e-13
-1.23282e-13
-5.56753e-20
-2.73928e-14
-1.16061e-14
-6.74355e-16
-4.57404e-13
4.73637e-16
1.99767e-19
3.39227e-13
5.00235e-14
-2.50796e-16
-1.23228e-14
4.69435e-16
1.90437e-16
9.4964e-16
1.48793e-16
-9.45924e-13
8.58105e-13
-1.64639e-12
1.61736e-12
-1.03595e-13
4.32039e-13
-1.40595e-13
-1.70648e-14
-1.35215e-13
-1.77196e-14
-2.19263e-13
-1.66653e-13
-2.73785e-13
-2.45773e-13
-3.41379e-13
-4.04992e-13
-6.38053e-13
-8.07426e-13
-7.74909e-13
-1.35659e-12
-6.38769e-14
-2.98864e-12
-8.53497e-15
-7.26088e-14
-7.38745e-15
-5.93251e-15
-5.6964e-15
5.56348e-15
-5.50916e-15
4.13673e-15
-7.40001e-15
8.5878e-15
-4.57284e-15
1.06451e-14
-5.09176e-15
2.77136e-15
-7.26749e-15
4.10864e-15
-1.71083e-14
1.14253e-14
-7.57985e-13
9.77529e-14
7.45129e-13
-2.23263e-12
1.39824e-23
-5.89621e-20
-8.7499e-15
-2.85642e-15
-9.73636e-19
-3.00779e-13
7.3745e-19
-2.42516e-18
1.34132e-14
6.92543e-16
1.59716e-16
3.60209e-16
2.126e-16
6.86247e-16
1.56927e-16
1.79259e-16
-1.40932e-12
1.46711e-12
-3.33783e-12
1.02536e-11
-1.91868e-13
-1.37215e-12
-1.81887e-13
-7.28481e-14
-5.84326e-13
2.92681e-13
-6.03059e-13
-1.09324e-13
-4.08431e-13
-2.27889e-14
-1.07546e-13
-8.36503e-14
-1.40697e-12
-2.53957e-13
-6.02366e-12
-2.35054e-12
-3.56245e-12
-8.4797e-12
-2.2825e-13
-3.78027e-12
-4.20377e-14
-1.82738e-13
-8.10396e-15
5.26889e-15
-2.75169e-14
2.96193e-14
-3.20681e-14
2.30779e-14
-2.23606e-14
2.58063e-14
-6.54231e-15
1.25591e-14
-1.37843e-14
9.32885e-15
-4.61519e-14
3.76358e-14
-3.8242e-13
5.59352e-14
3.26008e-14
-1.42624e-12
8.5407e-22
-1.2554e-19
-4.52093e-15
-1.2795e-15
-6.58723e-17
-1.95156e-17
-7.19583e-17
-4.02687e-18
5.37497e-16
1.774e-16
1.11896e-16
5.52464e-16
1.98591e-16
4.5146e-16
1.40499e-16
2.10499e-16
-9.22137e-13
1.09331e-12
-7.72784e-12
1.69221e-11
-2.9743e-12
-2.53953e-12
-3.40925e-13
-1.79659e-13
-6.72154e-13
3.17867e-13
-7.59192e-13
7.55151e-15
-6.79357e-13
4.10289e-15
-1.68327e-13
-3.67725e-14
-1.49465e-12
9.48804e-13
-7.44108e-12
1.68795e-12
-6.03309e-12
-8.85101e-12
-1.95642e-12
-6.92199e-12
-8.82139e-13
-1.91542e-13
-2.50278e-13
6.59237e-14
-4.82574e-14
7.58873e-14
-3.51353e-14
2.48986e-14
-1.44964e-14
1.90204e-14
-5.92329e-14
7.03058e-14
-3.09526e-13
8.56747e-14
-3.73448e-13
1.23435e-13
-3.9492e-13
1.08995e-13
-1.69281e-14
-1.52956e-13
3.07696e-21
-2.33394e-19
-2.14277e-19
-2.57368e-16
-2.01799e-18
-1.98334e-17
-1.59719e-17
-3.74988e-18
1.52483e-17
2.32554e-16
3.36757e-17
2.78421e-16
1.53287e-16
2.46676e-16
1.28277e-16
2.06642e-16
3.61656e-13
1.35583e-13
-6.30873e-12
8.49029e-12
-9.6875e-12
1.37357e-12
-1.27022e-12
-1.62972e-13
-5.9282e-13
2.77832e-12
-6.06987e-13
2.36129e-13
-5.80884e-13
1.33094e-14
-1.64502e-12
1.54417e-12
-5.81367e-12
5.16087e-12
-7.05072e-12
-2.22829e-12
-7.2137e-12
-2.53852e-12
-2.25428e-12
-3.10929e-12
-2.42697e-13
-1.08783e-13
-5.67495e-13
5.12243e-15
-3.5961e-13
1.60436e-13
-1.59832e-13
1.15588e-13
-2.62857e-13
6.26146e-14
-4.57622e-13
1.42683e-13
-4.72828e-13
1.32686e-13
-4.39761e-13
1.1925e-13
-3.29304e-13
5.19926e-14
1.48148e-14
-3.64788e-14
8.1184e-21
-3.85848e-19
-1.23247e-19
-2.38938e-17
-1.65469e-18
-2.70708e-17
-1.47912e-17
-2.69059e-18
3.75811e-18
1.31909e-16
4.45669e-18
1.87461e-16
1.47006e-16
1.2604e-16
1.60587e-16
1.62011e-16
1.25703e-13
1.00129e-14
-4.05711e-12
-5.12179e-14
-9.07836e-12
6.98416e-12
-9.65084e-12
9.31184e-13
-2.31279e-12
1.11857e-11
-4.79502e-13
1.54129e-12
-4.97294e-12
-1.07044e-13
-3.85293e-11
-3.4451e-11
-7.09302e-11
-1.2117e-10
-6.17439e-12
-2.26182e-10
-5.21036e-13
-4.51213e-13
-1.24984e-13
-5.50401e-14
-6.95875e-14
-1.64492e-14
-6.09551e-13
1.68122e-14
-2.83299e-13
1.51081e-13
-2.78615e-13
5.98395e-15
-4.88747e-13
5.36846e-14
-4.88856e-13
1.35755e-13
-3.89772e-13
4.87384e-14
-2.06438e-13
1.49849e-14
-9.86494e-14
1.05843e-14
1.22029e-14
-8.05577e-14
1.73548e-20
-5.72369e-19
-4.14918e-20
-1.90066e-17
-1.15024e-18
-3.77878e-17
-8.36191e-18
-2.52075e-18
4.83039e-19
5.74728e-17
1.51672e-18
1.51583e-16
2.02077e-16
-2.96432e-17
2.62317e-16
9.64524e-17
9.01023e-15
1.26637e-15
-4.87842e-14
5.85992e-15
-4.92688e-12
-8.34799e-16
-7.96521e-12
1.5082e-12
-8.41653e-12
9.85177e-12
4.85312e-13
1.76684e-12
9.25404e-12
-1.68642e-13
-1.64049e-11
-4.72459e-11
-4.85082e-11
-3.96664e-10
-1.35945e-11
-3.09043e-10
-5.61482e-14
-1.38956e-11
-4.51602e-14
-4.5702e-14
-5.16078e-14
-3.40075e-14
-1.09457e-13
6.17731e-15
-7.7643e-14
7.88674e-16
-9.30259e-14
2.51124e-16
-1.39223e-13
-8.96552e-16
-7.83746e-14
1.91211e-15
-5.05378e-14
-3.4531e-15
-7.73933e-14
1.67821e-14
-3.34207e-13
2.91496e-14
4.85086e-14
-3.75661e-13
3.1245e-20
-7.62265e-19
1.9655e-19
-2.3978e-17
-1.08974e-18
-4.52267e-17
-4.37925e-18
-3.14166e-18
6.35748e-20
2.51878e-17
9.08673e-18
1.26435e-16
1.64545e-16
-1.21844e-16
2.51253e-16
3.7785e-17
4.17737e-16
1.14108e-15
4.41295e-15
1.5563e-15
-1.66439e-15
3.52442e-15
-2.61903e-12
3.4334e-13
-2.40057e-12
7.55908e-12
-5.12529e-15
3.07825e-13
-1.76186e-13
-6.16936e-15
6.61571e-12
-1.26583e-12
4.05398e-11
-9.59372e-11
-1.99308e-11
-2.43568e-10
-3.46224e-13
-2.44094e-11
-2.22627e-13
-7.75122e-14
-7.93534e-15
-2.65575e-14
-2.13406e-15
2.12712e-16
-1.88527e-15
3.76588e-16
-2.26826e-15
3.79853e-16
-2.59695e-15
2.69409e-16
-1.46568e-15
3.2303e-16
-5.30563e-14
2.21909e-15
-4.00297e-13
4.28926e-14
-4.27923e-13
5.31223e-14
3.95899e-14
-4.22279e-13
4.80628e-20
-8.96146e-19
5.25802e-19
-2.73637e-17
-1.40134e-18
-4.71754e-17
-2.4898e-18
-3.15722e-18
-3.55843e-20
1.22898e-17
1.3437e-17
9.52857e-17
8.03401e-17
-1.13521e-16
3.22232e-16
-1.74802e-16
2.58591e-16
1.16875e-15
5.57671e-16
1.22876e-15
3.41039e-15
5.90798e-16
3.36818e-13
1.0017e-14
4.40353e-13
5.42075e-12
-2.45714e-15
3.05651e-13
-1.11499e-14
-6.77713e-15
-6.53915e-13
-6.31465e-13
-4.79208e-11
-6.44714e-11
-1.19381e-10
-1.68111e-10
-2.28012e-12
-7.82086e-11
-3.79428e-13
-1.86976e-12
-5.73035e-16
1.20646e-14
-7.19661e-16
2.10462e-16
-7.50101e-16
3.01849e-16
-8.41725e-16
2.74818e-16
-1.07393e-15
2.56273e-16
-1.43684e-15
2.61999e-16
1.91296e-16
2.71825e-16
-1.07542e-13
-5.16101e-16
-4.19262e-13
1.45752e-14
2.9958e-14
-4.13255e-13
6.26104e-20
-8.9193e-19
8.58883e-19
-2.78434e-17
-1.47245e-18
-4.27465e-17
-1.36202e-18
-2.46915e-18
-3.94281e-19
5.78167e-18
1.01279e-17
5.81352e-17
3.24939e-17
-5.47993e-17
4.24574e-16
-3.93641e-16
3.35467e-16
1.22545e-15
2.99355e-16
1.23553e-15
2.99129e-16
5.4385e-16
1.00351e-14
2.57172e-16
2.06481e-12
8.81115e-14
1.75356e-14
-7.89122e-14
5.79716e-15
5.80617e-16
-5.00341e-13
-1.14109e-13
-1.16424e-10
-4.66558e-11
-1.32477e-10
-1.4773e-10
-4.21359e-11
-1.57732e-10
-9.46455e-13
-4.29261e-11
-4.21876e-16
2.69054e-14
-5.24586e-16
3.08203e-16
-5.98221e-16
3.71168e-16
-7.19186e-16
3.8942e-16
-7.91054e-16
2.77256e-16
-8.9437e-16
2.24755e-16
-1.09448e-15
1.71822e-16
-6.73826e-15
3.33561e-16
-2.45369e-14
-3.8853e-16
1.21326e-15
-2.19129e-14
7.75836e-20
-7.07089e-19
1.04704e-18
-2.43238e-17
-1.20728e-18
-3.26799e-17
-6.4072e-19
-1.66454e-18
-4.20323e-19
2.31612e-18
5.4783e-18
2.63589e-17
6.17935e-18
-2.05023e-17
2.47216e-16
-4.0411e-16
4.08892e-16
1.06542e-15
3.65721e-16
1.21537e-15
3.65922e-16
4.94748e-16
5.27361e-16
6.58407e-17
8.61511e-14
2.44581e-15
7.70684e-15
-8.99722e-16
2.73827e-14
2.28861e-15
-4.50327e-14
-4.49247e-15
-7.0297e-11
-3.24938e-12
-1.81654e-10
-1.04323e-10
-1.94406e-10
-1.39502e-10
-2.09958e-12
-2.12059e-10
-5.88454e-16
-2.07208e-12
-3.6849e-15
3.39843e-15
-1.013e-14
7.54525e-15
-5.26611e-16
2.02659e-14
-5.93852e-16
3.137e-16
-6.43525e-16
2.46029e-16
-7.56921e-16
2.48663e-16
-2.44365e-15
1.98831e-15
-5.67408e-16
8.2733e-15
1.27397e-15
-4.83479e-16
5.48545e-20
-3.96107e-19
9.53306e-19
-1.6019e-17
-8.58118e-19
-2.04667e-17
-2.61159e-19
-1.0791e-18
-2.3122e-19
7.86952e-19
2.21404e-18
8.5897e-18
6.90106e-18
-8.67177e-18
1.87939e-16
-4.07589e-16
5.16195e-16
9.15523e-16
4.27404e-16
1.34159e-15
3.95515e-16
6.70964e-16
7.09542e-16
-8.36748e-17
2.76695e-15
3.19163e-16
9.45051e-16
8.3948e-16
6.38937e-15
1.00489e-15
6.17706e-14
8.54293e-16
-2.17366e-12
-1.13799e-14
-6.56084e-11
-8.92321e-12
-1.0398e-10
-9.57497e-11
-2.98435e-11
-2.81341e-10
-4.60373e-13
-6.41372e-11
-2.45806e-14
1.85123e-12
-5.6944e-14
4.07071e-14
-5.85881e-13
1.42596e-13
-3.00137e-12
2.1556e-12
-2.88122e-12
2.06651e-12
-1.53245e-12
2.80195e-12
-2.34669e-13
3.10271e-13
-6.12678e-13
6.23235e-14
1.40171e-13
-6.6858e-13
3.12226e-20
-1.31166e-19
6.08376e-19
-7.83451e-18
-5.83353e-19
-1.01825e-17
-9.86958e-20
-5.58301e-19
-8.40337e-20
2.38701e-19
6.37083e-19
2.03261e-18
4.48743e-18
-3.67732e-18
9.47344e-17
-3.38759e-16
6.67535e-16
1.29036e-15
4.83668e-16
1.77493e-15
2.75932e-16
9.83439e-16
3.43481e-16
-2.2412e-16
4.76948e-16
9.2853e-17
9.23504e-16
3.1803e-16
4.63999e-15
4.42608e-15
3.57159e-14
2.53218e-14
1.05342e-14
1.06506e-15
-9.38616e-12
5.57856e-14
-1.0243e-10
-4.40852e-12
-1.59312e-10
-2.18035e-10
-8.06794e-13
-2.34359e-10
6.76016e-15
2.41724e-12
1.58895e-14
1.27946e-12
-2.21522e-13
1.79357e-13
-5.22951e-14
2.44398e-13
-9.58999e-14
7.29703e-13
-3.92373e-12
2.38546e-12
-5.18032e-12
2.89777e-12
-5.63439e-12
1.71445e-12
7.35571e-13
-5.14704e-12
1.03674e-20
-3.6718e-20
2.5933e-19
-2.8167e-18
-3.1101e-19
-4.01827e-18
-3.58528e-20
-2.305e-19
-2.30188e-20
6.52703e-20
1.31456e-19
3.56303e-19
1.54579e-18
-1.19786e-18
2.62191e-17
-2.21263e-16
1.09621e-15
1.2277e-15
5.72835e-16
2.51809e-15
3.1135e-16
1.20466e-15
2.81295e-16
-3.63123e-16
3.96199e-16
-9.8353e-17
3.9654e-16
2.44245e-16
1.05075e-14
6.29451e-16
2.51923e-14
8.13733e-15
1.10093e-14
5.26498e-15
6.55492e-14
1.95268e-16
3.55008e-11
6.24858e-13
-7.83086e-11
-2.25427e-13
-2.68891e-11
-1.62762e-10
1.1292e-12
-2.52491e-11
2.92507e-13
1.91675e-12
6.73817e-14
1.82125e-13
1.18815e-13
1.21146e-13
1.81386e-13
2.72971e-13
1.13511e-13
1.73998e-12
1.71371e-13
8.71702e-12
-3.23354e-13
1.15711e-11
4.20163e-12
-7.4011e-13
2.89621e-21
-6.30825e-21
7.55449e-20
-9.39193e-19
-1.28491e-19
-1.26136e-18
-1.21031e-20
-7.6873e-20
-4.85365e-21
1.47288e-20
1.92495e-20
4.47858e-20
2.93906e-19
-2.16867e-19
-1.94398e-16
-6.77911e-17
2.17696e-16
5.23472e-16
7.33717e-16
3.10914e-15
6.16717e-16
1.10116e-15
3.83012e-16
-5.77074e-16
4.34519e-16
-4.24502e-16
4.01574e-16
1.82383e-16
5.22963e-16
3.98896e-16
2.42108e-15
4.46081e-16
3.27551e-15
2.83733e-16
2.07352e-15
2.90762e-16
4.62136e-13
1.64276e-13
3.00725e-13
-5.78211e-14
3.49494e-11
-6.11346e-12
8.63944e-11
-1.73548e-11
7.80802e-13
1.65622e-11
3.33836e-13
4.32666e-13
1.74462e-13
2.17683e-13
1.76692e-13
2.80609e-13
2.31757e-11
3.18093e-11
3.75258e-11
3.5552e-11
2.19787e-11
2.5519e-11
1.38906e-11
1.18794e-11
4.97186e-22
-7.39755e-22
1.96015e-20
-1.45312e-19
-4.13152e-20
-3.34575e-19
-3.57797e-21
-2.3386e-20
-6.96328e-22
2.16639e-21
1.83393e-21
3.40417e-21
2.68502e-20
-1.63018e-20
-1.3908e-16
-7.66199e-18
-9.3962e-17
1.5297e-16
7.38678e-16
2.03356e-15
6.77707e-16
5.57764e-16
7.00147e-16
-1.83636e-15
8.80436e-16
-8.49982e-16
3.58517e-16
1.41947e-16
4.19765e-16
3.93498e-16
4.76439e-16
4.40871e-16
4.57272e-16
3.33514e-16
5.51218e-16
2.17298e-16
1.60172e-13
4.65982e-15
3.20568e-12
1.73949e-12
2.1979e-12
-7.13237e-13
1.94342e-11
-1.82658e-13
1.77733e-12
4.38225e-12
5.91945e-13
3.01238e-13
1.11605e-11
1.37267e-12
5.67675e-11
3.39536e-11
4.48228e-11
6.06628e-11
4.63333e-11
3.39728e-11
5.028e-11
1.90951e-11
9.99725e-12
5.2975e-11
5.8437e-23
-5.69276e-23
2.38685e-21
-1.21055e-20
-1.16528e-20
-6.87275e-20
-8.77805e-22
-5.32114e-21
-6.83213e-23
-3.97185e-24
1.18033e-22
1.28351e-22
9.67997e-22
-8.57909e-22
-2.96344e-17
-4.01377e-19
-5.82279e-17
2.63792e-17
4.28687e-16
6.21836e-16
4.0175e-16
2.6358e-17
2.67979e-14
9.01636e-14
4.15824e-14
-1.62635e-14
1.04799e-15
4.062e-14
4.15519e-16
1.09357e-15
3.97658e-16
5.12647e-16
3.50744e-16
4.22792e-16
2.98807e-16
3.02916e-16
4.66043e-15
3.24739e-16
1.06131e-11
3.4557e-12
1.0731e-11
3.50372e-12
2.88791e-12
-7.7979e-13
1.96355e-12
1.76671e-14
6.7053e-13
1.63672e-13
1.07895e-11
9.12204e-13
8.15594e-11
6.16847e-12
1.01315e-10
2.98173e-11
1.13667e-10
2.12068e-11
1.23916e-10
8.38785e-12
1.2922e-12
1.30581e-10
4.50836e-24
-2.8085e-24
1.68328e-22
-5.31821e-22
-2.36978e-21
-9.87562e-21
-1.61292e-22
-8.03269e-22
-7.23437e-24
-1.53972e-23
7.92171e-24
-4.76652e-25
-7.00381e-23
-1.73195e-22
-2.60192e-18
-2.28597e-20
-1.08169e-17
2.65212e-18
9.1471e-17
5.2667e-17
1.0869e-16
-1.43087e-18
1.61174e-12
-5.1257e-13
2.91755e-12
-2.64828e-12
2.22115e-13
1.42701e-12
5.64899e-15
2.17618e-13
4.42129e-13
4.35332e-13
6.80291e-13
2.7557e-12
1.12395e-12
9.14949e-13
4.86472e-12
1.30093e-12
3.54589e-12
1.37709e-13
8.18124e-13
-1.87722e-14
4.06058e-14
-3.65347e-15
5.85118e-14
-2.17945e-16
2.23312e-13
2.80624e-16
2.84654e-12
4.75439e-13
7.90238e-12
3.34622e-13
2.57228e-11
1.10351e-13
2.35059e-11
3.78437e-15
1.32842e-11
-1.12723e-13
-3.64401e-14
7.06405e-12
2.2173e-25
-8.74366e-26
7.05872e-24
-1.15558e-23
-3.0956e-22
-8.3483e-22
-1.95204e-23
-6.89177e-23
-1.70125e-24
-2.14926e-24
1.06722e-24
-9.63007e-25
-2.78453e-22
-9.24075e-23
-1.37341e-19
-1.34367e-20
-4.69365e-19
1.22716e-19
6.89059e-18
-3.33845e-18
8.35913e-18
-1.4329e-17
3.12039e-12
-3.31425e-12
1.48188e-12
-8.98565e-13
-3.09742e-13
8.09749e-12
2.29142e-14
4.48309e-12
5.00581e-13
4.07179e-12
9.77365e-14
1.91374e-12
3.60546e-14
5.41905e-13
5.00823e-13
9.85044e-14
2.4686e-14
-6.89803e-16
4.04635e-15
4.69419e-16
5.27207e-16
-2.71294e-16
1.03482e-15
-2.59655e-16
3.44084e-15
2.80368e-16
5.87241e-14
-6.65868e-15
7.70497e-14
-3.11971e-15
2.25538e-13
-2.58925e-14
2.31416e-13
-4.97006e-15
1.15801e-13
2.04293e-15
1.42252e-15
7.78531e-14
6.78567e-27
-1.70289e-27
1.64927e-25
-9.5982e-26
-2.23134e-23
-3.58438e-23
-1.31474e-24
-2.9033e-24
-4.95594e-25
-1.10825e-25
1.25617e-25
-2.45644e-25
-3.9948e-22
-3.21949e-23
-4.30177e-20
-1.78318e-20
-8.70765e-19
1.7765e-20
5.36317e-18
-4.40645e-17
2.3017e-15
-2.32285e-15
-2.70823e-12
-2.56255e-12
-7.59107e-12
4.10465e-12
-6.74622e-12
7.36125e-12
-2.28586e-12
1.9962e-12
-3.48601e-13
3.70613e-13
1.06505e-15
2.08964e-15
6.17804e-15
-3.01522e-16
1.96457e-15
1.8489e-16
3.93483e-16
4.54829e-16
3.44507e-16
3.80955e-16
2.07572e-16
1.9211e-16
2.4568e-16
1.92309e-16
4.18418e-16
1.00331e-16
2.40058e-14
1.69298e-14
3.84521e-14
1.18936e-13
1.41746e-14
3.44773e-14
4.05913e-15
2.87758e-15
4.66969e-15
1.39435e-15
1.73726e-15
4.33811e-15
1.26401e-28
-2.06086e-29
1.56638e-27
-3.21893e-28
-7.65924e-25
-6.73965e-25
-4.2419e-26
-5.08196e-26
-7.28633e-26
-2.14971e-27
-1.10046e-24
-2.82151e-26
-9.77904e-22
-3.53054e-24
-2.32977e-19
-2.51413e-21
-1.06076e-17
5.82199e-20
-2.89569e-16
-9.38502e-18
-2.52043e-15
-1.09906e-16
-5.6638e-12
-2.30127e-13
-7.04529e-12
5.61706e-12
-1.61201e-12
3.20638e-13
-4.86807e-14
3.94104e-15
-1.94058e-15
7.69862e-16
-2.35398e-16
1.94894e-16
1.39138e-16
-5.50711e-16
8.11341e-17
2.00653e-16
1.13167e-16
1.85112e-16
1.3985e-16
1.51723e-16
1.41248e-16
1.19774e-16
1.5308e-16
1.08647e-16
1.59959e-16
8.63056e-17
3.83817e-13
1.46733e-13
2.3807e-13
2.63055e-13
8.99438e-15
1.83578e-13
3.92895e-15
7.86511e-15
3.32152e-15
1.97925e-15
1.8971e-15
3.1444e-15
1.39079e-30
-1.56022e-31
5.90172e-30
-6.1922e-31
-1.05139e-26
-4.48978e-27
-5.59641e-28
-2.88041e-28
-5.97321e-27
-1.4973e-29
-6.57901e-25
-1.09616e-27
-2.1625e-22
-1.46992e-25
-4.88385e-20
-1.30092e-22
-2.69883e-18
1.99906e-20
-1.40598e-16
-3.29105e-19
-3.81822e-16
1.54283e-17
-1.17153e-12
-5.38822e-15
-1.54214e-13
5.6263e-15
-3.54124e-15
8.74814e-16
-2.16462e-16
2.51199e-16
-4.13161e-17
3.23988e-16
-1.96533e-17
9.86692e-17
6.45337e-18
1.11142e-16
3.5915e-17
7.41848e-17
3.70954e-16
6.86321e-16
1.03142e-16
2.07164e-16
1.2106e-16
1.20754e-16
9.91444e-17
8.971e-17
9.30298e-17
8.46995e-17
2.39269e-13
2.63406e-13
2.24526e-13
2.74716e-13
1.18176e-13
2.87419e-13
2.27498e-15
1.36232e-13
9.67403e-16
3.32439e-15
2.32377e-15
5.47169e-16
8.68813e-33
-7.63516e-34
1.15069e-32
-5.67315e-34
-4.39465e-29
-8.29712e-30
-2.64185e-30
-3.77181e-31
-1.7306e-28
-4.40627e-32
-4.23221e-26
-1.38969e-29
-1.5157e-23
-2.58458e-27
-3.96564e-21
-3.03684e-24
-2.39422e-19
2.80552e-21
-8.71697e-18
-5.69315e-21
-8.59662e-17
6.31658e-18
-5.52968e-15
5.90636e-17
-3.93286e-16
1.12934e-16
-3.4254e-17
3.23995e-16
-2.26737e-17
5.91492e-17
-1.692e-17
4.50983e-17
-1.21859e-17
4.62966e-17
-1.83217e-18
5.17484e-17
3.16174e-18
2.57485e-17
1.38801e-16
5.11906e-16
2.49748e-15
4.17194e-15
3.50368e-15
4.73779e-15
2.3459e-15
1.22458e-16
1.01149e-13
5.7404e-15
1.50553e-13
2.51292e-13
8.51932e-14
3.3668e-13
8.01809e-15
3.61998e-13
3.25174e-14
3.27088e-13
1.49218e-14
2.09776e-14
1.65874e-12
-6.83331e-12
2.83236e-35
-2.69935e-36
8.37801e-36
-5.76562e-37
-3.70374e-32
-4.48417e-33
-4.6317e-33
-7.92584e-35
-1.43704e-30
-1.5097e-35
-7.35945e-28
-2.06993e-32
-3.86026e-25
-9.99944e-30
-1.45112e-22
-2.4871e-26
-1.22468e-20
1.80913e-22
-7.33392e-19
5.32937e-21
-9.27857e-18
1.05407e-18
-3.58721e-17
1.16562e-17
-3.29629e-17
6.52331e-17
-5.3094e-18
7.08241e-17
-4.72661e-18
1.36732e-17
-1.28756e-17
1.20264e-17
-3.6542e-17
3.30957e-17
-4.69501e-16
9.03687e-17
-1.63356e-15
1.14402e-15
-1.77928e-15
8.73288e-15
5.66601e-16
8.3972e-15
1.0129e-15
2.53713e-15
3.03785e-16
8.70526e-17
3.2826e-14
2.22228e-15
2.11716e-13
6.25243e-15
2.48284e-13
6.94517e-14
3.04002e-13
3.04022e-13
3.02265e-13
3.2359e-13
3.31332e-13
1.9324e-13
1.19388e-13
1.84118e-12
3.18134e-38
3.62977e-39
-2.87164e-36
-5.17549e-37
-7.88784e-34
-1.50958e-30
-2.08591e-27
-1.82453e-24
-2.51481e-22
-2.74449e-20
-5.54773e-19
-4.00341e-18
-2.12899e-18
-3.52002e-19
-4.56888e-19
-1.53811e-18
-1.05125e-18
2.85238e-19
4.90754e-17
7.15319e-16
1.05132e-15
5.85266e-16
3.13909e-16
7.94075e-16
5.37624e-15
5.74236e-14
2.17294e-13
3.82205e-13
6.02611e-13
6.01655e-13
-1.12514e-10
6.66625e-12
-9.77989e-11
7.55817e-12
-2.12423e-11
2.74636e-12
-5.98152e-11
-1.82186e-13
-1.55242e-10
-8.93953e-13
-4.77321e-11
4.0483e-12
-1.35248e-12
-4.54853e-13
-9.66146e-11
-5.64701e-13
-6.90657e-11
6.8307e-13
-1.51322e-14
-5.73745e-13
6.28612e-15
-4.26044e-13
3.18038e-14
-2.07591e-13
6.27514e-14
-2.51719e-13
6.48389e-14
-3.82678e-13
1.25861e-09
-1.74814e-13
1.80488e-08
-2.1045e-14
1.00056e-07
2.84208e-09
4.55966e-08
-1.31195e-09
5.68956e-08
-2.36122e-11
1.66607e-07
1.04727e-08
1.3194e-08
-9.62131e-09
2.23544e-10
-9.15042e-11
2.18111e-09
1.62846e-11
1.96742e-09
2.1296e-12
1.00745e-10
-2.12064e-11
-2.78504e-12
-1.70273e-12
4.09151e-13
-2.40638e-12
-4.90207e-11
-3.08661e-10
-4.12442e-08
-5.26186e-09
-3.92088e-12
-5.56866e-12
7.09887e-13
-2.13317e-12
6.43829e-13
-2.21211e-13
2.21515e-13
-1.14994e-12
8.57571e-14
-4.84781e-12
-2.32231e-14
-4.12732e-13
-1.01183e-12
-2.42595e-13
-4.02131e-13
-6.12856e-13
-3.5315e-13
6.25836e-13
-9.14981e-13
5.27136e-13
-2.02503e-13
1.2055e-13
-3.84438e-13
7.91802e-14
-2.07224e-13
1.70279e-13
-1.76979e-13
1.88367e-13
-3.92889e-13
1.55466e-14
-4.33123e-14
2.05449e-14
-7.22043e-14
1.33601e-09
-7.91449e-15
2.42096e-11
-2.08013e-13
5.60866e-13
-4.03468e-14
9.69576e-09
1.8274e-11
9.27149e-11
-1.83014e-11
1.42195e-12
-2.20945e-13
1.8392e-11
1.51825e-13
2.18742e-11
-1.59727e-13
4.60209e-13
-1.23081e-13
-4.99286e-13
-2.08676e-13
-7.62115e-12
-1.80296e-13
-1.18349e-10
-1.4241e-13
1.15764e-11
-1.81929e-11
-7.76402e-12
-3.90585e-13
4.40836e-14
-1.14232e-13
2.21221e-13
-5.39651e-14
1.09125e-13
-9.46993e-14
4.8466e-14
-3.02762e-13
1.245e-14
-3.87779e-13
-2.69223e-14
-1.71938e-13
-4.19845e-13
-1.43408e-14
-1.26699e-15
5.76566e-14
-1.92674e-15
2.54399e-13
-1.27912e-15
2.32051e-13
-3.11058e-15
3.97715e-13
-3.96135e-15
4.90917e-13
-2.99155e-15
4.41923e-13
-3.10963e-14
1.49353e-13
3.21852e-13
6.00248e-14
-8.87607e-14
2.77891e-14
-3.86732e-14
3.6447e-14
-2.86225e-13
4.59799e-14
-1.32215e-13
1.84905e-11
-1.94362e-13
2.22481e-13
-3.14079e-14
1.82819e-15
-3.02258e-16
1.56353e-13
1.00259e-15
9.15607e-14
-1.40563e-14
-1.17922e-14
-1.44003e-14
-8.73944e-14
-1.28735e-13
-1.6712e-14
-3.10792e-15
-5.81371e-14
-1.34827e-13
1.92149e-14
-1.83079e-11
-1.9841e-11
-5.20648e-14
2.46601e-14
-5.17421e-14
1.70285e-13
-5.66746e-14
6.60084e-14
-1.05187e-13
4.30936e-14
-5.3422e-13
3.10357e-13
-1.10864e-13
6.42633e-14
-5.20288e-16
-1.31484e-15
-8.82991e-17
-1.65132e-15
7.52901e-16
-2.75125e-15
1.69737e-15
-2.02768e-15
2.42865e-15
-3.63108e-15
2.95024e-15
-4.26613e-15
3.06476e-15
-2.90153e-15
1.17862e-13
-2.70991e-15
2.85242e-13
2.29892e-13
1.27306e-13
-1.05009e-13
7.02507e-14
-3.49623e-14
2.70582e-13
-4.08089e-13
2.42357e-13
-2.82437e-13
2.65708e-14
-2.80046e-14
3.49135e-16
-5.19501e-15
1.02371e-16
-9.04419e-17
7.86439e-16
2.76929e-16
-2.8047e-15
-5.74971e-15
-4.75777e-15
1.28514e-15
-1.28565e-13
-1.32048e-14
4.45399e-14
1.22573e-13
1.65953e-15
-1.28503e-13
1.02989e-12
-1.92175e-11
-2.16055e-11
-2.82614e-13
2.86098e-13
-4.81515e-13
7.14152e-13
-6.42315e-13
7.35396e-13
-8.67541e-13
6.74787e-13
-1.07708e-12
5.09547e-13
-1.15402e-15
-2.08529e-16
-7.10609e-16
-1.54261e-15
-2.34165e-16
-1.91178e-15
1.34217e-15
-2.12582e-15
1.78157e-15
-2.19027e-15
2.51811e-15
-4.145e-15
3.03882e-15
-4.59719e-15
3.20747e-15
-2.85295e-15
6.44531e-15
2.75807e-17
1.21201e-13
8.06003e-15
1.02862e-13
-6.96363e-15
1.95087e-13
-1.4745e-13
3.12959e-13
-3.52945e-13
3.54302e-13
-1.31701e-13
4.62831e-15
-1.34895e-15
8.95382e-17
-5.96642e-16
9.77093e-18
6.82635e-19
-1.65861e-16
3.67988e-16
-4.85242e-15
-4.63884e-16
-6.97727e-15
5.29626e-15
-9.78915e-14
2.69296e-14
2.00899e-14
9.7477e-14
5.37282e-15
-1.69094e-13
1.10029e-12
-1.9408e-11
-2.12479e-11
-1.41412e-12
9.23117e-13
-1.63547e-12
1.00519e-12
-1.74548e-12
9.25738e-13
-1.52768e-12
5.54082e-13
-1.83877e-15
1.20631e-13
-1.19352e-15
-4.84025e-16
-8.45962e-16
-1.65045e-15
-4.1983e-16
-2.32919e-15
8.49933e-16
-1.59813e-15
1.58241e-15
-2.31799e-15
2.69007e-15
-5.09908e-15
3.39457e-15
-5.39402e-15
2.91532e-15
-2.76858e-15
2.50363e-15
7.9075e-16
6.02311e-15
5.26184e-15
2.15368e-14
1.25215e-16
1.47443e-13
-1.46136e-13
1.32797e-13
-2.72731e-14
1.36183e-15
-2.42984e-16
9.94787e-17
-4.52381e-17
2.80835e-17
-1.22445e-16
-8.70151e-17
1.1495e-16
-1.43203e-16
3.39092e-16
-3.01506e-15
4.0478e-16
-2.18969e-15
2.93907e-16
-2.98074e-15
9.4025e-16
4.64388e-15
4.18931e-15
6.60214e-14
-8.02387e-13
6.16528e-13
-1.70721e-11
-2.8982e-14
-2.15107e-12
9.10184e-13
-1.96028e-12
8.89885e-13
-1.44032e-12
4.89379e-13
-3.17855e-13
4.18084e-14
-3.40377e-15
1.09252e-15
-2.75636e-15
-6.88367e-16
-1.1539e-15
-1.77373e-15
-7.04858e-16
-2.85737e-15
3.61076e-16
-4.68216e-15
1.85905e-15
-3.30254e-15
8.1642e-15
-1.23602e-14
1.24045e-14
-1.57753e-14
2.64928e-15
2.63601e-15
2.94082e-15
1.07437e-15
5.2076e-15
3.6803e-15
1.80751e-14
1.67806e-14
2.70279e-14
-1.76736e-14
8.84908e-17
-3.18337e-16
4.10089e-17
-1.67928e-16
4.08914e-17
-2.22577e-17
-6.0877e-17
5.58956e-18
-1.44059e-16
1.98069e-16
-1.47728e-16
2.88511e-16
-1.61496e-16
3.46495e-16
-2.31553e-16
2.75416e-16
-1.27369e-16
4.40228e-16
2.60668e-15
1.11525e-15
5.17491e-14
-1.16401e-12
2.89821e-14
-4.12339e-14
-5.98915e-22
-2.01243e-12
1.07241e-13
-7.66558e-13
2.35372e-14
-4.4954e-14
9.98291e-16
-3.45495e-15
8.59666e-16
-2.02333e-15
-1.28865e-16
-1.80792e-15
-6.24622e-16
-1.3623e-15
-1.97565e-15
-8.59168e-16
-3.16367e-15
-4.31917e-16
-1.03263e-14
5.37295e-15
-1.27394e-14
6.18793e-14
-7.19188e-13
1.32796e-13
-1.5505e-12
2.08739e-15
-4.29373e-15
1.49749e-15
1.33303e-15
1.80279e-15
4.14451e-15
-9.84248e-15
1.13796e-14
-1.55124e-15
9.54817e-15
-6.34658e-18
-1.84204e-15
1.39104e-17
-1.5512e-16
-2.61711e-17
2.59557e-17
-1.21109e-16
1.08733e-16
-1.86055e-16
2.58039e-16
-1.60422e-16
2.44494e-16
-9.93353e-17
2.38214e-16
-6.41385e-17
1.82583e-16
-4.8023e-17
3.573e-16
2.68193e-15
2.0327e-16
2.37174e-14
-1.40921e-12
-4.55589e-24
-1.74559e-14
-4.45391e-21
-3.16424e-14
1.60433e-14
-8.50341e-15
2.55958e-15
-3.91109e-15
-2.29566e-15
-3.76626e-15
2.22675e-15
-3.02755e-15
3.09958e-16
-2.45534e-15
-9.38849e-16
-1.81785e-15
-2.37812e-15
-1.01254e-15
-3.74469e-15
2.01049e-14
-1.56457e-14
-5.13515e-14
-1.21916e-12
3.16554e-13
-6.53557e-12
4.02216e-13
-5.33571e-12
9.9281e-16
-7.50089e-15
4.89691e-16
1.53246e-15
-1.40791e-16
5.50879e-15
-1.7998e-15
7.99397e-15
-4.29092e-15
6.79686e-15
-3.18182e-17
-6.02479e-14
-1.5439e-17
-1.39217e-16
-7.44171e-17
8.52345e-17
-1.59714e-16
1.92968e-16
-1.93726e-16
2.81143e-16
-1.2793e-16
1.60424e-16
-5.06924e-17
1.12923e-16
-3.40396e-17
1.23796e-16
-1.26254e-18
2.23404e-16
1.87937e-16
6.13755e-18
1.72655e-14
-1.39542e-12
-6.28723e-21
-1.37558e-14
-1.55933e-20
-2.43888e-14
5.63364e-15
-3.51041e-14
1.43899e-14
-7.14391e-14
1.02107e-14
-1.21781e-13
4.21111e-15
-1.12153e-13
-4.15471e-14
-1.45702e-14
-5.42162e-14
-4.19387e-15
-1.24857e-14
-4.03095e-15
-3.62244e-15
2.34085e-14
-4.30458e-14
-1.06534e-12
-2.17598e-12
-7.65779e-13
-6.6708e-12
-1.69346e-13
-5.71083e-12
-7.6753e-16
-3.91612e-13
-9.69208e-16
1.5192e-15
-1.92166e-15
7.05898e-15
-4.61399e-14
5.42256e-14
-1.46038e-13
1.26389e-14
-3.84169e-17
-2.17561e-13
-4.3799e-17
-1.26022e-16
-1.10724e-16
1.55117e-16
-1.71576e-16
2.53571e-16
-1.58492e-16
2.61034e-16
-6.46072e-17
5.53419e-17
-1.60986e-17
1.88966e-17
-1.89514e-17
7.30715e-17
-1.50452e-19
1.65915e-16
7.72833e-19
1.91588e-18
4.47969e-15
-8.98536e-18
-6.8221e-20
-1.04943e-14
-1.18055e-19
-1.63533e-13
1.71884e-14
-3.18041e-13
4.10211e-14
-3.40458e-13
2.83474e-14
-3.35666e-13
-8.09625e-15
-3.16349e-13
-5.66814e-14
-2.42665e-13
-1.32229e-13
-2.45962e-14
-1.28476e-13
-2.56307e-15
-2.55997e-14
1.09651e-14
-5.4714e-14
-2.10085e-12
-1.40818e-12
-1.94161e-12
-6.61456e-12
-1.54492e-12
-5.84178e-12
-8.74562e-15
-4.06322e-13
-9.41455e-15
1.95562e-15
-5.8051e-14
5.84837e-14
-6.30817e-13
3.13459e-13
-2.65656e-13
-9.75415e-14
-1.29271e-16
-1.28159e-15
-7.23168e-17
-1.74838e-16
-1.34602e-16
2.26434e-16
-1.61127e-16
2.87251e-16
-1.00431e-16
2.08116e-16
-1.57128e-17
-1.12238e-17
-3.82228e-18
-4.14321e-18
-9.22982e-18
3.57637e-17
2.90702e-18
1.1404e-16
8.39953e-19
1.47604e-18
4.76935e-20
-2.09114e-17
-4.22494e-21
-1.04807e-18
-3.27494e-19
-4.00881e-13
3.8982e-14
-3.93598e-13
3.01856e-14
-3.79532e-13
6.62245e-15
-3.67315e-13
-2.5979e-14
-3.58427e-13
-7.39316e-14
-3.44617e-13
-1.44915e-13
-2.54973e-13
-2.21672e-13
-5.34642e-14
-1.24767e-13
-9.76646e-14
-3.5855e-14
-1.4883e-12
-2.75329e-13
-3.63468e-12
-6.54283e-12
-3.6362e-12
-5.56623e-12
-9.66258e-14
-8.95346e-13
-1.05553e-13
1.05149e-14
-7.819e-13
2.71003e-13
-7.53776e-13
6.70969e-13
-3.69383e-16
-3.22116e-16
-1.02093e-16
-1.44826e-15
-1.03673e-16
-6.15901e-17
-1.49558e-16
2.95321e-16
-1.45813e-16
2.99114e-16
-6.40014e-17
1.46311e-16
-7.42504e-18
-4.44118e-17
-2.06413e-18
-7.49721e-18
-3.69674e-18
1.54031e-17
3.68372e-18
5.88349e-17
8.03649e-19
1.09493e-18
1.22984e-20
-5.41674e-17
-1.4902e-20
-2.10522e-17
-5.13617e-19
-4.1575e-13
2.89735e-14
-4.05841e-13
1.66003e-14
-3.88467e-13
-2.62062e-15
-3.80617e-13
-4.12921e-14
-3.78516e-13
-8.47504e-14
-3.85185e-13
-1.49733e-13
-3.69948e-13
-2.38558e-13
-1.19045e-13
-2.43305e-13
-6.43348e-14
-1.23353e-13
-2.74054e-13
-1.30863e-13
-5.81411e-12
-4.50273e-12
-6.1397e-12
-4.94396e-12
-3.61667e-12
-1.44015e-12
-2.34721e-13
2.15713e-12
-7.95953e-13
3.26387e-13
-7.01553e-16
2.86503e-13
-5.84e-16
-6.70423e-16
-2.74092e-16
-3.18338e-15
-1.37275e-16
1.70684e-16
-1.6045e-16
3.60679e-16
-1.36263e-16
2.97047e-16
-4.64906e-17
8.3303e-17
-4.53906e-18
-5.79111e-17
-1.56927e-18
-6.62921e-18
-1.34472e-18
6.64971e-18
2.05938e-18
2.26516e-17
4.36277e-18
7.46606e-18
-3.2431e-19
-6.05566e-17
-2.80441e-20
-2.74946e-17
-7.1103e-19
-4.07027e-13
1.91624e-14
-4.00198e-13
5.59258e-15
-3.7067e-13
-4.80114e-15
-3.64459e-13
-3.11789e-14
-3.76933e-13
-7.89789e-14
-3.93482e-13
-1.39035e-13
-4.20001e-13
-2.18078e-13
-3.51138e-13
-3.19697e-13
5.08765e-14
-2.19075e-13
-1.18388e-13
-4.18641e-14
-7.17956e-12
-1.79133e-12
-8.22647e-12
-3.57585e-12
-8.80585e-12
-4.76076e-13
-7.16171e-12
5.34933e-12
-2.85504e-13
1.25554e-12
-2.18397e-15
2.89657e-15
-1.62971e-15
-1.51272e-15
-5.87355e-16
-3.29239e-15
-1.66811e-16
3.70316e-16
-1.69053e-16
4.17486e-16
-1.25279e-16
2.80925e-16
-2.50606e-17
1.34161e-17
-2.69763e-18
-4.953e-17
-1.05165e-18
-3.90002e-18
-4.9448e-19
3.16437e-18
8.77041e-19
7.48051e-18
8.78742e-18
8.90051e-18
-8.39276e-19
-5.59217e-17
-4.44783e-20
-2.99244e-17
-8.72918e-19
-7.05396e-15
3.42895e-16
-2.30465e-15
-3.63104e-18
-7.04313e-15
-3.22001e-17
-9.43016e-14
-4.5803e-16
-2.41949e-13
-2.73344e-15
-3.48538e-13
-3.91111e-14
-4.56372e-13
-1.18023e-13
-5.27413e-13
-2.56647e-13
-2.02541e-13
-2.90769e-13
-2.00058e-13
-1.26914e-14
-3.71903e-12
-1.86391e-13
-9.93383e-12
-1.82635e-12
-1.055e-11
5.88637e-13
-6.48257e-12
1.78354e-12
-4.91456e-15
2.91886e-13
-1.74848e-15
-7.70195e-17
-1.90863e-15
-4.47643e-15
-8.88691e-16
-3.25791e-15
-1.98943e-16
4.43381e-16
-2.04913e-16
4.99992e-16
-1.68585e-16
2.86898e-16
-8.6818e-18
-1.12791e-16
-1.57361e-18
-2.9216e-17
-5.96592e-19
-1.64298e-18
-2.25891e-19
1.43392e-18
3.54572e-19
2.80654e-18
2.00869e-18
1.79036e-18
-1.29917e-18
-5.15961e-17
-6.01593e-20
-2.88432e-17
-9.10503e-19
-4.36471e-16
3.90706e-16
-3.79056e-16
-2.18845e-17
-2.89684e-16
-8.53362e-17
-3.4284e-16
-3.67616e-16
-3.01074e-15
-4.70614e-17
-4.21211e-14
-6.92263e-17
-2.04245e-13
-4.74847e-16
-3.45529e-13
-1.28976e-14
-7.49306e-14
-6.45711e-14
-3.02053e-14
-2.76663e-14
-2.25575e-13
-1.01075e-14
-3.05043e-12
-1.45305e-14
-3.61554e-12
-1.64365e-14
-3.01014e-13
4.3234e-14
-7.50262e-15
-8.54846e-16
-4.30563e-15
-2.57227e-15
-2.31416e-15
-7.20668e-15
-4.3444e-16
-5.67945e-16
-2.33886e-16
3.99962e-16
-2.49648e-16
6.14181e-16
-1.46186e-16
2.61729e-16
-1.10284e-18
-9.83813e-17
-6.59502e-19
-9.56789e-18
-2.55684e-19
-4.3495e-19
-1.37154e-19
4.9838e-19
1.8954e-19
1.33814e-18
1.10132e-18
8.14658e-19
-1.52373e-18
-4.03012e-17
-7.7742e-20
-2.30692e-17
-7.61873e-19
-3.2176e-15
3.0374e-15
-1.73292e-15
-1.46736e-15
-2.43096e-15
6.37083e-16
-1.99517e-16
-2.58184e-15
-1.83844e-16
-4.28848e-17
-2.05927e-16
-4.88847e-17
-6.19552e-16
-6.11633e-17
-1.34127e-14
-9.03453e-17
-5.19926e-14
-2.67779e-15
-8.4758e-15
-4.57251e-15
-6.4145e-15
-7.98144e-15
-2.16582e-14
-7.01248e-16
-4.33729e-14
4.13007e-15
-5.92222e-15
5.00724e-15
-1.07862e-14
9.34037e-16
-3.8868e-15
-3.40843e-15
-1.14086e-15
-5.28667e-16
-4.33046e-16
-8.80459e-16
-2.17067e-16
4.03725e-16
-1.89771e-16
6.17244e-16
-5.08482e-17
1.40314e-16
-5.21178e-19
-2.75636e-16
-1.64946e-19
-1.84864e-18
-7.90839e-20
-6.81546e-20
-8.98487e-20
1.20192e-19
1.07158e-19
6.63664e-19
8.10318e-19
4.35674e-19
-1.31287e-18
-2.50979e-17
-5.80983e-20
-1.38633e-17
-4.43296e-19
-4.40912e-13
1.69839e-15
-2.03939e-13
-2.384e-13
-3.05658e-13
-6.38523e-14
-8.63439e-16
-2.04849e-13
-1.43715e-16
-7.65972e-16
-1.59366e-16
-3.71824e-17
-2.20596e-16
-4.21574e-17
-5.20434e-16
-4.4574e-17
-3.69746e-15
-5.14973e-17
-3.26058e-14
-7.83956e-16
-2.81377e-14
-6.63475e-16
-6.6417e-15
2.97374e-15
-6.07218e-15
2.29887e-15
-3.90534e-15
1.97719e-15
-4.4719e-15
5.24156e-16
-2.10731e-16
-1.64776e-15
-7.40877e-16
-3.62311e-16
-1.31541e-15
-8.09169e-16
-1.20265e-16
1.22353e-15
-9.60034e-17
3.94626e-16
-7.53901e-17
6.20455e-17
-3.47155e-19
-5.90071e-16
-2.43657e-20
-1.05125e-18
-2.01478e-20
-9.59706e-21
-5.36936e-20
2.194e-20
5.50033e-20
2.85782e-19
5.05018e-19
1.37522e-19
-8.15714e-19
-1.18271e-17
-3.44778e-20
-6.09876e-18
-1.44376e-19
-1.10688e-12
4.04507e-13
-2.07923e-12
2.85375e-13
-3.36238e-12
9.84578e-14
-1.73405e-13
-8.95579e-14
-2.3686e-16
-1.73932e-13
-1.06098e-16
-1.62255e-16
-1.32087e-16
-2.07191e-17
-1.96873e-16
-2.19183e-17
-5.17437e-16
-8.39567e-18
-3.4431e-15
2.16843e-17
-2.60146e-14
2.97824e-16
-2.73323e-14
6.59122e-15
-2.13429e-14
8.31775e-15
-1.96299e-15
6.09639e-15
-2.68954e-16
2.0677e-17
-1.23537e-16
-3.94964e-16
-7.34271e-16
-1.45984e-16
-2.37215e-15
-1.73938e-16
-6.07417e-16
2.09466e-15
-1.3281e-15
6.8675e-15
-4.92084e-17
1.16035e-15
-2.38109e-19
-9.19475e-16
-2.99388e-21
-5.17118e-19
-5.71741e-21
-2.05616e-21
-2.7228e-20
3.73336e-21
2.39945e-20
9.57442e-20
2.48622e-19
-6.92805e-21
-3.46833e-19
-4.24411e-18
-1.13553e-20
-1.94843e-18
-3.92989e-20
3.45883e-12
4.46753e-12
2.43601e-13
1.97651e-12
1.00115e-12
-5.69984e-12
2.01228e-14
-1.10198e-12
5.21919e-16
2.58726e-14
-2.91343e-17
4.01045e-16
-8.41281e-17
2.24855e-17
-1.07708e-16
2.14829e-17
-1.27198e-16
2.27469e-17
-2.46177e-16
3.40863e-17
-9.58711e-16
8.72503e-17
-8.4412e-15
-1.92717e-16
-9.67655e-15
1.67033e-15
-8.10004e-15
3.25465e-15
-9.6394e-16
-4.04086e-16
-4.07965e-17
-6.1635e-16
-1.81307e-16
-9.60013e-17
-8.59756e-16
-4.42992e-17
-2.19011e-15
1.19012e-15
-2.84738e-16
1.03872e-14
7.15742e-16
8.97775e-16
-8.87025e-20
-3.33448e-16
-5.24475e-22
-5.19942e-20
-1.77911e-21
-4.28221e-22
-1.10493e-20
3.89676e-22
8.39918e-21
2.09254e-20
9.63481e-20
-1.68786e-20
-1.05472e-19
-1.34625e-18
-3.12417e-21
-6.47458e-19
-6.59987e-21
5.07214e-11
6.14636e-12
5.45548e-11
-2.21566e-12
4.86271e-11
-2.8031e-14
-2.36051e-13
2.4413e-13
-1.13892e-13
4.40233e-14
9.81046e-16
4.5044e-14
8.56105e-17
1.41061e-15
-4.83131e-17
1.94272e-16
-9.56958e-17
7.87075e-17
-7.40254e-17
7.96163e-17
-5.0164e-17
5.24824e-17
-3.13228e-16
3.59367e-17
-8.84381e-16
2.34051e-16
-3.9264e-16
5.6067e-16
-1.06219e-16
-2.48691e-17
-2.86804e-17
-4.89306e-17
-5.65901e-17
-9.28048e-18
-4.53025e-16
-2.77501e-18
-1.60045e-15
3.22492e-16
5.9566e-16
3.61339e-15
5.8665e-16
6.6891e-17
-5.68438e-21
-4.27578e-17
-8.6268e-23
-7.61848e-21
-4.70434e-22
-6.35265e-23
-3.45576e-21
-2.46944e-23
2.26155e-21
1.2633e-21
3.07116e-20
-9.72036e-21
-3.41549e-20
-3.54784e-19
-5.32568e-22
-1.08966e-19
-7.54273e-22
1.23231e-10
7.28284e-12
-4.30509e-12
7.86436e-13
1.31071e-12
-1.17047e-14
1.67956e-12
8.98859e-14
-4.96772e-14
1.65693e-13
-4.89288e-15
9.36427e-14
-3.97351e-17
2.63171e-15
-7.18468e-16
1.2288e-15
-5.4787e-16
2.9873e-15
-1.81825e-17
6.12297e-16
-1.65924e-17
1.57123e-17
-3.11989e-17
1.31585e-17
-6.2944e-17
2.32636e-17
-3.22729e-17
3.21052e-17
-1.30048e-17
-1.55815e-18
-3.83295e-18
-2.88774e-18
-4.52083e-18
-1.31042e-18
-4.682e-17
-2.19648e-19
-1.84347e-16
2.54207e-17
1.30378e-16
5.7744e-16
1.02117e-16
-1.42164e-18
-4.88905e-22
-2.48419e-18
-1.00092e-23
-3.17295e-22
-9.80931e-23
-6.84096e-24
-8.45904e-22
-1.21996e-23
4.7216e-22
-2.04457e-22
8.22821e-21
-3.22343e-21
-5.87754e-21
-7.25936e-20
-6.20564e-23
-1.04023e-20
-5.65326e-23
1.85362e-12
-3.61279e-14
2.8897e-14
-2.89075e-14
9.49143e-15
7.18712e-15
1.80679e-14
1.62142e-14
1.77027e-14
6.69027e-14
3.23416e-15
1.93376e-13
-1.68842e-16
1.30903e-15
-8.0154e-16
1.27897e-15
-1.71851e-15
2.98167e-15
-1.18227e-17
9.16864e-16
-1.3575e-17
1.11359e-17
-1.1656e-17
9.69897e-18
-7.78824e-18
8.04552e-18
-3.67218e-18
1.97268e-18
-1.82793e-18
-1.03638e-18
-8.77971e-19
-2.06995e-18
-4.51263e-19
-9.9742e-19
-3.25904e-18
-8.15847e-20
-2.23804e-17
9.27979e-19
1.79489e-17
5.05915e-17
7.55717e-18
-1.454e-19
-1.31165e-23
-6.56235e-20
-8.5377e-25
-3.30229e-24
-1.51423e-23
-6.4862e-25
-1.57337e-22
-2.18855e-24
7.32852e-23
-6.03176e-23
1.57685e-21
-6.30569e-22
-5.99844e-22
-1.04585e-20
-4.74686e-24
-5.14081e-22
-2.71288e-24
3.87992e-14
2.55616e-15
7.17666e-15
2.66398e-15
1.22048e-14
2.12679e-15
1.23325e-13
8.74869e-13
1.24288e-14
8.30641e-14
1.14648e-15
2.01533e-13
-5.59938e-16
4.77532e-16
-2.11996e-15
2.33921e-15
-6.99049e-16
3.92938e-15
-1.72633e-16
1.62394e-15
-1.44693e-16
1.2389e-16
-2.85432e-16
4.96567e-16
-6.43183e-18
8.63548e-17
-4.66809e-18
4.70031e-19
-2.84166e-18
-1.31416e-18
-1.09532e-18
-2.07315e-18
-1.86318e-19
-8.90718e-19
-1.43362e-19
-7.25327e-20
-1.54197e-18
-5.52432e-22
8.88597e-19
1.64353e-18
2.51735e-19
-3.80229e-21
-1.27285e-25
-5.16784e-22
-6.57875e-26
-2.45408e-25
-1.50715e-24
-4.69446e-26
-1.89681e-23
-1.86688e-25
7.10284e-24
-6.74966e-24
1.92633e-22
-6.57538e-23
-3.24194e-23
-9.00005e-22
-2.31418e-25
-1.22476e-23
-8.22236e-26
3.96622e-15
2.91515e-15
3.91617e-15
2.69117e-15
3.596e-15
2.44041e-15
5.2056e-12
8.05119e-12
6.3174e-13
1.31516e-11
-5.47634e-17
5.38117e-13
-2.76629e-16
3.93089e-16
-9.00843e-16
7.16362e-16
-2.28135e-15
2.45413e-15
-6.12965e-15
4.1823e-15
-4.63068e-15
3.82091e-15
-9.5071e-17
1.96896e-15
-9.82137e-18
1.74793e-18
-7.86095e-18
-1.75673e-19
-4.71328e-18
-1.93138e-18
-1.40543e-18
-2.50028e-18
-1.54169e-19
-8.3583e-19
-1.196e-20
-7.34952e-20
-3.83344e-20
-2.32959e-21
8.35946e-21
-1.15195e-23
2.56922e-21
-1.53752e-23
-1.20435e-26
-1.00365e-24
-3.97389e-27
-1.84723e-26
-8.35018e-26
-2.34619e-27
-1.25612e-24
-7.08942e-27
3.56702e-25
-3.16437e-25
1.28447e-23
-3.22559e-24
-8.42238e-25
-3.97932e-23
-7.03728e-27
-1.22552e-25
-1.56312e-27
2.67967e-15
3.37193e-15
2.1105e-15
3.25401e-15
9.20614e-16
3.62327e-15
-1.06664e-12
2.40927e-11
-5.69844e-14
1.98693e-11
-1.09493e-13
2.42718e-13
-5.21209e-16
1.70901e-13
-2.02142e-15
7.8788e-16
-1.54367e-15
2.04221e-15
-5.69224e-15
2.81302e-15
-1.00882e-14
2.22549e-15
-1.38119e-15
1.59282e-15
-1.3937e-17
6.88297e-20
-1.09742e-17
-1.09276e-18
-6.83212e-18
-2.80449e-18
-1.52589e-18
-3.13332e-18
-1.29421e-19
-7.39732e-19
-5.44913e-21
-6.57363e-20
-1.61367e-22
-2.04866e-21
-1.16987e-24
-4.46826e-23
3.39741e-24
-1.61786e-24
-1.2098e-27
-6.53697e-26
-1.68646e-28
-1.12789e-27
-2.19276e-27
-9.02552e-29
-3.9076e-26
-1.03002e-28
7.68926e-27
-5.54094e-27
3.99304e-25
-6.39094e-26
-8.92652e-27
-7.79295e-25
-1.30875e-28
-3.30765e-28
-1.85385e-29
-3.38046e-14
1.02952e-11
-1.83084e-12
1.92092e-11
-1.02641e-11
3.56147e-11
-4.92233e-12
1.70692e-11
-5.1188e-14
6.09339e-12
-1.16345e-13
1.82555e-13
-2.95682e-14
3.61896e-13
-6.68833e-16
5.84064e-13
-1.00508e-15
9.99677e-16
-1.30209e-15
1.5822e-15
-1.43335e-15
7.00228e-16
-4.7254e-15
2.20043e-15
-1.10075e-17
-9.3542e-15
-1.12439e-17
-7.12246e-19
-7.71782e-18
-3.95549e-18
-1.2568e-18
-3.79985e-18
-9.02289e-20
-6.97811e-19
-2.5211e-21
-4.03895e-20
-4.35242e-23
-9.91821e-22
-3.18941e-25
-1.41446e-23
3.45012e-26
-1.83385e-25
-8.85157e-29
-3.24727e-27
-5.47159e-30
-3.24335e-29
-2.23634e-29
-1.56686e-30
-4.70101e-28
-4.44828e-31
5.51787e-29
-2.94703e-29
4.84345e-27
-4.27427e-28
-2.40305e-29
-5.83397e-27
-1.44718e-30
-1.08744e-31
-1.37538e-31
-3.07417e-11
2.55644e-11
-3.45924e-11
3.4896e-11
-2.19863e-11
3.61303e-11
-4.94994e-12
1.5069e-11
-2.65726e-13
1.28607e-12
-5.26781e-13
3.07305e-13
-1.0605e-12
7.44033e-13
-1.31112e-11
7.26047e-12
-4.32273e-11
2.4103e-11
-7.15372e-14
1.24801e-11
-8.38053e-14
1.09591e-14
-1.11081e-13
-2.89401e-13
-3.48079e-18
-1.95929e-15
-1.11921e-17
-8.26372e-20
-7.38409e-18
-6.41674e-18
-9.55771e-19
-5.83016e-18
-4.13132e-20
-4.7344e-19
-7.84482e-22
-1.26422e-20
-7.51497e-24
-1.67921e-22
-3.9902e-26
-1.29423e-24
-8.9027e-29
-6.81885e-27
-2.58432e-30
-4.60553e-29
-7.57097e-32
-2.2052e-31
-6.57687e-32
-5.44363e-33
-1.68649e-30
-3.39177e-34
5.19977e-32
-2.97676e-32
1.87839e-29
-6.50734e-31
-7.06516e-33
-1.22043e-29
-9.11927e-33
-1.61209e-34
-6.64894e-34
1.55051e-11
7.22019e-13
2.73433e-11
5.73357e-12
1.65066e-11
3.20627e-11
1.85991e-12
3.69713e-11
-1.14569e-12
3.03391e-11
-3.12646e-13
1.37315e-11
-1.4185e-12
1.55105e-12
-7.34248e-12
6.23278e-12
-2.96759e-11
2.36264e-11
-3.5263e-11
2.33171e-11
-4.46448e-11
1.51984e-11
-2.03819e-12
1.54428e-12
-1.21704e-17
-2.04014e-12
-1.22451e-17
-1.70989e-20
-7.77227e-18
-6.55901e-18
-4.38608e-19
-7.2801e-18
-8.32314e-21
-2.40048e-19
-7.92706e-23
-2.79204e-21
-3.98533e-25
-9.82805e-24
-1.0955e-27
-1.11455e-26
-1.65697e-30
-9.3191e-30
-1.36279e-32
-1.20103e-32
-1.77422e-34
-1.46446e-35
-3.02494e-35
-1.01275e-37
-1.03287e-33
-1.0063e-38
-2.36725e-33
-2.72274e-36
1.5188e-32
-1.6436e-34
-7.5074e-36
-7.86569e-33
-3.04599e-35
-5.04694e-37
-2.32531e-36
1.13319e-12
5.79476e-12
2.22728e-11
4.12503e-11
4.97859e-11
3.7407e-11
8.75844e-12
8.41316e-12
2.614e-11
1.64664e-11
6.3647e-12
-3.68885e-12
-1.7561e-18
-1.77321e-18
-1.67633e-18
-4.67609e-20
-4.59911e-22
-1.31781e-24
-1.07144e-27
-5.46664e-31
-1.9875e-34
-3.59665e-37
-1.14323e-39
-3.0979e-40
-3.30422e-38
-7.6039e-37
1.19607e-36
-8.57094e-39
-3.64437e-38
)
;

boundaryField
{
    leftWall
    {
        type            calculated;
        value           uniform 0;
    }
    rightWall
    {
        type            calculated;
        value           uniform 0;
    }
    lowerWall
    {
        type            calculated;
        value           uniform 0;
    }
    atmosphere
    {
        type            calculated;
        value           nonuniform List<scalar> 
120
(
4.56207e-07
1.3761e-12
1.35125e-12
3.273e-12
1.43559e-12
1.55656e-13
0
0
0
0
0
0
0
0
0
0
0
0
0
0
0
0
0
0
0
0
0
0
0
0
0
0
0
0
0
0
0
0
5.31701e-24
3.78875e-22
8.76954e-20
1.55905e-18
1.55401e-17
1.09462e-17
2.46246e-18
3.41739e-18
1.44813e-17
1.60122e-17
3.03087e-16
1.51742e-15
9.49209e-16
2.72763e-16
9.86173e-17
1.92488e-16
3.64464e-16
3.70903e-15
2.82882e-14
4.78259e-14
8.09159e-14
9.34156e-14
1.48048e-13
4.00741e-13
4.53344e-12
6.19167e-12
2.26461e-11
2.72637e-11
2.9387e-11
1.68595e-11
1.72391e-11
2.35091e-11
3.08057e-11
1.04611e-11
0
0
0
0
0
0
0
0
0
0
0
0
0
0
0
0
0
0
4.54243e-07
1.27901e-12
1.7138e-12
3.58435e-12
1.59913e-12
2.25375e-13
0
0
0
0
0
0
0
0
0
0
0
0
0
0
0
0
0
0
0
0
0
0
0
0
)
;
    }
    defaultFaces
    {
        type            empty;
        value           nonuniform 0();
    }
}


// ************************************************************************* //
