/*--------------------------------*- C++ -*----------------------------------*\
| =========                 |                                                 |
| \\      /  F ield         | OpenFOAM: The Open Source CFD Toolbox           |
|  \\    /   O peration     | Version:  2.4.0                                 |
|   \\  /    A nd           | Web:      www.OpenFOAM.org                      |
|    \\/     M anipulation  |                                                 |
\*---------------------------------------------------------------------------*/
FoamFile
{
    version     2.0;
    format      ascii;
    class       surfaceScalarField;
    location    "0.5";
    object      phiAlpha;
}
// * * * * * * * * * * * * * * * * * * * * * * * * * * * * * * * * * * * * * //

dimensions      [0 3 -1 0 0 0 0];

internalField   nonuniform List<scalar> 
4700
(
-3.30927e-11
3.30927e-11
-6.59618e-11
3.28634e-11
-9.82992e-11
3.23325e-11
-1.29832e-10
3.15277e-11
-1.60288e-10
3.04503e-11
-1.89393e-10
2.90991e-11
-2.16871e-10
2.74739e-11
-2.42452e-10
2.55766e-11
-2.65867e-10
2.34121e-11
-2.86859e-10
2.09902e-11
-3.05185e-10
1.8326e-11
-3.20625e-10
1.54415e-11
-3.32988e-10
1.23661e-11
-3.4212e-10
9.13703e-12
-3.47914e-10
5.79993e-12
-3.50315e-10
2.4081e-12
-3.49327e-10
-9.79351e-13
-3.4502e-10
-4.29781e-12
-3.37525e-10
-7.4837e-12
-1.04764e-11
-3.27036e-10
-3.33489e-11
6.64359e-11
-6.64907e-11
6.59948e-11
-9.90914e-11
6.49235e-11
-1.30884e-10
6.331e-11
-1.61593e-10
6.11508e-11
-1.90945e-10
5.84429e-11
-2.18663e-10
5.51851e-11
-2.44472e-10
5.13809e-11
-2.68102e-10
4.704e-11
-2.89294e-10
4.21815e-11
-3.078e-10
3.68356e-11
-3.23399e-10
3.1046e-11
-3.35895e-10
2.48711e-11
-3.45133e-10
1.8386e-11
-3.51002e-10
1.16821e-11
-3.53445e-10
4.86681e-12
-3.52465e-10
-1.94125e-12
-3.48132e-10
-8.61096e-12
-3.40579e-10
-1.50144e-11
-2.1025e-11
-3.30002e-10
-3.34844e-11
9.99154e-11
-6.67594e-11
9.92602e-11
-9.94959e-11
9.76514e-11
-1.31425e-10
9.52304e-11
-1.62272e-10
9.19906e-11
-1.91762e-10
8.79261e-11
-2.19617e-10
8.30348e-11
-2.4556e-10
7.73207e-11
-2.6932e-10
7.0798e-11
-2.90633e-10
6.34946e-11
-3.09251e-10
5.54555e-11
-3.24946e-10
4.67455e-11
-3.3752e-10
3.74521e-11
-3.46813e-10
2.76876e-11
-3.5271e-10
1.75897e-11
-3.55151e-10
7.32089e-12
-3.54136e-10
-2.94077e-12
-3.49737e-10
-1.29933e-11
-3.42086e-10
-2.26471e-11
-3.17066e-11
-3.31381e-10
-3.36858e-11
1.33596e-10
-6.71616e-11
1.32727e-10
-1.00101e-10
1.30583e-10
-1.32235e-10
1.27356e-10
-1.63288e-10
1.23038e-10
-1.92985e-10
1.17617e-10
-2.21045e-10
1.11091e-10
-2.47191e-10
1.03463e-10
-2.71146e-10
9.47512e-11
-2.92643e-10
8.49914e-11
-3.11428e-10
7.42424e-11
-3.27269e-10
6.25899e-11
-3.39961e-10
5.01497e-11
-3.49337e-10
3.70713e-11
-3.55276e-10
2.35389e-11
-3.57714e-10
9.77062e-12
-3.56649e-10
-3.99271e-12
-3.5215e-10
-1.74776e-11
-3.4435e-10
-3.04296e-11
-4.25827e-11
-3.33453e-10
-3.39534e-11
1.67545e-10
-6.76977e-11
1.66461e-10
-1.00908e-10
1.63785e-10
-1.33315e-10
1.59756e-10
-1.64644e-10
1.54361e-10
-1.94617e-10
1.47586e-10
-2.22952e-10
1.39423e-10
-2.49369e-10
1.29877e-10
-2.73586e-10
1.18966e-10
-2.9533e-10
1.06735e-10
-3.14341e-10
9.32546e-11
-3.30378e-10
7.86305e-11
-3.4323e-10
6.30062e-11
-3.52719e-10
4.65676e-11
-3.58717e-10
2.95459e-11
-3.61152e-10
1.22162e-11
-3.6002e-10
-5.11267e-12
-3.55385e-10
-2.20987e-11
-3.47389e-10
-3.84101e-11
-5.37196e-11
-3.36232e-10
-3.42872e-11
2.01827e-10
-6.8367e-11
2.00531e-10
-1.01915e-10
1.97325e-10
-1.34664e-10
1.92497e-10
-1.66338e-10
1.86029e-10
-1.96657e-10
1.77901e-10
-2.25339e-10
1.68102e-10
-2.52096e-10
1.56631e-10
-2.76643e-10
1.43511e-10
-2.987e-10
1.2879e-10
-3.17997e-10
1.12552e-10
-3.34284e-10
9.49207e-11
-3.47338e-10
7.60655e-11
-3.56973e-10
5.62088e-11
-3.63048e-10
3.56287e-11
-3.65482e-10
1.46598e-11
-3.64265e-10
-6.3185e-12
-3.59461e-10
-2.68894e-11
-3.51213e-10
-4.66429e-11
-6.51808e-11
-3.39733e-10
-3.46869e-11
2.36509e-10
-6.91687e-11
2.35002e-10
-1.03123e-10
2.3127e-10
-1.36281e-10
2.25649e-10
-1.6837e-10
2.18112e-10
-1.99107e-10
2.08635e-10
-2.28207e-10
1.97198e-10
-2.55376e-10
1.83798e-10
-2.80323e-10
1.68456e-10
-3.02759e-10
1.51225e-10
-3.22404e-10
1.32198e-10
-3.38997e-10
1.11516e-10
-3.52301e-10
8.93745e-11
-3.62117e-10
6.60298e-11
-3.68288e-10
4.18077e-11
-3.70724e-10
1.71042e-11
-3.69405e-10
-7.62627e-12
-3.64397e-10
-3.18847e-11
-3.55845e-10
-5.51796e-11
-7.7038e-11
-3.43969e-10
-3.51522e-11
2.71655e-10
-7.01018e-11
2.69941e-10
-1.04528e-10
2.65688e-10
-1.38166e-10
2.59279e-10
-1.7074e-10
2.5068e-10
-2.01967e-10
2.39857e-10
-2.31557e-10
2.26784e-10
-2.59212e-10
2.1145e-10
-2.84631e-10
1.93873e-10
-3.07515e-10
1.74109e-10
-3.27574e-10
1.52258e-10
-3.44531e-10
1.28477e-10
-3.58136e-10
1.02983e-10
-3.6817e-10
7.6069e-11
-3.74462e-10
4.81059e-11
-3.76904e-10
1.95541e-11
-3.75467e-10
-9.05193e-12
-3.70218e-10
-3.71206e-11
-3.61308e-10
-6.40751e-11
-8.93638e-11
-3.48962e-10
-3.56825e-11
3.07331e-10
-7.11653e-11
3.05413e-10
-1.06131e-10
3.00645e-10
-1.40316e-10
2.93456e-10
-1.73446e-10
2.83804e-10
-2.05236e-10
2.71643e-10
-2.35391e-10
2.56935e-10
-2.63606e-10
2.39662e-10
-2.89572e-10
2.19837e-10
-3.12978e-10
1.97514e-10
-3.33519e-10
1.72801e-10
-3.50904e-10
1.45865e-10
-3.64863e-10
1.16947e-10
-3.75159e-10
8.63692e-11
-3.81598e-10
5.45504e-11
-3.84052e-10
2.20164e-11
-3.82482e-10
-1.06116e-11
-3.76954e-10
-4.26345e-11
-3.67627e-10
-7.33866e-11
-1.02233e-10
-3.54738e-10
-3.62771e-11
3.43602e-10
-7.23577e-11
3.41482e-10
-1.07929e-10
3.36206e-10
-1.42729e-10
3.28249e-10
-1.76486e-10
3.17555e-10
-2.08913e-10
3.04064e-10
-2.3971e-10
2.87726e-10
-2.68563e-10
2.68512e-10
-2.95153e-10
2.46425e-10
-3.19156e-10
2.21517e-10
-3.40252e-10
1.93898e-10
-3.58132e-10
1.63747e-10
-3.72506e-10
1.31323e-10
-3.83112e-10
9.69786e-11
-3.89728e-10
6.11726e-11
-3.92205e-10
2.45009e-11
-3.90484e-10
-1.23222e-11
-3.84639e-10
-4.84657e-11
-3.74835e-10
-8.31744e-11
-1.15725e-10
-3.61322e-10
-3.69354e-11
3.80531e-10
-7.3677e-11
3.78214e-10
-1.09918e-10
3.72439e-10
-1.45403e-10
3.63726e-10
-1.7986e-10
3.52005e-10
-2.12998e-10
3.37197e-10
-2.44514e-10
3.19237e-10
-2.74085e-10
2.98079e-10
-3.0138e-10
2.73718e-10
-3.2606e-10
2.46198e-10
-3.47789e-10
2.15628e-10
-3.66237e-10
1.82196e-10
-3.8109e-10
1.46179e-10
-3.9206e-10
1.07952e-10
-3.98893e-10
6.80101e-11
-4.014e-10
2.70156e-11
-3.99521e-10
-1.41907e-11
-3.93312e-10
-5.46615e-11
-3.82969e-10
-9.35018e-11
-1.29925e-10
-3.68748e-10
-3.76566e-11
4.18181e-10
-7.51211e-11
4.1567e-10
-1.12097e-10
4.09408e-10
-1.48334e-10
3.99957e-10
-1.83562e-10
3.87226e-10
-2.17489e-10
3.71119e-10
-2.49804e-10
3.51546e-10
-2.80176e-10
3.28448e-10
-3.0826e-10
3.01801e-10
-3.33703e-10
2.71639e-10
-3.56146e-10
2.38071e-10
-3.7524e-10
2.0129e-10
-3.90645e-10
1.61586e-10
-4.02043e-10
1.19352e-10
-4.09138e-10
7.51092e-11
-4.11696e-10
2.9581e-11
-4.0963e-10
-1.62471e-11
-4.03022e-10
-6.12573e-11
-3.9207e-10
-1.04438e-10
-1.44922e-10
-3.77052e-10
-3.84401e-11
4.56616e-10
-7.66871e-11
4.53912e-10
-1.14461e-10
4.47176e-10
-1.51517e-10
4.37009e-10
-1.8759e-10
4.23293e-10
-2.22383e-10
4.05906e-10
-2.55579e-10
3.84737e-10
-2.86838e-10
3.59702e-10
-3.15801e-10
3.3076e-10
-3.42094e-10
2.97931e-10
-3.65341e-10
2.61316e-10
-3.85164e-10
2.21113e-10
-4.01201e-10
1.77623e-10
-4.131e-10
1.31252e-10
-4.20515e-10
8.25274e-11
-4.23148e-10
3.2219e-11
-4.20877e-10
-1.8509e-11
-4.13812e-10
-6.83108e-11
-4.02186e-10
-1.16049e-10
-1.60811e-10
-3.86278e-10
-3.9286e-11
4.95898e-10
-7.83716e-11
4.92994e-10
-1.17003e-10
4.85804e-10
-1.54947e-10
4.7495e-10
-1.91938e-10
4.60279e-10
-2.27676e-10
4.41639e-10
-2.61838e-10
4.18894e-10
-2.94074e-10
3.91933e-10
-3.24008e-10
3.6069e-10
-3.51248e-10
3.25168e-10
-3.75391e-10
2.85456e-10
-3.96035e-10
2.41755e-10
-4.12792e-10
1.94379e-10
-4.25278e-10
1.43739e-10
-4.33087e-10
9.03385e-11
-4.35823e-10
3.49588e-11
-4.33321e-10
-2.10026e-11
-4.25741e-10
-7.58807e-11
-4.13371e-10
-1.28407e-10
-1.7769e-10
-3.96474e-10
-4.01959e-11
5.36092e-10
-8.01698e-11
5.32968e-10
-1.19717e-10
5.25349e-10
-1.58616e-10
5.13846e-10
-1.96599e-10
4.98257e-10
-2.33364e-10
4.78398e-10
-2.6858e-10
4.54103e-10
-3.01885e-10
4.25232e-10
-3.32889e-10
3.91689e-10
-3.61176e-10
3.5345e-10
-3.86315e-10
3.10592e-10
-4.07878e-10
2.63315e-10
-4.25449e-10
2.11948e-10
-4.38625e-10
1.56914e-10
-4.46926e-10
9.86408e-11
-4.49813e-10
3.78495e-11
-4.47025e-10
-2.37841e-11
-4.3886e-10
-8.40371e-11
-4.2569e-10
-1.41565e-10
-1.95666e-10
-4.07699e-10
-4.11746e-11
5.77266e-10
-8.20752e-11
5.7387e-10
-1.22594e-10
5.65867e-10
-1.62514e-10
5.53764e-10
-2.01564e-10
5.37303e-10
-2.39439e-10
5.16266e-10
-2.75799e-10
4.90457e-10
-3.10272e-10
4.59699e-10
-3.4245e-10
4.2386e-10
-3.71891e-10
3.82886e-10
-3.98134e-10
3.36831e-10
-4.20718e-10
2.85895e-10
-4.39206e-10
2.30433e-10
-4.5319e-10
1.70897e-10
-4.62115e-10
1.07566e-10
-4.6496e-10
4.06976e-11
-4.62257e-10
-2.64816e-11
-4.53291e-10
-9.29961e-11
-4.39222e-10
-1.55626e-10
-2.14852e-10
-4.20024e-10
-4.22418e-11
6.19508e-10
-8.4078e-11
6.15708e-10
-1.25622e-10
6.07411e-10
-1.66632e-10
5.94772e-10
-2.06826e-10
5.77493e-10
-2.45894e-10
5.55328e-10
-2.83492e-10
5.28048e-10
-3.19236e-10
4.95436e-10
-3.52698e-10
4.57316e-10
-3.83409e-10
4.13592e-10
-4.10874e-10
3.64291e-10
-4.3459e-10
3.09608e-10
-4.54102e-10
2.49942e-10
-4.69052e-10
1.85846e-10
-4.78937e-10
1.17451e-10
-4.82528e-10
4.4291e-11
-4.78473e-10
-3.05333e-11
-4.68675e-10
-1.02789e-10
-4.53875e-10
-1.7042e-10
-2.3523e-10
-4.33488e-10
-4.3295e-11
6.62804e-10
-8.61379e-11
6.58553e-10
-1.28776e-10
6.50049e-10
-1.70949e-10
6.36943e-10
-2.12367e-10
6.18908e-10
-2.52719e-10
5.95675e-10
-2.91657e-10
5.66981e-10
-3.28788e-10
5.32562e-10
-3.63662e-10
4.92186e-10
-3.95781e-10
4.45708e-10
-4.24604e-10
3.93111e-10
-4.49576e-10
3.34577e-10
-4.70196e-10
2.70561e-10
-4.862e-10
2.01848e-10
-4.97052e-10
1.28303e-10
-5.00911e-10
4.8151e-11
-4.97189e-10
-3.42534e-11
-4.86157e-10
-1.13817e-10
-4.70471e-10
-1.86102e-10
-2.56955e-10
-4.48741e-10
-4.51912e-11
7.07996e-10
-8.83241e-11
7.01687e-10
-1.31983e-10
6.93708e-10
-1.75315e-10
6.80275e-10
-2.17953e-10
6.61544e-10
-2.5957e-10
6.3729e-10
-2.99816e-10
6.07225e-10
-3.38285e-10
5.71029e-10
-3.74511e-10
5.28411e-10
-4.07965e-10
4.7916e-10
-4.38065e-10
4.2321e-10
-4.64198e-10
3.6071e-10
-4.85811e-10
2.92173e-10
-5.02977e-10
2.19014e-10
-5.15489e-10
1.40814e-10
-5.17775e-10
5.04364e-11
-5.14749e-10
-3.72787e-11
-5.01949e-10
-1.26616e-10
-4.85986e-10
-2.02062e-10
-2.79977e-10
-4.6296e-10
-8.1054e-11
7.89051e-10
-1.62697e-10
7.83331e-10
-2.44234e-10
7.75246e-10
-3.25042e-10
7.61085e-10
-4.04781e-10
7.41284e-10
-4.82979e-10
7.15489e-10
-5.59076e-10
6.83322e-10
-6.32379e-10
6.44333e-10
-7.02062e-10
5.98094e-10
-7.67163e-10
5.44263e-10
-8.26592e-10
4.8264e-10
-8.7914e-10
4.13259e-10
-9.23442e-10
3.36475e-10
-9.59289e-10
2.54859e-10
-9.87498e-10
1.69022e-10
-1.00442e-09
6.73595e-11
-9.99792e-10
-6.70592e-12
-9.81565e-10
-2.31748e-11
-9.59544e-10
-3.58532e-11
-9.25434e-10
-5.02536e-11
-3.20753e-10
-6.26623e-12
-3.13825e-10
-6.9109e-12
-3.06286e-10
-7.52126e-12
-2.98181e-10
-8.08644e-12
-2.89556e-10
-8.60746e-12
-2.80456e-10
-9.08194e-12
-2.7093e-10
-9.50828e-12
-2.61029e-10
-9.8846e-12
-2.50802e-10
-1.02111e-11
-2.40301e-10
-1.04843e-11
-2.29578e-10
-1.07052e-11
-2.18683e-10
-1.08771e-11
-2.07671e-10
-1.09947e-11
-1.96591e-10
-1.10634e-11
-1.85491e-10
-1.10839e-11
-1.7442e-10
-1.10548e-11
-1.63423e-10
-1.09811e-11
-1.52546e-10
-1.0863e-11
-1.41829e-10
-1.07032e-11
-1.05041e-11
-1.31312e-10
-3.23663e-10
-1.25734e-11
-3.16668e-10
-1.38745e-11
-3.0906e-10
-1.50968e-11
-3.00881e-10
-1.62345e-11
-2.92174e-10
-1.72826e-11
-2.82989e-10
-1.8237e-11
-2.73373e-10
-1.90937e-11
-2.63378e-10
-1.98502e-11
-2.53055e-10
-2.05033e-11
-2.42454e-10
-2.10536e-11
-2.31629e-10
-2.14992e-11
-2.20633e-10
-2.18411e-11
-2.09518e-10
-2.20803e-11
-1.98334e-10
-2.22185e-11
-1.87132e-10
-2.22572e-11
-1.75958e-10
-2.22011e-11
-1.64861e-10
-2.20521e-11
-1.53885e-10
-2.18152e-11
-1.43071e-10
-2.14948e-11
-2.10956e-11
-1.32461e-10
-3.24968e-10
-1.89596e-11
-3.17895e-10
-2.09213e-11
-3.10203e-10
-2.27629e-11
-3.01933e-10
-2.44771e-11
-2.93133e-10
-2.6056e-11
-2.8385e-10
-2.7493e-11
-2.74134e-10
-2.87826e-11
-2.64036e-10
-2.99204e-11
-2.53608e-10
-3.09034e-11
-2.42904e-10
-3.173e-11
-2.31975e-10
-3.23995e-11
-2.20876e-10
-3.29124e-11
-2.0966e-10
-3.32703e-11
-1.98377e-10
-3.34753e-11
-1.87079e-10
-3.35307e-11
-1.75813e-10
-3.34426e-11
-1.64628e-10
-3.32149e-11
-1.53567e-10
-3.28543e-11
-1.42675e-10
-3.23674e-11
-3.17625e-11
-1.31992e-10
-3.2693e-10
-2.54582e-11
-3.19737e-10
-2.80897e-11
-3.11917e-10
-3.05581e-11
-3.03512e-10
-3.28558e-11
-2.9457e-10
-3.49714e-11
-2.8514e-10
-3.68961e-11
-2.75272e-10
-3.86225e-11
-2.65019e-10
-4.0145e-11
-2.54435e-10
-4.14595e-11
-2.43573e-10
-4.25639e-11
-2.32488e-10
-4.34571e-11
-2.21234e-10
-4.41396e-11
-2.09865e-10
-4.46135e-11
-1.98433e-10
-4.4882e-11
-1.8699e-10
-4.49494e-11
-1.75585e-10
-4.48244e-11
-1.64267e-10
-4.45115e-11
-1.53081e-10
-4.402e-11
-1.42069e-10
-4.33595e-11
-4.2541e-11
-1.31277e-10
-3.29561e-10
-3.2106e-11
-3.22206e-10
-3.54208e-11
-3.14214e-10
-3.85256e-11
-3.05628e-10
-4.14169e-11
-2.96494e-10
-4.40776e-11
-2.86866e-10
-4.6497e-11
-2.76794e-10
-4.86659e-11
-2.66334e-10
-5.05775e-11
-2.55539e-10
-5.22264e-11
-2.44466e-10
-5.36097e-11
-2.33171e-10
-5.47262e-11
-2.21708e-10
-5.55762e-11
-2.10134e-10
-5.61626e-11
-1.98502e-10
-5.64897e-11
-1.86864e-10
-5.65637e-11
-1.75272e-10
-5.63935e-11
-1.63775e-10
-5.59869e-11
-1.5242e-10
-5.53554e-11
-1.41251e-10
-5.45115e-11
-5.34684e-11
-1.30311e-10
-3.32872e-10
-3.89446e-11
-3.25316e-10
-4.29527e-11
-3.17106e-10
-4.67123e-11
-3.08288e-10
-5.02085e-11
-2.98914e-10
-5.34247e-11
-2.89035e-10
-5.63478e-11
-2.78706e-10
-5.89666e-11
-2.67983e-10
-6.12725e-11
-2.56923e-10
-6.32592e-11
-2.45583e-10
-6.49228e-11
-2.34021e-10
-6.62617e-11
-2.22295e-10
-6.72767e-11
-2.10461e-10
-6.79711e-11
-1.98576e-10
-6.83508e-11
-1.86693e-10
-6.84231e-11
-1.74866e-10
-6.81983e-11
-1.63144e-10
-6.76873e-11
-1.51576e-10
-6.69042e-11
-1.40208e-10
-6.58638e-11
-6.45813e-11
-1.29082e-10
-3.3688e-10
-4.60111e-11
-3.29076e-10
-5.07328e-11
-3.20601e-10
-5.51626e-11
-3.11504e-10
-5.92792e-11
-3.01837e-10
-6.30641e-11
-2.91654e-10
-6.65018e-11
-2.81012e-10
-6.95791e-11
-2.6997e-10
-7.22858e-11
-2.58586e-10
-7.46143e-11
-2.46922e-10
-7.65595e-11
-2.35036e-10
-7.812e-11
-2.22989e-10
-7.92967e-11
-2.10841e-10
-8.00939e-11
-1.98649e-10
-8.05183e-11
-1.86468e-10
-8.0579e-11
-1.74355e-10
-8.02878e-11
-1.62361e-10
-7.96596e-11
-1.50536e-10
-7.871e-11
-1.38926e-10
-7.74565e-11
-7.59166e-11
-1.27575e-10
-3.41604e-10
-5.33462e-11
-3.33506e-10
-5.88062e-11
-3.24718e-10
-6.39253e-11
-3.15289e-10
-6.868e-11
-3.05274e-10
-7.3049e-11
-2.94731e-10
-7.70142e-11
-2.83718e-10
-8.05604e-11
-2.72298e-10
-8.36753e-11
-2.60531e-10
-8.63505e-11
-2.48482e-10
-8.85789e-11
-2.36213e-10
-9.036e-11
-2.23787e-10
-9.16948e-11
-2.11265e-10
-9.25881e-11
-1.9871e-10
-9.30479e-11
-1.86177e-10
-9.30852e-11
-1.73727e-10
-9.27132e-11
-1.61412e-10
-9.19524e-11
-1.49283e-10
-9.08178e-11
-1.37387e-10
-8.93309e-11
-8.7513e-11
-1.25772e-10
-3.47064e-10
-6.09956e-11
-3.38625e-10
-6.7219e-11
-3.29472e-10
-7.30509e-11
-3.19657e-10
-7.84645e-11
-3.09239e-10
-8.34358e-11
-2.98277e-10
-8.79439e-11
-2.86833e-10
-9.1971e-11
-2.74973e-10
-9.55031e-11
-2.6276e-10
-9.85308e-11
-2.50263e-10
-1.01045e-10
-2.37548e-10
-1.03045e-10
-2.2468e-10
-1.04533e-10
-2.11725e-10
-1.05515e-10
-1.98747e-10
-1.05998e-10
-1.85807e-10
-1.05998e-10
-1.72965e-10
-1.0553e-10
-1.60277e-10
-1.04616e-10
-1.47796e-10
-1.03275e-10
-1.35571e-10
-1.01532e-10
-9.94127e-11
-1.23652e-10
-3.53287e-10
-6.90053e-11
-3.44457e-10
-7.6022e-11
-3.34885e-10
-8.25938e-11
-3.24628e-10
-8.86907e-11
-3.13747e-10
-9.42855e-11
-3.02304e-10
-9.93543e-11
-2.90365e-10
-1.03877e-10
-2.77999e-10
-1.07836e-10
-2.65275e-10
-1.11222e-10
-2.52264e-10
-1.14024e-10
-2.39036e-10
-1.16243e-10
-2.25662e-10
-1.17878e-10
-2.1221e-10
-1.18938e-10
-1.98747e-10
-1.19433e-10
-1.8534e-10
-1.19378e-10
-1.7205e-10
-1.18795e-10
-1.58936e-10
-1.17705e-10
-1.46053e-10
-1.16132e-10
-1.33454e-10
-1.14107e-10
-1.1166e-10
-1.2119e-10
-3.60302e-10
-7.74251e-11
-3.51028e-10
-8.52694e-11
-3.40982e-10
-9.26124e-11
-3.30223e-10
-9.94206e-11
-3.18815e-10
-1.05663e-10
-3.06826e-10
-1.11313e-10
-2.94325e-10
-1.16347e-10
-2.81384e-10
-1.20746e-10
-2.68078e-10
-1.24497e-10
-2.54482e-10
-1.2759e-10
-2.40672e-10
-1.30024e-10
-2.26721e-10
-1.318e-10
-2.12705e-10
-1.32926e-10
-1.98694e-10
-1.33417e-10
-1.84757e-10
-1.33289e-10
-1.7096e-10
-1.32567e-10
-1.57364e-10
-1.31275e-10
-1.44029e-10
-1.29443e-10
-1.31009e-10
-1.27106e-10
-1.24297e-10
-1.18356e-10
-3.68145e-10
-8.63079e-11
-3.5837e-10
-9.5019e-11
-3.47789e-10
-1.03168e-10
-3.36465e-10
-1.10719e-10
-3.24465e-10
-1.17637e-10
-3.1186e-10
-1.23891e-10
-2.98724e-10
-1.29454e-10
-2.85135e-10
-1.34306e-10
-2.71172e-10
-1.38431e-10
-2.56916e-10
-1.41818e-10
-2.42448e-10
-1.44463e-10
-2.27848e-10
-1.46372e-10
-2.13196e-10
-1.47552e-10
-1.98567e-10
-1.4802e-10
-1.84035e-10
-1.47797e-10
-1.69668e-10
-1.46908e-10
-1.55533e-10
-1.45385e-10
-1.41693e-10
-1.43262e-10
-1.28203e-10
-1.40577e-10
-1.37367e-10
-1.15116e-10
-3.76853e-10
-9.57105e-11
-3.66519e-10
-1.05332e-10
-3.55339e-10
-1.14327e-10
-3.43382e-10
-1.22654e-10
-3.30719e-10
-1.30277e-10
-3.17423e-10
-1.37163e-10
-3.03576e-10
-1.43276e-10
-2.89259e-10
-1.48597e-10
-2.74559e-10
-1.53105e-10
-2.59562e-10
-1.56788e-10
-2.44356e-10
-1.59643e-10
-2.29029e-10
-1.61674e-10
-2.13664e-10
-1.62892e-10
-1.98344e-10
-1.63316e-10
-1.83146e-10
-1.62971e-10
-1.68145e-10
-1.61885e-10
-1.53411e-10
-1.60096e-10
-1.39008e-10
-1.57643e-10
-1.24996e-10
-1.54569e-10
-1.50916e-10
-1.11431e-10
-3.86471e-10
-1.05695e-10
-3.75513e-10
-1.16271e-10
-3.63666e-10
-1.26155e-10
-3.51004e-10
-1.35298e-10
-3.37604e-10
-1.43659e-10
-3.23536e-10
-1.5121e-10
-3.08896e-10
-1.57896e-10
-2.93767e-10
-1.63703e-10
-2.78242e-10
-1.68606e-10
-2.62417e-10
-1.72589e-10
-2.46388e-10
-1.75648e-10
-2.30248e-10
-1.7779e-10
-2.14089e-10
-1.79028e-10
-1.97999e-10
-1.79384e-10
-1.82062e-10
-1.78886e-10
-1.66356e-10
-1.77569e-10
-1.50958e-10
-1.75475e-10
-1.35934e-10
-1.72648e-10
-1.21347e-10
-1.69138e-10
-1.64993e-10
-1.07256e-10
-3.97044e-10
-1.16334e-10
-3.8539e-10
-1.27909e-10
-3.72807e-10
-1.38723e-10
-3.59369e-10
-1.48721e-10
-3.45147e-10
-1.57865e-10
-3.30231e-10
-1.6611e-10
-3.14703e-10
-1.73405e-10
-2.9867e-10
-1.79718e-10
-2.82224e-10
-1.85031e-10
-2.65476e-10
-1.89315e-10
-2.4853e-10
-1.92573e-10
-2.31486e-10
-1.94813e-10
-2.14445e-10
-1.9605e-10
-1.97501e-10
-1.96307e-10
-1.80745e-10
-1.95623e-10
-1.64263e-10
-1.94035e-10
-1.48132e-10
-1.91591e-10
-1.32425e-10
-1.88341e-10
-1.17207e-10
-1.84342e-10
-1.79651e-10
-1.02541e-10
-4.08611e-10
-1.27733e-10
-3.9621e-10
-1.40298e-10
-3.82806e-10
-1.52116e-10
-3.68513e-10
-1.63002e-10
-3.53393e-10
-1.72972e-10
-3.37525e-10
-1.81964e-10
-3.21015e-10
-1.899e-10
-3.03985e-10
-1.96731e-10
-2.86509e-10
-2.0249e-10
-2.68735e-10
-2.07072e-10
-2.50771e-10
-2.1052e-10
-2.32723e-10
-2.12843e-10
-2.14704e-10
-2.14053e-10
-1.96816e-10
-2.14181e-10
-1.79158e-10
-2.13269e-10
-1.61819e-10
-2.11363e-10
-1.44883e-10
-2.08516e-10
-1.28427e-10
-2.04787e-10
-1.12521e-10
-2.0024e-10
-1.9494e-10
-9.72274e-11
-4.21244e-10
-1.39968e-10
-4.07872e-10
-1.53661e-10
-3.93656e-10
-1.66323e-10
-3.78451e-10
-1.78197e-10
-3.6235e-10
-1.89063e-10
-3.45459e-10
-1.98844e-10
-3.27859e-10
-2.07488e-10
-3.09669e-10
-2.14908e-10
-2.91067e-10
-2.21078e-10
-2.72173e-10
-2.25951e-10
-2.53096e-10
-2.29584e-10
-2.33919e-10
-2.32007e-10
-2.1483e-10
-2.3313e-10
-1.95902e-10
-2.33099e-10
-1.77251e-10
-2.31912e-10
-1.58971e-10
-2.29634e-10
-1.41155e-10
-2.26323e-10
-1.23881e-10
-2.22053e-10
-1.07225e-10
-2.1689e-10
-2.10909e-10
-9.12495e-11
-4.35282e-10
-1.5342e-10
-4.20955e-10
-1.67981e-10
-4.05865e-10
-1.81407e-10
-3.89656e-10
-1.94399e-10
-3.72473e-10
-2.06239e-10
-3.54401e-10
-2.16908e-10
-3.35568e-10
-2.26313e-10
-3.16136e-10
-2.34331e-10
-2.96263e-10
-2.40942e-10
-2.76055e-10
-2.46149e-10
-2.55668e-10
-2.49962e-10
-2.35273e-10
-2.52393e-10
-2.14943e-10
-2.53452e-10
-1.94847e-10
-2.53187e-10
-1.75074e-10
-2.51678e-10
-1.55738e-10
-2.48963e-10
-1.36952e-10
-2.45102e-10
-1.18782e-10
-2.40217e-10
-1.01306e-10
-2.3436e-10
-2.27627e-10
-8.45836e-11
-4.476e-10
-1.68774e-10
-4.32514e-10
-1.83062e-10
-4.17026e-10
-1.9689e-10
-3.99814e-10
-2.11606e-10
-3.81627e-10
-2.24421e-10
-3.62452e-10
-2.36077e-10
-3.42419e-10
-2.46339e-10
-3.21782e-10
-2.54959e-10
-3.00726e-10
-2.6199e-10
-2.79364e-10
-2.67501e-10
-2.57824e-10
-2.71492e-10
-2.36227e-10
-2.73981e-10
-2.14801e-10
-2.7487e-10
-1.93648e-10
-2.74332e-10
-1.72844e-10
-2.72475e-10
-1.52538e-10
-2.69265e-10
-1.32883e-10
-2.64754e-10
-1.13872e-10
-2.59226e-10
-9.56366e-11
-2.52594e-10
-2.45035e-10
-7.82275e-11
-8.96823e-10
-1.20388e-28
-8.71175e-10
-1.73859e-26
-8.46664e-10
-3.06279e-26
-8.16154e-10
-2.1316e-25
-7.84423e-10
-3.24377e-24
-7.50693e-10
-2.19754e-23
-7.1502e-10
-1.07801e-22
-6.78127e-10
-3.5259e-22
-6.40376e-10
-7.435e-22
-6.01975e-10
-1.14775e-21
-5.63141e-10
-1.36727e-21
-5.23965e-10
-1.15095e-21
-4.85024e-10
-6.75062e-22
-4.46545e-10
-2.539e-22
-4.08494e-10
-4.5104e-23
-3.71193e-10
-1.38862e-25
-3.35165e-10
-1.30961e-52
-3.00051e-10
-2.72757e-43
-2.66294e-10
-1.99813e-40
-2.33982e-10
-8.33282e-43
-1.11001e-10
-2.03022e-11
-9.18852e-11
-1.9106e-11
-7.41762e-11
-1.77006e-11
-5.80343e-11
-1.61348e-11
-4.3572e-11
-1.44566e-11
-3.0856e-11
-1.27122e-11
-1.99098e-11
-1.09442e-11
-1.07183e-11
-9.19099e-12
-3.23254e-12
-7.48624e-12
2.623e-12
-5.85708e-12
6.93151e-12
-4.31118e-12
9.84317e-12
-2.91529e-12
1.14741e-11
-1.63504e-12
1.19499e-11
-4.80463e-13
1.14858e-11
4.57823e-13
1.01886e-11
1.28874e-12
8.22366e-12
1.95536e-12
5.7597e-12
2.45413e-12
2.96432e-12
2.78494e-12
2.95346e-12
-1.11971e-10
-4.07759e-11
-9.26921e-11
-3.83708e-11
-7.48346e-11
-3.55461e-11
-5.85605e-11
-3.23997e-11
-4.39826e-11
-2.90283e-11
-3.11674e-11
-2.55243e-11
-2.01376e-11
-2.19733e-11
-1.08771e-11
-1.84526e-11
-3.33541e-12
-1.5031e-11
2.5681e-12
-1.17657e-11
6.90985e-12
-8.65968e-12
9.84345e-12
-5.85692e-12
1.14877e-11
-3.28909e-12
1.19623e-11
-9.67497e-13
1.15135e-11
8.91143e-13
1.02165e-11
2.56839e-12
8.24704e-12
3.90675e-12
5.7776e-12
4.90471e-12
2.97392e-12
5.56938e-12
5.91943e-12
-1.11374e-10
-6.13817e-11
-9.19894e-11
-5.7744e-11
-7.40515e-11
-5.3475e-11
-5.77212e-11
-4.87232e-11
-4.31102e-11
-4.36348e-11
-3.02834e-11
-3.83489e-11
-1.92615e-11
-3.29946e-11
-1.00263e-11
-2.7689e-11
-2.52518e-12
-2.25353e-11
3.32825e-12
-1.76244e-11
7.54658e-12
-1.28848e-11
1.03893e-11
-8.7076e-12
1.20074e-11
-4.91687e-12
1.25005e-11
-1.47284e-12
1.19296e-11
1.44779e-12
1.05448e-11
3.93815e-12
8.503e-12
5.93318e-12
5.94153e-12
7.45023e-12
3.06223e-12
8.43337e-12
8.97499e-12
-1.10465e-10
-8.21839e-11
-9.0923e-11
-7.72767e-11
-7.28647e-11
-7.15256e-11
-5.64507e-11
-6.51314e-11
-4.17908e-11
-5.82907e-11
-2.89473e-11
-5.11903e-11
-1.79384e-11
-4.40033e-11
-8.74252e-12
-3.68867e-11
-1.30471e-12
-2.99774e-11
4.4535e-12
-2.33889e-11
8.68618e-12
-1.71253e-11
1.14505e-11
-1.14811e-11
1.29125e-11
-6.38959e-12
1.31813e-11
-1.75421e-12
1.25257e-11
2.08976e-12
1.10415e-11
5.40874e-12
8.85151e-12
8.1092e-12
6.20434e-12
1.00835e-11
3.17713e-12
1.14473e-11
1.21459e-11
-1.09239e-10
-1.03247e-10
-8.94865e-11
-9.70202e-11
-7.12679e-11
-8.97366e-11
-5.47427e-11
-8.16506e-11
-4.00185e-11
-7.30108e-11
-2.71541e-11
-6.40526e-11
-1.6164e-11
-5.49936e-11
-7.02206e-12
-4.60314e-11
3.30647e-13
-3.73357e-11
5.98323e-12
-2.90493e-11
1.00631e-11
-2.12142e-11
1.26769e-11
-1.41051e-11
1.39702e-11
-7.69465e-12
1.41965e-11
-1.99301e-12
1.33411e-11
2.93273e-12
1.16759e-11
7.06171e-12
9.38273e-12
1.03898e-11
6.5367e-12
1.29173e-11
3.35906e-12
1.46129e-11
1.54992e-11
-1.07684e-10
-1.24636e-10
-8.76673e-11
-1.17026e-10
-6.92486e-11
-1.08147e-10
-5.25856e-11
-9.83071e-11
-3.77826e-11
-8.78096e-11
-2.48943e-11
-7.69391e-11
-1.393e-11
-6.59588e-11
-4.85833e-12
-5.51069e-11
2.3825e-12
-4.45833e-11
7.79993e-12
-3.44754e-11
1.17378e-11
-2.51619e-11
1.42246e-11
-1.66029e-11
1.53983e-11
-8.88024e-12
1.54242e-11
-2.03061e-12
1.44161e-11
3.92982e-12
1.25569e-11
8.91008e-12
1.00176e-11
1.29181e-11
6.948e-12
1.59763e-11
3.57236e-12
1.79776e-11
1.90665e-11
-1.05783e-10
-1.46416e-10
-8.54496e-11
-1.37347e-10
-6.67917e-11
-1.26795e-10
-4.9965e-11
-1.15127e-10
-3.50699e-11
-1.027e-10
-2.21557e-11
-8.98517e-11
-1.12261e-11
-7.68897e-11
-2.24239e-12
-6.4095e-11
4.83253e-12
-5.16652e-11
1.01959e-11
-3.98474e-11
1.38846e-11
-2.88606e-11
1.6161e-11
-1.88903e-11
1.71179e-11
-9.84836e-12
1.69126e-11
-1.83573e-12
1.56701e-11
5.16261e-12
1.35665e-11
1.1004e-11
1.07678e-11
1.57075e-11
7.47138e-12
1.92635e-11
3.8134e-12
2.16258e-11
2.28757e-11
-1.03518e-10
-1.68655e-10
-8.28143e-11
-1.58038e-10
-6.38783e-11
-1.45722e-10
-4.68632e-11
-1.32136e-10
-3.18641e-11
-1.17695e-10
-1.89238e-11
-1.0279e-10
-8.04005e-12
-8.77745e-11
8.40394e-13
-7.29794e-11
7.76747e-12
-5.85985e-11
1.28625e-11
-4.49502e-11
1.64681e-11
-3.24753e-11
1.85047e-11
-2.09371e-11
1.91322e-11
-1.0486e-11
1.86624e-11
-1.37516e-12
1.71326e-11
6.68371e-12
1.47443e-11
1.33839e-11
1.16446e-11
1.87992e-11
8.06507e-12
2.28349e-11
4.11279e-12
2.55695e-11
2.69849e-11
-1.00866e-10
-1.91426e-10
-7.97386e-11
-1.79154e-10
-6.04864e-11
-1.64965e-10
-4.32594e-11
-1.49356e-10
-2.8146e-11
-1.32804e-10
-1.51814e-11
-1.15753e-10
-4.35963e-12
-9.85967e-11
4.37292e-12
-8.17147e-11
1.10969e-11
-6.53271e-11
1.60756e-11
-4.99352e-11
1.93664e-11
-3.5774e-11
2.11043e-11
-2.26842e-11
2.15025e-11
-1.08931e-11
2.06639e-11
-5.44844e-13
1.88127e-11
8.52684e-12
1.60958e-11
1.60931e-11
1.26689e-11
2.22187e-11
8.73796e-12
2.6758e-11
4.4652e-12
2.98342e-11
3.14465e-11
-9.78014e-11
-2.14803e-10
-7.61957e-11
-2.00749e-10
-5.65901e-11
-1.84563e-10
-3.91293e-11
-1.66811e-10
-2.38939e-11
-1.48035e-10
-1.09085e-11
-1.28736e-10
-1.68147e-13
-1.09337e-10
8.39204e-12
-9.02765e-11
1.49056e-11
-7.18439e-11
1.96283e-11
-5.46629e-11
2.25373e-11
-3.86898e-11
2.39683e-11
-2.41228e-11
2.40965e-11
-1.1029e-11
2.2895e-11
6.48986e-13
2.06684e-11
1.07456e-11
1.76149e-11
1.9139e-11
1.38259e-11
2.59999e-11
9.50458e-12
3.1071e-11
4.83703e-12
3.44936e-11
3.62794e-11
-9.42922e-11
-2.38855e-10
-7.21546e-11
-2.22877e-10
-5.21596e-11
-2.04549e-10
-3.44457e-11
-1.84518e-10
-1.90834e-11
-1.63393e-10
-6.08261e-12
-1.41734e-10
4.52671e-12
-1.19945e-10
1.27787e-11
-9.85292e-11
1.91745e-11
-7.82419e-11
2.36367e-11
-5.91291e-11
2.62611e-11
-4.13196e-11
2.73514e-11
-2.52193e-11
2.69311e-11
-1.0615e-11
2.5407e-11
2.16602e-12
2.27998e-11
1.3345e-11
1.92861e-11
2.26448e-11
1.51033e-11
3.01741e-11
1.03606e-11
3.58048e-11
5.27158e-12
3.9574e-11
4.15462e-11
-9.03027e-11
-2.63656e-10
-6.75797e-11
-2.45589e-10
-4.71615e-11
-2.24959e-10
-2.91778e-11
-2.02496e-10
-1.36883e-11
-1.78879e-10
-6.74121e-13
-1.54747e-10
9.74725e-12
-1.30366e-10
1.79978e-11
-1.0678e-10
2.40285e-11
-8.4274e-11
2.80427e-11
-6.31462e-11
3.03148e-11
-4.35956e-11
3.08879e-11
-2.57967e-11
3.02208e-11
-9.95301e-12
2.82335e-11
4.1467e-12
2.51675e-11
1.64035e-11
2.11733e-11
2.66306e-11
1.65159e-11
3.48222e-11
1.13071e-11
4.10044e-11
5.74116e-12
4.51308e-11
4.72823e-11
-8.57924e-11
-2.89282e-10
-6.24312e-11
-2.68941e-10
-4.15583e-11
-2.45826e-10
-2.32915e-11
-2.20759e-10
-7.68292e-12
-1.94486e-10
5.29678e-12
-1.67726e-10
1.56225e-11
-1.40691e-10
2.36112e-11
-1.14769e-10
2.93099e-11
-8.99736e-11
3.28493e-11
-6.66875e-11
3.46482e-11
-4.53971e-11
3.49627e-11
-2.61143e-11
3.37202e-11
-8.71508e-12
3.12667e-11
6.59383e-12
2.77129e-11
1.99498e-11
2.32649e-11
3.10702e-11
1.80698e-11
4.0008e-11
1.2343e-11
4.67221e-11
6.27113e-12
5.11933e-11
5.35486e-11
-8.07154e-11
-3.15814e-10
-5.66641e-11
-2.92985e-10
-3.53081e-11
-2.67178e-10
-1.67484e-11
-2.39317e-10
-1.03567e-12
-2.10198e-10
1.16721e-11
-1.80434e-10
2.20624e-11
-1.51082e-10
2.97948e-11
-1.22501e-10
3.5124e-11
-9.53034e-11
3.82863e-11
-6.98511e-11
3.9591e-11
-4.67037e-11
3.92034e-11
-2.57296e-11
3.75614e-11
-7.07799e-12
3.45455e-11
9.60308e-12
3.05111e-11
2.39767e-11
2.5498e-11
3.60748e-11
1.97512e-11
4.57461e-11
1.34638e-11
5.30012e-11
6.82088e-12
5.78275e-11
6.03654e-11
-7.5019e-11
-3.43331e-10
-5.02274e-11
-3.17772e-10
-2.8365e-11
-2.89038e-10
-9.50592e-12
-2.58175e-10
6.25864e-12
-2.25963e-10
1.90203e-11
-1.93195e-10
2.91972e-11
-1.61259e-10
3.65329e-11
-1.29837e-10
4.14692e-11
-1.0024e-10
4.40899e-11
-7.24732e-11
4.47918e-11
-4.74079e-11
4.39947e-11
-2.49362e-11
4.17739e-11
-4.8631e-12
3.81825e-11
1.31874e-11
3.35481e-11
2.86034e-11
2.78971e-11
4.17175e-11
2.15536e-11
5.20818e-11
1.46731e-11
5.98741e-11
7.43581e-12
6.50571e-11
6.77981e-11
-6.86434e-11
-3.71911e-10
-4.30636e-11
-3.43349e-10
-2.068e-11
-3.11419e-10
-1.51372e-12
-2.7734e-10
1.43044e-11
-2.4178e-10
2.71419e-11
-2.06033e-10
3.69297e-11
-1.71047e-10
4.39924e-11
-1.369e-10
4.83367e-11
-1.04586e-10
5.03215e-11
-7.44596e-11
5.04371e-11
-4.75259e-11
4.89989e-11
-2.35025e-11
4.59538e-11
-1.82412e-12
4.20662e-11
1.70681e-11
3.67751e-11
3.3887e-11
3.05349e-11
4.79502e-11
2.35261e-11
5.90837e-11
1.59774e-11
6.74163e-11
8.08909e-12
7.29392e-11
7.58851e-11
-6.15199e-11
-4.01637e-10
-3.51061e-11
-3.6976e-10
-1.22026e-11
-3.34321e-10
7.14721e-12
-2.96689e-10
2.32223e-11
-2.57856e-10
3.59908e-11
-2.18803e-10
4.54343e-11
-1.80491e-10
5.21291e-11
-1.43596e-10
5.58358e-11
-1.08294e-10
5.71695e-11
-7.57944e-11
5.64992e-11
-4.68577e-11
5.47273e-11
-2.17344e-11
5.11131e-11
1.78543e-12
4.62718e-11
2.19044e-11
4.03296e-11
3.98236e-11
3.3358e-11
5.49164e-11
2.56241e-11
6.68126e-11
1.73599e-11
7.56759e-11
8.71878e-12
8.15763e-11
8.46031e-11
-5.36286e-11
-4.32588e-10
-2.6339e-11
-3.97048e-10
-2.92835e-12
-3.57732e-10
1.66711e-11
-3.16289e-10
3.27735e-11
-2.73959e-10
4.53802e-11
-2.3141e-10
5.45976e-11
-1.89709e-10
6.07932e-11
-1.49791e-10
6.387e-11
-1.1137e-10
6.3971e-11
-7.58957e-11
6.24278e-11
-4.53157e-11
6.05169e-11
-1.98254e-11
5.66799e-11
5.62054e-12
5.08524e-11
2.77299e-11
4.4033e-11
4.66402e-11
3.62945e-11
6.26521e-11
2.77903e-11
7.5314e-11
1.87965e-11
8.46668e-11
9.54839e-12
9.0822e-11
9.41513e-11
-4.60706e-11
-4.64745e-10
-1.79383e-11
-4.2518e-10
5.83759e-12
-3.81507e-10
2.57341e-11
-3.36186e-10
4.19899e-11
-2.90214e-10
5.44426e-11
-2.43861e-10
6.3627e-11
-1.98892e-10
6.95322e-11
-1.55695e-10
7.20573e-11
-1.13894e-10
7.10293e-11
-7.48675e-11
6.80329e-11
-4.23203e-11
6.30153e-11
-1.48095e-11
6.01272e-11
8.50689e-12
5.48893e-11
3.29654e-11
4.75471e-11
5.39802e-11
3.91611e-11
7.10368e-11
2.9949e-11
8.4525e-11
2.02031e-11
9.44122e-11
1.02036e-11
1.00821e-10
1.04355e-10
-1.73994e-10
-1.42317e-45
-1.205e-10
-9.06334e-49
-7.42968e-11
-4.76672e-52
-3.48321e-11
-1.94794e-55
-1.89744e-12
-5.91031e-59
2.37037e-11
-1.28385e-62
4.42414e-11
-1.92496e-66
5.91724e-11
-1.77352e-70
6.90741e-11
-7.91675e-75
7.47186e-11
-2.89309e-79
7.68105e-11
-1.17522e-83
7.56583e-11
-1.2715e-96
7.18228e-11
1.03682e-11
6.5896e-11
3.26693e-11
5.79273e-11
5.20364e-11
4.82456e-11
6.78026e-11
3.71778e-11
8.0297e-11
2.52355e-11
8.93377e-11
1.28327e-11
9.51087e-11
9.84384e-11
-4.07712e-13
2.41813e-17
-8.17069e-13
2.55637e-17
-1.21216e-12
2.57141e-17
-1.58369e-12
2.56935e-17
-1.92239e-12
2.55195e-17
-2.21797e-12
2.51695e-17
-2.45933e-12
2.46122e-17
-2.63491e-12
2.38031e-17
-2.73341e-12
2.2688e-17
-2.74458e-12
2.12072e-17
-2.66069e-12
1.93022e-17
-2.47731e-12
1.69367e-17
-2.19537e-12
1.41075e-17
-1.83088e-12
1.09322e-17
-1.37801e-12
7.6547e-18
-7.9587e-13
9.98368e-18
-4.30423e-13
-2.22612e-20
-2.27355e-13
-1.15384e-24
-5.40183e-14
-8.1493e-25
-3.70035e-25
-8.98958e-25
-9.43529e-18
1.67103e-17
-1.87726e-17
1.7224e-17
-2.74747e-17
1.68625e-17
-3.52152e-17
1.62655e-17
-4.16289e-17
1.54273e-17
-4.63292e-17
1.4331e-17
-4.89376e-17
1.29701e-17
-4.9137e-17
1.13572e-17
-4.67429e-17
9.53397e-18
-4.1786e-17
7.57776e-18
-3.45925e-17
5.60265e-18
-2.58314e-17
3.75157e-18
-1.65185e-17
2.17549e-18
-7.89369e-18
1.00201e-18
-1.50498e-18
2.93973e-19
-1.74678e-23
2.04423e-20
-9.81834e-24
-1.29554e-24
-9.63356e-24
-1.6827e-24
-9.3057e-24
-1.53796e-24
-1.23334e-24
-8.83971e-24
-5.51926e-21
1.48617e-20
-1.09366e-20
1.54797e-20
-1.59331e-20
1.51305e-20
-2.02813e-20
1.45528e-20
-2.37221e-20
1.37318e-20
-2.59849e-20
1.26466e-20
-2.68227e-20
1.12918e-20
-2.60713e-20
9.68917e-21
-2.3716e-20
7.90018e-21
-1.99584e-20
6.02945e-21
-1.52502e-20
4.21904e-21
-1.02637e-20
2.62649e-21
-5.77557e-21
1.38739e-21
-2.45415e-21
5.72379e-22
-6.42824e-22
1.55005e-22
-1.32699e-22
1.7151e-23
-5.13636e-23
-1.85711e-28
-2.7133e-23
-1.73627e-28
-1.50527e-23
-1.13451e-28
-6.90171e-29
-1.50148e-23
-3.44902e-24
1.23579e-23
-6.83587e-24
1.30405e-23
-9.95607e-24
1.27619e-23
-1.26522e-23
1.22887e-23
-1.47352e-23
1.15962e-23
-1.6002e-23
1.06548e-23
-1.62708e-23
9.45315e-24
-1.54396e-23
8.01188e-24
-1.35455e-23
6.39884e-24
-1.0817e-23
4.7301e-24
-7.67622e-24
3.15866e-24
-4.66387e-24
1.84088e-24
-2.28318e-24
8.88499e-25
-8.0842e-25
3.25423e-25
-1.72107e-25
7.65468e-26
-1.99715e-26
7.91766e-27
-3.98187e-27
-1.19658e-32
-1.43308e-27
-1.67278e-32
-5.9018e-28
-7.73213e-33
-6.17064e-32
-4.84219e-28
-2.24624e-27
1.00795e-26
-4.46923e-27
1.08014e-26
-6.54628e-27
1.06276e-26
-8.37152e-27
1.03076e-26
-9.80284e-27
9.80498e-27
-1.06752e-26
9.07534e-27
-1.08319e-26
8.09261e-27
-1.0181e-26
6.86321e-27
-8.75272e-27
5.44847e-27
-6.7482e-27
3.96493e-27
-4.53106e-27
2.57256e-27
-2.53508e-27
1.43168e-27
-1.10198e-27
6.45338e-28
-3.30774e-28
2.14888e-28
-5.63741e-29
4.48864e-29
-4.03028e-30
4.24553e-30
-3.49052e-31
5.12708e-32
-8.22894e-32
-5.05043e-34
-4.3024e-31
-5.98193e-31
-2.61837e-28
-4.63954e-29
-1.47107e-30
8.15204e-30
-2.95405e-30
8.89614e-30
-4.38697e-30
8.84708e-30
-5.70712e-30
8.71157e-30
-6.80923e-30
8.44019e-30
-7.55371e-30
7.96981e-30
-7.78684e-30
7.24983e-30
-7.39671e-30
6.2581e-30
-6.37159e-30
5.03459e-30
-4.86032e-30
3.6855e-30
-3.17226e-30
2.38029e-30
-1.6842e-30
1.2998e-30
-6.72474e-31
5.64274e-31
-1.77892e-31
1.76935e-31
-2.53414e-32
3.4138e-32
-1.37028e-33
3.03017e-33
-1.16154e-32
6.09319e-35
-6.0147e-30
-1.23772e-30
-1.6388e-27
-1.76358e-27
-6.923e-25
-1.62474e-25
-9.17953e-34
6.49801e-33
-1.87393e-33
7.24474e-33
-2.85309e-33
7.32969e-33
-3.8321e-33
7.39907e-33
-4.7451e-33
7.39557e-33
-5.47959e-33
7.23752e-33
-5.88141e-33
6.84126e-33
-5.80271e-33
6.13869e-33
-5.15989e-33
5.12426e-33
-4.02397e-33
3.87559e-33
-2.64684e-33
2.56742e-33
-1.38821e-33
1.42306e-33
-5.33004e-34
6.18423e-34
-1.31411e-34
1.90944e-34
-1.79896e-34
3.58822e-35
-9.25921e-32
3.36963e-35
-4.47373e-29
9.08778e-33
-1.86709e-26
9.78163e-32
-4.19383e-24
-2.68375e-24
-9.89977e-22
-3.66165e-22
-4.88866e-37
5.00514e-36
-1.02656e-36
5.72316e-36
-1.63243e-36
5.93706e-36
-2.3176e-36
6.21436e-36
-3.06237e-36
6.50454e-36
-3.80029e-36
6.72042e-36
-4.39983e-36
6.74687e-36
-4.68607e-36
6.45396e-36
-4.4843e-36
5.74883e-36
-3.73745e-36
4.63541e-36
-2.59875e-36
3.2624e-36
-1.42175e-36
1.90954e-36
-3.23995e-36
8.70885e-37
-1.79994e-33
1.62258e-36
-9.52675e-31
7.11338e-34
-3.99712e-28
2.77722e-31
-1.33498e-25
7.41906e-29
-3.56743e-23
9.83843e-27
-6.21639e-21
-1.47502e-21
-5.54079e-19
-5.07203e-19
-1.51042e-40
3.59983e-39
-3.37792e-40
4.23961e-39
-5.90593e-40
4.54846e-39
-9.47103e-40
5.00185e-39
-1.43566e-39
5.57539e-39
-2.06163e-39
6.20886e-39
-2.77174e-39
6.7852e-39
-3.41898e-39
7.11475e-39
-3.77593e-39
6.98538e-39
-3.61859e-39
6.22592e-39
-2.38409e-38
4.86446e-39
-2.33471e-35
2.63081e-38
-1.87574e-32
2.11811e-35
-1.09154e-29
1.39139e-32
-4.5941e-27
6.5236e-30
-1.38868e-24
2.14001e-27
-2.9684e-22
4.70676e-25
-4.3508e-20
6.09083e-23
-4.138e-18
2.79298e-21
3.99822e-16
-3.88203e-16
7.64471e-44
2.2895e-42
1.67291e-43
2.79136e-42
2.33757e-43
3.12785e-42
2.65912e-43
3.66528e-42
2.22722e-43
4.43153e-42
3.58037e-44
5.43809e-42
-4.05044e-43
6.63286e-42
-1.1151e-42
7.85183e-42
-3.93493e-42
8.78682e-42
-8.90084e-39
1.7923e-41
-2.24704e-35
2.69702e-38
-3.37473e-32
4.89397e-35
-3.13144e-29
5.5075e-32
-1.84626e-26
3.94487e-29
-7.03942e-24
1.82704e-26
-1.74904e-21
5.43405e-24
-2.84011e-19
1.02564e-21
-2.93753e-17
6.09761e-19
-5.35319e-15
4.19163e-15
4.843e-14
-4.59519e-13
1.7007e-46
1.1787e-45
4.11275e-46
1.4962e-45
6.81132e-46
1.77002e-45
1.03585e-45
2.24552e-45
1.50192e-45
3.00373e-45
2.08145e-45
4.156e-45
2.70537e-45
5.81008e-45
3.18255e-45
7.99839e-45
3.18001e-45
1.05433e-44
3.73506e-45
2.07751e-44
8.83096e-40
2.55172e-38
-9.73667e-30
1.93531e-32
-3.70829e-26
9.06659e-29
-4.47007e-23
1.42842e-25
-2.33908e-20
1.05937e-22
-5.07187e-18
3.8629e-20
2.04111e-16
5.79916e-18
-1.38211e-15
1.55922e-15
-1.41292e-11
5.98455e-13
9.2574e-12
-4.14166e-10
1.48563e-49
4.20605e-49
3.79226e-49
5.59599e-49
6.78234e-49
7.08154e-49
1.15624e-48
9.90423e-49
1.94833e-48
1.499e-48
3.26177e-48
2.3953e-48
5.36338e-48
3.93768e-48
8.48979e-48
6.47745e-48
1.25896e-47
1.03729e-47
2.45129e-47
2.27596e-47
1.05986e-40
1.17219e-40
2.30677e-35
3.30699e-35
9.28908e-32
2.02776e-31
8.65134e-29
4.49901e-28
-1.47193e-20
1.95668e-22
-1.11841e-17
2.36863e-19
-6.10971e-17
5.39424e-17
-3.33517e-14
3.41274e-14
-8.79839e-11
1.54361e-11
1.26641e-09
-2.81987e-08
7.20113e-53
7.07566e-53
1.93715e-52
1.00124e-52
3.73385e-52
1.40192e-52
7.09626e-52
2.25294e-52
1.37668e-51
4.02307e-52
2.73002e-51
7.6852e-52
5.47694e-51
1.51892e-51
1.09297e-50
3.0047e-51
2.1328e-50
5.75583e-51
5.34352e-50
1.38137e-50
6.89265e-43
1.63443e-43
1.33048e-37
2.68775e-38
1.10089e-33
1.73543e-34
3.51783e-30
4.10596e-31
4.34658e-24
3.66791e-25
7.74621e-21
3.77719e-22
3.11611e-19
1.03537e-20
8.838e-15
1.18488e-18
1.24726e-11
7.98473e-14
1.11336e-12
1.1417e-09
1.45816e-56
-1.32978e-63
4.17751e-56
-2.09555e-63
8.92736e-56
-4.30106e-63
1.95271e-55
-8.39422e-63
4.47572e-55
3.22101e-57
1.06666e-54
2.25087e-56
2.57918e-54
8.69541e-56
6.16858e-54
2.67986e-55
1.4196e-53
7.08094e-55
3.83717e-53
2.01188e-54
8.50474e-46
4.29005e-47
1.08873e-40
4.73795e-42
8.37296e-37
2.57009e-38
2.45328e-33
-5.74445e-40
4.83842e-27
-1.29807e-33
7.18247e-24
-9.97772e-31
8.03963e-22
-3.00858e-20
3.78955e-16
-3.78755e-16
5.19972e-11
-2.55459e-10
4.57763e-14
3.39977e-11
7.03097e-63
-0
2.37301e-62
-0
9.90493e-62
-0
5.61782e-61
-0
5.80812e-60
-0
3.71642e-59
-0
1.56636e-58
-0
5.45592e-58
-0
1.64307e-57
-3.45972e-67
5.06914e-57
-1.83007e-65
1.70929e-49
-4.1753e-57
1.56919e-44
-5.17387e-52
9.97906e-41
-5.79675e-48
5.21914e-38
-2.2281e-44
1.42507e-32
-2.48003e-37
4.32218e-30
-3.20356e-34
3.09244e-20
-4.28327e-17
4.29587e-13
-4.29965e-13
2.45548e-09
-2.71058e-09
2.35287e-07
-1.19182e-05
0
0
0
0
0
0
0
0
0
0
0
0
0
0
0
0
5.41083e-66
-0
3.42243e-64
-0
8.43475e-56
-0
1.08372e-50
-0
1.17689e-46
-1.41495e-58
3.9327e-43
-1.99335e-49
2.80349e-36
1.69134e-37
2.32199e-33
5.33309e-34
-6.40842e-16
8.06154e-17
-2.22069e-12
1.78968e-12
-5.98844e-09
3.11814e-09
-1.87789e-08
-2.11128e-05
0
0
0
0
0
0
0
0
0
0
0
0
0
0
0
0
0
0
0
0
0
0
0
0
2.49249e-57
-0
8.09885e-48
-1.63417e-58
8.78905e-39
-5.95699e-45
2.58481e-35
4.75906e-37
2.75939e-26
5.47785e-27
7.92379e-16
5.51285e-19
3.01498e-09
6.52244e-12
7.9179e-10
-7.16591e-07
0
0
0
0
0
0
0
0
0
0
0
0
0
0
0
0
0
0
0
0
0
0
0
0
0
0
9.28934e-58
-0
8.6031e-44
-0
2.92648e-25
-7.52753e-25
2.40991e-20
2.94374e-22
7.88567e-21
3.69177e-21
6.50285e-12
1.52288e-14
1.28991e-10
-7.89143e-08
0
0
0
0
0
0
0
0
0
0
0
0
0
0
0
0
0
0
0
0
0
0
0
0
0
0
0
0
0
0
3.63501e-23
-4.76684e-27
3.10035e-18
-1.1972e-19
1.26775e-18
-9.99303e-21
1.4993e-14
-8.847e-22
-1.00863e-21
1.23712e-10
0
0
0
0
0
0
0
0
0
0
0
0
0
0
0
4.05441e-27
9.53636e-20
1.1832e-20
1.02095e-21
1.24823e-23
-8.68728e-25
-2.18404e-25
-8.35622e-25
-2.38546e-25
-7.99936e-25
-2.54359e-25
-7.62784e-25
-4.42649e-25
-7.28536e-25
-3.48137e-24
-7.13289e-25
-2.22349e-23
-7.46821e-25
-1.08245e-22
-8.37786e-25
-3.54024e-22
-7.43004e-25
-7.48309e-22
-5.40708e-25
-1.16994e-21
-3.17528e-25
-1.38001e-21
-1.3972e-25
-1.15636e-21
-4.10619e-26
-6.76578e-22
-5.87737e-27
-2.54118e-22
-1.55728e-29
-4.51103e-23
-1.64912e-49
-1.38878e-25
-2.13641e-47
-5.54522e-46
-1.23253e-44
-2.61029e-43
-3.85102e-47
-1.99862e-40
-8.33437e-43
-2.24525e-50
-8.53712e-24
-7.7625e-25
-8.12581e-24
-6.59221e-25
-1.27148e-23
-5.44855e-25
-9.0443e-23
-4.37747e-25
-5.24836e-22
-3.39788e-25
-2.32946e-21
-2.70758e-25
-6.96335e-21
-1.90293e-25
-1.34737e-20
-1.2556e-25
-1.92967e-20
-7.6801e-26
-2.08453e-20
-4.26936e-26
-1.60098e-20
-2.1143e-26
-8.52982e-21
-9.14577e-27
-2.91277e-21
-3.14517e-27
-4.67605e-22
-7.40087e-28
-1.29223e-24
-6.95803e-29
-4.58415e-45
-5.81863e-32
-1.88988e-42
-8.83e-42
-1.2417e-39
-3.02558e-39
-4.30991e-42
-3.69344e-36
-1.68575e-38
-3.01185e-45
-1.11789e-23
-3.6235e-29
-8.18101e-24
-2.63275e-29
-5.86315e-24
-1.85005e-29
-4.08256e-24
-1.25401e-29
-2.92996e-24
-8.14147e-30
-1.85976e-24
-5.27462e-30
-1.11003e-24
-3.0498e-30
-6.14451e-25
-1.66316e-30
-3.08898e-25
-8.3938e-31
-1.38061e-25
-3.81667e-31
-5.37086e-26
-1.52208e-31
-1.65234e-26
-5.29396e-32
-3.45227e-27
-1.8322e-32
-2.85176e-28
-7.94462e-33
-2.06468e-31
-1.08822e-32
-2.65621e-41
-1.68315e-35
-7.47816e-39
-7.62024e-38
-7.13934e-36
-1.07135e-35
-2.33691e-38
-2.66939e-32
-1.3658e-34
-1.45066e-41
-3.05745e-28
-4.34011e-30
-1.88519e-28
-2.77819e-31
-1.12891e-28
-1.7509e-30
-6.50549e-29
-1.98965e-30
-3.75185e-29
-1.00879e-29
-1.93348e-29
-1.50997e-29
-9.3951e-30
-1.35141e-29
-4.21653e-30
-1.45932e-29
-1.69794e-30
-4.96889e-31
-5.95956e-31
-6.17655e-31
-1.8079e-31
-1.98743e-30
-5.38711e-32
-7.85779e-30
-1.974e-32
-1.87089e-29
-2.22313e-32
-1.89163e-29
-2.70992e-35
-3.38613e-29
-8.99865e-38
-6.79268e-32
-8.04693e-36
-5.64202e-34
-8.44409e-33
-1.94529e-32
3.23746e-33
-1.04819e-28
-6.24253e-31
7.53479e-35
-2.55122e-30
-1.73773e-26
-1.39416e-29
-9.98016e-28
-1.38199e-29
-4.56453e-27
-6.13256e-29
-4.09009e-27
-8.04135e-29
-1.80581e-26
-6.2959e-29
-2.61626e-26
-5.92328e-29
-2.33927e-26
-1.74478e-30
-2.80333e-26
-1.8566e-30
-1.15414e-27
-5.03327e-30
-1.96333e-27
-1.6379e-29
-5.35643e-27
-3.09771e-29
-1.73829e-26
-2.34745e-29
-3.9522e-26
-2.82557e-29
-3.46305e-26
-2.9242e-32
-5.84359e-26
-1.42885e-35
-1.65777e-28
2.05264e-34
-3.6178e-30
1.47194e-32
-3.52993e-29
1.21515e-28
-2.43503e-25
-1.68952e-27
9.8462e-31
-7.88978e-27
-4.20161e-23
-3.08025e-26
-2.07935e-24
-2.36818e-26
-6.66648e-24
-8.9857e-26
-4.79267e-24
-1.11669e-25
-1.67003e-23
-8.51471e-26
-2.3468e-23
-8.61124e-26
-2.11762e-23
-2.9434e-27
-2.97197e-23
-4.05229e-27
-1.96819e-24
-8.5947e-27
-3.88719e-24
-2.02568e-26
-8.65421e-24
-2.9245e-26
-2.34351e-23
-1.11845e-26
-5.13176e-23
3.00153e-27
-3.56845e-23
2.8149e-26
-5.24082e-23
1.46091e-28
-2.23086e-25
4.69861e-30
-1.84431e-26
6.11532e-29
-3.83351e-26
5.33248e-25
-3.36346e-22
-2.62991e-24
4.50809e-27
-1.49783e-23
-5.95305e-20
-4.01076e-23
-2.35127e-21
-2.41963e-23
-4.95799e-21
-7.06959e-23
-3.27602e-21
-8.27217e-23
-6.94585e-21
-6.12536e-23
-9.69103e-21
-6.87597e-23
-8.73678e-21
-3.48512e-24
-1.61753e-20
-4.85404e-24
-2.36405e-21
-6.31466e-24
-4.53713e-21
-4.89579e-24
-8.41609e-21
6.92655e-24
-1.99453e-20
3.96774e-23
-4.06067e-20
4.34413e-23
-1.85187e-20
8.48848e-23
-1.94231e-20
4.40374e-25
-1.0132e-22
4.23191e-26
-7.05684e-23
1.01412e-25
-2.14476e-23
1.02781e-21
-2.52591e-19
-2.10231e-21
9.34762e-24
-1.60369e-20
-4.52622e-17
-2.75621e-20
-1.24353e-18
-1.49515e-20
-1.23259e-18
-2.59965e-20
-1.2953e-18
-2.94742e-20
-9.40543e-19
-2.11605e-20
-1.37549e-18
-3.0026e-20
-9.46813e-19
-3.14084e-21
-3.78513e-18
-3.78474e-21
-1.64807e-18
-3.21349e-21
-2.87308e-18
3.51923e-22
-4.83812e-18
8.65001e-21
-1.07822e-17
3.39511e-20
-1.82319e-17
2.27111e-20
-2.86668e-18
3.50923e-20
-3.99027e-19
2.33544e-22
-8.78712e-21
2.48001e-22
-2.20211e-19
9.37803e-23
-5.67725e-21
1.45592e-18
-8.80127e-17
-3.26437e-19
1.45806e-20
-8.01045e-18
-4.59577e-16
-6.1517e-18
-2.88022e-18
-5.07348e-18
3.57999e-16
-2.8791e-18
4.27606e-16
-3.23446e-18
-3.00469e-16
-1.62754e-18
-1.61938e-17
-4.10182e-18
-4.26303e-18
-6.73203e-19
-2.42253e-16
5.82719e-19
1.78855e-17
3.41233e-18
-2.96598e-18
1.0162e-17
-1.58956e-17
3.32617e-17
-5.01131e-17
7.49867e-17
-1.05223e-16
1.50007e-17
-2.00869e-17
2.08504e-18
-3.54161e-19
5.01771e-20
1.67902e-21
7.66123e-19
-3.24181e-16
2.03399e-20
3.20558e-21
2.52266e-16
-3.40451e-16
-1.65063e-18
1.63254e-18
-8.87751e-15
-4.5846e-13
-3.4337e-15
-5.55316e-15
-1.97583e-15
-6.98766e-16
-1.01192e-15
-4.12805e-16
-5.5411e-17
-1.59102e-15
-8.56564e-16
-2.40402e-15
-3.68234e-16
-4.20593e-16
-7.95827e-16
1.05365e-16
-1.00471e-15
-5.05066e-17
2.19344e-16
-1.76447e-15
4.56471e-15
-5.35678e-15
2.444e-14
-2.66576e-14
5.94654e-14
-6.02327e-14
1.02332e-14
-1.06842e-14
3.02907e-19
3.44524e-19
-5.03449e-15
3.34584e-17
5.25913e-15
-5.55977e-13
3.44864e-17
4.06643e-15
4.67474e-12
-4.67548e-12
-3.8943e-14
2.30897e-14
-1.15975e-11
-4.09864e-10
-2.23076e-12
-9.46775e-12
-1.53443e-12
-7.79281e-13
-1.24426e-13
-1.51293e-12
-7.02105e-15
-1.10302e-13
-1.2698e-12
9.40179e-13
-5.61391e-13
-6.22659e-13
-1.8246e-12
1.26421e-12
9.03013e-14
-2.21108e-12
9.09648e-12
-9.43992e-12
4.55912e-11
-4.48131e-11
2.70896e-10
-2.615e-10
8.06907e-10
-7.4467e-10
8.26994e-10
-8.28691e-10
5.13667e-14
8.8292e-13
2.03216e-14
2.85873e-14
-2.02044e-11
1.20094e-11
-1.50756e-09
9.88781e-10
-9.58876e-11
-1.39624e-09
-1.11261e-10
1.53436e-11
-3.51502e-09
-2.5934e-08
-5.10149e-09
1.5296e-09
-8.74886e-10
-4.28802e-09
-1.97597e-09
1.01119e-09
-2.21701e-12
-1.92076e-09
-1.22714e-09
1.22574e-09
-4.69454e-10
-6.8155e-10
-5.66099e-10
1.00478e-10
1.57351e-10
-9.01937e-10
2.43354e-09
-2.61248e-09
1.05463e-08
-8.98818e-09
4.64878e-08
-3.83718e-08
1.10534e-07
-6.94852e-08
1.19459e-07
-1.43032e-08
1.99932e-09
1.15023e-07
2.40291e-11
1.97532e-09
5.70314e-13
5.44839e-11
-7.41923e-08
7.51913e-08
-4.56433e-08
-2.17822e-08
-4.34672e-08
-2.48328e-09
4.02877e-06
-1.92062e-06
7.47341e-07
4.65301e-07
3.03943e-06
-9.12421e-07
4.55342e-07
2.60294e-06
1.70178e-06
-5.48742e-06
1.6793e-06
-1.58711e-06
1.72967e-06
-6.83825e-06
3.31964e-07
-1.64102e-06
3.08268e-08
-7.85471e-06
-2.641e-07
-9.85028e-06
-9.81634e-07
-1.08174e-05
-3.06811e-06
-1.31263e-05
-1.00649e-05
-1.78108e-05
-2.65266e-05
-1.48496e-05
-2.4964e-05
-5.88517e-06
-8.97347e-06
6.17178e-06
5.87635e-06
1.19191e-05
1.89297e-05
1.59064e-05
6.51344e-06
2.30154e-06
-4.16404e-07
2.66489e-10
4.58198e-05
6.06669e-06
3.87104e-05
9.93785e-06
3.61898e-05
3.85014e-06
4.03594e-05
3.72723e-06
3.40874e-05
8.11302e-07
3.2348e-05
1.52308e-07
2.65563e-05
-1.04655e-06
2.66056e-05
-1.69026e-06
1.86622e-05
-2.63331e-06
7.7874e-06
-3.22845e-06
-3.35745e-06
-3.64914e-06
-1.76054e-05
-3.41961e-06
-3.22799e-05
-3.1363e-06
-4.57002e-05
-1.42932e-06
-5.01875e-05
-1.39783e-06
-4.04786e-05
2.45912e-06
-2.40793e-05
6.74342e-06
-3.76454e-06
5.5361e-06
-3.90807e-06
4.55084e-06
3.13226e-06
-5.10642e-13
-8.70506e-06
2.85688e-06
-1.77525e-06
3.0092e-06
1.30952e-06
7.65384e-07
3.96942e-06
1.06735e-06
4.7599e-06
2.08168e-08
5.1812e-06
-2.68991e-07
4.78455e-06
-6.49898e-07
4.04721e-06
-9.52926e-07
2.68667e-06
-1.27277e-06
9.54995e-07
-1.49677e-06
-9.97069e-07
-1.69707e-06
-2.82544e-06
-1.59124e-06
-4.46617e-06
-1.49556e-06
-4.97704e-06
-9.18453e-07
-5.8428e-06
-5.32061e-07
-3.6367e-06
2.53142e-07
1.93409e-06
1.17286e-06
6.35343e-06
1.11712e-06
9.86946e-06
1.03611e-06
9.64174e-07
1.20407e-05
-1.35644e-05
-4.6904e-06
-5.66899e-06
-4.88617e-06
-1.55928e-06
-3.34432e-06
4.71478e-07
-9.63414e-07
1.40746e-06
-9.15161e-07
2.47174e-06
-1.33327e-06
2.25796e-06
-4.3612e-07
2.15712e-06
-8.52087e-07
1.40482e-06
-5.20473e-07
4.87321e-07
-5.79271e-07
-2.44184e-07
-9.65566e-07
-1.23887e-06
-5.96557e-07
-2.12852e-06
-6.05917e-07
-2.49013e-06
-5.56845e-07
-3.89871e-06
8.76526e-07
-2.07864e-06
-1.56694e-06
-2.07197e-06
1.16621e-06
3.46263e-06
-4.41746e-06
8.7743e-06
-4.2752e-06
-2.14742e-06
1.18872e-05
3.34907e-08
-3.21411e-06
5.57988e-06
-9.15539e-06
8.84463e-06
-6.60901e-06
7.75279e-06
1.28497e-07
6.33306e-06
5.04576e-07
5.74748e-06
-7.47695e-07
4.26719e-06
1.04417e-06
3.5613e-06
-1.46189e-07
1.92779e-06
1.11304e-06
3.80024e-07
9.6849e-07
-1.33556e-07
-4.51986e-07
-9.8619e-07
2.56077e-07
-2.23883e-06
6.46723e-07
-3.22197e-06
4.26293e-07
-7.17556e-06
4.83011e-06
-4.96258e-06
-3.7799e-06
-6.58708e-06
2.79073e-06
-3.31411e-06
-7.02481e-06
3.31957e-06
-9.92255e-06
-3.25019e-06
5.34349e-06
2.32992e-05
-6.06019e-11
2.7209e-05
-5.54251e-07
3.49274e-05
-3.83281e-06
1.81241e-05
4.3906e-06
1.46634e-05
6.29685e-06
7.72935e-06
2.57537e-06
4.38671e-06
4.13901e-06
7.83073e-06
-1.29752e-06
-3.33111e-07
9.27688e-06
-6.9859e-06
7.62128e-06
3.91541e-06
-3.79333e-06
9.39165e-06
-1.77063e-06
4.37328e-06
2.17281e-06
-2.53851e-06
5.97667e-06
-2.33984e-05
1.12774e-05
-3.14583e-06
-7.0742e-06
-6.78123e-06
3.86533e-06
4.46351e-07
-5.66249e-08
-1.18058e-05
1.12192e-06
-2.0699e-08
1.03278e-06
7.19035e-11
1.70865e-13
9.30243e-06
1.1191e-07
4.06127e-06
8.09765e-08
1.87238e-06
2.94399e-07
1.87455e-06
2.79343e-08
3.0392e-07
1.84958e-21
6.90016e-07
1.78577e-08
6.58702e-07
-1.6908e-07
-5.07247e-07
-6.18462e-08
-1.17107e-06
-3.05343e-08
-1.53214e-06
-4.87794e-08
-2.38789e-07
2.16304e-09
-1.04792e-07
-3.84311e-09
-1.07089e-06
-2.64096e-09
-7.12572e-08
9.22891e-09
-3.16527e-06
-6.22452e-09
-9.58134e-08
3.4902e-07
-2.68374e-07
-3.55089e-09
-2.99227e-10
-2.26097e-17
-2.42019e-15
-2.09982e-08
1.69709e-13
1.12681e-08
-3.41333e-09
-2.79948e-09
2.67103e-21
-2.06539e-21
1.10309e-09
1.51219e-09
5.58804e-09
2.57868e-09
-6.2443e-10
-5.6539e-11
-5.93733e-11
-2.72536e-09
6.44667e-09
2.22146e-10
-9.33133e-09
-2.6761e-18
-2.52858e-17
-2.44547e-15
-2.15526e-54
-1.42334e-45
8.33123e-54
-9.06422e-49
9.00559e-57
-4.71062e-52
5.2062e-60
-1.8866e-55
1.93689e-63
-5.55496e-59
4.76612e-67
-1.15069e-62
7.68009e-71
-1.59369e-66
7.30601e-75
-1.22835e-70
3.27685e-79
-2.44808e-75
1.17535e-83
2.18639e-85
4.56845e-88
2.05735e-89
2.70351e-92
1.91407e-93
5.73684e-16
4.31934e-17
4.5995e-15
2.23349e-16
8.96978e-15
-2.38837e-17
1.11684e-14
-5.45286e-17
1.11242e-14
-1.21611e-17
8.80603e-15
-9.27311e-18
4.83293e-15
-8.32956e-18
-7.93372e-18
-8.63794e-49
-3.40677e-41
2.9336e-49
-2.50865e-44
7.78326e-52
-1.52474e-47
6.24351e-55
-7.12852e-51
3.08428e-58
-2.46593e-54
1.03344e-61
-6.10268e-58
2.45304e-65
-1.03786e-61
4.21152e-69
-1.07663e-65
5.28867e-73
-3.34725e-70
5.54717e-77
2.07545e-78
5.25424e-81
4.49747e-82
4.39907e-85
5.90406e-86
1.70343e-21
3.16837e-22
2.98053e-20
7.34874e-21
5.12045e-20
1.65481e-20
5.9663e-20
2.56356e-20
6.15535e-20
3.68343e-20
5.14316e-20
4.75985e-20
2.94832e-20
5.56706e-20
6.00229e-20
5.72707e-42
-3.34345e-37
1.93855e-44
-2.92606e-40
2.25498e-47
-2.00549e-43
1.67906e-50
-1.05726e-46
8.71415e-54
-4.16404e-50
3.24425e-57
-1.18054e-53
8.80427e-61
-2.26811e-57
1.75647e-64
-2.4443e-61
2.59921e-68
1.37317e-70
3.42955e-72
2.51976e-73
3.97483e-76
5.44989e-77
4.01287e-80
8.13953e-81
1.39288e-26
3.83391e-27
5.2948e-25
1.91047e-25
2.0929e-24
9.83501e-25
3.25671e-24
2.02871e-24
3.89777e-24
3.3696e-24
3.58564e-24
4.80056e-24
2.14196e-24
5.85617e-24
6.58126e-24
2.35637e-37
-1.86335e-33
3.49627e-40
-1.88465e-36
3.5638e-43
-1.45001e-39
2.66412e-46
-8.51547e-43
1.48178e-49
-3.72758e-46
6.14361e-53
-1.15815e-49
1.9049e-56
-2.28686e-53
4.42584e-60
-1.60245e-57
8.35504e-64
4.42156e-65
1.40015e-67
1.7439e-68
2.04715e-71
4.04678e-72
2.57923e-75
7.08475e-76
1.95196e-31
7.06104e-32
1.41719e-29
6.59312e-30
1.00373e-28
6.02073e-29
2.12947e-28
1.67981e-28
3.02789e-28
3.31467e-28
3.1252e-28
5.25388e-28
1.9683e-28
6.7476e-28
7.8889e-28
2.21307e-33
-6.04108e-30
3.1639e-36
-7.11659e-33
3.30806e-39
-6.18111e-36
2.63382e-42
-3.99804e-39
1.60685e-45
-1.86619e-42
7.49587e-49
-5.76176e-46
2.67324e-52
-8.04197e-50
7.56744e-56
3.23307e-57
1.89249e-59
2.21861e-60
4.09668e-63
7.87761e-64
7.60849e-67
2.04677e-67
1.19906e-70
4.24692e-71
4.19254e-36
1.88808e-36
5.21562e-34
2.97069e-34
5.77294e-33
4.18345e-33
1.62033e-32
1.53315e-32
2.70665e-32
3.53712e-32
3.0837e-32
6.17924e-32
2.04741e-32
8.34545e-32
1.00807e-31
1.06119e-29
-1.10329e-26
1.65756e-32
-1.51867e-29
1.90398e-35
-1.48871e-32
1.67556e-38
-1.02607e-35
1.141e-41
-4.42867e-39
6.05177e-45
-7.29129e-43
2.60072e-48
1.46039e-49
9.7086e-52
1.25083e-52
3.11006e-55
6.24857e-56
8.49425e-59
2.33305e-59
1.96235e-62
6.96661e-63
3.80518e-66
1.6897e-66
1.28401e-40
7.07637e-41
2.51209e-38
1.71717e-38
3.97361e-37
3.4071e-37
1.42119e-36
1.57713e-36
2.73929e-36
4.1578e-36
3.40495e-36
7.90974e-36
2.36541e-36
1.11738e-35
1.38298e-35
2.47275e-26
-1.06825e-23
4.66121e-29
-1.8908e-26
6.463e-32
-2.1815e-29
6.74578e-35
-1.48697e-32
5.17215e-38
4.48987e-40
3.39734e-41
2.65489e-42
1.9128e-44
2.86956e-45
9.15995e-48
2.05221e-48
3.69648e-51
1.10647e-51
1.24751e-54
4.70857e-55
3.50175e-58
1.61642e-58
8.12649e-62
4.52514e-62
5.33409e-45
3.57999e-45
1.52322e-42
1.24619e-42
3.22284e-41
3.266e-41
1.4144e-40
1.83659e-40
3.06816e-40
5.41266e-40
4.1093e-40
1.10709e-39
2.97467e-40
1.62378e-39
2.04427e-39
4.70972e-23
-8.61514e-22
1.10693e-25
-1.02368e-24
1.92921e-28
4.92632e-30
2.56941e-31
3.14773e-32
2.6715e-34
5.28955e-35
2.19351e-37
5.68864e-38
1.45175e-40
4.60971e-41
7.85618e-44
2.99368e-44
3.51346e-47
1.57458e-47
1.30726e-50
6.81262e-51
4.05678e-54
2.44881e-54
1.04686e-57
7.35305e-58
2.81249e-49
2.32568e-49
1.10741e-46
1.09633e-46
2.98609e-45
3.63067e-45
1.55403e-44
2.39868e-44
3.72171e-44
7.7527e-44
5.31924e-44
1.68484e-43
3.97911e-44
2.54835e-43
3.24283e-43
3.16401e-21
7.82118e-23
1.07908e-23
-1.03368e-22
2.77772e-26
4.84091e-27
6.12766e-29
1.39187e-29
1.09772e-31
3.44296e-32
1.53918e-34
5.98678e-35
1.67638e-37
7.5686e-38
1.4278e-40
7.34692e-41
9.58154e-44
5.59748e-44
5.08887e-47
3.38734e-47
2.14061e-50
1.63627e-50
7.11448e-54
6.31223e-54
1.82524e-53
1.9013e-53
9.273e-51
1.14776e-50
3.05753e-49
4.59692e-49
1.82883e-48
3.45747e-48
4.75248e-48
1.20448e-47
7.18293e-48
2.75177e-47
5.51558e-48
4.27007e-47
5.4632e-47
1.36857e-19
8.87303e-20
3.86268e-21
1.62319e-21
4.24368e-23
2.66564e-23
2.16865e-25
1.35048e-25
5.75342e-28
4.14032e-28
8.86528e-31
7.14932e-31
8.69091e-34
7.8314e-34
5.88428e-37
5.87278e-37
2.96356e-40
3.23687e-40
1.18239e-43
1.39784e-43
3.91828e-47
4.98149e-47
1.10974e-50
1.51985e-50
2.70746e-54
4.04804e-54
7.74089e-55
1.29833e-54
3.16444e-53
6.21604e-53
2.1793e-52
5.28703e-52
6.13608e-52
1.97849e-51
9.75299e-52
4.73352e-51
7.68298e-52
7.51448e-51
9.63326e-51
1.03018e-17
2.66783e-14
3.4464e-19
5.10231e-19
5.10665e-21
8.70637e-21
3.29132e-23
3.79113e-23
1.28074e-25
1.33671e-25
3.43483e-28
3.28062e-28
6.72811e-31
6.20481e-31
9.87009e-34
9.1808e-34
1.09546e-36
1.06608e-36
9.22032e-40
9.70862e-40
5.87243e-43
6.89835e-43
2.81349e-46
3.79899e-46
1.00456e-49
1.60719e-49
2.64787e-53
5.15871e-53
8.9596e-57
2.17434e-56
2.78736e-56
8.67951e-56
8.12402e-56
3.4198e-55
1.32987e-55
8.47228e-55
1.06068e-55
1.36933e-54
1.75234e-54
-6.08336e-19
-3.88683e-09
-6.412e-20
7.30862e-21
-1.71457e-20
3.21539e-21
-4.33797e-23
4.65931e-22
-7.70536e-26
2.02686e-24
-7.3926e-29
6.23446e-27
-3.81213e-32
1.0101e-29
-1.13874e-35
8.56522e-33
-3.07856e-39
4.15656e-36
-9.41193e-43
1.84883e-39
-2.7431e-46
9.66749e-43
-6.16066e-50
5.28209e-46
-3.56212e-54
2.79607e-49
1.23938e-53
1.35999e-52
8.37952e-57
5.6707e-56
5.06847e-60
3.18891e-59
7.97109e-60
5.8181e-59
1.49693e-59
1.51671e-58
1.26125e-59
2.52148e-58
3.22644e-58
7.01886e-13
3.01573e-11
3.32669e-16
7.01552e-13
6.42294e-18
2.98592e-16
4.39812e-18
1.04586e-18
4.82577e-19
1.3122e-19
5.52619e-21
1.95906e-21
3.03781e-23
1.32675e-23
9.64123e-26
5.13665e-26
1.91023e-28
1.24722e-28
2.4737e-31
2.00259e-31
2.15712e-34
2.19935e-34
1.29012e-37
1.69137e-37
5.33424e-41
9.22199e-41
1.52612e-44
3.58369e-44
3.02421e-48
9.92596e-48
4.14784e-52
1.95846e-51
3.91372e-56
2.73817e-55
2.36265e-60
2.66521e-59
2.03325e-63
4.89987e-62
6.02086e-62
-5.5577e-12
3.10736e-13
-1.4799e-14
-1.03462e-10
-5.05675e-16
-1.698e-13
-8.47697e-21
-2.42818e-16
-2.39331e-23
-5.37791e-19
-6.54552e-26
-6.31984e-22
-1.36604e-28
2.55074e-27
-1.90742e-31
2.00818e-29
-1.81672e-34
5.86874e-32
-1.19357e-37
9.96092e-35
-5.43339e-41
1.10334e-37
-1.70846e-44
8.41338e-41
-3.54663e-48
4.63021e-44
-4.10384e-52
1.8873e-47
-1.48883e-57
5.7887e-51
4.33505e-56
1.33783e-54
9.02743e-60
2.29502e-58
8.51673e-64
2.70873e-62
1.70561e-67
1.08304e-65
1.11858e-65
1.08467e-10
7.01295e-08
3.5975e-13
-3.9886e-11
1.46515e-16
6.11068e-14
-3.53783e-16
1.32204e-16
2.51553e-18
7.41551e-19
5.98001e-21
2.52028e-21
7.38145e-24
4.40782e-24
5.62165e-27
4.83195e-27
2.86821e-30
3.55959e-30
1.06888e-33
1.90662e-33
3.19719e-37
8.0823e-37
8.22896e-41
2.91344e-40
1.82694e-44
9.21379e-44
3.35977e-48
2.48773e-47
4.79346e-52
5.54892e-51
5.16169e-56
9.79417e-55
4.26479e-60
1.32869e-58
2.34248e-64
1.33124e-62
5.59462e-69
8.74207e-67
2.0956e-69
2.42043e-10
-3.18445e-08
2.96988e-13
1.71957e-10
-9.0533e-16
3.31364e-13
-1.95762e-16
3.62258e-16
4.93258e-18
2.84639e-18
2.6591e-20
1.77885e-20
8.61285e-23
6.64962e-23
1.90293e-25
1.74389e-25
2.90713e-28
3.26165e-28
3.03072e-31
4.37187e-31
2.10002e-34
4.16e-34
9.33452e-38
2.77564e-37
2.5719e-41
1.28849e-40
4.15649e-45
4.20242e-44
3.51899e-49
9.84782e-48
2.70441e-54
1.73131e-51
-2.91883e-61
2.32203e-55
-2.19265e-65
2.33672e-59
-4.96566e-70
1.55368e-63
4.88062e-68
4.91281e-11
-4.28746e-08
-2.96798e-13
2.15989e-10
-3.79217e-16
3.50528e-14
-8.82856e-20
3.61126e-19
-2.03187e-22
4.85256e-20
-3.32749e-25
6.65839e-23
-6.07062e-28
8.27881e-26
-8.79267e-31
1.38375e-28
-9.14723e-34
2.09193e-31
-6.66276e-37
2.49955e-34
-3.36125e-40
2.25354e-37
-1.17721e-43
1.50482e-40
-2.93905e-47
7.42118e-44
-5.48034e-51
2.76976e-47
-8.02997e-55
8.18259e-51
-9.23759e-59
1.98027e-54
-7.77803e-63
3.84713e-58
-4.04683e-67
5.53535e-62
-8.18219e-72
5.09905e-66
2.10679e-70
-6.41514e-11
-3.29523e-10
4.79683e-13
2.72666e-10
-3.41849e-16
7.31467e-13
2.63044e-17
8.72864e-16
2.05933e-18
1.4244e-18
3.36777e-18
2.23788e-18
7.89679e-20
5.29326e-20
7.81474e-22
5.5379e-22
4.05439e-24
3.216e-24
1.17977e-26
1.12492e-26
1.9561e-29
2.43325e-29
1.81356e-32
3.2737e-32
8.8279e-36
2.71505e-35
1.91372e-39
1.36332e-38
6.45605e-44
4.09269e-42
-4.64999e-51
7.5219e-46
-5.51631e-55
9.4119e-50
-2.59262e-59
8.33815e-54
-4.00883e-64
4.69601e-58
1.24199e-62
-4.93754e-10
-2.46186e-13
-7.33928e-13
-3.65135e-13
-2.4206e-15
-9.24606e-19
-6.45167e-18
-5.59221e-19
-1.62644e-19
-3.02504e-21
-1.72726e-21
-2.58952e-23
-1.00279e-23
-1.29581e-25
-3.52956e-26
-3.42251e-28
-7.78253e-29
-4.62348e-31
-1.08999e-31
9.43739e-31
-9.62869e-35
5.70423e-33
-5.23378e-38
1.02929e-35
-1.72183e-41
1.06947e-38
-3.41827e-45
6.59366e-42
-4.24479e-49
2.47396e-45
-3.52291e-53
5.86425e-49
-1.98409e-57
9.17351e-53
-6.68809e-62
9.59991e-57
-8.64376e-67
6.1441e-61
1.70596e-65
-2.48631e-13
-2.86636e-17
-2.84896e-18
-1.50156e-20
-1.19708e-22
-5.45299e-25
-1.36697e-27
-1.24566e-30
8.24787e-31
4.9377e-33
1.101e-35
1.20913e-38
7.02193e-42
2.13227e-45
3.2618e-49
2.33458e-53
3.30336e-58
-3.99426e-66
-9.69259e-71
)
;

boundaryField
{
    leftWall
    {
        type            calculated;
        value           uniform 0;
    }
    rightWall
    {
        type            calculated;
        value           uniform 0;
    }
    lowerWall
    {
        type            calculated;
        value           uniform 0;
    }
    atmosphere
    {
        type            calculated;
        value           nonuniform List<scalar> 
60
(
0
0
0
0
0
0
0
0
0
0
0
0
0
0
0
0
0
0
0
0
1.17849e-15
1.00777e-07
5.87708e-08
1.00806e-10
2.51348e-08
0
1.67547e-08
0
1.53616e-08
1.21681e-08
1.97505e-09
3.908e-09
0
0
0
0
3.58458e-07
0
0
0
0
0
0
0
0
0
0
0
0
0
3.32664e-36
1.03086e-38
1.1621e-41
7.00793e-45
2.48684e-48
5.56752e-52
8.37283e-56
8.54628e-60
5.50579e-64
1.51653e-68
)
;
    }
    defaultFaces
    {
        type            empty;
        value           nonuniform 0();
    }
}


// ************************************************************************* //
