/*--------------------------------*- C++ -*----------------------------------*\
| =========                 |                                                 |
| \\      /  F ield         | OpenFOAM: The Open Source CFD Toolbox           |
|  \\    /   O peration     | Version:  2.4.0                                 |
|   \\  /    A nd           | Web:      www.OpenFOAM.org                      |
|    \\/     M anipulation  |                                                 |
\*---------------------------------------------------------------------------*/
FoamFile
{
    version     2.0;
    format      ascii;
    class       surfaceScalarField;
    location    "0.077";
    object      phi;
}
// * * * * * * * * * * * * * * * * * * * * * * * * * * * * * * * * * * * * * //

dimensions      [0 3 -1 0 0 0 0];

internalField   nonuniform List<scalar> 
7080
(
-2.16158e-08
2.16158e-08
-3.78551e-08
1.62393e-08
-4.70375e-08
9.18236e-09
-5.09206e-08
3.8831e-09
-4.80755e-08
-2.84513e-09
-3.72332e-08
-1.08423e-08
-1.79544e-08
-1.92787e-08
9.80817e-09
-2.77626e-08
4.44907e-08
-3.46825e-08
8.31917e-08
-3.8701e-08
1.21677e-07
-3.84855e-08
1.56799e-07
-3.5122e-08
1.90277e-07
-3.34777e-08
2.02637e-07
-1.23604e-08
2.41308e-07
-3.8671e-08
1.8654e-07
5.47682e-08
1.97847e-07
-1.13068e-08
1.55179e-07
4.26674e-08
2.60166e-08
1.29163e-07
-1.27589e-07
1.53606e-07
-3.32516e-07
2.04926e-07
-3.69282e-07
3.67662e-08
-2.79208e-07
-9.00738e-08
-1.16661e-07
-1.62547e-07
6.98404e-08
-1.86501e-07
1.79652e-07
-1.09811e-07
1.87735e-07
-8.08293e-09
1.53298e-07
3.44369e-08
1.09633e-07
4.36646e-08
1.07373e-07
2.26026e-09
-2.85318e-08
5.01477e-08
-5.11505e-08
3.88579e-08
-6.59991e-08
2.4031e-08
-7.48826e-08
1.27666e-08
-7.56401e-08
-2.08767e-09
-6.62042e-08
-2.02781e-08
-4.54866e-08
-3.99963e-08
-1.30717e-08
-6.01775e-08
2.96187e-08
-7.73729e-08
7.8649e-08
-8.77313e-08
1.28236e-07
-8.80723e-08
1.75861e-07
-8.27468e-08
2.18657e-07
-7.6274e-08
2.43981e-07
-3.76847e-08
2.93004e-07
-8.76935e-08
2.46785e-07
1.00987e-07
2.69335e-07
-3.38571e-08
2.47699e-07
6.43036e-08
1.11281e-07
2.65581e-07
-8.88492e-08
3.53736e-07
-2.78014e-07
3.94091e-07
-3.75899e-07
1.34652e-07
-3.28197e-07
-1.37776e-07
-1.85068e-07
-3.05676e-07
-4.47481e-08
-3.26821e-07
5.92578e-08
-2.13817e-07
1.1893e-07
-6.77551e-08
1.1962e-07
3.37464e-08
8.00806e-08
8.32045e-08
1.90628e-07
-3.17463e-09
-2.95591e-08
7.97068e-08
-5.32342e-08
6.2533e-08
-6.92096e-08
4.00064e-08
-7.93299e-08
2.28869e-08
-8.12955e-08
-1.22048e-10
-7.28822e-08
-2.86914e-08
-5.28827e-08
-5.99958e-08
-2.07804e-08
-9.22798e-08
2.20066e-08
-1.2016e-07
7.14414e-08
-1.37166e-07
1.21285e-07
-1.37916e-07
1.69568e-07
-1.3103e-07
2.10558e-07
-1.17265e-07
2.43489e-07
-7.06154e-08
2.78131e-07
-1.22336e-07
2.65001e-07
1.14118e-07
2.77287e-07
-4.61435e-08
2.50951e-07
9.06397e-08
1.29234e-07
3.87298e-07
-3.93841e-08
5.22354e-07
-1.60746e-07
5.15453e-07
-2.37903e-07
2.11808e-07
-1.96399e-07
-1.7928e-07
-1.39338e-07
-3.62738e-07
-8.25688e-08
-3.8359e-07
-2.05117e-08
-2.75875e-07
2.32622e-08
-1.11529e-07
2.61249e-08
3.08837e-08
7.01504e-09
1.02314e-07
1.93467e-07
4.17639e-09
-2.97444e-08
1.09451e-07
-5.36096e-08
8.63982e-08
-6.97967e-08
5.61935e-08
-8.02205e-08
3.33107e-08
-8.25377e-08
2.19513e-09
-7.44652e-08
-3.67639e-08
-5.4741e-08
-7.972e-08
-2.27371e-08
-1.24284e-07
2.023e-08
-1.63127e-07
7.00238e-08
-1.8696e-07
1.20154e-07
-1.88045e-07
1.69574e-07
-1.80451e-07
2.07444e-07
-1.55135e-07
2.519e-07
-1.15072e-07
2.61535e-07
-1.3197e-07
2.81899e-07
9.37532e-08
2.85818e-07
-5.00624e-08
2.49366e-07
1.27092e-07
1.9005e-07
4.46614e-07
4.76263e-08
6.64778e-07
-2.78362e-08
5.90916e-07
-3.41965e-08
2.18168e-07
-1.1651e-08
-2.01825e-07
-1.70432e-08
-3.57345e-07
-3.59607e-08
-3.64673e-07
-4.26109e-08
-2.69224e-07
-3.46038e-08
-1.19536e-07
-2.80558e-08
2.43357e-08
-3.14257e-08
1.05684e-07
1.58501e-07
3.53979e-09
-2.9829e-08
1.3928e-07
-5.37655e-08
1.10335e-07
-7.00162e-08
7.24443e-08
-8.05918e-08
4.38863e-08
-8.31215e-08
4.72484e-09
-7.52823e-08
-4.4603e-08
-5.57831e-08
-9.92192e-08
-2.38792e-08
-1.56188e-07
1.92284e-08
-2.06235e-07
6.93934e-08
-2.37125e-07
1.19837e-07
-2.38489e-07
1.70395e-07
-2.31008e-07
2.05707e-07
-1.90447e-07
2.60159e-07
-1.69524e-07
2.41332e-07
-1.13143e-07
2.8888e-07
4.62055e-08
2.72881e-07
-3.40633e-08
2.36147e-07
1.63825e-07
2.78217e-07
4.04544e-07
2.23577e-07
7.19417e-07
1.74518e-07
6.39975e-07
1.37005e-07
2.55681e-07
1.19009e-07
-1.83829e-07
6.13641e-08
-2.99701e-07
-1.70822e-08
-2.86226e-07
-5.02904e-08
-2.36016e-07
-4.79335e-08
-1.21893e-07
-3.90145e-08
1.54168e-08
-4.11396e-08
1.07809e-07
1.1775e-07
-3.8815e-10
-2.9915e-08
1.69195e-07
-5.39171e-08
1.34337e-07
-7.02164e-08
8.87436e-08
-8.09468e-08
5.46167e-08
-8.3709e-08
7.48706e-09
-7.61403e-08
-5.21717e-08
-5.69269e-08
-1.18433e-07
-2.5183e-08
-1.87931e-07
1.80875e-08
-2.49505e-07
6.86159e-08
-2.87653e-07
1.19497e-07
-2.8937e-07
1.71008e-07
-2.8252e-07
2.05889e-07
-2.25327e-07
2.66035e-07
-2.2967e-07
2.34023e-07
-8.11308e-08
2.89877e-07
-9.64801e-09
3.01979e-07
-4.61658e-08
2.5525e-07
2.10554e-07
3.41138e-07
3.18656e-07
3.62379e-07
6.98177e-07
3.74636e-07
6.27718e-07
3.23358e-07
3.06959e-07
1.81402e-07
-4.1873e-08
3.35084e-08
-1.51807e-07
-5.86143e-08
-1.94103e-07
-8.62221e-08
-2.08408e-07
-5.86057e-08
-1.49509e-07
-1.91244e-08
-2.40645e-08
-1.62937e-08
1.04979e-07
1.03274e-07
-1.81761e-09
-3.00159e-08
1.99211e-07
-5.40931e-08
1.58414e-07
-7.04457e-08
1.05096e-07
-8.13588e-08
6.55299e-08
-8.43993e-08
1.05275e-08
-7.71592e-08
-5.94117e-08
-5.83014e-08
-1.3729e-07
-2.6766e-08
-2.19467e-07
1.66628e-08
-2.92934e-07
6.76447e-08
-3.38635e-07
1.19136e-07
-3.40861e-07
1.71251e-07
-3.34635e-07
2.08932e-07
-2.63008e-07
2.70297e-07
-2.91035e-07
2.4631e-07
-5.71438e-08
2.94188e-07
-5.75265e-08
3.51629e-07
-1.03607e-07
2.61061e-07
3.01122e-07
3.34555e-07
2.45162e-07
4.50214e-07
5.82517e-07
4.67749e-07
6.10183e-07
4.35921e-07
3.38786e-07
3.19839e-07
7.42093e-08
9.78104e-08
7.02219e-08
-8.75836e-08
-8.70947e-09
-1.36757e-07
-1.59234e-07
-1.04563e-07
-1.81704e-07
-3.54445e-08
-9.31829e-08
-6.51488e-09
7.60491e-08
9.55382e-08
1.22086e-09
-3.01331e-08
2.29344e-07
-5.4297e-08
1.82578e-07
-7.07093e-08
1.21508e-07
-8.18368e-08
7.66574e-08
-8.52046e-08
1.38954e-08
-7.83534e-08
-6.62629e-08
-5.99226e-08
-1.55721e-07
-2.8644e-08
-2.50745e-07
1.49951e-08
-3.36573e-07
6.64777e-08
-3.90118e-07
1.18748e-07
-3.93131e-07
1.70848e-07
-3.86735e-07
2.16194e-07
-3.08354e-07
2.66475e-07
-3.41316e-07
2.87803e-07
-7.84714e-08
3.02773e-07
-7.24968e-08
3.815e-07
-1.82334e-07
3.0331e-07
3.79313e-07
2.76849e-07
2.71622e-07
4.18452e-07
4.40915e-07
5.02962e-07
5.25672e-07
4.50764e-07
3.90985e-07
3.35342e-07
1.89631e-07
2.05182e-07
2.00381e-07
6.13152e-08
1.35158e-07
-6.82181e-08
-2.97012e-08
-1.159e-07
-1.34022e-07
-6.50155e-08
-1.44068e-07
-1.16429e-08
2.26765e-08
8.54751e-08
-1.57977e-09
-3.02671e-08
2.59611e-07
-5.45288e-08
2.0684e-07
-7.10066e-08
1.37986e-07
-8.23805e-08
8.80313e-08
-8.61254e-08
1.76403e-08
-7.97243e-08
-7.2664e-08
-6.17951e-08
-1.7365e-07
-3.08252e-08
-2.81715e-07
1.30495e-08
-3.80448e-07
6.51153e-08
-4.42184e-07
1.18244e-07
-4.4626e-07
1.70148e-07
-4.38639e-07
2.24914e-07
-3.63119e-07
2.51695e-07
-3.68098e-07
3.23013e-07
-1.49789e-07
3.29284e-07
-7.87682e-08
3.72805e-07
-2.25855e-07
3.91909e-07
3.60208e-07
2.84655e-07
3.78876e-07
3.11838e-07
4.13732e-07
4.11348e-07
4.26162e-07
4.3406e-07
3.68272e-07
3.81537e-07
2.42155e-07
3.38353e-07
2.43565e-07
2.85709e-07
1.87802e-07
1.53907e-07
1.02101e-07
3.31226e-08
-1.32373e-08
-2.79835e-08
-8.29616e-08
-7.83344e-09
2.52649e-09
7.80256e-08
-3.83916e-10
-3.04179e-08
2.90029e-07
-5.47883e-08
2.3121e-07
-7.1336e-08
1.54534e-07
-8.29886e-08
9.96839e-08
-8.71606e-08
2.18123e-08
-8.12711e-08
-7.85535e-08
-6.39222e-08
-1.90999e-07
-3.33187e-08
-3.12319e-07
1.08342e-08
-4.24601e-07
6.35474e-08
-4.94897e-07
1.17478e-07
-5.00191e-07
1.70317e-07
-4.91478e-07
2.2849e-07
-4.21292e-07
2.46042e-07
-3.8565e-07
3.37481e-07
-2.41227e-07
3.57868e-07
-9.9155e-08
3.25806e-07
-1.93793e-07
3.85713e-07
3.00302e-07
3.40284e-07
4.24306e-07
3.12411e-07
4.41606e-07
3.74865e-07
3.63708e-07
4.29164e-07
3.13973e-07
4.37512e-07
2.33806e-07
4.12838e-07
2.68239e-07
3.58239e-07
2.42401e-07
3.00243e-07
1.60097e-07
2.01938e-07
8.50673e-08
7.61272e-08
4.28493e-08
2.38284e-08
5.48253e-08
1.00814e-07
1.04012e-09
-3.05858e-08
3.20615e-07
-5.50752e-08
2.55699e-07
-7.16954e-08
1.71154e-07
-8.36592e-08
1.11648e-07
-8.83082e-08
2.64613e-08
-8.29938e-08
-8.38678e-08
-6.63081e-08
-2.07685e-07
-3.61346e-08
-3.42492e-07
8.32938e-09
-4.69065e-07
6.17713e-08
-5.48339e-07
1.1644e-07
-5.5486e-07
1.71455e-07
-5.46494e-07
2.2644e-07
-4.76276e-07
2.61309e-07
-4.2052e-07
3.4333e-07
-3.23248e-07
3.61282e-07
-1.17106e-07
3.25833e-07
-1.58345e-07
3.82198e-07
2.43937e-07
4.20136e-07
3.86368e-07
4.26468e-07
4.35274e-07
4.16371e-07
3.73806e-07
4.18256e-07
3.12088e-07
4.30213e-07
2.21849e-07
4.14449e-07
2.84003e-07
3.20839e-07
3.36011e-07
1.98555e-07
2.82381e-07
7.71383e-08
2.06484e-07
7.65021e-10
1.19223e-07
-1.25817e-08
6.81721e-08
8.32036e-08
5.02849e-09
-3.07709e-08
3.51386e-07
-5.53891e-08
2.80318e-07
-7.20825e-08
1.87848e-07
-8.43903e-08
1.23956e-07
-8.95666e-08
3.16376e-08
-8.48907e-08
-8.85436e-08
-6.89573e-08
-2.23618e-07
-3.9285e-08
-3.72165e-07
5.5214e-09
-5.13871e-07
5.97657e-08
-6.02583e-07
1.15251e-07
-6.10345e-07
1.72341e-07
-6.03584e-07
2.23898e-07
-5.27833e-07
2.81439e-07
-4.78061e-07
3.27897e-07
-3.69707e-07
3.67376e-07
-1.56586e-07
3.7973e-07
-1.70699e-07
4.26522e-07
1.97144e-07
4.77618e-07
3.35272e-07
4.86445e-07
4.26447e-07
4.61308e-07
3.98943e-07
4.0901e-07
3.64385e-07
3.06408e-07
3.24451e-07
2.5152e-07
3.38891e-07
2.42807e-07
3.44725e-07
2.29649e-07
2.9554e-07
1.71865e-07
2.64267e-07
9.31584e-08
1.97929e-07
3.30669e-08
1.28264e-07
1.16923e-07
-6.5293e-10
-3.09734e-08
3.82359e-07
-5.57296e-08
3.05074e-07
-7.24946e-08
2.04613e-07
-8.51795e-08
1.36641e-07
-9.09337e-08
3.73918e-08
-8.69608e-08
-9.25165e-08
-7.18748e-08
-2.38704e-07
-4.27837e-08
-4.01256e-07
2.27009e-09
-5.58925e-07
5.75169e-08
-6.5783e-07
1.13964e-07
-6.66792e-07
1.72162e-07
-6.61782e-07
2.26099e-07
-5.81771e-07
2.83804e-07
-5.35766e-07
3.28215e-07
-4.14117e-07
3.70287e-07
-1.98658e-07
4.32038e-07
-2.32449e-07
5.25163e-07
1.0402e-07
5.44824e-07
3.1561e-07
5.0582e-07
4.65451e-07
3.96375e-07
5.08388e-07
2.77664e-07
4.83096e-07
2.34234e-07
3.67881e-07
2.92524e-07
2.80602e-07
2.99427e-07
3.37821e-07
2.12459e-07
3.82508e-07
1.21464e-07
3.55262e-07
6.47788e-08
2.54615e-07
2.35284e-08
1.69514e-07
1.36731e-07
3.72041e-09
-3.11936e-08
4.13553e-07
-5.60963e-08
3.29976e-07
-7.29285e-08
2.21445e-07
-8.60238e-08
1.49736e-07
-9.24069e-08
4.37749e-08
-8.92029e-08
-9.57206e-08
-7.50647e-08
-2.52843e-07
-4.66431e-08
-4.29677e-07
-1.01459e-09
-6.04553e-07
5.50272e-08
-7.13871e-07
1.12487e-07
-7.24251e-07
1.7149e-07
-7.20785e-07
2.26993e-07
-6.37274e-07
2.84867e-07
-5.9364e-07
3.05079e-07
-4.34329e-07
4.05818e-07
-2.99397e-07
5.28871e-07
-3.55503e-07
5.9033e-07
4.25612e-08
5.4081e-07
3.65131e-07
4.38238e-07
5.68022e-07
3.59391e-07
5.87235e-07
3.58933e-07
4.83554e-07
3.359e-07
3.90914e-07
2.37522e-07
3.7898e-07
8.98995e-08
4.85443e-07
-3.0825e-08
5.03232e-07
-3.83748e-08
3.62812e-07
-1.03905e-08
2.26631e-07
-2.05625e-09
1.6118e-07
1.3271e-07
1.96548e-09
-3.14317e-08
4.44985e-07
-5.64887e-08
3.55033e-07
-7.33798e-08
2.38336e-07
-8.69195e-08
1.63275e-07
-9.39835e-08
5.0839e-08
-9.16145e-08
-9.80896e-08
-7.85333e-08
-2.65924e-07
-5.08837e-08
-4.57327e-07
-4.65961e-09
-6.50777e-07
5.2275e-08
-7.70806e-07
1.10765e-07
-7.82741e-07
1.69521e-07
-7.79541e-07
2.28554e-07
-6.96308e-07
2.61187e-07
-6.26272e-07
3.22346e-07
-4.95489e-07
4.68141e-07
-4.45191e-07
5.26313e-07
-4.13674e-07
4.95881e-07
7.29928e-08
4.23088e-07
4.37923e-07
4.24365e-07
5.66745e-07
4.28585e-07
5.83015e-07
3.38351e-07
5.73789e-07
1.46701e-07
5.82564e-07
-2.44476e-08
5.50128e-07
-7.24027e-08
5.33398e-07
-3.07664e-08
4.61596e-07
3.40463e-08
2.97999e-07
6.10259e-08
1.99651e-07
4.04906e-08
1.81715e-07
1.77393e-07
-4.19295e-09
-3.16883e-08
4.76673e-07
-5.69064e-08
3.80251e-07
-7.3843e-08
2.55273e-07
-8.78638e-08
1.77296e-07
-9.566e-08
5.86352e-08
-9.41928e-08
-9.95568e-08
-8.22856e-08
-2.77831e-07
-5.55281e-08
-4.84084e-07
-8.66492e-09
-6.9764e-07
4.92274e-08
-8.28698e-07
1.08452e-07
-8.41965e-07
1.66574e-07
-8.37663e-07
2.21361e-07
-7.51094e-07
2.32867e-07
-6.37778e-07
3.50959e-07
-6.13581e-07
4.79767e-07
-5.73999e-07
3.60021e-07
-2.93928e-07
3.65953e-07
6.70611e-08
5.04911e-07
2.98965e-07
5.55278e-07
5.16378e-07
5.11669e-07
6.26623e-07
5.10943e-07
5.74515e-07
5.35292e-07
5.58215e-07
5.06108e-07
5.79313e-07
4.67899e-07
5.71607e-07
4.51324e-07
4.78171e-07
3.82634e-07
3.6669e-07
2.60092e-07
3.22193e-07
1.24136e-07
3.17671e-07
3.06075e-07
-4.54574e-09
-3.19637e-08
5.08637e-07
-5.73488e-08
4.05637e-07
-7.43113e-08
2.72235e-07
-8.88553e-08
1.9184e-07
-9.74331e-08
6.7213e-08
-9.69345e-08
-1.00055e-07
-8.6327e-08
-2.88438e-07
-6.06008e-08
-5.09811e-07
-1.29888e-08
-7.45252e-07
4.58202e-08
-8.87507e-07
1.05044e-07
-9.01189e-07
1.61655e-07
-8.94274e-07
2.01953e-07
-7.91393e-07
2.38368e-07
-6.74193e-07
3.4346e-07
-7.18673e-07
3.74482e-07
-6.05021e-07
3.5021e-07
-2.69656e-07
5.16064e-07
-9.87935e-08
6.06112e-07
2.08918e-07
6.98823e-07
4.23667e-07
7.03761e-07
6.21686e-07
5.51777e-07
7.26499e-07
4.22145e-07
6.87846e-07
3.67718e-07
6.3374e-07
3.61217e-07
5.78109e-07
3.48554e-07
4.90833e-07
2.99288e-07
4.15956e-07
2.03803e-07
4.17678e-07
9.21625e-08
4.29312e-07
3.99072e-07
-8.34544e-10
-3.22585e-08
5.40895e-07
-5.78156e-08
4.31194e-07
-7.47894e-08
2.89209e-07
-8.9893e-08
2.06944e-07
-9.92987e-08
7.66187e-08
-9.98352e-08
-9.95187e-08
-9.06621e-08
-2.97611e-07
-6.61309e-08
-5.34342e-07
-1.76356e-08
-7.93748e-07
4.19178e-08
-9.47061e-07
1.00031e-07
-9.59302e-07
1.53618e-07
-9.47861e-07
1.79277e-07
-8.17052e-07
2.60645e-07
-7.55561e-07
2.86202e-07
-7.44231e-07
3.29874e-07
-6.48692e-07
5.20389e-07
-4.60172e-07
6.03856e-07
-1.8226e-07
6.36859e-07
1.75915e-07
7.35065e-07
3.25461e-07
7.7842e-07
5.7833e-07
6.1028e-07
8.9464e-07
3.35211e-07
9.62915e-07
1.76929e-07
7.92022e-07
1.19285e-07
6.35753e-07
1.00777e-07
5.09342e-07
1.0845e-07
4.08283e-07
8.74591e-08
4.38668e-07
3.5867e-08
4.80904e-07
4.29345e-07
5.59375e-09
-3.25733e-08
5.73469e-07
-5.83062e-08
4.56926e-07
-7.52878e-08
3.0619e-07
-9.09754e-08
2.22632e-07
-1.01253e-07
8.68958e-08
-1.02889e-07
-9.78821e-08
-9.52958e-08
-3.05205e-07
-7.2154e-08
-5.57484e-07
-2.26193e-08
-8.43282e-07
3.72966e-08
-1.00698e-06
9.36131e-08
-1.01562e-06
1.43903e-07
-9.98151e-07
1.75332e-07
-8.48481e-07
2.54595e-07
-8.34824e-07
2.48944e-07
-7.3858e-07
4.11555e-07
-8.11304e-07
4.97466e-07
-5.46082e-07
6.11073e-07
-2.95867e-07
9.18834e-07
-1.31846e-07
8.80096e-07
3.64199e-07
9.59555e-07
4.98871e-07
9.14499e-07
9.39696e-07
8.07172e-07
1.07024e-06
5.40102e-07
1.05909e-06
3.04706e-07
8.71148e-07
1.45995e-07
6.68053e-07
6.82922e-08
4.85985e-07
3.73227e-08
4.69638e-07
1.39853e-08
5.04241e-07
4.3863e-07
4.69999e-09
-3.29089e-08
6.06378e-07
-5.88201e-08
4.82838e-07
-7.58071e-08
3.23178e-07
-9.21012e-08
2.38926e-07
-1.0329e-07
9.80845e-08
-1.06088e-07
-9.50836e-08
-1.00232e-07
-3.11061e-07
-7.87136e-08
-5.79002e-07
-2.79531e-08
-8.94043e-07
3.18297e-08
-1.06676e-06
8.74021e-08
-1.07119e-06
1.36057e-07
-1.04681e-06
1.89702e-07
-9.02126e-07
2.22947e-07
-8.6807e-07
3.29277e-07
-8.44909e-07
2.99492e-07
-7.81519e-07
5.2346e-07
-7.7005e-07
8.91549e-07
-6.63956e-07
4.3304e-07
3.26664e-07
-8.72346e-08
8.84473e-07
-7.47821e-08
4.86419e-07
2.45312e-07
6.19601e-07
6.42725e-07
6.72829e-07
6.49242e-07
1.05258e-06
4.77646e-07
1.04274e-06
2.93015e-07
8.52684e-07
1.42664e-07
6.36336e-07
5.97495e-08
5.52552e-07
2.06944e-08
5.43296e-07
4.61134e-07
-1.80921e-09
-3.32661e-08
6.39644e-07
-5.93567e-08
5.08928e-07
-7.63433e-08
3.40164e-07
-9.32683e-08
2.55851e-07
-1.05405e-07
1.10221e-07
-1.09424e-07
-9.10637e-08
-1.05477e-07
-3.15008e-07
-8.5859e-08
-5.9862e-07
-3.36265e-08
-9.46275e-07
2.57698e-08
-1.12616e-06
8.33482e-08
-1.12877e-06
1.315e-07
-1.09496e-06
1.92895e-07
-9.63521e-07
2.11024e-07
-8.86199e-07
2.73595e-07
-9.07481e-07
2.87829e-07
-7.95753e-07
7.87943e-07
-1.27016e-06
2.2349e-08
1.01638e-07
-6.46055e-07
9.95068e-07
-3.73916e-07
6.12334e-07
-2.57506e-07
3.70008e-07
-1.55486e-07
5.17581e-07
2.72408e-07
2.44936e-07
5.73096e-07
7.51886e-07
4.83446e-07
1.13239e-06
3.2729e-07
1.00884e-06
1.82679e-07
7.80948e-07
9.04001e-08
6.44831e-07
3.78764e-08
5.9582e-07
5.00664e-07
-1.65409e-09
-3.36458e-08
6.73289e-07
-5.99155e-08
5.35198e-07
-7.68921e-08
3.57141e-07
-9.44746e-08
2.73433e-07
-1.07591e-07
1.23338e-07
-1.12887e-07
-8.57686e-08
-1.11035e-07
-3.16859e-07
-9.36443e-08
-6.16011e-07
-3.95449e-08
-1.00037e-06
1.9755e-08
-1.18546e-06
8.1258e-08
-1.19027e-06
1.26547e-07
-1.14025e-06
1.77481e-07
-1.01446e-06
2.19074e-07
-9.27791e-07
1.71585e-07
-8.59992e-07
3.69289e-07
-9.93456e-07
4.8674e-06
-5.76828e-06
3.09291e-06
1.87613e-06
-2.8833e-07
4.3763e-06
-3.77921e-07
7.01926e-07
-4.57847e-08
3.78717e-08
1.36775e-07
3.35022e-07
1.69698e-07
2.12013e-07
2.99481e-07
6.22103e-07
3.47925e-07
1.08395e-06
2.67012e-07
1.08975e-06
1.7291e-07
8.7505e-07
9.61678e-08
7.21573e-07
4.42122e-08
6.47776e-07
5.43732e-07
1.14494e-09
-3.40491e-08
7.07339e-07
-6.04957e-08
5.61645e-07
-7.745e-08
3.74095e-07
-9.57179e-08
2.91701e-07
-1.09844e-07
1.37464e-07
-1.16468e-07
-7.91446e-08
-1.16907e-07
-3.16421e-07
-1.02117e-07
-6.30802e-07
-4.55386e-08
-1.05695e-06
1.43186e-08
-1.24531e-06
7.79754e-08
-1.25393e-06
1.16971e-07
-1.17924e-06
1.63104e-07
-1.06059e-06
1.87477e-07
-9.52164e-07
6.0504e-07
-1.27756e-06
6.35149e-07
-1.02357e-06
-3.67104e-07
-4.76602e-06
-1.04464e-06
2.55367e-06
-9.90508e-07
4.32217e-06
-4.72536e-07
1.83954e-07
-1.72629e-07
-2.62035e-07
3.68796e-08
1.25513e-07
1.58132e-08
2.33079e-07
9.16162e-08
5.463e-07
2.00615e-07
9.74952e-07
1.87766e-07
1.1026e-06
1.35059e-07
9.27757e-07
7.67836e-08
7.79849e-07
3.2173e-08
6.92386e-07
5.78311e-07
-2.40651e-09
-3.44771e-08
7.41816e-07
-6.10966e-08
5.88264e-07
-7.80126e-08
3.91011e-07
-9.69939e-08
3.10682e-07
-1.12153e-07
1.52623e-07
-1.20155e-07
-7.11425e-08
-1.23095e-07
-3.1348e-07
-1.11334e-07
-6.42563e-07
-5.15291e-08
-1.11676e-06
8.75449e-09
-1.3056e-06
6.92142e-08
-1.31439e-06
1.03567e-07
-1.21359e-06
1.45995e-07
-1.10302e-06
2.52349e-07
-1.05852e-06
1.4916e-07
-1.17437e-06
1.23591e-06
-2.11031e-06
6.74605e-07
-4.20472e-06
7.43024e-10
3.22754e-06
-5.45959e-07
4.86888e-06
-7.0451e-07
3.42506e-07
-3.70478e-07
-5.96066e-07
-1.6294e-07
-8.20255e-08
-7.70589e-08
1.47199e-07
-3.49274e-08
5.04168e-07
5.6676e-08
8.83348e-07
8.78623e-08
1.07142e-06
6.59293e-08
9.4969e-07
3.07494e-08
8.15029e-07
1.36321e-08
7.09503e-07
5.95043e-07
-3.09975e-09
-3.49312e-08
7.76747e-07
-6.17181e-08
6.15051e-07
-7.85778e-08
4.07871e-07
-9.83033e-08
3.30408e-07
-1.1452e-07
1.6884e-07
-1.23943e-07
-6.17191e-08
-1.29597e-07
-3.07827e-07
-1.21346e-07
-6.50814e-07
-5.7602e-08
-1.1805e-06
9.23085e-10
-1.36412e-06
4.97799e-08
-1.36325e-06
8.51299e-08
-1.24894e-06
1.07391e-07
-1.12528e-06
1.48139e-07
-1.09927e-06
1.09881e-06
-2.12503e-06
1.24513e-06
-2.25663e-06
1.99932e-07
-3.15951e-06
-9.03398e-08
3.51782e-06
-1.5189e-06
6.29744e-06
-2.11976e-06
9.43363e-07
-3.55703e-07
-2.36012e-06
-3.7913e-07
-5.85987e-08
-2.02137e-07
-2.97943e-08
-1.08663e-07
4.10695e-07
-4.45328e-08
8.19218e-07
7.94067e-09
1.01894e-06
1.1291e-08
9.46339e-07
1.08719e-09
8.25232e-07
9.60705e-09
7.00984e-07
6.02925e-07
1.72543e-09
-3.54096e-08
8.12156e-07
-6.23562e-08
6.41998e-07
-7.91369e-08
4.24651e-07
-9.96298e-08
3.50901e-07
-1.16902e-07
1.86112e-07
-1.27781e-07
-5.08402e-08
-1.36391e-07
-2.99218e-07
-1.32247e-07
-6.54957e-07
-6.42521e-08
-1.2485e-06
-2.22088e-08
-1.40616e-06
1.21812e-08
-1.39764e-06
1.749e-07
-1.41166e-06
9.26246e-07
-1.87662e-06
1.52238e-06
-1.6954e-06
1.3098e-06
-1.91245e-06
1.34909e-06
-2.29592e-06
8.05795e-07
-2.61621e-06
5.4614e-07
3.77747e-06
-3.87412e-08
6.88231e-06
-4.43923e-07
1.34854e-06
-5.34969e-07
-2.26907e-06
-3.95519e-07
-1.98049e-07
-2.76163e-07
-1.4915e-07
-1.90844e-07
3.25376e-07
-1.31275e-07
7.59649e-07
-7.21573e-08
9.59825e-07
-2.69988e-08
9.01181e-07
-1.15895e-08
8.09823e-07
5.56958e-09
6.83825e-07
6.02874e-07
5.62062e-09
-3.59853e-08
8.48142e-07
-6.30316e-08
6.69044e-07
-7.97141e-08
4.41334e-07
-1.0102e-07
3.72206e-07
-1.19372e-07
2.04464e-07
-1.31715e-07
-3.84975e-08
-1.43455e-07
-2.87478e-07
-1.43979e-07
-6.54433e-07
-7.3783e-08
-1.31869e-06
-5.81007e-08
-1.42185e-06
4.81543e-08
-1.50389e-06
1.51194e-06
-2.87544e-06
2.60983e-06
-2.97452e-06
2.26164e-06
-1.3472e-06
1.63876e-06
-1.28958e-06
1.13044e-06
-1.78759e-06
4.2098e-07
-1.90676e-06
1.1656e-06
3.03286e-06
1.6205e-06
6.42741e-06
8.72747e-07
2.0963e-06
-5.13565e-07
-8.82762e-07
-2.87848e-07
-4.23766e-07
-3.623e-07
-7.46975e-08
-2.91732e-07
2.54807e-07
-2.16557e-07
6.84474e-07
-1.34735e-07
8.78003e-07
-1.01132e-07
8.67577e-07
-4.63095e-08
7.55001e-07
-1.76745e-08
6.5519e-07
5.83257e-07
1.94185e-09
-3.52889e-08
8.83431e-07
-6.35282e-08
6.97283e-07
-8.00285e-08
4.57834e-07
-1.02122e-07
3.943e-07
-1.21644e-07
2.23987e-07
-1.35598e-07
-2.45438e-08
-1.50895e-07
-2.72181e-07
-1.57069e-07
-6.48259e-07
-9.84808e-08
-1.37728e-06
-1.03587e-07
-1.41674e-06
7.9459e-07
-2.40207e-06
3.34108e-06
-5.42193e-06
2.77848e-06
-2.41192e-06
2.34168e-06
-9.10402e-07
1.48445e-06
-4.32356e-07
1.05621e-06
-1.35935e-06
4.06929e-07
-1.25747e-06
1.31978e-06
2.12002e-06
2.64194e-06
5.10525e-06
1.23143e-06
3.5068e-06
-7.61515e-08
4.24822e-07
-5.17705e-07
1.77874e-08
-4.79538e-07
-1.12864e-07
-4.12562e-07
1.87832e-07
-3.53372e-07
6.25284e-07
-2.26569e-07
7.512e-07
-1.8186e-07
8.22868e-07
-1.05169e-07
6.7831e-07
-4.86462e-08
5.98667e-07
5.35936e-07
-1.32526e-09
-5.22206e-08
9.35651e-07
-6.57126e-08
7.10775e-07
-8.27114e-08
4.74833e-07
-1.05539e-07
4.17128e-07
-1.25122e-07
2.43569e-07
-1.39631e-07
-1.00348e-08
-1.58243e-07
-2.53569e-07
-1.70813e-07
-6.35689e-07
-1.61062e-07
-1.38703e-06
2.19032e-07
-1.79683e-06
7.33106e-08
-2.25635e-06
1.16699e-07
-5.46532e-06
6.81048e-07
-2.97627e-06
9.94221e-07
-1.22357e-06
1.04559e-06
-4.83724e-07
8.78357e-07
-1.19211e-06
6.08123e-07
-9.87239e-07
1.26807e-06
1.46007e-06
2.66224e-06
3.71108e-06
2.13894e-06
4.03011e-06
4.74437e-07
2.08933e-06
-1.96884e-07
6.89108e-07
-3.08899e-07
-8.49702e-10
-4.02122e-07
2.81055e-07
-3.52286e-07
5.75448e-07
-2.16498e-07
6.15413e-07
-1.49775e-07
7.56144e-07
-1.04747e-07
6.33282e-07
-4.83231e-08
5.42243e-07
4.86808e-07
8.05038e-10
7.99331e-08
8.55718e-07
-6.27704e-08
8.53479e-07
-7.14781e-08
4.8354e-07
-9.8781e-08
4.44431e-07
-1.23886e-07
2.68674e-07
-1.44141e-07
1.02211e-08
-1.66054e-07
-2.31656e-07
-1.9252e-07
-6.09223e-07
-2.03272e-07
-1.37628e-06
-9.25534e-08
-1.90755e-06
1.86819e-06
-4.21709e-06
1.46702e-06
-5.06415e-06
7.76355e-07
-2.2856e-06
6.89115e-07
-1.13633e-06
8.70986e-07
-6.65596e-07
7.9466e-07
-1.11579e-06
8.39239e-07
-1.03182e-06
1.02556e-06
1.27375e-06
2.24612e-06
2.49051e-06
1.79903e-06
4.4772e-06
3.34846e-07
3.55351e-06
-3.24373e-07
1.34833e-06
-2.61315e-07
-6.39075e-08
-3.73519e-07
3.93259e-07
-2.7861e-07
4.80539e-07
-2.11258e-07
5.4806e-07
-1.1513e-07
6.60017e-07
-7.76546e-08
5.95807e-07
-3.47685e-08
4.99357e-07
2.90345e-09
4.49136e-07
-1.11346e-07
1.13606e-07
-1.54267e-07
4.29211e-08
-1.88625e-07
3.43576e-08
-1.82957e-07
-5.66816e-09
-7.39051e-08
-1.09052e-07
1.13879e-07
-1.87784e-07
2.78463e-07
-1.64584e-07
3.69651e-07
-9.11877e-08
3.3272e-07
3.69307e-08
1.27358e-07
2.05362e-07
-2.65406e-08
1.53899e-07
-1.55597e-07
1.29056e-07
-1.98068e-07
4.24711e-08
-1.87024e-07
-1.1044e-08
-2.41414e-07
5.43903e-08
-2.03142e-07
-3.82729e-08
-1.90251e-07
-1.28907e-08
-1.56965e-07
-3.32857e-08
-1.21646e-07
-3.53194e-08
-8.31999e-08
-3.84459e-08
-4.44206e-08
-3.87792e-08
-9.75979e-09
-3.46608e-08
1.8011e-08
-2.77708e-08
3.72376e-08
-1.92267e-08
4.80173e-08
-1.07796e-08
5.0821e-08
-2.80375e-09
4.69389e-08
3.88214e-09
3.77835e-08
9.15538e-09
2.16079e-08
1.61756e-08
2.16079e-08
-8.15597e-08
1.91992e-07
-1.1951e-07
8.08714e-08
-1.19848e-07
3.4696e-08
-6.14494e-08
-6.40672e-08
4.12017e-08
-2.11703e-07
1.80618e-07
-3.272e-07
3.25957e-07
-3.09924e-07
3.74453e-07
-1.39684e-07
2.77391e-07
1.33992e-07
8.91092e-08
3.93644e-07
-1.1141e-07
3.54418e-07
-2.47907e-07
2.65553e-07
-2.69588e-07
6.41529e-08
-2.47312e-07
-3.33199e-08
-2.93003e-07
1.00081e-07
-2.445e-07
-8.6776e-08
-2.18561e-07
-3.88297e-08
-1.75993e-07
-7.58529e-08
-1.28166e-07
-8.31468e-08
-7.86181e-08
-8.79939e-08
-2.95302e-08
-8.78671e-08
1.31635e-08
-7.73546e-08
4.55453e-08
-6.01525e-08
6.61897e-08
-3.98711e-08
7.55498e-08
-2.01397e-08
7.47503e-08
-2.0042e-09
6.58813e-08
1.27511e-08
5.10712e-08
2.39655e-08
2.85261e-08
3.87207e-08
5.0134e-08
7.82735e-10
1.95385e-07
-2.11262e-08
1.0278e-07
-2.06884e-08
3.42582e-08
2.13432e-08
-1.06099e-07
8.21645e-08
-2.72524e-07
1.36682e-07
-3.81718e-07
1.9449e-07
-3.67731e-07
2.3687e-07
-1.82064e-07
1.60332e-07
2.1053e-07
4.07103e-08
5.13266e-07
-1.28814e-07
5.23943e-07
-2.5115e-07
3.87888e-07
-2.77353e-07
9.03559e-08
-2.65543e-07
-4.51297e-08
-2.77924e-07
1.12462e-07
-2.44024e-07
-1.20677e-07
-2.10441e-07
-7.24126e-08
-1.69693e-07
-1.16601e-07
-1.21209e-07
-1.3163e-07
-7.13999e-08
-1.37803e-07
-2.19038e-08
-1.37363e-07
2.08754e-08
-1.20134e-07
5.29434e-08
-9.22205e-08
7.28661e-08
-5.97937e-08
8.12008e-08
-2.84744e-08
7.91926e-08
4.01604e-12
6.9089e-08
2.28548e-08
5.31541e-08
3.99004e-08
2.9554e-08
6.23209e-08
7.9688e-08
3.79347e-08
1.6099e-07
3.09185e-08
1.09797e-07
3.73281e-08
2.78487e-08
4.77719e-08
-1.16543e-07
4.1143e-08
-2.65895e-07
1.9027e-08
-3.59602e-07
1.26074e-08
-3.61312e-07
3.46248e-08
-2.04081e-07
2.7642e-08
2.17513e-07
-4.82599e-08
5.89167e-07
-1.90892e-07
6.66575e-07
-2.49084e-07
4.46079e-07
-2.85944e-07
1.27216e-07
-2.82265e-07
-4.88088e-08
-2.61136e-07
9.13328e-08
-2.52427e-07
-1.29385e-07
-2.07322e-07
-1.17518e-07
-1.69694e-07
-1.54229e-07
-1.20073e-07
-1.81251e-07
-6.99858e-08
-1.87891e-07
-2.01105e-08
-1.87239e-07
2.28346e-08
-1.63079e-07
5.48044e-08
-1.2419e-07
7.44499e-08
-7.94391e-08
8.24417e-08
-3.64662e-08
8.00815e-08
2.36425e-09
6.96749e-08
3.32615e-08
5.35291e-08
5.60462e-08
2.97398e-08
8.61102e-08
1.09428e-07
4.10191e-08
1.19583e-07
4.09125e-08
1.09903e-07
5.30363e-08
1.57248e-08
5.71331e-08
-1.20639e-07
2.42287e-08
-2.32991e-07
-5.68206e-08
-2.78552e-07
-1.17454e-07
-3.00678e-07
-1.37356e-07
-1.8418e-07
-1.75397e-07
2.55554e-07
-2.23224e-07
6.36994e-07
-2.78829e-07
7.2218e-07
-2.36272e-07
4.03523e-07
-2.72097e-07
1.63041e-07
-2.89183e-07
-3.17225e-08
-2.40846e-07
4.29955e-08
-2.60682e-07
-1.09549e-07
-2.05602e-07
-1.72598e-07
-1.70511e-07
-1.89319e-07
-1.19752e-07
-2.3201e-07
-6.93535e-08
-2.38289e-07
-1.91236e-08
-2.37468e-07
2.39791e-08
-2.06181e-07
5.58488e-08
-1.5606e-07
7.52676e-08
-9.88578e-08
8.30241e-08
-4.42227e-08
8.04511e-08
4.93719e-09
6.98932e-08
4.38194e-08
5.36847e-08
7.22547e-08
2.9825e-08
1.0997e-07
1.39253e-07
1.47716e-08
1.02994e-07
2.05483e-08
1.04127e-07
6.2891e-08
-2.66179e-08
9.15766e-08
-1.49325e-07
6.35459e-08
-2.0496e-07
-2.8111e-08
-1.86896e-07
-1.79185e-07
-1.49603e-07
-3.22735e-07
-4.06297e-08
-3.74607e-07
3.07426e-07
-3.62221e-07
6.24607e-07
-3.41732e-07
7.01692e-07
-2.5545e-07
3.1724e-07
-3.02772e-07
2.10363e-07
-2.90178e-07
-4.43162e-08
-2.34002e-07
-1.31805e-08
-2.66573e-07
-7.69788e-08
-2.05833e-07
-2.33338e-07
-1.71118e-07
-2.24034e-07
-1.19404e-07
-2.83724e-07
-6.85716e-08
-2.89122e-07
-1.79634e-08
-2.88077e-07
2.52852e-08
-2.4943e-07
5.69951e-08
-1.8777e-07
7.6126e-08
-1.17989e-07
8.36096e-08
-5.17063e-08
8.08041e-08
7.74274e-09
7.0092e-08
5.45315e-08
5.38359e-08
8.85108e-08
2.9912e-08
1.33894e-07
1.69165e-07
8.21201e-09
9.60029e-08
3.67905e-08
7.55481e-08
1.05852e-07
-9.56795e-08
1.39177e-07
-1.8265e-07
9.25918e-08
-1.58375e-07
-8.97433e-08
-4.56036e-09
-3.16085e-07
7.67379e-08
-4.34628e-07
7.79139e-08
-4.65911e-07
3.38709e-07
-4.48781e-07
6.07476e-07
-3.35429e-07
5.8834e-07
-2.63043e-07
2.44855e-07
-3.51573e-07
2.98893e-07
-2.94803e-07
-1.01087e-07
-2.46852e-07
-6.11311e-08
-2.70881e-07
-5.29497e-08
-2.0894e-07
-2.9528e-07
-1.71354e-07
-2.6162e-07
-1.19033e-07
-3.36045e-07
-6.76018e-08
-3.40553e-07
-1.65587e-08
-3.3912e-07
2.68716e-08
-2.9286e-07
5.83725e-08
-2.19271e-07
7.71452e-08
-1.36761e-07
8.42977e-08
-5.88588e-08
8.12138e-08
1.08266e-08
7.03196e-08
6.54257e-08
5.40116e-08
1.04819e-07
3.00139e-08
1.57892e-07
1.99179e-07
9.32057e-09
8.51025e-08
6.43844e-08
2.04842e-08
1.14733e-07
-1.46028e-07
6.52136e-08
-1.3313e-07
-6.43788e-08
-2.8783e-08
-2.07912e-07
1.38973e-07
-3.35072e-07
2.03898e-07
-4.47666e-07
1.90507e-07
-4.99762e-07
3.90805e-07
-4.17119e-07
5.24833e-07
-2.76806e-07
4.48027e-07
-3.04729e-07
2.72778e-07
-3.81394e-07
3.75558e-07
-3.03438e-07
-1.79043e-07
-2.88732e-07
-7.58362e-08
-2.67039e-07
-7.46436e-08
-2.1625e-07
-3.46069e-07
-1.70947e-07
-3.06922e-07
-1.18632e-07
-3.8836e-07
-6.64369e-08
-3.92748e-07
-1.48688e-08
-3.90688e-07
2.87535e-08
-3.36483e-07
5.99972e-08
-2.50515e-07
7.83398e-08
-1.55104e-07
8.51003e-08
-6.56192e-08
8.16889e-08
1.4238e-08
7.05813e-08
7.65332e-08
5.42149e-08
1.21185e-07
3.01325e-08
1.81974e-07
2.29311e-07
1.00169e-08
7.47017e-08
3.34871e-08
-2.98592e-09
-2.69105e-08
-8.56304e-08
-1.50108e-07
-9.93259e-09
-2.81412e-07
1.02521e-07
-3.33789e-07
1.9135e-07
-3.81001e-07
2.5111e-07
-4.31221e-07
2.40727e-07
-4.07004e-07
3.66588e-07
-3.10236e-07
4.28065e-07
-2.83508e-07
4.213e-07
-3.92014e-07
3.81283e-07
-3.7176e-07
3.55304e-07
-3.30064e-07
-2.2074e-07
-3.23716e-07
-8.21843e-08
-2.52127e-07
-1.46232e-07
-2.24945e-07
-3.73252e-07
-1.70262e-07
-3.61605e-07
-1.18112e-07
-4.4051e-07
-6.50648e-08
-4.45795e-07
-1.2935e-08
-4.42818e-07
3.09395e-08
-3.80357e-07
6.18738e-08
-2.81449e-07
7.97112e-08
-1.72941e-07
8.60178e-08
-7.19258e-08
8.22292e-08
1.80266e-08
7.08764e-08
8.7886e-08
5.44462e-08
1.37615e-07
3.0268e-08
2.06152e-07
2.59579e-07
-2.40142e-08
9.9756e-08
-7.95894e-08
5.25892e-08
-2.04963e-07
3.97436e-08
-3.01189e-07
8.62929e-08
-3.59805e-07
1.61138e-07
-4.11545e-07
2.43089e-07
-4.34662e-07
2.74227e-07
-4.26901e-07
2.32967e-07
-3.72727e-07
3.12414e-07
-3.10363e-07
3.65701e-07
-3.38436e-07
4.49373e-07
-3.85654e-07
4.28502e-07
-3.22136e-07
2.91786e-07
-3.5818e-07
-1.84696e-07
-3.37962e-07
-1.02403e-07
-2.46441e-07
-2.37753e-07
-2.28406e-07
-3.91286e-07
-1.70482e-07
-4.19529e-07
-1.17325e-07
-4.93668e-07
-6.34907e-08
-4.99629e-07
-1.07062e-08
-4.95602e-07
3.34382e-08
-4.24501e-07
6.40056e-08
-3.12016e-07
8.12588e-08
-1.90195e-07
8.7049e-08
-7.7716e-08
8.28334e-08
2.22422e-08
7.12033e-08
9.95161e-08
5.47052e-08
1.54114e-07
3.04206e-08
2.30437e-07
2.9e-07
1.98647e-08
8.49198e-08
3.27559e-09
6.91784e-08
-7.36079e-08
1.16627e-07
-1.95367e-07
2.08052e-07
-3.21747e-07
2.87517e-07
-4.19495e-07
3.40838e-07
-4.31336e-07
2.86068e-07
-4.17643e-07
2.19274e-07
-4.16203e-07
3.10974e-07
-4.2497e-07
3.74469e-07
-4.19591e-07
4.43994e-07
-3.85751e-07
3.94661e-07
-3.26235e-07
2.3227e-07
-3.61468e-07
-1.49463e-07
-3.43421e-07
-1.2045e-07
-2.62014e-07
-3.19159e-07
-2.26201e-07
-4.271e-07
-1.7168e-07
-4.74049e-07
-1.1627e-07
-5.49078e-07
-6.17069e-08
-5.54192e-07
-8.19419e-09
-5.49115e-07
3.62603e-08
-4.68956e-07
6.63966e-08
-3.42153e-07
8.29818e-08
-2.0678e-07
8.81926e-08
-8.29268e-08
8.34998e-08
2.6935e-08
7.15601e-08
1.11456e-07
5.49914e-08
1.70682e-07
3.05905e-08
2.54838e-07
3.2059e-07
-3.48278e-08
1.19095e-07
-9.57267e-08
1.30077e-07
-1.78005e-07
1.98906e-07
-2.36192e-07
2.66239e-07
-2.45779e-07
2.97104e-07
-2.53772e-07
3.48831e-07
-3.07827e-07
3.40122e-07
-4.12219e-07
3.23665e-07
-4.63406e-07
3.62161e-07
-4.83636e-07
3.94699e-07
-4.78386e-07
4.38743e-07
-4.30998e-07
3.47273e-07
-3.81936e-07
1.83209e-07
-3.70986e-07
-1.60413e-07
-3.2666e-07
-1.64776e-07
-2.82629e-07
-3.63191e-07
-2.23518e-07
-4.86211e-07
-1.72575e-07
-5.24992e-07
-1.15069e-07
-6.06583e-07
-5.96901e-08
-6.09571e-07
-5.3855e-09
-6.03419e-07
3.94174e-08
-5.13759e-07
6.90517e-08
-3.71787e-07
8.48795e-08
-2.22608e-07
8.94461e-08
-8.74934e-08
8.42261e-08
3.2155e-08
7.19441e-08
1.23738e-07
5.53047e-08
1.87322e-07
3.07779e-08
2.79365e-07
3.51368e-07
-1.76574e-08
1.40472e-07
-6.29116e-08
1.75331e-07
-1.20632e-07
2.56627e-07
-2.09379e-07
3.54986e-07
-2.97125e-07
3.8485e-07
-2.92025e-07
3.4373e-07
-2.33324e-07
2.81421e-07
-2.75253e-07
3.65595e-07
-3.97033e-07
4.83942e-07
-5.10734e-07
5.084e-07
-5.46654e-07
4.74663e-07
-5.23537e-07
3.24156e-07
-4.34055e-07
9.37265e-08
-3.73269e-07
-2.21199e-07
-3.2558e-07
-2.12464e-07
-2.84976e-07
-4.03795e-07
-2.25598e-07
-5.45589e-07
-1.72347e-07
-5.78243e-07
-1.13778e-07
-6.65153e-07
-5.74273e-08
-6.65922e-07
-2.18427e-09
-6.58662e-07
4.29234e-08
-5.58866e-07
7.19756e-08
-4.00839e-07
8.69507e-08
-2.37583e-07
9.08078e-08
-9.13504e-08
8.501e-08
3.79527e-08
7.23525e-08
1.36395e-07
5.56445e-08
2.0403e-07
3.0983e-08
3.04026e-07
3.82351e-07
5.36719e-09
1.37071e-07
1.1191e-08
1.69508e-07
3.86007e-08
2.29217e-07
3.02607e-08
3.63326e-07
-9.28611e-08
5.07972e-07
-2.42224e-07
4.93093e-07
-3.41778e-07
3.80975e-07
-3.62029e-07
3.85845e-07
-3.58005e-07
4.79918e-07
-4.41296e-07
5.91691e-07
-5.44843e-07
5.78209e-07
-5.8652e-07
3.65833e-07
-5.27382e-07
3.45885e-08
-4.09551e-07
-3.3903e-07
-3.05594e-07
-3.16421e-07
-2.85797e-07
-4.23592e-07
-2.26228e-07
-6.05159e-07
-1.71594e-07
-6.32876e-07
-1.12299e-07
-7.24448e-07
-5.49188e-08
-7.23302e-07
1.14553e-09
-7.14727e-07
4.6792e-08
-6.04513e-07
7.51731e-08
-4.2922e-07
8.91934e-08
-2.51603e-07
9.22748e-08
-9.44318e-08
8.58484e-08
4.43791e-08
7.27821e-08
1.49462e-07
5.60104e-08
2.20801e-07
3.12061e-08
3.2883e-07
4.13557e-07
-4.81165e-08
1.80994e-07
-6.66643e-08
1.88056e-07
-3.85166e-08
2.01069e-07
2.84166e-08
2.96393e-07
7.71264e-08
4.59262e-07
3.61137e-08
5.34106e-07
-1.3883e-07
5.55919e-07
-3.37615e-07
5.8463e-07
-4.27742e-07
5.70045e-07
-4.21435e-07
5.85384e-07
-4.1958e-07
5.76354e-07
-4.89201e-07
4.35454e-07
-5.25946e-07
7.13343e-08
-4.72496e-07
-3.92481e-07
-3.24739e-07
-4.64178e-07
-2.61881e-07
-4.8645e-07
-2.27477e-07
-6.39563e-07
-1.69556e-07
-6.90797e-07
-1.10567e-07
-7.83437e-07
-5.21445e-08
-7.81724e-07
4.81649e-09
-7.71688e-07
5.10429e-08
-6.50739e-07
7.86499e-08
-4.56827e-07
9.16055e-08
-2.64559e-07
9.38444e-08
-9.66707e-08
8.67379e-08
5.14857e-08
7.32284e-08
1.62971e-07
5.64021e-08
2.37628e-07
3.14475e-08
3.53785e-07
4.45005e-07
-1.31093e-07
3.07541e-07
-2.62517e-07
3.1948e-07
-3.85167e-07
3.23719e-07
-4.53855e-07
3.65082e-07
-4.66657e-07
4.72063e-07
-5.00086e-07
5.67536e-07
-5.28733e-07
5.84565e-07
-5.06732e-07
5.6263e-07
-5.11969e-07
5.75282e-07
-5.61027e-07
6.34442e-07
-5.09477e-07
5.24804e-07
-3.65682e-07
2.91658e-07
-3.62019e-07
6.76715e-08
-4.81463e-07
-2.73036e-07
-3.53145e-07
-5.92496e-07
-2.32518e-07
-6.07077e-07
-2.20485e-07
-6.51595e-07
-1.6653e-07
-7.44752e-07
-1.08263e-07
-8.41705e-07
-4.90754e-08
-8.40911e-07
8.83003e-09
-8.29593e-07
5.56983e-08
-6.97608e-07
8.24117e-08
-4.83541e-07
9.41841e-08
-2.76331e-07
9.55138e-08
-9.80004e-08
8.76755e-08
5.9324e-08
7.36856e-08
1.76961e-07
5.6819e-08
2.54494e-07
3.17076e-08
3.78896e-07
4.76712e-07
-9.19927e-08
3.98699e-07
-2.0145e-07
4.28937e-07
-2.95589e-07
4.17858e-07
-3.44293e-07
4.13785e-07
-3.61315e-07
4.89085e-07
-3.65479e-07
5.71699e-07
-4.09481e-07
6.28568e-07
-5.38104e-07
6.91253e-07
-6.96529e-07
7.33707e-07
-6.97916e-07
6.35829e-07
-6.14196e-07
4.41083e-07
-5.29767e-07
2.0723e-07
-3.58505e-07
-1.0359e-07
-3.70069e-07
-2.61473e-07
-3.43573e-07
-6.18992e-07
-2.37562e-07
-7.13087e-07
-2.01316e-07
-6.87842e-07
-1.61495e-07
-7.84573e-07
-1.0488e-07
-8.9832e-07
-4.5652e-08
-9.00139e-07
1.31596e-08
-8.88405e-07
6.07827e-08
-7.45231e-07
8.64631e-08
-5.09221e-07
9.6927e-08
-2.86795e-07
9.72787e-08
-9.8352e-08
8.86595e-08
6.79431e-08
7.41466e-08
1.91474e-07
5.72607e-08
2.7138e-07
3.19869e-08
4.0417e-07
5.08699e-07
-2.31969e-08
4.2749e-07
-7.76468e-08
4.83387e-07
-1.03564e-07
4.43775e-07
-1.02483e-07
4.12705e-07
-1.25021e-07
5.11624e-07
-1.89783e-07
6.36461e-07
-3.54602e-07
7.93387e-07
-6.31147e-07
9.67798e-07
-7.81168e-07
8.83727e-07
-7.18203e-07
5.72865e-07
-6.1684e-07
3.39721e-07
-6.10051e-07
2.0044e-07
-5.35082e-07
-1.78559e-07
-3.24679e-07
-4.71876e-07
-2.87055e-07
-6.56616e-07
-2.59943e-07
-7.402e-07
-1.79223e-07
-7.68563e-07
-1.53259e-07
-8.10536e-07
-9.99113e-08
-9.51668e-07
-4.17347e-08
-9.58316e-07
1.78097e-08
-9.47949e-07
6.6325e-08
-7.93746e-07
9.08094e-08
-5.33705e-07
9.98275e-08
-2.95813e-07
9.91356e-08
-9.76601e-08
8.9689e-08
7.73898e-08
7.46171e-08
2.06546e-07
5.77266e-08
2.88271e-07
3.22861e-08
4.29611e-07
5.40985e-07
-3.37031e-09
4.3556e-07
-3.00148e-08
5.10032e-07
-6.15253e-08
4.75286e-07
-1.39763e-07
4.90943e-07
-2.97924e-07
6.69784e-07
-5.30995e-07
8.69532e-07
-7.96026e-07
1.05842e-06
-9.06826e-07
1.0786e-06
-9.59975e-07
9.36876e-07
-8.87198e-07
5.00087e-07
-9.09071e-07
3.61594e-07
-6.13559e-07
-9.50723e-08
-5.14973e-07
-2.77145e-07
-4.10077e-07
-5.76772e-07
-2.53855e-07
-8.12838e-07
-2.53974e-07
-7.4008e-07
-1.75834e-07
-8.46703e-07
-1.43361e-07
-8.43009e-07
-9.35864e-08
-1.00144e-06
-3.7105e-08
-1.0148e-06
2.27965e-08
-1.00785e-06
7.23609e-08
-8.4331e-07
9.54555e-08
-5.568e-07
1.02882e-07
-3.03239e-07
1.01079e-07
-9.58574e-08
9.07622e-08
8.77069e-08
7.51089e-08
2.22199e-07
5.82164e-08
3.05163e-07
3.26056e-08
4.55222e-07
5.73591e-07
-2.53491e-08
4.591e-07
-5.89397e-08
5.43622e-07
-1.33991e-07
5.50337e-07
-2.81736e-07
6.38687e-07
-4.68657e-07
8.56705e-07
-6.43663e-07
1.04454e-06
-6.40958e-07
1.05571e-06
-2.70876e-07
7.08516e-07
9.98468e-08
5.66154e-07
2.18144e-07
3.81791e-07
-3.47171e-07
9.26908e-07
-8.96415e-07
4.54172e-07
-5.27101e-07
-6.46459e-07
-2.99195e-07
-8.04678e-07
-3.31635e-07
-7.80398e-07
-2.21538e-07
-8.50177e-07
-1.90152e-07
-8.78089e-07
-1.35458e-07
-8.97703e-07
-8.74832e-08
-1.04942e-06
-3.16405e-08
-1.07064e-06
2.81352e-08
-1.06763e-06
7.89339e-08
-8.94109e-07
1.00406e-07
-5.78272e-07
1.06082e-07
-3.08915e-07
1.03105e-07
-9.28806e-08
9.18777e-08
9.89343e-08
7.56218e-08
2.38455e-07
5.87296e-08
3.22055e-07
3.29463e-08
4.81005e-07
6.06537e-07
-4.4409e-08
5.01855e-07
-8.86749e-08
5.87888e-07
-1.75886e-07
6.37548e-07
-3.16135e-07
7.78937e-07
-4.71664e-07
1.01223e-06
-5.65299e-07
1.13817e-06
-2.70693e-07
7.61107e-07
1.45254e-07
2.9257e-07
2.52792e-07
4.58616e-07
3.73143e-07
2.61439e-07
6.45801e-07
6.54251e-07
3.0557e-09
1.09692e-06
-8.08838e-07
1.65435e-07
-3.41095e-07
-1.27242e-06
-2.66589e-07
-8.54905e-07
-2.09352e-07
-9.07414e-07
-1.93327e-07
-8.94114e-07
-1.30973e-07
-9.60057e-07
-8.35533e-08
-1.09684e-06
-2.56003e-08
-1.12859e-06
3.38156e-08
-1.12704e-06
8.60944e-08
-9.46388e-07
1.05666e-07
-5.97843e-07
1.09417e-07
-3.12667e-07
1.05208e-07
-8.86707e-08
9.30335e-08
1.11108e-07
7.61514e-08
2.55337e-07
5.92655e-08
3.38941e-07
3.3309e-08
5.06961e-07
6.39846e-07
-4.27583e-08
5.45758e-07
-9.93502e-08
6.4448e-07
-1.75682e-07
7.13879e-07
-2.70441e-07
8.73696e-07
-3.44419e-07
1.08621e-06
-2.90723e-07
1.08448e-06
-1.59252e-07
6.29636e-07
-1.17885e-07
2.51202e-07
2.30263e-08
3.17705e-07
2.81449e-07
3.01655e-09
8.90346e-07
4.53536e-08
4.86475e-07
1.50079e-06
-1.22244e-06
1.87435e-06
-8.02925e-07
-1.69194e-06
-1.5269e-07
-1.50514e-06
-2.15713e-07
-8.44391e-07
-1.7858e-07
-9.31247e-07
-1.26098e-07
-1.01254e-06
-8.16307e-08
-1.1413e-06
-1.96105e-08
-1.19061e-06
3.97367e-08
-1.18639e-06
9.38947e-08
-1.00055e-06
1.11241e-07
-6.1519e-07
1.12881e-07
-3.14306e-07
1.07381e-07
-8.31708e-08
9.42274e-08
1.24262e-07
7.66937e-08
2.72871e-07
5.98235e-08
3.55811e-07
3.36946e-08
5.3309e-07
6.73541e-07
-3.73473e-08
5.80699e-07
-8.01719e-08
6.87305e-07
-1.384e-07
7.72107e-07
-1.9068e-07
9.25977e-07
-2.0763e-07
1.10316e-06
-9.37101e-08
9.70557e-07
-6.13863e-09
5.42064e-07
-1.08624e-08
2.55926e-07
1.80576e-07
1.26266e-07
3.60441e-07
-1.76848e-07
4.30533e-07
-2.47388e-08
9.66242e-07
9.6508e-07
1.98421e-06
8.56385e-07
8.30566e-07
-5.3829e-07
-6.64608e-07
-9.96468e-09
-1.79451e-07
-1.32955e-06
-1.64422e-07
-9.46276e-07
-1.16712e-07
-1.06025e-06
-7.85592e-08
-1.17946e-06
-1.41992e-08
-1.25497e-06
4.57275e-08
-1.24632e-06
1.02384e-07
-1.0572e-06
1.17133e-07
-6.29938e-07
1.16463e-07
-3.13637e-07
1.0962e-07
-7.63273e-08
9.54571e-08
1.38424e-07
7.72448e-08
2.91083e-07
6.04031e-08
3.72653e-07
3.41042e-08
5.59389e-07
7.07645e-07
-1.65845e-08
5.94184e-07
-3.03086e-08
7.01029e-07
-6.7466e-08
8.09265e-07
-8.91556e-08
9.47667e-07
-5.61491e-08
1.07015e-06
2.77401e-08
8.86668e-07
6.60609e-08
5.03744e-07
1.29705e-07
1.92282e-07
3.68536e-07
-1.12565e-07
6.7598e-07
-4.84292e-07
9.90623e-07
-3.39381e-07
5.5397e-08
1.90031e-06
-8.69574e-07
1.78136e-06
-9.49571e-07
-4.58291e-07
-4.0195e-07
-5.57584e-07
-2.55856e-07
-1.47564e-06
-1.44397e-07
-1.05773e-06
-1.0392e-07
-1.10073e-06
-7.00526e-08
-1.21332e-06
-8.68019e-09
-1.31635e-06
5.17074e-08
-1.3067e-06
1.11618e-07
-1.11711e-06
1.23343e-07
-6.41663e-07
1.20153e-07
-3.10447e-07
1.11912e-07
-6.80861e-08
9.6718e-08
1.53618e-07
7.78006e-08
3.10001e-07
6.10034e-08
3.8945e-07
3.4539e-08
5.85854e-07
7.42184e-07
-7.13031e-09
6.0304e-07
4.0597e-10
6.93493e-07
-7.77425e-09
8.17445e-07
-7.99907e-09
9.47892e-07
4.08813e-08
1.02127e-06
1.01598e-07
8.25951e-07
1.81842e-07
4.235e-07
3.666e-07
7.52357e-09
3.74312e-07
-1.20277e-07
1.72743e-06
-1.83741e-06
6.78807e-07
7.09243e-07
-1.11869e-06
3.69781e-06
-1.38457e-06
2.04723e-06
-1.34567e-06
-4.97182e-07
-5.6832e-07
-1.33494e-06
-1.11507e-07
-1.93245e-06
-9.17751e-08
-1.07747e-06
-8.51193e-08
-1.10738e-06
-5.11035e-08
-1.24734e-06
-1.01089e-09
-1.36644e-06
5.77644e-08
-1.36548e-06
1.2165e-07
-1.181e-06
1.29867e-07
-6.49879e-07
1.23947e-07
-3.04528e-07
1.14264e-07
-5.84023e-08
9.80112e-08
1.6987e-07
7.83585e-08
3.29653e-07
6.16244e-08
4.06184e-07
3.50002e-08
6.12478e-07
7.77184e-07
4.38418e-09
6.04276e-07
1.63631e-08
6.81514e-07
3.08263e-08
8.02982e-07
7.84762e-08
9.00242e-07
1.29641e-07
9.70109e-07
1.85248e-07
7.70345e-07
2.60111e-07
3.48637e-07
4.26292e-07
-1.58658e-07
5.61361e-07
-2.55347e-07
-3.11689e-07
-9.6436e-07
-1.1348e-06
1.53235e-06
-1.73545e-06
4.29847e-06
-1.46425e-06
1.77604e-06
-1.31753e-06
-6.43902e-07
-1.02101e-06
-1.63146e-06
-1.23924e-06
-1.71422e-06
-8.46235e-07
-1.47047e-06
-1.61333e-07
-1.79229e-06
-1.45812e-08
-1.39409e-06
2.13542e-08
-1.40237e-06
6.4383e-08
-1.40851e-06
1.3258e-07
-1.2492e-06
1.36688e-07
-6.53987e-07
1.2779e-07
-2.9563e-07
1.16627e-07
-4.72389e-08
9.93198e-08
1.87177e-07
7.891e-08
3.50063e-07
6.22621e-08
4.22832e-07
3.54861e-08
6.39254e-07
8.1267e-07
2.33802e-08
5.82838e-07
5.37595e-08
6.51134e-07
1.06901e-07
7.4984e-07
1.41057e-07
8.66086e-07
2.29344e-07
8.81823e-07
3.0675e-07
6.92939e-07
3.53288e-07
3.02098e-07
2.55701e-07
-6.10704e-08
4.33052e-07
-4.32697e-07
-4.94416e-07
-3.6891e-08
-1.31516e-06
2.35309e-06
-1.37736e-06
4.36068e-06
-8.81725e-07
1.2804e-06
-1.22044e-06
-3.05191e-07
-1.3983e-06
-1.4536e-06
-2.00757e-06
-1.10495e-06
-2.46581e-06
-1.01223e-06
-1.51151e-06
-2.74659e-06
-4.80855e-08
-2.85751e-06
5.58004e-08
-1.50626e-06
7.38641e-08
-1.42657e-06
1.44352e-07
-1.31968e-06
1.43784e-07
-6.53419e-07
1.31738e-07
-2.83584e-07
1.19075e-07
-3.45763e-08
1.00689e-07
2.05563e-07
7.94788e-08
3.71274e-07
6.29372e-08
4.39374e-07
3.60704e-08
6.66121e-07
8.4874e-07
4.71941e-08
5.34318e-07
1.08444e-07
5.89884e-07
1.86284e-07
6.72001e-07
2.27143e-07
8.25226e-07
3.53943e-07
7.55023e-07
4.24107e-07
6.22775e-07
4.87915e-07
2.3829e-07
4.68764e-07
-4.19186e-08
6.62125e-08
-3.01455e-08
-8.92796e-07
9.22121e-07
-2.01108e-06
3.47138e-06
-1.25034e-06
3.59995e-06
-6.42627e-07
6.72689e-07
-1.07485e-06
1.2703e-07
-1.37379e-06
-1.15465e-06
-2.28895e-06
-1.89788e-07
-2.86624e-06
-4.34935e-07
-3.4345e-06
-2.17834e-06
-7.9608e-07
-5.49593e-06
1.00439e-07
-2.40278e-06
9.85689e-08
-1.4247e-06
1.57503e-07
-1.37862e-06
1.51258e-07
-6.47174e-07
1.35634e-07
-2.6796e-07
1.2133e-07
-2.02721e-08
1.01777e-07
2.25116e-07
7.97885e-08
3.93262e-07
6.34339e-08
4.55729e-07
3.53719e-08
6.94183e-07
8.84112e-07
4.93857e-08
4.85738e-07
1.04686e-07
5.34584e-07
1.50321e-07
6.26366e-07
2.17423e-07
7.58124e-07
3.50615e-07
6.2183e-07
3.82367e-07
5.91023e-07
3.12559e-07
3.08098e-07
2.49816e-07
2.08244e-08
-1.05838e-06
1.27805e-06
-2.11219e-06
1.97593e-06
-2.68061e-06
4.03979e-06
-1.56341e-06
2.48275e-06
-9.33394e-07
4.26723e-08
-9.24268e-07
1.17905e-07
-1.0288e-06
-1.05013e-06
-1.05952e-06
-1.59068e-07
-7.93774e-07
-7.00678e-07
-1.62343e-07
-2.80977e-06
-1.12086e-07
-5.54619e-06
-2.13464e-07
-2.3014e-06
1.60917e-07
-1.79908e-06
1.71332e-07
-1.38903e-06
1.58661e-07
-6.34503e-07
1.39693e-07
-2.48992e-07
1.24775e-07
-5.35335e-09
1.05144e-07
2.44746e-07
8.24475e-08
4.15959e-07
6.56245e-08
4.72552e-07
5.24163e-08
7.07391e-07
9.36529e-07
3.96974e-08
4.48944e-07
7.90259e-08
4.95255e-07
1.14826e-07
5.90565e-07
2.15599e-07
6.57352e-07
2.91563e-07
5.45866e-07
3.74677e-07
5.07909e-07
2.56304e-07
4.26472e-07
3.52842e-07
-7.57143e-08
-4.97432e-08
1.68064e-06
-1.65683e-06
3.58302e-06
-2.49281e-06
4.87577e-06
-1.5794e-06
1.56935e-06
-1.20057e-06
-3.36158e-07
-7.72705e-07
-3.09957e-07
-8.35155e-07
-9.8768e-07
-7.04258e-07
-2.89969e-07
-7.66239e-07
-6.38696e-07
-1.35273e-06
-2.22327e-06
-1.82104e-06
-5.07788e-06
8.68899e-08
-4.20934e-06
2.01827e-07
-1.91402e-06
1.93009e-07
-1.38021e-06
1.66423e-07
-6.07917e-07
1.44136e-07
-2.26705e-07
1.23484e-07
1.52987e-08
9.83472e-08
2.69883e-07
7.11575e-08
4.43148e-07
6.25661e-08
4.81143e-07
-8.01695e-08
8.50127e-07
8.56359e-07
-1.84003e-07
5.65163e-07
-5.18914e-09
6.74665e-07
-4.27929e-08
5.21144e-07
-5.15556e-08
4.53194e-07
-6.39435e-08
2.81062e-07
-7.53818e-08
2.16593e-08
-8.75392e-08
-2.19498e-07
-1.32635e-07
-5.64126e-07
-6.64396e-07
-8.4452e-07
1.59547e-06
-4.16742e-06
1.3019e-06
-3.92351e-06
8.28188e-07
-4.59044e-06
3.38818e-07
-1.79623e-06
2.2456e-07
-1.02207e-06
3.28413e-07
-7.6945e-07
3.51304e-07
-1.13868e-06
4.60238e-07
-1.14076e-06
5.11557e-07
1.22243e-06
9.90147e-07
2.01192e-06
8.56087e-07
4.61126e-06
6.84397e-07
3.7252e-06
7.83426e-08
1.95439e-06
-5.43629e-08
6.87985e-08
-8.85275e-08
4.27423e-07
-1.11133e-07
5.03145e-07
-1.0886e-07
5.45787e-07
-4.89578e-08
6.00115e-07
-3.09825e-08
5.77831e-07
-1.64097e-08
4.84784e-07
4.31431e-07
1.29545e-09
-3.07878e-07
1.66287e-07
-4.48205e-08
4.11607e-07
-7.38343e-08
5.50158e-07
-7.13091e-08
4.50669e-07
-8.12063e-08
2.90959e-07
-9.55155e-08
3.59685e-08
-1.05557e-07
-2.09457e-07
-2.07016e-07
-4.62668e-07
4.84612e-07
-1.53615e-06
8.81105e-07
-4.56391e-06
3.6196e-07
-3.40437e-06
3.87373e-07
-4.61585e-06
2.2224e-07
-1.6311e-06
1.96912e-07
-9.96746e-07
3.05859e-07
-8.784e-07
3.69675e-07
-1.20249e-06
5.08403e-07
-1.27949e-06
6.15809e-07
1.11503e-06
9.93232e-07
1.6345e-06
1.10862e-06
4.49588e-06
7.5729e-07
4.07653e-06
3.99122e-07
2.31255e-06
1.76606e-07
2.91316e-07
-1.11285e-07
7.15314e-07
-8.16663e-08
4.73526e-07
-1.03258e-07
5.67378e-07
-5.50003e-08
5.51857e-07
-3.09374e-08
5.53768e-07
-1.34807e-08
4.67328e-07
4.15679e-07
2.2718e-09
-5.89803e-07
-2.49059e-07
-2.58179e-07
7.99839e-08
-2.14106e-07
5.06085e-07
-1.71884e-07
4.08447e-07
-1.5252e-07
2.71595e-07
-1.67381e-07
5.08296e-08
-1.61702e-07
-2.15135e-07
-2.70775e-07
-3.53595e-07
-1.1289e-06
-6.78017e-07
6.48224e-07
-6.34104e-06
3.89e-07
-3.14515e-06
1.88294e-07
-4.41515e-06
1.14197e-07
-1.557e-06
1.28408e-07
-1.01096e-06
2.83249e-07
-1.03324e-06
3.90293e-07
-1.30954e-06
5.33535e-07
-1.42274e-06
7.6912e-07
8.79442e-07
1.00411e-06
1.39951e-06
1.31372e-06
4.18626e-06
1.0502e-06
4.34004e-06
-4.14681e-07
3.77744e-06
-1.75955e-06
1.63619e-06
-1.75584e-07
-8.68655e-07
-1.59076e-07
4.57018e-07
-1.35691e-07
5.43993e-07
-7.62504e-08
4.92417e-07
-2.68544e-08
5.04372e-07
-8.6592e-09
4.49132e-07
4.04752e-07
2.26791e-09
-8.02243e-07
-4.55761e-07
-6.29033e-07
-9.32257e-08
-4.90393e-07
3.67444e-07
-3.75835e-07
2.93889e-07
-3.25664e-07
2.21424e-07
-3.21027e-07
4.61932e-08
-2.81403e-07
-2.5476e-07
-2.74437e-07
-3.6056e-07
2.58073e-06
-3.53319e-06
2.50121e-06
-6.26152e-06
7.36663e-07
-1.3806e-06
1.37948e-08
-3.69228e-06
1.28136e-08
-1.55602e-06
8.95878e-08
-1.08773e-06
2.57417e-07
-1.20107e-06
4.03429e-07
-1.45555e-06
5.37856e-07
-1.55717e-06
8.65215e-07
5.52085e-07
9.37587e-07
1.32714e-06
1.30303e-06
3.82082e-06
6.63509e-07
4.97956e-06
-5.21477e-07
4.96243e-06
-8.70155e-07
1.98487e-06
-4.30846e-07
-1.30796e-06
-1.96188e-07
2.2236e-07
-1.17229e-07
4.65035e-07
-8.3908e-08
4.59096e-07
-3.40686e-08
4.54533e-07
-9.10911e-09
4.24173e-07
3.9341e-07
2.23251e-09
-9.1405e-07
-5.57524e-07
-8.47702e-07
-1.59573e-07
-7.54083e-07
2.73825e-07
-6.34792e-07
1.74598e-07
-5.56196e-07
1.42827e-07
-4.97069e-07
-1.2934e-08
-4.60476e-07
-2.91352e-07
5.40169e-07
-1.36121e-06
-1.09531e-07
-2.88349e-06
-2.72358e-07
-6.09869e-06
4.53984e-07
-2.10694e-06
-1.01214e-07
-3.13708e-06
-6.92131e-08
-1.58802e-06
5.26887e-08
-1.20963e-06
2.22303e-07
-1.37069e-06
3.97369e-07
-1.63061e-06
5.26203e-07
-1.686e-06
8.89509e-07
1.88779e-07
7.66774e-07
1.44988e-06
1.20519e-06
3.38241e-06
1.22648e-06
4.95828e-06
6.50493e-07
5.53841e-06
2.07855e-07
2.4275e-06
-4.11891e-07
-6.88219e-07
1.02578e-08
-1.99789e-07
-1.29562e-07
6.04855e-07
-1.46243e-07
4.75776e-07
-6.72953e-08
3.75586e-07
-2.37613e-08
3.80639e-07
3.65522e-07
4.1269e-09
-9.74581e-07
-5.74151e-07
-9.98879e-07
-1.35275e-07
-9.58858e-07
2.33804e-07
-8.59652e-07
7.53924e-08
-7.5998e-07
4.31552e-08
-6.83086e-07
-8.98281e-08
-7.16097e-07
-2.58341e-07
2.22759e-07
-2.30006e-06
-7.31115e-08
-2.58762e-06
-4.9209e-07
-5.67971e-06
6.7537e-08
-2.66656e-06
-1.90198e-07
-2.87935e-06
-1.15219e-07
-1.663e-06
1.95656e-08
-1.34442e-06
1.76992e-07
-1.52811e-06
3.65841e-07
-1.81946e-06
4.96642e-07
-1.8168e-06
8.75113e-07
-1.89691e-07
6.31606e-07
1.69338e-06
1.12667e-06
2.88735e-06
1.83884e-06
4.2461e-06
1.35174e-06
6.02551e-06
6.05709e-07
3.17354e-06
-4.21472e-07
3.38959e-07
-5.02351e-07
-1.18911e-07
-2.29175e-07
3.31679e-07
-1.10803e-07
3.57404e-07
-7.87198e-08
3.43502e-07
-4.52738e-08
3.47193e-07
3.15725e-07
4.52317e-09
-8.45524e-07
-6.32666e-07
-9.39308e-07
-4.14911e-08
-1.07643e-06
3.70921e-07
-9.85615e-07
-1.54181e-08
-8.88862e-07
-5.35979e-08
-8.17516e-07
-1.61174e-07
-6.10143e-07
-4.65714e-07
-5.78685e-08
-2.85234e-06
4.06104e-07
-3.05159e-06
-1.47006e-07
-5.1266e-06
-2.2169e-07
-2.59187e-06
-2.05883e-07
-2.89516e-06
-1.41246e-07
-1.72764e-06
-2.04198e-08
-1.46524e-06
1.25646e-07
-1.67418e-06
3.08325e-07
-2.00214e-06
4.56145e-07
-1.96462e-06
8.36708e-07
-5.70254e-07
6.02081e-07
1.92801e-06
1.11479e-06
2.37464e-06
2.05617e-06
3.30472e-06
1.85042e-06
6.23126e-06
1.1703e-06
3.85366e-06
1.6348e-07
1.34577e-06
-3.54988e-07
3.99557e-07
-3.65667e-07
3.42356e-07
-2.73448e-07
2.65182e-07
-1.70909e-07
2.40961e-07
-8.3267e-08
2.59549e-07
2.57558e-07
-2.50997e-08
-6.2144e-07
-7.65787e-07
-8.03213e-07
1.40282e-07
-1.11865e-06
6.86361e-07
-1.02802e-06
-1.06049e-07
-9.06999e-07
-1.7462e-07
-8.01744e-07
-2.66429e-07
1.48768e-07
-1.41623e-06
2.48484e-07
-2.95205e-06
1.10498e-07
-2.91361e-06
-6.43065e-08
-4.9518e-06
-1.43346e-07
-2.51283e-06
-2.16963e-07
-2.82154e-06
-1.55717e-07
-1.78888e-06
-5.81722e-08
-1.56279e-06
7.36393e-08
-1.80599e-06
2.30004e-07
-2.1585e-06
4.00825e-07
-2.13544e-06
7.34737e-07
-9.04166e-07
7.46916e-07
1.91583e-06
1.20514e-06
1.91641e-06
2.05808e-06
2.45179e-06
2.18121e-06
6.10813e-06
1.69051e-06
4.34436e-06
8.1101e-07
2.22527e-06
1.49123e-07
1.06144e-06
-1.33043e-07
6.24521e-07
-2.2012e-07
3.52257e-07
-2.15266e-07
2.36104e-07
-1.45646e-07
1.89929e-07
1.71959e-07
-6.00447e-08
-4.57433e-07
-8.8752e-07
-7.50608e-07
4.33457e-07
-1.25684e-06
1.19259e-06
-1.09423e-06
-2.6866e-07
-7.83201e-07
-4.85645e-07
-6.53492e-07
-3.96139e-07
-4.35013e-07
-1.6347e-06
-1.58457e-07
-3.22861e-06
-3.62076e-08
-3.03585e-06
-2.35679e-07
-4.75233e-06
-1.73432e-07
-2.57508e-06
-2.24677e-07
-2.77029e-06
-1.62081e-07
-1.85147e-06
-8.2539e-08
-1.64233e-06
2.2747e-08
-1.91128e-06
1.33654e-07
-2.26941e-06
3.06253e-07
-2.30804e-06
5.31355e-07
-1.12927e-06
8.76733e-07
1.57045e-06
1.22792e-06
1.56523e-06
1.78682e-06
1.89289e-06
2.2407e-06
5.65425e-06
2.05868e-06
4.52638e-06
1.38774e-06
2.89621e-06
7.31943e-07
1.71724e-06
3.11576e-07
1.04489e-06
6.02913e-08
6.0354e-07
-5.15205e-08
3.47915e-07
-7.11836e-08
2.09593e-07
1.53168e-07
-5.23894e-08
-3.45621e-07
-9.4762e-07
-7.26947e-07
8.14783e-07
-1.33655e-06
1.8022e-06
-9.64195e-07
-6.41019e-07
-4.43931e-07
-1.00591e-06
-3.7253e-07
-4.67541e-07
-2.0974e-07
-1.79749e-06
2.70915e-08
-3.46544e-06
1.2166e-07
-3.13042e-06
-1.75525e-07
-4.45515e-06
-1.7566e-07
-2.57495e-06
-2.27158e-07
-2.71879e-06
-1.61725e-07
-1.9169e-06
-9.44163e-08
-1.70964e-06
-3.56026e-08
-1.97009e-06
2.04557e-08
-2.32547e-06
1.49081e-07
-2.43667e-06
2.92206e-07
-1.27239e-06
8.19173e-07
1.04348e-06
1.06982e-06
1.31458e-06
1.32244e-06
1.64027e-06
2.11819e-06
4.85849e-06
2.24504e-06
4.39953e-06
1.82757e-06
3.31368e-06
1.26394e-06
2.28088e-06
7.86493e-07
1.52233e-06
4.23573e-07
9.66459e-07
1.89537e-07
5.8195e-07
5.5616e-08
3.43516e-07
2.34417e-07
-2.5632e-08
-2.67585e-07
-9.42347e-07
-6.83751e-07
1.23095e-06
-1.29436e-06
2.4128e-06
-8.23269e-07
-1.11211e-06
-2.18279e-07
-1.6109e-06
-1.63863e-07
-5.21957e-07
-3.7346e-08
-1.92401e-06
4.75016e-08
-3.55029e-06
6.45398e-08
-3.14746e-06
-1.96917e-07
-4.19369e-06
-1.87237e-07
-2.58462e-06
-2.39072e-07
-2.66696e-06
-1.5693e-07
-1.99904e-06
-8.00916e-08
-1.78648e-06
-9.45371e-08
-1.95565e-06
-1.06309e-07
-2.3137e-06
-3.28237e-08
-2.51016e-06
9.78406e-08
-1.40305e-06
5.89164e-07
5.52154e-07
7.70941e-07
1.13281e-06
8.31128e-07
1.58008e-06
1.8237e-06
3.86591e-06
2.22921e-06
3.99403e-06
2.07069e-06
3.4722e-06
1.64188e-06
2.70969e-06
1.17484e-06
1.98937e-06
7.53648e-07
1.38765e-06
4.27215e-07
9.08384e-07
1.89249e-07
5.81484e-07
4.16558e-07
7.1094e-09
-2.1375e-07
-8.92536e-07
-6.01152e-07
1.61835e-06
-1.12624e-06
2.93789e-06
-6.83653e-07
-1.55469e-06
-1.03401e-07
-2.19115e-06
-1.55714e-08
-6.09787e-07
1.00257e-07
-2.03984e-06
9.89868e-08
-3.54902e-06
9.27197e-08
-3.1412e-06
-1.71751e-07
-3.92922e-06
-1.90536e-07
-2.56584e-06
-2.59673e-07
-2.59782e-06
-1.68961e-07
-2.08976e-06
-4.55063e-08
-1.90993e-06
-1.36034e-07
-1.86512e-06
-2.26545e-07
-2.22319e-06
-1.71415e-07
-2.56529e-06
-1.33518e-07
-1.44095e-06
2.19655e-07
1.98981e-07
4.47752e-07
9.0471e-07
4.67519e-07
1.56032e-06
1.41177e-06
2.92166e-06
1.97791e-06
3.42789e-06
2.02259e-06
3.42752e-06
1.74383e-06
2.98845e-06
1.344e-06
2.3892e-06
9.3844e-07
1.7932e-06
5.81239e-07
1.26559e-06
2.84585e-07
8.78139e-07
6.67175e-07
3.39685e-08
-1.66339e-07
-8.27563e-07
-4.69676e-07
1.92169e-06
-8.57221e-07
3.32543e-06
-5.28084e-07
-1.88383e-06
-5.57135e-08
-2.66352e-06
1.14471e-07
-7.79973e-07
2.09418e-07
-2.13479e-06
1.22997e-07
-3.4626e-06
7.12812e-08
-3.08948e-06
-1.97813e-07
-3.66013e-06
-2.19633e-07
-2.54402e-06
-2.93467e-07
-2.52399e-06
-2.45464e-07
-2.13776e-06
-1.81232e-07
-1.97416e-06
-2.11816e-07
-1.83454e-06
-3.1489e-07
-2.12011e-06
-3.73378e-07
-2.5068e-06
-3.4121e-07
-1.47311e-06
-1.93983e-07
5.17549e-08
9.28344e-08
6.17891e-07
3.00004e-07
1.35314e-06
1.03157e-06
2.1901e-06
1.55774e-06
2.90172e-06
1.7178e-06
3.26746e-06
1.5844e-06
3.12185e-06
1.29556e-06
2.67804e-06
9.65456e-07
2.1233e-06
6.3502e-07
1.59602e-06
3.29615e-07
1.18355e-06
9.42974e-07
5.38145e-08
-1.26844e-07
-7.65353e-07
-3.11456e-07
2.1063e-06
-5.24998e-07
3.53897e-06
-3.3584e-07
-2.07299e-06
-2.44496e-08
-2.97491e-06
1.95086e-07
-9.99509e-07
2.75157e-07
-2.21486e-06
1.34897e-07
-3.32233e-06
5.71719e-08
-3.01176e-06
-1.77997e-07
-3.42496e-06
-2.07219e-07
-2.5148e-06
-3.04747e-07
-2.42646e-06
-3.21051e-07
-2.12146e-06
-3.06877e-07
-1.98833e-06
-2.95469e-07
-1.84594e-06
-3.84372e-07
-2.03121e-06
-5.73411e-07
-2.31776e-06
-5.79055e-07
-1.46747e-06
-5.29577e-07
2.27732e-09
-2.29229e-07
3.1754e-07
1.60871e-07
9.63043e-07
6.85009e-07
1.66596e-06
1.06852e-06
2.51821e-06
1.25979e-06
3.07619e-06
1.22884e-06
3.15281e-06
1.04911e-06
2.85777e-06
8.12336e-07
2.36008e-06
5.56198e-07
1.85216e-06
2.96359e-07
1.44338e-06
1.19294e-06
4.63946e-08
-9.60866e-08
-7.12861e-07
-1.48785e-07
2.159e-06
-1.85124e-07
3.57531e-06
-1.15392e-07
-2.14272e-06
1.66744e-08
-3.10698e-06
2.35001e-07
-1.21784e-06
2.9637e-07
-2.27623e-06
1.34517e-07
-3.16048e-06
4.24187e-08
-2.91966e-06
-1.8364e-07
-3.1989e-06
-2.22355e-07
-2.47608e-06
-3.15016e-07
-2.3338e-06
-3.52846e-07
-2.08363e-06
-3.7474e-07
-1.96644e-06
-3.52968e-07
-1.86771e-06
-4.47725e-07
-1.93645e-06
-6.45095e-07
-2.12039e-06
-7.04865e-07
-1.4077e-06
-6.72897e-07
-2.96903e-08
-5.18316e-07
1.62955e-07
-1.6869e-07
6.13416e-07
1.31619e-07
1.36565e-06
4.07301e-07
2.24253e-06
5.87207e-07
2.89629e-06
6.3626e-07
3.10375e-06
5.93508e-07
2.90052e-06
4.96105e-07
2.45748e-06
3.59463e-07
1.9888e-06
1.8948e-07
1.61337e-06
1.37386e-06
8.5556e-09
-7.64543e-08
-6.66874e-07
-1.0087e-08
2.09263e-06
1.18732e-07
3.4465e-06
8.0658e-08
-2.10465e-06
7.21159e-08
-3.09843e-06
2.52588e-07
-1.39831e-06
2.91637e-07
-2.31528e-06
1.28146e-07
-2.99699e-06
2.83392e-08
-2.81985e-06
-1.78585e-07
-2.99197e-06
-2.30101e-07
-2.42457e-06
-3.34002e-07
-2.22989e-06
-3.73405e-07
-2.04423e-06
-4.13337e-07
-1.9265e-06
-4.1865e-07
-1.8624e-06
-5.01852e-07
-1.85325e-06
-7.4288e-07
-1.87936e-06
-9.29955e-07
-1.22062e-06
-8.2709e-07
-1.32556e-07
-7.917e-07
1.27563e-07
-5.93855e-07
4.15572e-07
-4.75793e-07
1.24759e-06
-3.44825e-07
2.11156e-06
-1.59224e-07
2.71069e-06
5.23368e-09
2.93929e-06
1.24864e-07
2.78089e-06
1.78896e-07
2.40345e-06
1.57944e-07
2.00976e-06
7.73255e-08
1.69398e-06
1.47881e-06
-2.76326e-08
-6.78518e-08
-6.19493e-07
1.15087e-07
1.90969e-06
3.51303e-07
3.21028e-06
2.17783e-07
-1.97113e-06
1.23504e-07
-3.00415e-06
2.61416e-07
-1.53622e-06
2.77235e-07
-2.3311e-06
1.17537e-07
-2.83729e-06
8.16127e-09
-2.71048e-06
-1.79567e-07
-2.80425e-06
-2.43412e-07
-2.36073e-06
-3.4801e-07
-2.12529e-06
-4.1539e-07
-1.97685e-06
-4.66679e-07
-1.87521e-06
-4.97844e-07
-1.83124e-06
-5.7183e-07
-1.77926e-06
-8.73961e-07
-1.57723e-06
-1.10017e-06
-9.94416e-07
-1.07303e-06
-1.59699e-07
-1.04738e-06
1.01916e-07
-9.9912e-07
3.67313e-07
-9.86023e-07
1.2345e-06
-8.99297e-07
2.02484e-06
-6.85239e-07
2.49663e-06
-4.26102e-07
2.68016e-06
-1.94149e-07
2.54894e-06
-5.12033e-08
2.26051e-06
-2.96687e-10
1.95885e-06
-1.45753e-08
1.70826e-06
1.52015e-06
-5.59228e-08
-6.40869e-08
-5.66778e-07
1.82616e-07
1.66299e-06
4.91249e-07
2.90165e-06
3.13336e-07
-1.79322e-06
1.68041e-07
-2.85886e-06
2.66961e-07
-1.63514e-06
2.58861e-07
-2.323e-06
1.05672e-07
-2.6841e-06
-1.03016e-08
-2.59451e-06
-2.01035e-07
-2.61351e-06
-2.95562e-07
-2.2662e-06
-3.98195e-07
-2.02266e-06
-4.85422e-07
-1.88962e-06
-5.77112e-07
-1.78352e-06
-6.98711e-07
-1.70964e-06
-8.74119e-07
-1.60385e-06
-1.12051e-06
-1.33084e-06
-1.3534e-06
-7.61529e-07
-1.39727e-06
-1.15831e-07
-1.3934e-06
9.80493e-08
-1.34411e-06
3.18022e-07
-1.22331e-06
1.11371e-06
-1.09725e-06
1.89878e-06
-8.58799e-07
2.25818e-06
-5.6656e-07
2.38792e-06
-3.16454e-07
2.29883e-06
-1.55863e-07
2.09992e-06
-7.82435e-08
1.88123e-06
-5.42026e-08
1.68422e-06
1.51931e-06
-5.33647e-08
-5.99486e-08
-5.08862e-07
2.04633e-07
1.39841e-06
5.56704e-07
2.54958e-06
3.75501e-07
-1.61201e-06
2.05037e-07
-2.6884e-06
2.70274e-07
-1.70038e-06
2.4064e-07
-2.29337e-06
9.38836e-08
-2.53734e-06
-2.52177e-08
-2.47541e-06
-2.19648e-07
-2.41908e-06
-3.31222e-07
-2.15463e-06
-4.43169e-07
-1.91071e-06
-5.67862e-07
-1.76492e-06
-6.96912e-07
-1.65447e-06
-8.66752e-07
-1.5398e-06
-1.08399e-06
-1.38661e-06
-1.33343e-06
-1.0814e-06
-1.51675e-06
-5.78206e-07
-1.60232e-06
-3.02633e-08
-1.66301e-06
1.58744e-07
-1.64244e-06
2.97446e-07
-1.43019e-06
9.01457e-07
-1.17846e-06
1.64704e-06
-8.97089e-07
1.97681e-06
-5.99535e-07
2.09036e-06
-3.62567e-07
2.06187e-06
-1.97683e-07
1.93503e-06
-9.7728e-08
1.78128e-06
-3.71223e-08
1.62361e-06
1.47534e-06
6.84803e-09
-5.34712e-08
-4.47792e-07
2.00313e-07
1.14462e-06
5.74249e-07
2.17564e-06
4.1381e-07
-1.45158e-06
2.34094e-07
-2.50868e-06
2.70776e-07
-1.73706e-06
2.22226e-07
-2.24482e-06
8.17442e-08
-2.39686e-06
-4.33278e-08
-2.35034e-06
-2.24323e-07
-2.23808e-06
-3.54371e-07
-2.02458e-06
-4.73767e-07
-1.79131e-06
-6.22016e-07
-1.61667e-06
-8.02963e-07
-1.47353e-06
-1.00921e-06
-1.33355e-06
-1.23964e-06
-1.15617e-06
-1.47837e-06
-8.42676e-07
-1.67779e-06
-3.78783e-07
-1.76829e-06
6.02366e-08
-1.86788e-06
2.58334e-07
-1.92946e-06
3.59025e-07
-1.7943e-06
7.66296e-07
-1.46886e-06
1.3216e-06
-1.13447e-06
1.64243e-06
-8.22992e-07
1.77888e-06
-5.61155e-07
1.80003e-06
-3.59465e-07
1.73334e-06
-1.95213e-07
1.61702e-06
-5.75133e-08
1.4859e-06
1.35383e-06
6.3992e-08
-4.48591e-08
-3.8649e-07
1.87467e-07
9.12298e-07
5.65973e-07
1.79713e-06
4.33829e-07
-1.31943e-06
2.54864e-07
-2.32972e-06
2.67709e-07
-1.74991e-06
2.03008e-07
-2.18012e-06
6.86727e-08
-2.26253e-06
-5.92626e-08
-2.22241e-06
-2.19869e-07
-2.07747e-06
-3.74018e-07
-1.87043e-06
-5.36363e-07
-1.62896e-06
-7.04773e-07
-1.44827e-06
-8.90888e-07
-1.28741e-06
-1.10864e-06
-1.1158e-06
-1.35687e-06
-9.07937e-07
-1.59167e-06
-6.07886e-07
-1.75535e-06
-2.15094e-07
-1.86065e-06
1.65538e-07
-1.98134e-06
3.79017e-07
-2.10964e-06
4.87321e-07
-2.07515e-06
7.31807e-07
-1.83297e-06
1.07943e-06
-1.52076e-06
1.33021e-06
-1.20037e-06
1.45849e-06
-8.9623e-07
1.4959e-06
-6.16225e-07
1.45334e-06
-3.6638e-07
1.36718e-06
-1.44349e-07
1.26387e-06
1.15258e-06
5.69007e-08
-3.42847e-08
-3.27814e-07
1.75281e-07
7.02733e-07
5.4386e-07
1.42855e-06
4.38559e-07
-1.21413e-06
2.67171e-07
-2.15833e-06
2.6049e-07
-1.74323e-06
1.82813e-07
-2.10245e-06
5.30508e-08
-2.13276e-06
-8.60265e-08
-2.08333e-06
-2.49718e-07
-1.91378e-06
-4.0153e-07
-1.71862e-06
-5.35998e-07
-1.4945e-06
-7.02218e-07
-1.28205e-06
-9.10736e-07
-1.07889e-06
-1.14793e-06
-8.78609e-07
-1.39775e-06
-6.58119e-07
-1.61942e-06
-3.86219e-07
-1.76484e-06
-6.9668e-08
-1.84924e-06
2.49942e-07
-1.93889e-06
4.68658e-07
-2.04956e-06
5.97996e-07
-2.06787e-06
7.50112e-07
-1.92646e-06
9.3802e-07
-1.68183e-06
1.08559e-06
-1.39246e-06
1.16912e-06
-1.08186e-06
1.1853e-06
-7.72823e-07
1.1443e-06
-4.83166e-07
1.07752e-06
-2.23718e-07
1.00442e-06
9.23174e-07
5.68661e-09
-2.21147e-08
-2.74406e-07
1.65325e-07
5.15294e-07
5.12292e-07
1.08159e-06
4.30101e-07
-1.13194e-06
2.70999e-07
-1.99923e-06
2.48873e-07
-1.7211e-06
1.61865e-07
-2.01544e-06
3.77782e-08
-2.00868e-06
-1.04141e-07
-1.94141e-06
-2.57743e-07
-1.76018e-06
-4.24271e-07
-1.55209e-06
-5.89553e-07
-1.32922e-06
-7.6132e-07
-1.11028e-06
-9.4302e-07
-8.97191e-07
-1.14712e-06
-6.74513e-07
-1.36373e-06
-4.41507e-07
-1.55284e-06
-1.97101e-07
-1.68337e-06
6.08562e-08
-1.74279e-06
3.09366e-07
-1.77645e-06
5.0231e-07
-1.80925e-06
6.308e-07
-1.79421e-06
7.35072e-07
-1.68727e-06
8.31082e-07
-1.49987e-06
8.98185e-07
-1.26014e-06
9.29389e-07
-9.9635e-07
9.21513e-07
-7.33978e-07
8.81929e-07
-4.83827e-07
8.27364e-07
-2.49616e-07
7.70208e-07
7.07646e-07
-3.40877e-08
-8.99503e-09
-2.28645e-07
1.56009e-07
3.50291e-07
4.72562e-07
7.65033e-07
4.0999e-07
-1.06937e-06
2.66346e-07
-1.85559e-06
2.32624e-07
-1.68738e-06
1.40399e-07
-1.92322e-06
2.03449e-08
-1.88862e-06
-1.19956e-07
-1.80111e-06
-2.6395e-07
-1.61619e-06
-4.14494e-07
-1.40155e-06
-5.68911e-07
-1.1748e-06
-7.36114e-07
-9.43075e-07
-9.17901e-07
-7.15404e-07
-1.101e-06
-4.91418e-07
-1.27283e-06
-2.69671e-07
-1.41815e-06
-5.17772e-08
-1.51637e-06
1.5907e-07
-1.55446e-06
3.47456e-07
-1.54809e-06
4.9594e-07
-1.51727e-06
5.9998e-07
-1.45312e-06
6.70922e-07
-1.34045e-06
7.18409e-07
-1.18312e-06
7.40859e-07
-9.93896e-07
7.40165e-07
-7.90546e-07
7.18163e-07
-5.88989e-07
6.80371e-07
-3.95589e-07
6.33962e-07
-2.09961e-07
5.8458e-07
5.3356e-07
-3.5874e-08
3.22341e-09
-1.91569e-07
1.45223e-07
2.08293e-07
4.25257e-07
4.84998e-07
3.79212e-07
-1.02332e-06
2.53109e-07
-1.72948e-06
2.11848e-07
-1.64612e-06
1.18723e-07
-1.83009e-06
4.91618e-09
-1.77482e-06
-1.29323e-07
-1.66688e-06
-2.70725e-07
-1.47479e-06
-4.17907e-07
-1.25437e-06
-5.67373e-07
-1.02534e-06
-7.18033e-07
-7.92416e-07
-8.67742e-07
-5.65695e-07
-1.01272e-06
-3.46441e-07
-1.14244e-06
-1.39943e-07
-1.24365e-06
4.94326e-08
-1.30438e-06
2.19799e-07
-1.31758e-06
3.60652e-07
-1.28912e-06
4.67475e-07
-1.22933e-06
5.40191e-07
-1.1422e-06
5.83792e-07
-1.02803e-06
6.04233e-07
-8.92075e-07
6.0491e-07
-7.41864e-07
5.89955e-07
-5.86626e-07
5.62925e-07
-4.34065e-07
5.27808e-07
-2.8843e-07
4.88327e-07
-1.5129e-07
4.47439e-07
4.06742e-07
-2.4472e-08
1.04639e-08
-1.60647e-07
1.31147e-07
8.76104e-08
3.70589e-07
2.45556e-07
3.38231e-07
-9.90961e-07
2.31077e-07
-1.62233e-06
1.86489e-07
-1.60153e-06
9.7255e-08
-1.74086e-06
-8.35387e-09
-1.66921e-06
-1.30604e-07
-1.54463e-06
-2.58052e-07
-1.34734e-06
-3.88975e-07
-1.12345e-06
-5.23366e-07
-8.90948e-07
-6.56635e-07
-6.59148e-07
-7.8439e-07
-4.3794e-07
-8.98109e-07
-2.32721e-07
-9.88714e-07
-4.9337e-08
-1.05206e-06
1.12782e-07
-1.07999e-06
2.4773e-07
-1.07175e-06
3.52409e-07
-1.03107e-06
4.26791e-07
-9.64348e-07
4.73466e-07
-8.77333e-07
4.96776e-07
-7.74688e-07
5.01589e-07
-6.61838e-07
4.92062e-07
-5.44043e-07
4.7216e-07
-4.26319e-07
4.45201e-07
-3.12564e-07
4.14051e-07
-2.05239e-07
3.81001e-07
-1.05543e-07
3.47743e-07
3.15396e-07
-1.41975e-08
1.52706e-08
-1.36427e-07
1.12573e-07
-9.69227e-09
3.08315e-07
4.98151e-08
2.86835e-07
-9.69483e-07
1.99754e-07
-1.53524e-06
1.56484e-07
-1.55826e-06
7.62206e-08
-1.66059e-06
-1.59347e-08
-1.57705e-06
-1.23067e-07
-1.4375e-06
-2.35091e-07
-1.23532e-06
-3.49342e-07
-1.0092e-06
-4.63286e-07
-7.77006e-07
-5.71964e-07
-5.50471e-07
-6.70325e-07
-3.39579e-07
-7.52427e-07
-1.50617e-07
-8.1226e-07
1.04985e-08
-8.47659e-07
1.48182e-07
-8.54742e-07
2.54811e-07
-8.34637e-07
3.32301e-07
-7.91096e-07
3.83248e-07
-7.29149e-07
4.11519e-07
-6.539e-07
4.21527e-07
-5.69942e-07
4.17632e-07
-4.81558e-07
4.0368e-07
-3.92341e-07
3.82943e-07
-3.05182e-07
3.58041e-07
-2.22151e-07
3.31018e-07
-1.44539e-07
3.03388e-07
-7.30082e-08
2.76212e-07
2.50188e-07
-7.79985e-09
1.60585e-08
-1.18561e-07
8.87091e-08
-8.23436e-08
2.37351e-07
-9.88268e-08
2.24171e-07
-9.56304e-07
1.58252e-07
-1.46932e-06
1.21199e-07
-1.52121e-06
5.54792e-08
-1.59487e-06
-1.86723e-08
-1.5029e-06
-1.04301e-07
-1.35187e-06
-1.93479e-07
-1.14614e-06
-2.83681e-07
-9.19002e-07
-3.72035e-07
-6.88653e-07
-4.54047e-07
-4.6846e-07
-5.25264e-07
-2.6836e-07
-5.81009e-07
-9.48702e-08
-6.19483e-07
4.89732e-08
-6.36552e-07
1.6525e-07
-6.32724e-07
2.50981e-07
-6.09897e-07
3.09472e-07
-5.71316e-07
3.44665e-07
-5.20917e-07
3.61119e-07
-4.62551e-07
3.63162e-07
-3.99671e-07
3.54754e-07
-3.35193e-07
3.39201e-07
-2.71406e-07
3.19155e-07
-2.09986e-07
2.9662e-07
-1.52052e-07
2.73082e-07
-9.82573e-08
2.49592e-07
-4.89034e-08
2.26857e-07
2.05317e-07
-4.03232e-09
1.18129e-08
-1.06333e-07
5.81386e-08
-1.2867e-07
1.55574e-07
-1.96262e-07
1.48143e-07
-9.48874e-07
1.04829e-07
-1.42601e-06
7.92148e-08
-1.49559e-06
3.41257e-08
-1.54978e-06
-1.59324e-08
-1.45284e-06
-7.33386e-08
-1.29447e-06
-1.3306e-07
-1.08642e-06
-1.93114e-07
-8.58949e-07
-2.50897e-07
-6.30871e-07
-3.03364e-07
-4.15992e-07
-3.47749e-07
-2.23974e-07
-3.80862e-07
-6.17558e-08
-4.02603e-07
7.07149e-08
-4.10748e-07
1.73394e-07
-4.06031e-07
2.46263e-07
-3.89416e-07
2.92856e-07
-3.63107e-07
3.18355e-07
-3.29667e-07
3.2768e-07
-2.91615e-07
3.2511e-07
-2.51144e-07
3.14282e-07
-2.10061e-07
2.98118e-07
-1.69703e-07
2.78796e-07
-1.31027e-07
2.57942e-07
-9.46462e-08
2.367e-07
-6.09078e-08
2.15852e-07
-2.99568e-08
1.95905e-07
1.77161e-07
-1.80143e-09
3.83717e-09
2.12873e-08
5.81058e-08
5.52734e-08
3.72842e-08
2.82934e-08
1.1248e-08
-7.1708e-09
-2.81161e-08
-4.99539e-08
-7.19046e-08
-9.30826e-08
-1.12619e-07
-1.30044e-07
-1.44711e-07
-1.55322e-07
-1.60698e-07
-1.60237e-07
-1.54489e-07
-1.44435e-07
-1.31252e-07
-1.16053e-07
-9.98277e-08
-8.33406e-08
-6.71706e-08
-5.17094e-08
-3.72045e-08
-2.37889e-08
-1.15129e-08
-3.69031e-10
1.90562e-08
4.31183e-07
3.34427e-08
4.80869e-07
5.13038e-08
5.72704e-07
1.08211e-07
6.00445e-07
1.11621e-07
5.42456e-07
9.69677e-08
5.22562e-07
1.16806e-07
4.06634e-07
3.05296e-07
-2.64204e-07
-2.7731e-08
2.01366e-06
-7.9911e-07
4.3544e-06
-1.06108e-06
5.13774e-06
-7.14876e-07
1.22315e-06
-5.93967e-07
-4.57067e-07
-3.4624e-07
-5.57683e-07
-3.05459e-07
-1.02846e-06
-1.98541e-07
-3.96885e-07
-3.20491e-07
-5.16745e-07
-8.27726e-07
-1.71604e-06
-1.31948e-06
-4.58613e-06
-1.59228e-06
-3.93653e-06
6.57946e-07
-4.16425e-06
1.3246e-07
-8.54728e-07
8.76162e-08
-5.63074e-07
7.5277e-08
-2.14366e-07
6.37905e-08
2.67852e-08
5.14746e-08
2.82199e-07
4.27922e-08
4.51831e-07
5.22221e-09
5.18713e-07
1.83904e-07
6.71445e-07
5.65997e-07
1.80208e-08
4.15434e-07
3.55304e-08
4.63359e-07
6.24234e-08
5.45811e-07
1.10493e-07
5.52376e-07
9.01566e-08
5.62792e-07
1.48192e-07
4.64527e-07
1.41106e-07
4.13719e-07
-3.14314e-07
1.91216e-07
-7.73834e-07
2.47318e-06
-1.01707e-06
4.59765e-06
-9.98754e-07
5.11942e-06
-6.77394e-07
9.01792e-07
-6.21662e-07
-5.128e-07
-3.52116e-07
-8.2723e-07
-3.01993e-07
-1.07858e-06
-1.32912e-07
-5.65966e-07
-1.92034e-07
-4.57622e-07
-3.89953e-07
-1.51812e-06
-3.74717e-07
-4.60136e-06
-8.74506e-07
-3.43674e-06
-4.8334e-07
-4.55542e-06
2.06482e-07
-1.54455e-06
1.05041e-07
-4.61633e-07
9.50432e-08
-2.04367e-07
8.1198e-08
4.06304e-08
7.16791e-08
2.91718e-07
7.43418e-08
4.49168e-07
4.52725e-08
5.47782e-07
3.08429e-07
4.08288e-07
1.67149e-07
1.33328e-08
4.04369e-07
3.13452e-08
4.45347e-07
8.37789e-08
4.93377e-07
1.39714e-07
4.96441e-07
1.73169e-07
5.29337e-07
2.32925e-07
4.0477e-07
6.38719e-07
7.92505e-09
5.73843e-08
7.72551e-07
-1.03659e-06
3.56716e-06
-1.3104e-06
4.87146e-06
-9.08179e-07
4.71719e-06
-7.29105e-07
7.22717e-07
-6.23823e-07
-6.18082e-07
-3.53906e-07
-1.09715e-06
-2.42122e-07
-1.19037e-06
-8.61246e-08
-7.21963e-07
-7.43792e-08
-4.69367e-07
-1.85444e-07
-1.40706e-06
-3.93973e-07
-4.39283e-06
-6.12965e-07
-3.21775e-06
1.16533e-06
-6.33371e-06
2.69932e-07
-6.4915e-07
1.59857e-07
-3.51558e-07
1.66356e-07
-2.10867e-07
1.53102e-07
5.38849e-08
1.73147e-07
2.71672e-07
2.15743e-07
4.06573e-07
2.60003e-07
5.03522e-07
5.92253e-07
7.60387e-08
-2.48477e-07
1.42459e-08
3.92356e-07
3.67183e-08
4.22874e-07
8.88905e-08
4.41205e-07
1.24524e-07
4.60808e-07
2.02591e-07
4.51269e-07
5.35372e-07
7.19897e-08
1.82916e-07
3.6038e-07
-6.29645e-07
1.58511e-06
-1.3879e-06
4.3254e-06
-1.35514e-06
4.8387e-06
-6.94583e-07
4.05664e-06
-7.32824e-07
7.60956e-07
-6.02374e-07
-7.48533e-07
-3.4496e-07
-1.35456e-06
-2.2636e-07
-1.30897e-06
-5.89295e-08
-8.89393e-07
3.5463e-08
-5.63758e-07
-4.86213e-09
-1.36674e-06
-7.33076e-07
-3.66462e-06
-2.49502e-06
-1.4558e-06
-2.56647e-06
-6.26227e-06
2.74979e-07
-3.4906e-06
2.78226e-07
-3.54805e-07
3.19599e-07
-2.5224e-07
3.26989e-07
4.64947e-08
3.77887e-07
2.20775e-07
4.92722e-07
2.91738e-07
6.31967e-07
3.64277e-07
8.06561e-07
-9.85553e-08
-4.56528e-07
3.36717e-08
3.62811e-07
7.78352e-08
3.78711e-07
1.39165e-07
3.79875e-07
1.47811e-07
4.52162e-07
-1.01773e-07
7.00853e-07
8.73669e-08
-1.17149e-07
-2.29682e-07
6.77426e-07
-1.07554e-06
2.43097e-06
-1.74673e-06
4.99659e-06
-1.11937e-06
4.21135e-06
-2.28509e-07
3.16578e-06
-7.12053e-07
1.2445e-06
-5.77344e-07
-8.83244e-07
-2.92681e-07
-1.63922e-06
-1.93888e-07
-1.40776e-06
-5.15133e-08
-1.03177e-06
1.15515e-07
-7.30785e-07
1.19459e-07
-1.37069e-06
-4.53466e-07
-3.09169e-06
2.47482e-07
-2.15675e-06
8.16722e-08
-6.09646e-06
-5.33677e-07
-2.87525e-06
4.56686e-07
-1.34517e-06
4.9606e-07
-2.91613e-07
5.57635e-07
-1.50804e-08
6.37061e-07
1.41349e-07
7.5624e-07
1.72559e-07
8.51609e-07
2.68908e-07
9.15967e-07
-1.62914e-07
-5.55006e-07
5.38629e-08
3.13471e-07
8.3238e-08
3.49336e-07
1.09679e-07
3.53434e-07
1.81951e-07
3.7989e-07
3.63286e-07
5.19519e-07
-1.05328e-08
2.56672e-07
-7.33319e-07
1.40021e-06
-1.64093e-06
3.33859e-06
-2.00487e-06
5.36053e-06
-9.23579e-07
3.13005e-06
1.55832e-08
2.22662e-06
-7.03387e-07
1.96347e-06
-5.97254e-07
-9.89378e-07
-1.85319e-07
-2.05116e-06
-1.34524e-07
-1.45856e-06
-7.28588e-08
-1.09343e-06
1.30573e-07
-9.34216e-07
2.14511e-07
-1.45462e-06
-6.29417e-08
-2.81424e-06
4.93721e-07
-2.71341e-06
7.6994e-08
-5.67973e-06
-2.27997e-07
-2.57026e-06
7.1264e-07
-2.2858e-06
6.82145e-07
-2.61118e-07
7.60351e-07
-9.32871e-08
8.60789e-07
4.09113e-08
9.6031e-07
7.30375e-08
9.99785e-07
2.29433e-07
9.74727e-07
-1.37855e-07
-5.6635e-07
2.716e-08
2.61213e-07
9.68558e-08
2.79641e-07
1.45498e-07
3.04793e-07
1.50421e-07
3.74968e-07
4.56612e-08
6.2428e-07
-5.29121e-07
8.31457e-07
-1.2987e-06
2.16979e-06
-1.99592e-06
4.0358e-06
-2.09957e-06
5.46418e-06
-1.08377e-06
2.11425e-06
-3.49014e-07
1.49186e-06
-6.62927e-07
2.27739e-06
-5.34534e-07
-1.11777e-06
-2.2264e-07
-2.36305e-06
-1.27756e-07
-1.55344e-06
-3.61062e-08
-1.18508e-06
1.2668e-07
-1.097e-06
2.28275e-07
-1.55622e-06
2.31836e-07
-2.8178e-06
1.50895e-07
-2.63247e-06
-3.99965e-07
-5.12887e-06
7.10619e-08
-3.04128e-06
6.20168e-07
-2.83491e-06
8.17308e-07
-4.5826e-07
8.87724e-07
-1.63703e-07
9.85112e-07
-5.64771e-08
1.07838e-06
-2.02349e-08
9.40032e-07
3.67785e-07
8.45881e-07
-4.37028e-08
-6.16868e-07
1.78425e-08
1.83329e-07
6.53101e-08
2.32175e-07
3.73591e-08
3.32745e-07
-1.14848e-07
5.27178e-07
-4.13114e-07
9.22546e-07
-1.07368e-06
1.49202e-06
-1.7439e-06
2.84002e-06
-2.14765e-06
4.43955e-06
-1.96563e-06
5.28217e-06
-1.34967e-06
1.49829e-06
-8.78122e-07
1.02031e-06
-5.68392e-07
1.96766e-06
-3.39483e-07
-1.34668e-06
-3.20043e-07
-2.38249e-06
-1.00719e-07
-1.77277e-06
4.45165e-08
-1.33032e-06
1.41644e-07
-1.19413e-06
2.32465e-07
-1.64704e-06
1.52503e-07
-2.73784e-06
6.15902e-08
-2.54155e-06
-1.24272e-07
-4.94301e-06
-2.42785e-07
-2.92277e-06
-1.33262e-07
-2.94443e-06
8.05806e-07
-1.39733e-06
9.04054e-07
-2.61952e-07
1.0264e-06
-1.78824e-07
1.1285e-06
-1.22336e-07
8.16899e-07
6.79389e-07
6.26793e-07
1.46404e-07
-7.37793e-07
-3.75114e-08
1.68452e-07
-6.94277e-08
2.64091e-07
-1.99337e-07
4.62655e-07
-4.73275e-07
8.0112e-07
-8.91376e-07
1.34065e-06
-1.5131e-06
2.11374e-06
-2.00889e-06
3.33581e-06
-2.09124e-06
4.52189e-06
-1.62763e-06
4.81856e-06
-1.3821e-06
1.25276e-06
-1.11745e-06
7.55664e-07
-4.47895e-07
1.2981e-06
-2.98319e-07
-1.49626e-06
-2.55641e-07
-2.42517e-06
-6.25754e-08
-1.96583e-06
7.55953e-08
-1.4685e-06
1.58461e-07
-1.27699e-06
2.34793e-07
-1.72338e-06
1.79506e-07
-2.68255e-06
2.36293e-07
-2.59833e-06
3.63429e-08
-4.74306e-06
1.55918e-07
-3.04234e-06
4.37295e-07
-3.22581e-06
6.57447e-07
-1.61748e-06
7.68046e-07
-3.7255e-07
1.08773e-06
-4.98509e-07
1.28291e-06
-3.17513e-07
7.7843e-07
1.18387e-06
4.67837e-07
4.56997e-07
-8.4559e-07
-1.06919e-07
2.49739e-07
-2.40153e-07
3.97323e-07
-4.68588e-07
6.91091e-07
-8.20565e-07
1.1531e-06
-1.28285e-06
1.80293e-06
-1.79833e-06
2.62922e-06
-2.09787e-06
3.63535e-06
-1.9169e-06
4.34092e-06
-1.21501e-06
4.11667e-06
-1.18873e-06
1.22648e-06
-1.05253e-06
6.19466e-07
-3.04849e-07
5.50421e-07
-2.22847e-07
-1.57826e-06
-1.98912e-07
-2.4491e-06
-7.64063e-08
-2.08834e-06
5.51424e-08
-1.60005e-06
1.62555e-07
-1.3844e-06
2.31608e-07
-1.79243e-06
1.78944e-07
-2.62989e-06
1.70252e-07
-2.58964e-06
-1.2604e-07
-4.44677e-06
-2.76484e-08
-3.14074e-06
2.11959e-07
-3.46542e-06
3.7658e-07
-1.78211e-06
4.24073e-07
-4.20043e-07
9.48772e-07
-1.02321e-06
1.36972e-06
-7.38463e-07
7.65009e-07
1.78858e-06
3.58757e-07
8.63251e-07
-8.93161e-07
-1.72916e-07
4.29763e-07
-4.02856e-07
6.27261e-07
-7.10338e-07
9.98572e-07
-1.10046e-06
1.54323e-06
-1.53188e-06
2.23434e-06
-1.91185e-06
3.00919e-06
-2.01383e-06
3.73733e-06
-1.64016e-06
3.96726e-06
-8.37527e-07
3.31403e-06
-8.93833e-07
1.28279e-06
-7.73796e-07
4.99429e-07
-1.72726e-07
-5.06474e-08
-1.01317e-07
-1.64967e-06
-1.69005e-07
-2.38141e-06
-1.58897e-07
-2.09844e-06
-8.49605e-09
-1.75045e-06
1.53426e-07
-1.54632e-06
2.36292e-07
-1.8753e-06
1.89291e-07
-2.58289e-06
1.95384e-07
-2.59573e-06
-6.69863e-08
-4.18441e-06
-4.89032e-08
-3.15883e-06
3.81709e-08
-3.55249e-06
1.66188e-07
-1.91012e-06
2.04933e-07
-4.58788e-07
8.08499e-07
-1.62678e-06
1.32682e-06
-1.25678e-06
7.2675e-07
2.38865e-06
2.81171e-07
1.30883e-06
-8.78753e-07
-2.14862e-07
6.78593e-07
-5.05381e-07
9.17777e-07
-8.47772e-07
1.34096e-06
-1.22239e-06
1.91785e-06
-1.57367e-06
2.58563e-06
-1.80334e-06
3.23885e-06
-1.74281e-06
3.67681e-06
-1.27621e-06
3.50066e-06
-5.52651e-07
2.59047e-06
-5.46284e-07
1.27642e-06
-3.57147e-07
3.10292e-07
-6.64109e-10
-4.0713e-07
-5.26313e-08
-1.5977e-06
-1.58193e-07
-2.27586e-06
-1.9675e-07
-2.05989e-06
-4.43243e-08
-1.90288e-06
1.53593e-07
-1.74424e-06
2.49674e-07
-1.97138e-06
1.88749e-07
-2.52196e-06
1.66866e-07
-2.57385e-06
-9.56754e-08
-3.92186e-06
-1.01032e-07
-3.15347e-06
-1.01541e-07
-3.55198e-06
1.63968e-08
-2.02806e-06
1.01525e-07
-5.43917e-07
6.75144e-07
-2.2004e-06
1.15244e-06
-1.73408e-06
6.43399e-07
2.89768e-06
2.26342e-07
1.72589e-06
-8.24031e-07
-2.20065e-07
9.5247e-07
-5.1964e-07
1.21735e-06
-8.39081e-07
1.6604e-06
-1.15156e-06
2.23033e-06
-1.39746e-06
2.83152e-06
-1.49025e-06
3.33163e-06
-1.3261e-06
3.51266e-06
-8.87209e-07
3.06177e-06
-3.46406e-07
2.04967e-06
-2.07414e-07
1.13743e-06
-4.74818e-08
1.50359e-07
8.76777e-08
-5.42291e-07
2.31581e-08
-1.53318e-06
-6.2409e-08
-2.19029e-06
-8.9749e-08
-2.03254e-06
1.41364e-08
-2.00677e-06
1.86602e-07
-1.9167e-06
2.7135e-07
-2.05613e-06
2.15155e-07
-2.46577e-06
1.92515e-07
-2.55121e-06
-7.46214e-08
-3.65473e-06
-1.26002e-07
-3.10209e-06
-2.12467e-07
-3.46551e-06
-1.14217e-07
-2.12631e-06
6.18719e-08
-7.20006e-07
5.25048e-07
-2.66358e-06
8.78412e-07
-2.08744e-06
5.07746e-07
3.26835e-06
1.75844e-07
2.05779e-06
-7.58976e-07
-2.03423e-07
1.20228e-06
-4.5997e-07
1.47389e-06
-7.04222e-07
1.90465e-06
-9.14808e-07
2.44091e-06
-1.04907e-06
2.96578e-06
-1.03781e-06
3.32037e-06
-8.31595e-07
3.30644e-06
-4.88802e-07
2.71899e-06
-1.10482e-07
1.67135e-06
1.47789e-07
8.79165e-07
2.6354e-07
3.46072e-08
1.84036e-07
-4.62791e-07
1.47844e-07
-1.49699e-06
4.81907e-08
-2.09064e-06
5.79748e-08
-2.04233e-06
1.3671e-07
-2.0855e-06
2.35128e-07
-2.01512e-06
2.73466e-07
-2.09447e-06
1.98915e-07
-2.39122e-06
1.70829e-07
-2.52312e-06
-6.13681e-08
-3.42253e-06
-1.38752e-07
-3.0247e-06
-2.79038e-07
-3.32523e-06
-1.94961e-07
-2.21039e-06
3.31627e-08
-9.48131e-07
3.35512e-07
-2.96593e-06
5.40816e-07
-2.29275e-06
3.41131e-07
3.46803e-06
1.3238e-07
2.26655e-06
-7.01333e-07
-1.7517e-07
1.38601e-06
-3.51631e-07
1.65035e-06
-4.9095e-07
2.04396e-06
-5.69829e-07
2.51979e-06
-5.65904e-07
2.96185e-06
-4.57485e-07
3.21194e-06
-2.33233e-07
3.08219e-06
4.76837e-08
2.43807e-06
2.90583e-07
1.42845e-06
5.22485e-07
6.47263e-07
5.6477e-07
-7.67836e-09
5.82047e-07
-4.8007e-07
4.46372e-07
-1.36131e-06
2.43795e-07
-1.88807e-06
2.17504e-07
-2.01604e-06
2.46532e-07
-2.11452e-06
2.74337e-07
-2.04293e-06
2.78464e-07
-2.09859e-06
2.09642e-07
-2.3224e-06
1.74634e-07
-2.48811e-06
-4.75022e-08
-3.2004e-06
-1.3891e-07
-2.93329e-06
-3.00272e-07
-3.16387e-06
-2.34853e-07
-2.27581e-06
-3.51998e-09
-1.17946e-06
1.18383e-07
-3.08783e-06
1.96501e-07
-2.37086e-06
1.67586e-07
3.49695e-06
9.78368e-08
2.3363e-06
-6.57144e-07
-1.35125e-07
1.49349e-06
-2.23834e-07
1.73906e-06
-2.61171e-07
2.0813e-06
-2.19222e-07
2.47784e-06
-7.53601e-08
2.81799e-06
1.51189e-07
2.9854e-06
3.95412e-07
2.83797e-06
5.64771e-07
2.26872e-06
7.10602e-07
1.28262e-06
8.85884e-07
4.71979e-07
8.53981e-07
2.42247e-08
7.78921e-07
-4.05012e-07
5.89432e-07
-1.17182e-06
4.21974e-07
-1.72061e-06
3.81173e-07
-1.97524e-06
3.43637e-07
-2.07699e-06
3.28188e-07
-2.02748e-06
3.07832e-07
-2.07823e-06
2.19018e-07
-2.23359e-06
1.68812e-07
-2.4379e-06
-3.45037e-08
-2.99708e-06
-1.32817e-07
-2.83498e-06
-2.9526e-07
-3.00142e-06
-2.52561e-07
-2.31851e-06
-6.25783e-08
-1.36945e-06
-7.43516e-08
-3.07606e-06
-1.11753e-07
-2.33346e-06
1.58271e-08
3.36937e-06
7.56047e-08
2.27652e-06
-6.2172e-07
-9.65787e-08
1.53415e-06
-1.09473e-07
1.75196e-06
-6.34235e-08
2.03525e-06
7.0954e-08
2.34346e-06
3.04706e-07
2.58424e-06
5.96788e-07
2.69332e-06
8.81449e-07
2.5533e-06
1.00447e-06
2.14569e-06
1.0315e-06
1.25559e-06
1.12133e-06
3.82147e-07
1.11889e-06
2.66601e-08
1.03424e-06
-3.20364e-07
8.29776e-07
-9.67353e-07
6.32455e-07
-1.52329e-06
5.44394e-07
-1.88717e-06
4.51508e-07
-1.9841e-06
3.90349e-07
-1.96632e-06
3.26797e-07
-2.01467e-06
2.29254e-07
-2.13605e-06
1.68335e-07
-2.37698e-06
-1.63399e-08
-2.81241e-06
-1.22454e-07
-2.72887e-06
-2.80418e-07
-2.84346e-06
-2.61706e-07
-2.33723e-06
-1.15397e-07
-1.51576e-06
-2.07385e-07
-2.98407e-06
-3.51776e-07
-2.18907e-06
-1.22295e-07
3.13988e-06
6.61411e-08
2.08809e-06
-5.85223e-07
-4.9366e-08
1.53015e-06
-1.78013e-08
1.72039e-06
7.65485e-08
1.9409e-06
2.54697e-07
2.1653e-06
5.14378e-07
2.32456e-06
8.29747e-07
2.37795e-06
1.11634e-06
2.26671e-06
1.27253e-06
1.9895e-06
1.3341e-06
1.19402e-06
1.36054e-06
3.55706e-07
1.36447e-06
2.27229e-08
1.28456e-06
-2.40448e-07
1.08412e-06
-7.66917e-07
8.79019e-07
-1.31819e-06
7.00126e-07
-1.70828e-06
5.5516e-07
-1.83913e-06
4.57552e-07
-1.86871e-06
3.75956e-07
-1.93307e-06
2.82592e-07
-2.04269e-06
1.91059e-07
-2.28544e-06
4.63071e-09
-2.62598e-06
-1.10869e-07
-2.61337e-06
-2.62046e-07
-2.69228e-06
-2.67669e-07
-2.33161e-06
-1.61353e-07
-1.62207e-06
-3.01365e-07
-2.84406e-06
-4.99403e-07
-1.99103e-06
-2.00569e-07
2.84105e-06
6.26852e-08
1.82483e-06
-5.42096e-07
5.39446e-08
1.48305e-06
1.25503e-07
1.64883e-06
2.43289e-07
1.82311e-06
4.26207e-07
1.98238e-06
6.71336e-07
2.07942e-06
9.59959e-07
2.08933e-06
1.23364e-06
1.99303e-06
1.47996e-06
1.74317e-06
1.662e-06
1.01198e-06
1.71708e-06
3.00618e-07
1.64671e-06
9.30902e-08
1.50729e-06
-1.01025e-07
1.33913e-06
-5.98758e-07
1.12904e-06
-1.10809e-06
8.93088e-07
-1.47233e-06
6.90135e-07
-1.63618e-06
5.44848e-07
-1.72343e-06
4.2318e-07
-1.81141e-06
3.19831e-07
-1.93934e-06
2.1091e-07
-2.17652e-06
1.95832e-08
-2.43466e-06
-9.93994e-08
-2.49439e-06
-2.44269e-07
-2.54741e-06
-2.71404e-07
-2.30447e-06
-1.99822e-07
-1.69365e-06
-3.63655e-07
-2.68022e-06
-5.69666e-07
-1.78502e-06
-2.27781e-07
2.49916e-06
5.94357e-08
1.53762e-06
-4.92354e-07
1.86802e-07
1.36024e-06
3.28099e-07
1.50754e-06
4.95e-07
1.65621e-06
7.06664e-07
1.77071e-06
9.48144e-07
1.83794e-06
1.22411e-06
1.81336e-06
1.52884e-06
1.6883e-06
1.83751e-06
1.4345e-06
2.00353e-06
8.45964e-07
1.96018e-06
3.43962e-07
1.84831e-06
2.04956e-07
1.71686e-06
3.04286e-08
1.51202e-06
-3.93914e-07
1.27834e-06
-8.74402e-07
1.0282e-06
-1.22219e-06
8.01372e-07
-1.40935e-06
6.13037e-07
-1.53509e-06
4.61432e-07
-1.6598e-06
3.42686e-07
-1.82059e-06
2.1491e-07
-2.04875e-06
3.71008e-08
-2.25685e-06
-8.75067e-08
-2.36978e-06
-2.26022e-07
-2.40889e-06
-2.72293e-07
-2.2582e-06
-2.30286e-07
-1.73566e-06
-4.02943e-07
-2.50757e-06
-5.88475e-07
-1.59949e-06
-2.23853e-07
2.13454e-06
5.36287e-08
1.26014e-06
-4.3813e-07
2.58399e-07
1.15874e-06
4.82116e-07
1.28382e-06
7.33318e-07
1.40501e-06
1.00838e-06
1.49565e-06
1.30323e-06
1.54309e-06
1.5972e-06
1.51939e-06
1.88674e-06
1.39876e-06
2.15351e-06
1.16773e-06
2.20955e-06
7.89928e-07
2.07314e-06
4.80371e-07
1.9276e-06
3.50494e-07
1.80491e-06
1.53123e-07
1.63531e-06
-2.24322e-07
1.39441e-06
-6.33503e-07
1.1283e-06
-9.56069e-07
8.92709e-07
-1.17377e-06
6.95557e-07
-1.33794e-06
5.23552e-07
-1.4878e-06
3.62782e-07
-1.65982e-06
2.10552e-07
-1.89651e-06
5.24774e-08
-2.09877e-06
-7.45428e-08
-2.24276e-06
-2.06877e-07
-2.27656e-06
-2.69567e-07
-2.19551e-06
-2.52262e-07
-1.75296e-06
-4.24413e-07
-2.33541e-06
-5.79451e-07
-1.44445e-06
-2.08844e-07
1.76393e-06
4.50552e-08
1.00624e-06
-3.82163e-07
2.36292e-07
9.28137e-07
4.98051e-07
1.02207e-06
7.95102e-07
1.10796e-06
1.10669e-06
1.18406e-06
1.41715e-06
1.23263e-06
1.71032e-06
1.22622e-06
1.96275e-06
1.14633e-06
2.13322e-06
9.97265e-07
2.13707e-06
7.86069e-07
2.01577e-06
6.01676e-07
1.90355e-06
4.62707e-07
1.80773e-06
2.48954e-07
1.65829e-06
-7.48929e-08
1.42943e-06
-4.04637e-07
1.1657e-06
-6.92341e-07
9.13634e-07
-9.21706e-07
6.97386e-07
-1.12169e-06
5.28534e-07
-1.31894e-06
3.94247e-07
-1.52553e-06
2.42847e-07
-1.74511e-06
7.96512e-08
-1.93557e-06
-5.87828e-08
-2.10432e-06
-1.86662e-07
-2.14868e-06
-2.6262e-07
-2.11955e-06
-2.65479e-07
-1.75011e-06
-4.30847e-07
-2.17005e-06
-5.56126e-07
-1.31917e-06
-1.93877e-07
1.40168e-06
3.45404e-08
7.77824e-07
-3.27648e-07
1.83801e-07
7.1025e-07
4.25279e-07
7.80591e-07
6.86742e-07
8.46497e-07
9.62326e-07
9.08469e-07
1.24086e-06
9.54092e-07
1.49958e-06
9.67492e-07
1.70868e-06
9.37234e-07
1.83953e-06
8.66409e-07
1.86621e-06
7.59396e-07
1.82636e-06
6.41527e-07
1.78143e-06
5.07628e-07
1.71735e-06
3.13032e-07
1.58441e-06
5.80459e-08
1.39013e-06
-2.10352e-07
1.16373e-06
-4.65943e-07
9.49099e-07
-7.07078e-07
7.59562e-07
-9.32152e-07
5.83417e-07
-1.14279e-06
4.16977e-07
-1.35909e-06
2.50509e-07
-1.57863e-06
9.79696e-08
-1.78303e-06
-4.33109e-08
-1.96303e-06
-1.65604e-07
-2.02638e-06
-2.51181e-07
-2.03398e-06
-2.69942e-07
-1.73134e-06
-4.24184e-07
-2.01581e-06
-5.23441e-07
-1.21991e-06
-1.81304e-07
1.05954e-06
2.23094e-08
5.74211e-07
-2.77411e-07
1.39286e-07
5.35091e-07
3.30083e-07
5.89797e-07
5.32997e-07
6.43586e-07
7.47351e-07
6.94113e-07
9.65599e-07
7.35842e-07
1.17225e-06
7.60837e-07
1.3469e-06
7.62586e-07
1.4744e-06
7.38909e-07
1.54633e-06
6.87471e-07
1.5766e-06
6.11257e-07
1.58063e-06
5.03592e-07
1.54214e-06
3.51522e-07
1.44299e-06
1.57195e-07
1.29416e-06
-6.1521e-08
1.11601e-06
-2.87799e-07
9.25167e-07
-5.16231e-07
7.36776e-07
-7.43761e-07
5.65784e-07
-9.71794e-07
4.09379e-07
-1.20269e-06
2.57952e-07
-1.4272e-06
1.14509e-07
-1.63959e-06
-2.5346e-08
-1.82318e-06
-1.43937e-07
-1.90779e-06
-2.34992e-07
-1.94292e-06
-2.6567e-07
-1.70067e-06
-4.05766e-07
-1.87572e-06
-4.82711e-07
-1.14297e-06
-1.69692e-07
7.46517e-07
9.02841e-09
3.9549e-07
-2.34034e-07
1.03196e-07
4.07425e-07
2.43223e-07
4.49772e-07
3.94172e-07
4.92638e-07
5.54076e-07
5.34209e-07
7.18494e-07
5.71421e-07
8.79109e-07
6.00221e-07
1.02546e-06
6.16236e-07
1.14873e-06
6.15641e-07
1.2421e-06
5.94094e-07
1.30492e-06
5.48441e-07
1.33518e-06
4.73332e-07
1.32335e-06
3.63349e-07
1.2626e-06
2.17939e-07
1.15944e-06
4.16396e-08
1.02533e-06
-1.53691e-07
8.74943e-07
-3.6584e-07
7.20195e-07
-5.89013e-07
5.65859e-07
-8.17452e-07
4.14117e-07
-1.05095e-06
2.65938e-07
-1.27902e-06
1.24587e-07
-1.49824e-06
-9.40979e-09
-1.68919e-06
-1.21974e-07
-1.79523e-06
-2.14155e-07
-1.85075e-06
-2.52703e-07
-1.66212e-06
-3.76486e-07
-1.75194e-06
-4.34391e-07
-1.08506e-06
-1.56934e-07
4.6906e-07
-3.45065e-09
2.42006e-07
-1.98767e-07
7.75355e-08
3.15694e-07
1.78559e-07
3.4875e-07
2.88322e-07
3.82877e-07
4.05622e-07
4.16908e-07
5.27954e-07
4.49088e-07
6.51175e-07
4.76998e-07
7.69798e-07
4.97611e-07
8.77999e-07
5.07438e-07
9.69737e-07
5.02356e-07
1.04004e-06
4.78139e-07
1.08343e-06
4.29943e-07
1.09351e-06
3.53266e-07
1.06614e-06
2.45305e-07
1.00167e-06
1.06118e-07
9.08526e-07
-6.05526e-08
7.91097e-07
-2.48408e-07
6.59423e-07
-4.57338e-07
5.23029e-07
-6.81054e-07
3.86331e-07
-9.14253e-07
2.54327e-07
-1.14701e-06
1.26686e-07
-1.3706e-06
4.59775e-09
-1.5671e-06
-1.00128e-07
-1.6905e-06
-1.88617e-07
-1.76226e-06
-2.30893e-07
-1.61984e-06
-3.36701e-07
-1.64613e-06
-3.78602e-07
-1.04316e-06
-1.41121e-07
2.31579e-07
-1.06611e-08
1.11546e-07
-1.68882e-07
5.75815e-08
2.50313e-07
1.29698e-07
2.76634e-07
2.08398e-07
3.04178e-07
2.93074e-07
3.32233e-07
3.82453e-07
3.59708e-07
4.74412e-07
3.85039e-07
5.65915e-07
4.06107e-07
6.53153e-07
4.20198e-07
7.31569e-07
4.2394e-07
7.96326e-07
4.13382e-07
8.42185e-07
3.84083e-07
8.6394e-07
3.3151e-07
8.57539e-07
2.51705e-07
8.21593e-07
1.42064e-07
7.60621e-07
4.18922e-10
6.76006e-07
-1.63791e-07
5.74904e-07
-3.56236e-07
4.63727e-07
-5.69874e-07
3.47824e-07
-7.98351e-07
2.32438e-07
-1.03163e-06
1.19984e-07
-1.25815e-06
1.28973e-08
-1.46002e-06
-7.86436e-08
-1.59896e-06
-1.58295e-07
-1.68261e-06
-1.99722e-07
-1.57841e-06
-2.86175e-07
-1.55967e-06
-3.15086e-07
-1.01425e-06
-1.20818e-07
3.73123e-08
-1.54462e-08
6.17379e-09
-1.4518e-07
4.09171e-08
2.05364e-07
9.05368e-08
2.27016e-07
1.44829e-07
2.49887e-07
2.03533e-07
2.7353e-07
2.6602e-07
2.97222e-07
3.31171e-07
3.19886e-07
3.97281e-07
3.39997e-07
4.61983e-07
3.55496e-07
5.22245e-07
3.63676e-07
5.74474e-07
3.61152e-07
6.14654e-07
3.43902e-07
6.38748e-07
3.07415e-07
6.43265e-07
2.47186e-07
6.26227e-07
1.591e-07
5.86571e-07
4.00742e-08
5.29508e-07
-1.06727e-07
4.5654e-07
-2.83268e-07
3.72767e-07
-4.861e-07
2.82921e-07
-7.08504e-07
1.91705e-07
-9.40414e-07
1.02077e-07
-1.16852e-06
1.63917e-08
-1.37434e-06
-5.73554e-08
-1.52521e-06
-1.22643e-07
-1.61732e-06
-1.58346e-07
-1.54271e-06
-2.23997e-07
-1.49402e-06
-2.42569e-07
-9.9568e-07
-9.48607e-08
-1.10395e-07
-1.62269e-08
-7.24605e-08
-1.27447e-07
2.63884e-08
1.77174e-07
5.74563e-08
1.95949e-07
9.14155e-08
2.15929e-07
1.28141e-07
2.36806e-07
1.67302e-07
2.58062e-07
2.08289e-07
2.78899e-07
2.5014e-07
2.98147e-07
2.91488e-07
3.14147e-07
3.30493e-07
3.24669e-07
3.64915e-07
3.26729e-07
3.92164e-07
3.16651e-07
4.09494e-07
2.90082e-07
4.14708e-07
2.4197e-07
4.06523e-07
1.67283e-07
3.84303e-07
6.22934e-08
3.50467e-07
-7.28916e-08
3.05102e-07
-2.37901e-07
2.51575e-07
-4.32572e-07
1.92844e-07
-6.49773e-07
1.32081e-07
-8.79651e-07
7.19753e-08
-1.10842e-06
1.45117e-08
-1.31687e-06
-3.53172e-08
-1.47538e-06
-8.01311e-08
-1.57251e-06
-1.04912e-07
-1.51793e-06
-1.48172e-07
-1.45076e-06
-1.59084e-07
-9.84768e-07
-6.20547e-08
-2.07424e-07
-1.19209e-08
-1.22595e-07
-1.15277e-07
1.07844e-08
2.30929e-08
3.6569e-08
5.11668e-08
6.67561e-08
8.30891e-08
9.97682e-08
1.16204e-07
1.31613e-07
1.44986e-07
1.55235e-07
1.61134e-07
1.61649e-07
1.56372e-07
1.45734e-07
1.30899e-07
1.13201e-07
9.33335e-08
7.18431e-08
4.96549e-08
2.76588e-08
6.6948e-09
-1.1657e-08
-2.85921e-08
-3.72702e-08
-5.51297e-08
-5.94933e-08
-2.26644e-08
-3.86712e-09
)
;

boundaryField
{
    leftWall
    {
        type            calculated;
        value           uniform 0;
    }
    rightWall
    {
        type            calculated;
        value           uniform 0;
    }
    lowerWall
    {
        type            calculated;
        value           uniform 0;
    }
    atmosphere
    {
        type            calculated;
        value           nonuniform List<scalar> 
120
(
4.74558e-07
7.06755e-07
1.00515e-06
1.00894e-06
1.01581e-06
9.91208e-07
9.04039e-07
7.54562e-07
5.79166e-07
4.05721e-07
2.62312e-07
1.63939e-07
1.01367e-07
6.4633e-08
4.35946e-08
3.04671e-08
2.04707e-08
1.13718e-08
2.03288e-09
-7.59932e-09
-1.64426e-08
-2.43916e-08
-3.12932e-08
-3.67656e-08
-4.02994e-08
-4.13858e-08
-3.9491e-08
-3.39241e-08
-2.40408e-08
-9.26691e-09
-1.00904e-07
-1.46121e-07
-2.33079e-07
-9.46042e-07
-1.40802e-06
-1.4866e-06
-1.53274e-06
-1.43442e-06
-1.27352e-06
-1.06459e-06
-8.36999e-07
-6.09692e-07
-3.96455e-07
-2.06548e-07
-4.70884e-08
8.13258e-08
1.78768e-07
2.45801e-07
2.87107e-07
3.08301e-07
3.14497e-07
3.09911e-07
2.98058e-07
2.81631e-07
2.62626e-07
2.4248e-07
2.22194e-07
2.02436e-07
1.83629e-07
1.66017e-07
1.66021e-07
1.83641e-07
2.02454e-07
2.22209e-07
2.42474e-07
2.62567e-07
2.81468e-07
2.9771e-07
3.09259e-07
3.13355e-07
3.064e-07
2.84181e-07
2.41453e-07
1.72559e-07
7.29306e-08
-5.80555e-08
-2.20203e-07
-4.12705e-07
-6.28282e-07
-8.57464e-07
-1.08642e-06
-1.29591e-06
-1.45703e-06
-1.55557e-06
-1.50925e-06
-1.4329e-06
-9.80405e-07
-2.44253e-07
-1.41392e-07
-1.09852e-07
4.74266e-07
7.07277e-07
1.00788e-06
1.01461e-06
1.01444e-06
9.86071e-07
8.96399e-07
7.47717e-07
5.75634e-07
4.06327e-07
2.66763e-07
1.71618e-07
1.10788e-07
7.47355e-08
5.3647e-08
4.0179e-08
2.96419e-08
1.95574e-08
9.69199e-09
-5.96826e-10
-1.09139e-08
-1.99752e-08
-2.7928e-08
-3.43485e-08
-3.87178e-08
-4.05451e-08
-3.91482e-08
-3.39596e-08
-2.40912e-08
-9.29221e-09
)
;
    }
    defaultFaces
    {
        type            empty;
        value           nonuniform 0();
    }
}


// ************************************************************************* //
