/*--------------------------------*- C++ -*----------------------------------*\
| =========                 |                                                 |
| \\      /  F ield         | OpenFOAM: The Open Source CFD Toolbox           |
|  \\    /   O peration     | Version:  2.4.0                                 |
|   \\  /    A nd           | Web:      www.OpenFOAM.org                      |
|    \\/     M anipulation  |                                                 |
\*---------------------------------------------------------------------------*/
FoamFile
{
    version     2.0;
    format      ascii;
    class       volVectorField;
    location    "0.12";
    object      U;
}
// * * * * * * * * * * * * * * * * * * * * * * * * * * * * * * * * * * * * * //

dimensions      [0 1 -1 0 0 0 0];

internalField   nonuniform List<vector> 
3600
(
(-0.00425226 0.000120377 0)
(-0.00698651 -0.000104093 0)
(-0.00169539 -0.000239287 0)
(0.00542407 -0.0002719 0)
(0.0138662 -0.000374132 0)
(0.0234212 -0.000339732 0)
(0.0320651 -0.000317003 0)
(0.0393327 -0.000237385 0)
(0.0459288 -7.37356e-05 0)
(0.0456534 0.000329505 0)
(0.0496048 0.000463376 0)
(0.035136 0.00110045 0)
(0.0366966 0.00115595 0)
(0.019407 0.0020125 0)
(0.00242277 0.00156851 0)
(0.00042458 0.00203569 0)
(-0.0214228 0.00121879 0)
(-0.0254302 0.00024601 0)
(-0.0337302 -0.00258659 0)
(-0.0320833 0.00116512 0)
(-0.0546751 0.00542353 0)
(-0.0645366 -0.000931206 0)
(-0.0439187 -0.00535667 0)
(-0.0364825 -0.00304752 0)
(-0.0193124 -0.00408776 0)
(-0.00963072 -0.00168008 0)
(-0.00815944 0.00532693 0)
(-0.0230488 -0.00115317 0)
(-0.00824535 -0.0203532 0)
(0.0139148 0.00449031 0)
(-0.00733321 0.000692212 0)
(-0.0140678 -0.000130705 0)
(-0.00928185 -0.000812176 0)
(-0.0011669 -0.00107406 0)
(0.00925252 -0.00155017 0)
(0.0218943 -0.00162938 0)
(0.034194 -0.00169613 0)
(0.0453992 -0.00161655 0)
(0.0566413 -0.00109721 0)
(0.0589584 -0.000291391 0)
(0.0710731 0.000747003 0)
(0.0521654 0.00247182 0)
(0.0658809 0.00154146 0)
(0.0477624 0.00730903 0)
(0.026035 0.00359597 0)
(0.035904 0.00534918 0)
(0.00593556 0.00833289 0)
(-0.00780627 0.00528535 0)
(-0.0302264 0.00466634 0)
(-0.0571458 0.00854687 0)
(-0.0731462 0.0108438 0)
(-0.0811669 -0.00304917 0)
(-0.0838252 -0.0123733 0)
(-0.0717414 -0.0139738 0)
(-0.0494758 -0.0194281 0)
(-0.0428356 -0.00822455 0)
(-0.0233649 0.00940451 0)
(-0.0192363 0.00144484 0)
(-0.0176533 -0.0288604 0)
(-0.00213768 0.00814817 0)
(-0.00810415 0.00151814 0)
(-0.0159252 -4.66244e-05 0)
(-0.011558 -0.00133112 0)
(-0.00364491 -0.0018525 0)
(0.00678846 -0.00272852 0)
(0.0196798 -0.00297816 0)
(0.0323684 -0.00318347 0)
(0.0441407 -0.00316604 0)
(0.0561007 -0.00229136 0)
(0.0590262 -0.00130523 0)
(0.0730173 0.000939999 0)
(0.0519034 0.00326805 0)
(0.0735279 0.00105764 0)
(0.0501413 0.0123583 0)
(0.0389914 0.00472977 0)
(0.0468851 0.00754717 0)
(0.0237365 0.0156882 0)
(0.00504419 0.013518 0)
(-0.0138071 0.0175616 0)
(-0.0473073 0.0176582 0)
(-0.0736896 0.0191531 0)
(-0.0900633 0.00699949 0)
(-0.105542 -0.0121639 0)
(-0.0991474 -0.0267921 0)
(-0.086245 -0.0264466 0)
(-0.0756447 -0.0212908 0)
(-0.0421339 -0.00992184 0)
(-0.0215736 -0.0128956 0)
(-0.0148439 -0.0375593 0)
(-0.00632111 -0.0161621 0)
(-0.00832265 0.00235684 0)
(-0.0164108 4.44039e-05 0)
(-0.0120924 -0.00185491 0)
(-0.00423198 -0.00264319 0)
(0.00619885 -0.00391984 0)
(0.0191476 -0.00434789 0)
(0.0318966 -0.0046996 0)
(0.0438225 -0.00475417 0)
(0.0559544 -0.00352363 0)
(0.0590161 -0.00240128 0)
(0.0738711 0.00136389 0)
(0.0489788 0.00340333 0)
(0.0810377 0.000976996 0)
(0.040107 0.0166192 0)
(0.054093 0.00474593 0)
(0.0506597 0.00900156 0)
(0.0344779 0.0228275 0)
(0.0119697 0.0192492 0)
(0.00728437 0.0285501 0)
(-0.0315148 0.033033 0)
(-0.0639439 0.0310008 0)
(-0.0855723 0.0172696 0)
(-0.101306 -0.00651747 0)
(-0.103196 -0.0325489 0)
(-0.0995178 -0.0421209 0)
(-0.0795245 -0.0434537 0)
(-0.0568943 -0.0373119 0)
(-0.0311328 -0.0315841 0)
(-0.0251459 -0.0399786 0)
(-0.00813303 -0.0265032 0)
(-0.00844353 0.00320793 0)
(-0.0166526 0.00014269 0)
(-0.0122902 -0.00237984 0)
(-0.00442052 -0.00343409 0)
(0.00602634 -0.00511313 0)
(0.0190299 -0.00571893 0)
(0.031816 -0.00622471 0)
(0.0438802 -0.00636224 0)
(0.0561488 -0.00476954 0)
(0.0594354 -0.00358132 0)
(0.0747421 0.00212873 0)
(0.0469277 0.00271848 0)
(0.0872769 0.00270414 0)
(0.0223815 0.019566 0)
(0.0709469 0.00250597 0)
(0.0471933 0.0112647 0)
(0.0379366 0.0297099 0)
(0.0189059 0.0231075 0)
(0.0237389 0.0344352 0)
(0.00281604 0.045854 0)
(-0.0357438 0.0429099 0)
(-0.0553262 0.0300843 0)
(-0.0700673 -0.00123388 0)
(-0.0753448 -0.0306801 0)
(-0.0815774 -0.0502756 0)
(-0.0706162 -0.0619327 0)
(-0.0622296 -0.0603317 0)
(-0.0418519 -0.0568725 0)
(-0.0262671 -0.0599797 0)
(-0.0075294 -0.0561538 0)
(-0.00856555 0.00406958 0)
(-0.0168909 0.000241819 0)
(-0.01246 -0.0029099 0)
(-0.00456703 -0.00422627 0)
(0.00589554 -0.00631186 0)
(0.0189557 -0.00709155 0)
(0.0317737 -0.00776172 0)
(0.0439975 -0.00799563 0)
(0.0564019 -0.0060478 0)
(0.0601496 -0.00480539 0)
(0.0751852 0.00302353 0)
(0.0475657 0.00165206 0)
(0.0899716 0.00655653 0)
(0.00776162 0.0207619 0)
(0.0827063 -0.000671769 0)
(0.0299274 0.0164757 0)
(0.0403838 0.0347526 0)
(0.0230874 0.0249887 0)
(0.0271967 0.0358377 0)
(0.0285355 0.0596846 0)
(0.00485795 0.0581119 0)
(-0.00715871 0.0376506 0)
(-0.0171495 0.0123608 0)
(-0.0227598 -0.0180819 0)
(-0.0296987 -0.0446032 0)
(-0.0231786 -0.0609403 0)
(-0.0275192 -0.0698754 0)
(-0.0192836 -0.076673 0)
(-0.0115903 -0.0802439 0)
(-0.00334879 -0.0795542 0)
(-0.00870885 0.00494448 0)
(-0.0171709 0.000342135 0)
(-0.0126555 -0.00344575 0)
(-0.00473294 -0.00501919 0)
(0.00574572 -0.00751517 0)
(0.0188692 -0.00846458 0)
(0.0317199 -0.00931151 0)
(0.044136 -0.00965744 0)
(0.0566845 -0.00737794 0)
(0.0611625 -0.00601914 0)
(0.0750252 0.00380503 0)
(0.0515234 0.000416455 0)
(0.0900294 0.0115285 0)
(0.00485663 0.0205388 0)
(0.0860211 -0.000809863 0)
(0.00598457 0.0211002 0)
(0.049031 0.0349709 0)
(0.0256793 0.0283779 0)
(0.0328386 0.0326598 0)
(0.0442181 0.0591233 0)
(0.0401781 0.0630593 0)
(0.0240076 0.0470514 0)
(0.0155452 0.0120638 0)
(0.0103404 -0.0191693 0)
(0.00182405 -0.0454048 0)
(0.0132576 -0.059725 0)
(0.0144742 -0.0616605 0)
(0.0121956 -0.0698653 0)
(0.00858365 -0.0775674 0)
(0.0039446 -0.0760922 0)
(-0.00887763 0.00583517 0)
(-0.017501 0.000443956 0)
(-0.012885 -0.00398845 0)
(-0.00492687 -0.00581376 0)
(0.00556925 -0.00872287 0)
(0.0187641 -0.00983778 0)
(0.0316496 -0.0108764 0)
(0.0442916 -0.0113531 0)
(0.0570092 -0.00878195 0)
(0.0623984 -0.00713542 0)
(0.0742288 0.00411293 0)
(0.0590018 -0.000608468 0)
(0.0840044 0.0165803 0)
(0.0214733 0.0203937 0)
(0.0795514 0.00154362 0)
(0.00159302 0.0254448 0)
(0.0436859 0.0315893 0)
(0.0260775 0.0289173 0)
(0.0188716 0.0291177 0)
(0.0489158 0.0541653 0)
(0.0610766 0.0685233 0)
(0.0593029 0.0539352 0)
(0.050731 0.0182159 0)
(0.0374708 -0.0102698 0)
(0.021722 -0.0487038 0)
(0.0248998 -0.0723826 0)
(0.0205537 -0.0680634 0)
(0.0184361 -0.0639354 0)
(0.0159685 -0.0642491 0)
(0.00674757 -0.0618665 0)
(-0.0090731 0.00674431 0)
(-0.0178834 0.000547529 0)
(-0.0131499 -0.00453908 0)
(-0.00514978 -0.00660978 0)
(0.00536554 -0.00993628 0)
(0.0186394 -0.0112103 0)
(0.0315607 -0.0124576 0)
(0.0444599 -0.0130905 0)
(0.0574106 -0.0102647 0)
(0.0635888 -0.00812889 0)
(0.073888 0.00360947 0)
(0.0659045 -0.000134309 0)
(0.0703325 0.0195493 0)
(0.0479596 0.0211005 0)
(0.0626129 0.00657836 0)
(0.0137727 0.0286598 0)
(0.0228625 0.0275532 0)
(0.0263447 0.0352987 0)
(0.0100114 0.0259891 0)
(0.040619 0.0365131 0)
(0.0742516 0.0584751 0)
(0.0881338 0.0534141 0)
(0.0710516 0.0329561 0)
(0.0612282 0.00262247 0)
(0.0537368 -0.0352661 0)
(0.0522181 -0.0576482 0)
(0.0348854 -0.0556379 0)
(0.0140899 -0.0616538 0)
(0.00498802 -0.0635199 0)
(0.00420923 -0.0549934 0)
(-0.00929597 0.00767463 0)
(-0.0183192 0.000653055 0)
(-0.0134505 -0.00509881 0)
(-0.0054017 -0.0074062 0)
(0.00513471 -0.011157 0)
(0.0184944 -0.0125808 0)
(0.0314506 -0.014056 0)
(0.0446384 -0.0148805 0)
(0.0578998 -0.0118072 0)
(0.0646234 -0.00916095 0)
(0.0751235 0.00281095 0)
(0.0674194 0.00162518 0)
(0.0645151 0.0196432 0)
(0.0624455 0.0234477 0)
(0.0495953 0.0102584 0)
(0.0270441 0.0358454 0)
(0.0138599 0.028077 0)
(0.0325617 0.0334854 0)
(0.0319671 0.02577 0)
(0.0275905 0.0206385 0)
(0.0631018 0.0413534 0)
(0.0929057 0.0555025 0)
(0.0889992 0.037175 0)
(0.0814871 0.00575423 0)
(0.0714313 -0.0377642 0)
(0.0529387 -0.0585204 0)
(0.0412199 -0.0393376 0)
(0.0207601 -0.0392852 0)
(0.00092814 -0.0563655 0)
(-5.4402e-05 -0.0572654 0)
(-0.00954692 0.00862894 0)
(-0.0188099 0.000760707 0)
(-0.0137867 -0.00566878 0)
(-0.00568257 -0.00820078 0)
(0.00487712 -0.0123882 0)
(0.0183288 -0.0139492 0)
(0.0313155 -0.0156732 0)
(0.0448266 -0.0167321 0)
(0.0584432 -0.0134057 0)
(0.0658082 -0.0103254 0)
(0.0767297 0.0022498 0)
(0.0671067 0.00343393 0)
(0.0705685 0.0188784 0)
(0.0632382 0.0263922 0)
(0.0478123 0.0157267 0)
(0.0298135 0.0402549 0)
(0.0318348 0.0281978 0)
(0.0345928 0.0272108 0)
(0.0465529 0.0281408 0)
(0.0338356 0.0210957 0)
(0.0533874 0.0214836 0)
(0.0898749 0.0414862 0)
(0.0923089 0.0416003 0)
(0.0854056 0.0220845 0)
(0.0930889 -0.0166709 0)
(0.0533617 -0.0339628 0)
(0.0142319 -0.0204305 0)
(0.0209791 -0.0227502 0)
(0.0128563 -0.0379873 0)
(0.00226611 -0.0536999 0)
(-0.0098267 0.00961013 0)
(-0.0193567 0.000870633 0)
(-0.0141587 -0.00625015 0)
(-0.00599245 -0.0089932 0)
(0.00459262 -0.0136311 0)
(0.0181418 -0.0153145 0)
(0.0311516 -0.0173128 0)
(0.0450221 -0.0186505 0)
(0.0590368 -0.0150811 0)
(0.0672609 -0.0115457 0)
(0.0775659 0.00181912 0)
(0.0696562 0.00411604 0)
(0.0781481 0.0195336 0)
(0.0539244 0.0306029 0)
(0.0539714 0.0187466 0)
(0.0318467 0.0396292 0)
(0.0462197 0.0278947 0)
(0.032299 0.0242415 0)
(0.0519097 0.029433 0)
(0.0519946 0.0146875 0)
(0.047103 0.00452829 0)
(0.0684824 0.0289974 0)
(0.080746 0.0366883 0)
(0.0753062 0.0106989 0)
(0.0708748 -0.0095359 0)
(0.0469431 0.00385337 0)
(0.0390829 -0.0064362 0)
(0.0384686 -0.0375877 0)
(0.0136983 -0.0350951 0)
(-0.000583995 -0.0315419 0)
(-0.0101361 0.0106211 0)
(-0.0199612 0.000982944 0)
(-0.0145664 -0.00684416 0)
(-0.00633128 -0.00978517 0)
(0.00428145 -0.0148841 0)
(0.0179324 -0.0166749 0)
(0.0309545 -0.0189788 0)
(0.0452198 -0.0206415 0)
(0.0597148 -0.0168451 0)
(0.0687408 -0.0127398 0)
(0.0781998 0.000970001 0)
(0.0754654 0.00481647 0)
(0.0765283 0.0214375 0)
(0.0524214 0.0337536 0)
(0.0575233 0.0225628 0)
(0.0231936 0.0391356 0)
(0.0610852 0.0306691 0)
(0.0275948 0.0221228 0)
(0.0459997 0.0241975 0)
(0.0505008 0.0255278 0)
(0.0382081 0.017503 0)
(0.0479974 0.0309423 0)
(0.0607158 0.0384696 0)
(0.0720678 0.0192052 0)
(0.0718654 -0.00138428 0)
(0.0618745 -0.0092317 0)
(0.0690607 -0.0136163 0)
(0.0222903 0.0146547 0)
(-0.0131118 0.00529409 0)
(-0.00145509 -0.0330754 0)
(-0.0104762 0.011665 0)
(-0.0206251 0.00109771 0)
(-0.0150101 -0.00745209 0)
(-0.00669884 -0.0105775 0)
(0.0039441 -0.0161474 0)
(0.0176997 -0.0180301 0)
(0.0307201 -0.020674 0)
(0.045417 -0.0227147 0)
(0.0604951 -0.0186787 0)
(0.0700048 -0.0140132 0)
(0.0803079 -0.000238518 0)
(0.079074 0.00582041 0)
(0.0736576 0.0241975 0)
(0.0540887 0.0360496 0)
(0.058931 0.0278786 0)
(0.026571 0.0349578 0)
(0.0577641 0.0281893 0)
(0.0296613 0.0298417 0)
(0.0359559 0.0179254 0)
(0.0538882 0.0124274 0)
(0.054721 -9.59608e-05 0)
(0.0585333 0.0131799 0)
(0.0684691 0.0256472 0)
(0.0648079 0.0074463 0)
(0.0245264 0.000272918 0)
(-0.00574816 0.0154047 0)
(-0.0181743 0.0333848 0)
(-0.0296694 0.0330066 0)
(-0.0114337 -0.0190699 0)
(-0.00371783 -0.0551911 0)
(-0.0108478 0.0127449 0)
(-0.0213502 0.00121497 0)
(-0.0154899 -0.00807531 0)
(-0.00709491 -0.0113705 0)
(0.00358093 -0.0174203 0)
(0.0174422 -0.0193792 0)
(0.0304429 -0.0224021 0)
(0.0456163 -0.0248775 0)
(0.0613328 -0.0205645 0)
(0.0712869 -0.0155016 0)
(0.0834844 -0.0015875 0)
(0.0801686 0.00775684 0)
(0.0714522 0.0260701 0)
(0.0662757 0.0388265 0)
(0.0542529 0.0290815 0)
(0.0348977 0.0380713 0)
(0.0418486 0.0333272 0)
(0.0324568 0.025901 0)
(0.0221477 0.0191168 0)
(0.0185573 0.0193974 0)
(0.00209543 0.0189656 0)
(0.00711941 0.0249849 0)
(0.0178414 0.0335777 0)
(0.0183633 0.0397212 0)
(-0.000964774 0.0416 0)
(-0.0122685 0.025092 0)
(-0.0163861 0.0164575 0)
(-0.0107273 0.00769481 0)
(0.00831321 -0.031163 0)
(0.000813004 -0.0528001 0)
(-0.0112522 0.0138641 0)
(-0.0221386 0.00133468 0)
(-0.016006 -0.00871524 0)
(-0.0075191 -0.012165 0)
(0.00319235 -0.0187032 0)
(0.0171585 -0.0207215 0)
(0.0301177 -0.0241676 0)
(0.0458217 -0.0271328 0)
(0.062164 -0.0225163 0)
(0.0730011 -0.0172925 0)
(0.0863583 -0.00239302 0)
(0.0783105 0.00928858 0)
(0.0833499 0.0261671 0)
(0.0738257 0.0417405 0)
(0.0472197 0.0387595 0)
(0.029099 0.0350838 0)
(0.0365278 0.0308796 0)
(0.0135181 0.0379532 0)
(0.0239668 0.0193085 0)
(0.0247685 0.0204939 0)
(0.029657 0.00580519 0)
(0.0302783 0.0132748 0)
(0.0374558 0.0232948 0)
(0.0598346 0.0268423 0)
(0.0601557 0.0349809 0)
(0.0785255 0.0275931 0)
(0.0687871 0.0256428 0)
(0.0526087 0.0174063 0)
(0.0532357 -0.0137768 0)
(0.0220884 -0.0257345 0)
(-0.0116906 0.0150259 0)
(-0.0229926 0.00145677 0)
(-0.0165586 -0.00937329 0)
(-0.00797107 -0.0129617 0)
(0.00277889 -0.0199962 0)
(0.0168466 -0.0220563 0)
(0.0297391 -0.0259735 0)
(0.0460312 -0.0294775 0)
(0.0629769 -0.0246059 0)
(0.0754318 -0.01904 0)
(0.0856852 -0.00317877 0)
(0.085165 0.00854931 0)
(0.0955525 0.0275195 0)
(0.0609184 0.0458418 0)
(0.0388493 0.0412327 0)
(0.00808892 0.0405545 0)
(-0.00459286 0.0381511 0)
(0.0247987 0.0299295 0)
(0.0374924 0.0155205 0)
(0.0418264 0.0101235 0)
(0.0540325 0.0121244 0)
(0.0248732 0.0132643 0)
(0.0233805 0.0119324 0)
(0.0412669 0.0191853 0)
(0.0570072 0.0242507 0)
(0.0823167 0.0267516 0)
(0.0774055 0.0359706 0)
(0.070032 0.0234683 0)
(0.0543279 0.00984957 0)
(0.0189097 0.0241411 0)
(-0.0121642 0.0162339 0)
(-0.0239146 0.0015811 0)
(-0.0171482 -0.010051 0)
(-0.00845035 -0.0137613 0)
(0.00234104 -0.0212972 0)
(0.0165045 -0.0233829 0)
(0.0293026 -0.0278223 0)
(0.046228 -0.031917 0)
(0.0639473 -0.0268392 0)
(0.0772973 -0.0205208 0)
(0.0845574 -0.00529218 0)
(0.0967138 0.00774987 0)
(0.0891336 0.0342418 0)
(0.0478029 0.0624888 0)
(0.0304244 0.0533939 0)
(0.00686996 0.0441464 0)
(0.0486779 0.0255115 0)
(0.0477481 0.0248834 0)
(0.0475953 0.0171875 0)
(0.0212556 0.0201739 0)
(0.0365221 0.0227051 0)
(0.0203444 0.0419738 0)
(-0.0269708 0.0114709 0)
(-0.0348195 -0.0024396 0)
(-0.00967603 0.00414797 0)
(0.0151462 0.0196604 0)
(0.0294001 0.0320806 0)
(0.0223472 0.0336757 0)
(0.0109327 0.0439528 0)
(0.00260665 0.0576417 0)
(-0.0126746 0.0174915 0)
(-0.0249071 0.00170743 0)
(-0.0177748 -0.0107498 0)
(-0.0089562 -0.0145645 0)
(0.00187939 -0.0226062 0)
(0.0161299 -0.0246998 0)
(0.0288026 -0.0297164 0)
(0.0464122 -0.0344686 0)
(0.0650957 -0.0290999 0)
(0.0772991 -0.0221059 0)
(0.0854761 -0.00789152 0)
(0.0981797 0.00828453 0)
(0.0811157 0.0325735 0)
(0.0533283 0.0519577 0)
(0.0417506 0.0528927 0)
(0.0129471 0.0369661 0)
(0.0373882 0.0261463 0)
(-0.0122678 0.0342245 0)
(-0.0274544 0.0167965 0)
(0.0327847 0.00568352 0)
(0.0289439 0.00302918 0)
(0.0745918 0.0433153 0)
(0.0322928 0.0390807 0)
(-0.0333474 0.00714368 0)
(-0.0613104 -0.0177462 0)
(-0.043785 -0.00376646 0)
(-0.0190122 0.0366739 0)
(-0.0262657 0.0408686 0)
(-0.0184232 0.045619 0)
(-0.00730604 0.0498379 0)
(-0.0132232 0.0188033 0)
(-0.0259731 0.00183555 0)
(-0.0184389 -0.0114715 0)
(-0.00948787 -0.0153725 0)
(0.00139467 -0.0239229 0)
(0.0157203 -0.0260052 0)
(0.0282302 -0.0316604 0)
(0.0466269 -0.0371409 0)
(0.065725 -0.0312761 0)
(0.0739463 -0.0238045 0)
(0.082412 -0.00990104 0)
(0.09151 0.0111356 0)
(0.0867179 0.0564717 0)
(0.029611 0.0872185 0)
(0.033531 0.0639326 0)
(-0.0141597 0.0361557 0)
(0.00559379 0.0338953 0)
(-0.0311703 0.0461054 0)
(0.0256743 0.00302426 0)
(-0.0212232 0.000215925 0)
(0.0579144 0.00384923 0)
(0.0415912 0.0529714 0)
(0.0870133 0.0768065 0)
(0.0320699 0.0587203 0)
(-0.0101325 0.0175712 0)
(-0.0349542 -0.0138819 0)
(-0.0382671 0.0210299 0)
(-0.0351672 0.0351825 0)
(-0.024865 0.02322 0)
(-0.00984331 0.0199967 0)
(-0.0138134 0.0201699 0)
(-0.0271157 0.00196432 0)
(-0.0191406 -0.0122179 0)
(-0.0100446 -0.0161865 0)
(0.000887753 -0.0252458 0)
(0.0152723 -0.0272979 0)
(0.0275701 -0.0336635 0)
(0.046847 -0.0399082 0)
(0.063044 -0.0330239 0)
(0.0635224 -0.024901 0)
(0.0760183 -0.0120815 0)
(0.0957186 0.00420065 0)
(0.11012 0.0292055 0)
(0.162451 0.0505256 0)
(0.0680683 0.0660219 0)
(-0.00818594 0.051567 0)
(0.0164084 0.0296862 0)
(0.0643485 0.0337186 0)
(-0.0162923 0.0100586 0)
(-0.0726939 -0.0173311 0)
(0.0655509 -0.0324903 0)
(0.0272295 0.0278398 0)
(0.0717245 0.0516629 0)
(0.0533294 0.0774228 0)
(0.0354947 0.0390162 0)
(0.00611183 0.0130501 0)
(-0.0271349 0.0256849 0)
(-0.0229043 0.0284389 0)
(-0.0139546 0.00990936 0)
(-0.00668629 0.000661195 0)
(-0.01443 0.0216079 0)
(-0.0283381 0.00209789 0)
(-0.0198803 -0.0129907 0)
(-0.0106254 -0.0170077 0)
(0.000359528 -0.0265726 0)
(0.0147779 -0.0285747 0)
(0.0267893 -0.0357242 0)
(0.0460401 -0.0424466 0)
(0.050055 -0.033206 0)
(0.0456132 -0.0258179 0)
(0.0905688 -0.0200226 0)
(0.0563364 0.00793273 0)
(-0.0798578 0.0580215 0)
(0.0151742 0.102087 0)
(0.0643473 0.0984745 0)
(0.0223159 0.0474888 0)
(-0.0773026 0.0134183 0)
(0.0849013 0.0542537 0)
(-0.0342007 0.05821 0)
(-0.00583683 -0.0384108 0)
(-0.0147208 -0.0356125 0)
(0.0286846 0.0561453 0)
(-0.009335 0.0448871 0)
(0.0504236 0.0847763 0)
(0.0425538 0.0506185 0)
(0.00962508 0.0387816 0)
(-0.00793202 0.0422434 0)
(-0.00379141 0.0284932 0)
(0.00231749 0.00735016 0)
(-0.000187416 -0.00305327 0)
(-0.0152136 0.0230781 0)
(-0.0296435 0.00218119 0)
(-0.0206585 -0.013791 0)
(-0.0112294 -0.0178379 0)
(-0.000189555 -0.0278997 0)
(0.0142068 -0.0298292 0)
(0.0257224 -0.0377218 0)
(0.0390933 -0.0431479 0)
(0.0173491 -0.0315752 0)
(0.0496396 -0.0335531 0)
(0.141282 -0.0150799 0)
(-0.136629 0.0434463 0)
(-0.343324 0.0253958 0)
(-0.126656 0.0348584 0)
(-0.0370969 0.0870451 0)
(-0.0496334 0.0787162 0)
(-0.111301 -0.0010491 0)
(-0.000196973 0.0361163 0)
(-0.0292508 0.0535622 0)
(-0.0366989 -0.0418908 0)
(-0.0016296 -0.0678536 0)
(0.0459629 0.044586 0)
(-0.0362028 0.0318793 0)
(0.00930515 0.0664882 0)
(0.000346098 0.065117 0)
(-0.0131952 0.053035 0)
(-0.00599319 0.0428613 0)
(0.00460048 0.0214065 0)
(0.0112228 0.00862228 0)
(0.00326084 0.00541547 0)
(-0.0152346 0.0247259 0)
(-0.0310419 0.00269341 0)
(-0.0214732 -0.0146262 0)
(-0.0118552 -0.0186793 0)
(-0.000764666 -0.0292243 0)
(0.0134212 -0.0310388 0)
(0.0232605 -0.0389243 0)
(0.0123639 -0.0395281 0)
(-0.0264854 -0.0340872 0)
(0.202233 -0.0568369 0)
(0.260706 0.0213279 0)
(-0.188642 0.0885906 0)
(-0.25326 0.0566743 0)
(-0.216611 0.0179173 0)
(-0.101684 0.0728641 0)
(-0.0476639 0.0733387 0)
(-0.10442 -0.000664749 0)
(-0.0881691 0.0182114 0)
(0.00617934 0.0640563 0)
(0.0339568 -0.0447934 0)
(0.0109483 -0.0735443 0)
(0.0392653 0.0774617 0)
(-0.0727757 0.0600177 0)
(-0.0593593 0.0596897 0)
(-0.0399785 0.0661098 0)
(-0.0395729 0.0452281 0)
(-0.0211253 0.0259153 0)
(-0.00253329 0.00709573 0)
(0.00655049 0.0108724 0)
(0.00081129 0.0156383 0)
(-0.0196264 0.0261397 0)
(-0.0324892 0.00145981 0)
(-0.0223497 -0.0154709 0)
(-0.0125024 -0.0195317 0)
(-0.00141052 -0.0305258 0)
(0.0118232 -0.0320921 0)
(0.0144601 -0.0373462 0)
(-0.0363541 -0.037129 0)
(0.0416106 -0.0672214 0)
(0.476726 -0.0614434 0)
(-0.383971 0.122653 0)
(-0.420201 0.112833 0)
(-0.244042 0.0353024 0)
(-0.224912 -0.0134935 0)
(-0.132002 0.042017 0)
(-0.0541379 0.0799674 0)
(-0.113815 0.00854888 0)
(-0.128913 0.000608841 0)
(-0.0402475 0.0264925 0)
(0.0565318 -0.0467309 0)
(-0.00766932 -0.0600246 0)
(0.0303991 0.0950696 0)
(-0.0871563 0.0816784 0)
(-0.0820199 0.0491589 0)
(-0.0681286 0.0520748 0)
(-0.0611206 0.0309699 0)
(-0.0316509 0.00154349 0)
(-0.0190808 -0.00774699 0)
(-0.00550603 0.0074205 0)
(-0.00189551 0.0184252 0)
(-0.00559946 0.0284266 0)
(-0.0342405 0.00452905 0)
(-0.0231717 -0.0164367 0)
(-0.0131794 -0.020392 0)
(-0.00239579 -0.0317289 0)
(0.00713442 -0.0323262 0)
(-0.0155718 -0.0319972 0)
(-0.0665433 -0.0448129 0)
(0.36443 -0.158091 0)
(1.30023 -0.0362769 0)
(0.510779 0.205573 0)
(-0.548515 0.0703608 0)
(-0.307905 -0.00804124 0)
(-0.258673 -0.0193582 0)
(-0.16796 0.0355967 0)
(-0.0667172 0.062544 0)
(-0.13978 0.0209617 0)
(-0.145911 -0.0102159 0)
(-0.090655 -0.0202055 0)
(-0.020473 -0.0716274 0)
(-0.0701518 -0.0652716 0)
(0.00676867 0.119058 0)
(-0.0757427 0.0972463 0)
(-0.0754894 0.0532312 0)
(-0.0828429 0.0471621 0)
(-0.063904 0.011549 0)
(-0.0353863 -0.0172204 0)
(-0.0316053 -0.0204952 0)
(-0.0157441 -0.00522135 0)
(-0.00523278 0.00841309 0)
(-0.0533926 0.0290472 0)
(-0.0346846 -1.3881e-05 0)
(-0.0243204 -0.0171943 0)
(-0.0139466 -0.0212281 0)
(-0.00498201 -0.0326486 0)
(-0.00668803 -0.030211 0)
(-0.0557084 -0.0339286 0)
(0.230684 -0.088493 0)
(0.232921 -0.236424 0)
(0.165641 0.0311442 0)
(0.522219 0.354816 0)
(-0.486578 0.21827 0)
(-0.347116 -0.0906748 0)
(-0.299134 -0.0614987 0)
(-0.21231 -0.00610969 0)
(-0.124352 0.0671554 0)
(-0.12285 0.0295962 0)
(-0.162565 -0.0108849 0)
(-0.107904 -0.0326724 0)
(-0.092485 -0.0802956 0)
(-0.129425 -0.0684526 0)
(-0.0167539 0.122125 0)
(-0.0778312 0.118459 0)
(-0.08536 0.0660962 0)
(-0.0715184 0.0432043 0)
(-0.054004 -0.00627254 0)
(-0.0362611 -0.0283018 0)
(-0.0323075 -0.0298328 0)
(-0.0205334 -0.0199456 0)
(-0.00744942 -0.00837871 0)
(0.0509289 0.0329835 0)
(-0.0381417 0.00512205 0)
(-0.0251007 -0.018535 0)
(-0.0152671 -0.0219132 0)
(-0.0137936 -0.0325958 0)
(-0.0396613 -0.0257392 0)
(-0.0612888 -0.0525763 0)
(0.190492 -0.0579001 0)
(0.823551 -0.187958 0)
(0.0632603 -0.0181648 0)
(0.543876 0.405599 0)
(-0.346982 0.366345 0)
(-0.366758 0.0141841 0)
(-0.395364 0.000706612 0)
(-0.239072 -0.00121053 0)
(-0.159956 0.0377232 0)
(-0.127729 0.0339249 0)
(-0.146726 -0.00917663 0)
(-0.125085 -0.0407675 0)
(-0.124673 -0.0786998 0)
(-0.170747 -0.0723157 0)
(-0.0691416 0.11408 0)
(-0.102318 0.127363 0)
(-0.0941314 0.047695 0)
(-0.051686 0.0352407 0)
(-0.0400976 -0.0226518 0)
(-0.0349829 -0.0331906 0)
(-0.0251221 -0.0393187 0)
(-0.0186903 -0.0330858 0)
(-0.00562126 -0.0265351 0)
(-0.114008 0.0313447 0)
(-0.0245179 0.00203904 0)
(-0.0276808 -0.0186639 0)
(-0.0197042 -0.0219885 0)
(-0.0410615 -0.0297214 0)
(-0.0948839 -0.0283221 0)
(0.3504 -0.0807506 0)
(0.428296 -0.183751 0)
(0.0625185 -0.253991 0)
(-0.0700199 0.013753 0)
(0.554041 0.419021 0)
(-0.234309 0.393509 0)
(-0.326373 -0.086824 0)
(-1.097 -0.0544288 0)
(-0.241892 -0.0716502 0)
(-0.197121 0.0117617 0)
(-0.152637 0.0210937 0)
(-0.128901 -0.00654088 0)
(-0.119365 -0.0361463 0)
(-0.170465 -0.0777209 0)
(-0.211777 -0.0796599 0)
(-0.127845 0.0943094 0)
(-0.102402 0.13102 0)
(-0.11113 0.0210551 0)
(-0.0196695 0.0197769 0)
(-0.0383066 -0.0264613 0)
(-0.0187868 -0.0388517 0)
(-0.0143723 -0.0463234 0)
(-0.0115149 -0.0432158 0)
(-0.00288898 -0.041856 0)
(0.0361916 0.0375442 0)
(-0.0358517 0.00172859 0)
(-0.0328608 -0.0192183 0)
(-0.0396184 -0.0195678 0)
(-0.113859 -0.0250764 0)
(-0.0196634 -0.0647618 0)
(0.497641 -0.0977078 0)
(0.665393 -0.0889205 0)
(0.255107 -0.111397 0)
(-0.135579 -0.0459346 0)
(0.554991 0.411703 0)
(-0.0447781 0.477361 0)
(-0.274952 0.0818886 0)
(-0.506116 0.0582421 0)
(-0.300177 -0.272424 0)
(-0.199072 0.00901878 0)
(-0.166218 0.00671765 0)
(-0.161846 -0.0187244 0)
(-0.149678 -0.0165205 0)
(-0.188083 -0.0481518 0)
(-0.235397 -0.0755987 0)
(-0.168488 0.0562757 0)
(-0.102386 0.117336 0)
(-0.152814 -0.0329323 0)
(0.0219477 -0.00801081 0)
(-0.0341815 -0.0246643 0)
(-0.00129054 -0.0542179 0)
(-0.00434071 -0.0470973 0)
(-0.00164197 -0.046942 0)
(0.00169877 -0.0505675 0)
(-0.0161173 0.00493813 0)
(0.00521584 -0.0213553 0)
(0.0222333 -0.00197077 0)
(0.00680364 0.00500538 0)
(0.00984898 -0.00219104 0)
(0.019694 -0.0042046 0)
(0.0373966 -0.00290911 0)
(0.0447072 -0.00519579 0)
(0.0647662 -0.000988774 0)
(0.0552503 0.00536875 0)
(0.0330996 0.00117878 0)
(0.0344717 -0.00246493 0)
(0.0259643 0.000280705 0)
(0.0216137 0.00128036 0)
(-0.000448764 0.00207014 0)
(-0.00275823 0.0016007 0)
(-0.0195567 0.00199325 0)
(-0.0365043 0.00112637 0)
(-0.0350333 0.001128 0)
(-0.0498618 0.000491556 0)
(-0.0463154 0.000338264 0)
(-0.046395 -9.08248e-05 0)
(-0.0396328 -0.000247168 0)
(-0.0322151 -0.00032389 0)
(-0.0234891 -0.000342668 0)
(-0.0138878 -0.000375765 0)
(-0.00542328 -0.00027225 0)
(0.00169356 -0.000239199 0)
(0.0069739 -0.000103839 0)
(0.00424694 0.000120224 0)
(0.00223841 0.0100441 0)
(0.0176816 -0.0297839 0)
(0.0191569 0.000142963 0)
(0.022752 0.00885303 0)
(0.0433031 -0.00922323 0)
(0.0500086 -0.0201508 0)
(0.0722508 -0.0140347 0)
(0.0849124 -0.0120566 0)
(0.0818662 -0.00289153 0)
(0.074369 0.0106633 0)
(0.0581156 0.00836519 0)
(0.0312733 0.00484395 0)
(0.00821486 0.00544183 0)
(-0.00584473 0.00848632 0)
(-0.0360634 0.00546953 0)
(-0.0264638 0.00360146 0)
(-0.0477119 0.00723094 0)
(-0.0656096 0.0014556 0)
(-0.0520021 0.00256949 0)
(-0.0712684 0.000851532 0)
(-0.0597075 -0.000254008 0)
(-0.057117 -0.00115453 0)
(-0.0457243 -0.00164586 0)
(-0.0343562 -0.00171857 0)
(-0.0219732 -0.00163866 0)
(-0.00928492 -0.00155518 0)
(0.00115757 -0.00107529 0)
(0.00926567 -0.000811374 0)
(0.0140404 -0.000130386 0)
(0.00732414 0.000691041 0)
(0.0049426 -0.0148136 0)
(0.014343 -0.0388759 0)
(0.021363 -0.0137661 0)
(0.0422408 -0.0105081 0)
(0.0761375 -0.0223733 0)
(0.087038 -0.0273715 0)
(0.0998503 -0.0268677 0)
(0.10642 -0.0121456 0)
(0.091749 0.00681852 0)
(0.0751155 0.0188905 0)
(0.0480415 0.0177066 0)
(0.0150459 0.0178024 0)
(-0.00455189 0.0139128 0)
(-0.0238666 0.0159497 0)
(-0.046919 0.00772767 0)
(-0.0395215 0.00472831 0)
(-0.0497709 0.0122029 0)
(-0.0732838 0.000943827 0)
(-0.0517141 0.00343422 0)
(-0.0732268 0.00112714 0)
(-0.0597975 -0.00123729 0)
(-0.0565795 -0.00239282 0)
(-0.0444613 -0.00321374 0)
(-0.0325291 -0.00322111 0)
(-0.0197588 -0.00299317 0)
(-0.00682313 -0.00273711 0)
(0.00363297 -0.00185425 0)
(0.011539 -0.00132945 0)
(0.0158948 -4.63987e-05 0)
(0.00809442 0.00151558 0)
(0.00868289 -0.0256631 0)
(0.026551 -0.0420189 0)
(0.0313126 -0.0334137 0)
(0.0574914 -0.0384229 0)
(0.0798139 -0.0447355 0)
(0.0995638 -0.0433604 0)
(0.103738 -0.0326674 0)
(0.102343 -0.00670239 0)
(0.0869916 0.0173133 0)
(0.0654897 0.0311088 0)
(0.0326995 0.0329443 0)
(-0.00584938 0.0288576 0)
(-0.0118429 0.0199167 0)
(-0.0343709 0.0231721 0)
(-0.0509159 0.00922866 0)
(-0.0546367 0.00466537 0)
(-0.039443 0.0163803 0)
(-0.0807462 0.000861815 0)
(-0.0487929 0.00364323 0)
(-0.0740789 0.00163809 0)
(-0.0598163 -0.00230268 0)
(-0.0564442 -0.00367318 0)
(-0.0441375 -0.00481985 0)
(-0.0320553 -0.00475252 0)
(-0.0192248 -0.00436834 0)
(-0.00623304 -0.00393228 0)
(0.00422016 -0.00264518 0)
(0.0120732 -0.00185256 0)
(0.0163797 4.45589e-05 0)
(0.00831269 0.00235287 0)
(0.00830835 -0.0560693 0)
(0.0269666 -0.060657 0)
(0.0419252 -0.0576776 0)
(0.0622303 -0.0611631 0)
(0.0703177 -0.0628922 0)
(0.0809515 -0.0514334 0)
(0.075574 -0.0313821 0)
(0.0712375 -0.0020712 0)
(0.0568502 0.0294283 0)
(0.0383975 0.0431383 0)
(-0.000966294 0.0458734 0)
(-0.0226497 0.0351086 0)
(-0.0185005 0.0239239 0)
(-0.037886 0.0301444 0)
(-0.0471673 0.0116364 0)
(-0.0717923 0.00225922 0)
(-0.0214968 0.0192178 0)
(-0.0868437 0.00261885 0)
(-0.0467541 0.00304506 0)
(-0.0749524 0.00248797 0)
(-0.0602758 -0.00344946 0)
(-0.0566554 -0.00497278 0)
(-0.0441873 -0.00644532 0)
(-0.0319719 -0.00629294 0)
(-0.0191044 -0.00574455 0)
(-0.00605952 -0.00512927 0)
(0.00440941 -0.0034365 0)
(0.0122712 -0.00237682 0)
(0.0166212 0.000142778 0)
(0.00843338 0.00320254 0)
(0.00449647 -0.0796076 0)
(0.0124706 -0.0805657 0)
(0.0198622 -0.0773977 0)
(0.0275504 -0.0704682 0)
(0.0228659 -0.0616935 0)
(0.0294627 -0.0459213 0)
(0.0231545 -0.0191497 0)
(0.0176609 0.0115876 0)
(0.00865567 0.0370988 0)
(-0.00275402 0.0577648 0)
(-0.0267068 0.060116 0)
(-0.0263379 0.0368381 0)
(-0.0224714 0.0260559 0)
(-0.0404372 0.0352419 0)
(-0.0298716 0.0169523 0)
(-0.0836942 -0.00088308 0)
(-0.00720846 0.0201979 0)
(-0.0893504 0.00649741 0)
(-0.0473897 0.00208565 0)
(-0.0754107 0.00347062 0)
(-0.0610397 -0.00463782 0)
(-0.0569303 -0.0063122 0)
(-0.0442937 -0.00809522 0)
(-0.0319259 -0.00784542 0)
(-0.0190271 -0.00712217 0)
(-0.0059275 -0.00633149 0)
(0.00455691 -0.00422906 0)
(0.012441 -0.00290602 0)
(0.0168592 0.000241865 0)
(0.00855519 0.00406275 0)
(-0.000793492 -0.0759071 0)
(-0.0063856 -0.0774526 0)
(-0.011053 -0.0697683 0)
(-0.0144005 -0.0616506 0)
(-0.0130405 -0.0604234 0)
(-0.00169482 -0.04687 0)
(-0.00942851 -0.0202981 0)
(-0.0148538 0.0101183 0)
(-0.0226335 0.0458927 0)
(-0.0382783 0.0631772 0)
(-0.0428421 0.0597207 0)
(-0.0325366 0.033743 0)
(-0.0252941 0.0294877 0)
(-0.0489457 0.0356396 0)
(-0.00641577 0.0217396 0)
(-0.0872833 -0.00115701 0)
(-0.0051665 0.0198055 0)
(-0.0891432 0.0113927 0)
(-0.0513144 0.00101452 0)
(-0.0752806 0.00434526 0)
(-0.0621118 -0.00581401 0)
(-0.0572395 -0.00771269 0)
(-0.0444175 -0.00977258 0)
(-0.0318678 -0.00941078 0)
(-0.0189368 -0.00849976 0)
(-0.00577625 -0.00753797 0)
(0.00472397 -0.00502285 0)
(0.0126366 -0.00344099 0)
(0.0171388 0.000342159 0)
(0.00869823 0.00493618 0)
(-0.00320777 -0.0609562 0)
(-0.0137229 -0.062369 0)
(-0.0168946 -0.0625933 0)
(-0.0198061 -0.0677166 0)
(-0.0239032 -0.0733292 0)
(-0.021152 -0.0506313 0)
(-0.0361394 -0.011418 0)
(-0.048905 0.0174437 0)
(-0.0584831 0.0524505 0)
(-0.0596567 0.0682728 0)
(-0.047949 0.0552103 0)
(-0.0181783 0.0305928 0)
(-0.0258505 0.0300983 0)
(-0.0441384 0.0322519 0)
(-0.00228279 0.0263792 0)
(-0.0809118 0.00121871 0)
(-0.0229233 0.0193319 0)
(-0.0824383 0.0162896 0)
(-0.0587342 0.000149081 0)
(-0.0745332 0.00475033 0)
(-0.0634177 -0.00689164 0)
(-0.0575965 -0.00919809 0)
(-0.0445543 -0.0114825 0)
(-0.0317926 -0.0109913 0)
(-0.018827 -0.00987671 0)
(-0.00559813 -0.0087487 0)
(0.00491924 -0.00581823 0)
(0.0128663 -0.00398283 0)
(0.0174683 0.000443984 0)
(0.00886671 0.00582539 0)
(-0.00192071 -0.0535768 0)
(-0.003229 -0.0608278 0)
(-0.0118882 -0.0597394 0)
(-0.0340951 -0.0550037 0)
(-0.050923 -0.0584213 0)
(-0.0528047 -0.0373254 0)
(-0.0605459 -0.000303349 0)
(-0.0693721 0.0305666 0)
(-0.0865036 0.0521345 0)
(-0.072701 0.0588077 0)
(-0.0397471 0.0374335 0)
(-0.00831031 0.0271255 0)
(-0.0247886 0.0368087 0)
(-0.0243497 0.028655 0)
(-0.0148384 0.0295511 0)
(-0.0636199 0.00640845 0)
(-0.0499799 0.019717 0)
(-0.0680782 0.0188844 0)
(-0.0654312 0.00090987 0)
(-0.0742612 0.00436758 0)
(-0.0646891 -0.00784735 0)
(-0.0580364 -0.0107752 0)
(-0.0446987 -0.0132326 0)
(-0.0316981 -0.0125885 0)
(-0.018697 -0.0112525 0)
(-0.00539266 -0.00996457 0)
(0.00514367 -0.0066152 0)
(0.0131314 -0.00453258 0)
(0.0178501 0.000547592 0)
(0.00906184 0.00673301 0)
(0.00155554 -0.0560805 0)
(0.00155856 -0.0541871 0)
(-0.0187151 -0.0371394 0)
(-0.0427665 -0.0391293 0)
(-0.0516598 -0.0597989 0)
(-0.0695667 -0.0390609 0)
(-0.0805181 0.00471705 0)
(-0.0862008 0.0367092 0)
(-0.0919868 0.0550938 0)
(-0.0614871 0.0418015 0)
(-0.0253612 0.0214609 0)
(-0.0290812 0.0270948 0)
(-0.0312403 0.0359009 0)
(-0.0148227 0.0294767 0)
(-0.0283118 0.0371879 0)
(-0.0504246 0.0100993 0)
(-0.0640707 0.0217215 0)
(-0.0623865 0.0185702 0)
(-0.0665947 0.00304173 0)
(-0.075624 0.00372466 0)
(-0.0658174 -0.00884534 0)
(-0.0585708 -0.0124272 0)
(-0.0448476 -0.0150334 0)
(-0.0315819 -0.0142031 0)
(-0.0185459 -0.0126264 0)
(-0.00515994 -0.0111874 0)
(0.00539722 -0.00741279 0)
(0.0134322 -0.00509133 0)
(0.0182853 0.000653188 0)
(0.0092843 0.00766177 0)
(-0.00241019 -0.0536502 0)
(-0.0132162 -0.0362456 0)
(-0.0195623 -0.0168448 0)
(-0.0135662 -0.0179195 0)
(-0.0519396 -0.0360035 0)
(-0.0903133 -0.0188603 0)
(-0.0851678 0.0178233 0)
(-0.0899429 0.0381015 0)
(-0.0882313 0.0393 0)
(-0.0525214 0.0205643 0)
(-0.0318353 0.020709 0)
(-0.0436496 0.0296158 0)
(-0.0338184 0.0302709 0)
(-0.0319166 0.0303233 0)
(-0.030848 0.0408875 0)
(-0.0490389 0.0158308 0)
(-0.0643032 0.0242904 0)
(-0.0686404 0.0173943 0)
(-0.0658176 0.00517195 0)
(-0.0774328 0.0033597 0)
(-0.067106 -0.00998397 0)
(-0.0591663 -0.0141527 0)
(-0.0449993 -0.0168932 0)
(-0.0314403 -0.0158362 0)
(-0.0183734 -0.0139971 0)
(-0.00490027 -0.0124208 0)
(0.00567987 -0.00820817 0)
(0.0137687 -0.00566024 0)
(0.0187752 0.00076095 0)
(0.00953479 0.00861448 0)
(-0.00504045 -0.0304622 0)
(-0.0237555 -0.0359066 0)
(-0.0424693 -0.0362228 0)
(-0.0369538 -0.00805959 0)
(-0.0485536 -0.00148142 0)
(-0.0679704 -0.0107158 0)
(-0.0721828 0.0101192 0)
(-0.0770063 0.0365717 0)
(-0.0663691 0.0316033 0)
(-0.0432477 0.00619463 0)
(-0.0476062 0.0151283 0)
(-0.0497123 0.0315171 0)
(-0.0331065 0.0277684 0)
(-0.0457218 0.0293072 0)
(-0.0342588 0.0419035 0)
(-0.0560114 0.018145 0)
(-0.0547457 0.0283025 0)
(-0.0757324 0.0176031 0)
(-0.0677545 0.00625331 0)
(-0.0785537 0.00320375 0)
(-0.0686833 -0.0111978 0)
(-0.0598173 -0.0159758 0)
(-0.0451503 -0.0188172 0)
(-0.0312693 -0.0174904 0)
(-0.0181789 -0.0153641 0)
(-0.00461377 -0.0136658 0)
(0.00599168 -0.00900093 0)
(0.0141409 -0.00624048 0)
(0.0193212 0.000871029 0)
(0.00981405 0.00959402 0)
(0.00349508 -0.0298705 0)
(0.0130486 0.00857171 0)
(-0.0253864 0.0115475 0)
(-0.0660594 -0.0142429 0)
(-0.0621753 -0.0108114 0)
(-0.0726736 -0.00527953 0)
(-0.0724638 0.0145111 0)
(-0.0617552 0.0343273 0)
(-0.0461869 0.0274552 0)
(-0.0334996 0.0140271 0)
(-0.0459006 0.0255496 0)
(-0.0466562 0.0270874 0)
(-0.0260343 0.025979 0)
(-0.0619322 0.0342367 0)
(-0.0254075 0.0396844 0)
(-0.0613232 0.0229008 0)
(-0.0533248 0.0302688 0)
(-0.073322 0.019112 0)
(-0.0728655 0.00747308 0)
(-0.0795098 0.00271168 0)
(-0.070334 -0.0124081 0)
(-0.0605548 -0.0179133 0)
(-0.0452937 -0.0208121 0)
(-0.0310648 -0.0191683 0)
(-0.0179614 -0.0167265 0)
(-0.00430046 -0.0149209 0)
(0.00633256 -0.00979295 0)
(0.014549 -0.00683331 0)
(0.0199247 0.000983543 0)
(0.0101229 0.0106033 0)
(0.00301897 -0.0527826 0)
(0.0130584 -0.0132506 0)
(0.0282997 0.0307772 0)
(0.021486 0.0266169 0)
(0.0116399 0.0118464 0)
(-0.0154681 -9.9977e-05 0)
(-0.0512741 0.00705314 0)
(-0.0598481 0.0243521 0)
(-0.0497492 0.0134565 0)
(-0.0476968 0.00166786 0)
(-0.0524791 0.0153553 0)
(-0.0332532 0.0223817 0)
(-0.028857 0.0330054 0)
(-0.0596689 0.0296805 0)
(-0.029778 0.0393717 0)
(-0.0627279 0.0261772 0)
(-0.0565671 0.0323805 0)
(-0.0700016 0.0209346 0)
(-0.0757464 0.00920172 0)
(-0.0818886 0.00195703 0)
(-0.0718416 -0.0137208 0)
(-0.0613926 -0.0199508 0)
(-0.0454251 -0.0228884 0)
(-0.0308225 -0.0208731 0)
(-0.0177203 -0.0180836 0)
(-0.0039609 -0.0161863 0)
(0.00670232 -0.0105851 0)
(0.014993 -0.00744002 0)
(0.0205875 0.00109857 0)
(0.0104623 0.0116455 0)
(-0.00574997 -0.0513069 0)
(-0.0121599 -0.0276272 0)
(0.00443145 0.0064874 0)
(0.00208245 0.0100131 0)
(-0.00651325 0.0229485 0)
(-0.0174572 0.0361528 0)
(-0.0242522 0.0325452 0)
(-0.0150166 0.0311732 0)
(-0.00498061 0.0250784 0)
(0.00108297 0.0178092 0)
(-0.0106113 0.0223994 0)
(-0.0225846 0.020329 0)
(-0.0279954 0.0326169 0)
(-0.047955 0.0402731 0)
(-0.0362122 0.0379966 0)
(-0.0588895 0.031003 0)
(-0.0696249 0.0329469 0)
(-0.0685363 0.0218065 0)
(-0.0760827 0.0118561 0)
(-0.0852981 0.00114296 0)
(-0.0734556 -0.0152705 0)
(-0.0622824 -0.0220771 0)
(-0.0455448 -0.0250543 0)
(-0.030537 -0.0226076 0)
(-0.0174541 -0.0194348 0)
(-0.00359539 -0.0174617 0)
(0.00710073 -0.0113782 0)
(0.015473 -0.00806191 0)
(0.0213115 0.00121614 0)
(0.0108333 0.0127236 0)
(-0.0239028 -0.0236094 0)
(-0.0520165 -0.00724412 0)
(-0.0547008 0.0226568 0)
(-0.0774584 0.0262128 0)
(-0.0818091 0.0246194 0)
(-0.0620427 0.0236559 0)
(-0.0533331 0.0119987 0)
(-0.031882 0.0177267 0)
(-0.029583 0.00849128 0)
(-0.0346981 0.00053048 0)
(-0.021859 0.0228196 0)
(-0.0132149 0.027665 0)
(-0.0248012 0.0402581 0)
(-0.0362602 0.0317431 0)
(-0.034684 0.0392211 0)
(-0.0528996 0.0363033 0)
(-0.0753523 0.0357997 0)
(-0.0799382 0.0202357 0)
(-0.0735716 0.0142613 0)
(-0.0885035 0.000932743 0)
(-0.0755725 -0.017148 0)
(-0.0631606 -0.0243126 0)
(-0.0456541 -0.027314 0)
(-0.0302025 -0.0243727 0)
(-0.0171617 -0.0207789 0)
(-0.00320436 -0.0187459 0)
(0.00752747 -0.0121725 0)
(0.0159894 -0.00870026 0)
(0.0220986 0.00133622 0)
(0.0112369 0.0138408 0)
(-0.0220799 0.0234017 0)
(-0.0537566 0.0128064 0)
(-0.0646106 0.0285201 0)
(-0.0726452 0.0347474 0)
(-0.071899 0.0191841 0)
(-0.0448055 0.00677751 0)
(-0.0284644 0.000987562 0)
(-0.0167494 0.014435 0)
(-0.0140722 0.0280484 0)
(-0.0448463 0.0174307 0)
(-0.0233212 0.0131895 0)
(-0.0264794 0.0175723 0)
(0.0137741 0.0437623 0)
(-0.0137971 0.0459504 0)
(-0.0040173 0.0441482 0)
(-0.0490475 0.0454707 0)
(-0.0581751 0.0369181 0)
(-0.0879518 0.0210977 0)
(-0.0796019 0.014864 0)
(-0.0884488 0.000921809 0)
(-0.0784752 -0.0190276 0)
(-0.0640184 -0.0267359 0)
(-0.0457473 -0.029668 0)
(-0.0298136 -0.0261699 0)
(-0.0168414 -0.0221157 0)
(-0.0027883 -0.0200392 0)
(0.00798208 -0.0129687 0)
(0.0165424 -0.00935627 0)
(0.0229512 0.00145878 0)
(0.0116744 0.0150007 0)
(-0.00292688 0.056802 0)
(-0.0122437 0.0433848 0)
(-0.0209387 0.0344778 0)
(-0.0263813 0.0303316 0)
(-0.0112146 0.0112439 0)
(0.0130776 -0.00642589 0)
(0.0178344 -0.0086214 0)
(-0.0232442 0.00787231 0)
(-0.0402587 0.0262827 0)
(-0.0335482 -0.00285064 0)
(-0.0265098 0.017101 0)
(-0.0767723 0.0177583 0)
(-0.068037 0.0309301 0)
(-0.0138837 0.0392099 0)
(-0.0435933 0.0435316 0)
(-0.040075 0.0512706 0)
(-0.049225 0.0506885 0)
(-0.0773869 0.0256199 0)
(-0.0900112 0.0160056 0)
(-0.0880818 -0.000244499 0)
(-0.0809127 -0.0206934 0)
(-0.0650338 -0.0293599 0)
(-0.0458032 -0.0321251 0)
(-0.029365 -0.0280008 0)
(-0.016492 -0.0234436 0)
(-0.00234772 -0.0213416 0)
(0.0084641 -0.0137676 0)
(0.0171321 -0.0100323 0)
(0.0238716 0.00158363 0)
(0.0121471 0.0162066 0)
(0.00799635 0.0502856 0)
(0.0182122 0.0463104 0)
(0.0266034 0.0406746 0)
(0.0192127 0.0345009 0)
(0.0457917 -0.011859 0)
(0.0536532 -0.0191739 0)
(0.0339851 0.0176987 0)
(-0.025801 0.0449542 0)
(-0.0576551 0.0459746 0)
(-0.0196244 0.0120673 0)
(-0.0503119 0.0341693 0)
(0.000490458 0.0314638 0)
(-0.00805018 0.0330232 0)
(-0.0426367 0.036275 0)
(0.0121638 0.0527253 0)
(-0.0618522 0.050139 0)
(-0.0636973 0.0372202 0)
(-0.07003 0.0253524 0)
(-0.0901383 0.0200542 0)
(-0.0901394 -0.00190842 0)
(-0.0815334 -0.0225664 0)
(-0.0662095 -0.0320765 0)
(-0.0458173 -0.0347075 0)
(-0.0288502 -0.0298641 0)
(-0.0161115 -0.0247624 0)
(-0.00188332 -0.0226519 0)
(0.0089728 -0.0145701 0)
(0.0177591 -0.0107297 0)
(0.0248625 0.00171055 0)
(0.0126564 0.017462 0)
(0.00856717 0.0205345 0)
(0.0240331 0.0240352 0)
(0.0339898 0.0346598 0)
(0.0380174 0.0190188 0)
(0.0348627 -0.0175731 0)
(0.00641322 0.0125505 0)
(-0.0358528 0.049386 0)
(-0.087093 0.0623675 0)
(-0.0322113 0.0263745 0)
(-0.049487 -0.0188111 0)
(0.04433 0.00762445 0)
(0.0372228 -0.000271632 0)
(0.0665348 0.0371032 0)
(0.0226994 0.0336635 0)
(-0.0281147 0.0480661 0)
(-0.0221405 0.0763864 0)
(-0.0445087 0.0635747 0)
(-0.0826132 0.0366345 0)
(-0.0806575 0.0227196 0)
(-0.0886824 -0.00243181 0)
(-0.0787687 -0.0247476 0)
(-0.0667091 -0.0347974 0)
(-0.0458351 -0.0374251 0)
(-0.0282588 -0.0317602 0)
(-0.0156985 -0.0260713 0)
(-0.00139573 -0.0239691 0)
(0.00950747 -0.0153771 0)
(0.0184234 -0.0114495 0)
(0.0259267 0.00183936 0)
(0.0132039 0.0187716 0)
(0.00403897 0.000726407 0)
(0.012177 0.00969406 0)
(0.0209767 0.0271464 0)
(0.0259658 0.0205577 0)
(-0.00449619 0.00779042 0)
(-0.0295663 0.0370332 0)
(-0.0422374 0.0766501 0)
(-0.0468804 0.0422574 0)
(0.00682065 0.0258896 0)
(0.00595209 -0.0197247 0)
(0.0479778 -0.00505482 0)
(0.0201291 0.0182686 0)
(0.00966356 0.0399776 0)
(-0.000673321 0.0643047 0)
(-0.0498589 0.0602508 0)
(-0.111292 0.0555296 0)
(-0.161306 0.0384676 0)
(-0.0855091 0.0194046 0)
(-0.0911023 0.0238289 0)
(-0.0762204 -0.0025161 0)
(-0.0689234 -0.026202 0)
(-0.0633256 -0.0372526 0)
(-0.04585 -0.0402135 0)
(-0.0275737 -0.0336955 0)
(-0.0152504 -0.0273677 0)
(-0.00088575 -0.0252919 0)
(0.0100673 -0.0161899 0)
(0.0191254 -0.0121938 0)
(0.0270672 0.00196892 0)
(0.0137929 0.0201358 0)
(-0.00174126 -0.00334657 0)
(-0.00386652 0.00678724 0)
(0.000744429 0.0275565 0)
(0.003309 0.0376373 0)
(-0.0197346 0.030848 0)
(-0.0538458 0.0459048 0)
(-0.0511823 0.0725752 0)
(-0.00413966 0.0255307 0)
(-0.0548829 0.0148064 0)
(0.0472037 -0.0525799 0)
(0.0772817 -0.00357802 0)
(0.0242216 0.0269749 0)
(-0.0232569 0.0525547 0)
(-0.0330356 0.0553898 0)
(-0.0107882 0.076203 0)
(-0.0988698 0.0977673 0)
(0.106742 0.0606039 0)
(0.0662533 0.0318772 0)
(-0.108119 0.0208278 0)
(-0.069354 -0.0116004 0)
(-0.0493315 -0.0271865 0)
(-0.0486233 -0.0380284 0)
(-0.0448512 -0.0426495 0)
(-0.0267635 -0.0356688 0)
(-0.0147609 -0.0286486 0)
(-0.000354242 -0.0266191 0)
(0.0106513 -0.0170101 0)
(0.0198653 -0.0129644 0)
(0.0282875 0.00210334 0)
(0.0144084 0.0215714 0)
(-0.00600441 0.00523012 0)
(-0.0135839 0.00924718 0)
(-0.00898151 0.0235115 0)
(-0.00059106 0.0423627 0)
(0.00336603 0.0490852 0)
(-0.0144581 0.057194 0)
(-0.0127437 0.0582214 0)
(0.0091029 0.0298979 0)
(-0.0584041 -0.00365573 0)
(-0.0484916 -0.0981583 0)
(0.0356249 0.00876251 0)
(0.0108123 0.0445508 0)
(-0.036045 0.0598996 0)
(0.0123435 0.0641278 0)
(-0.0110988 0.0806895 0)
(0.0286453 0.055572 0)
(0.219802 0.00318681 0)
(0.24006 0.0485785 0)
(0.0846724 0.0602377 0)
(-0.0716825 -0.0209648 0)
(-0.036817 -0.0343645 0)
(-0.0147272 -0.0359081 0)
(-0.0377573 -0.0431995 0)
(-0.0256723 -0.0375618 0)
(-0.0142006 -0.0299069 0)
(0.000198359 -0.0279493 0)
(0.0112585 -0.0178392 0)
(0.0206436 -0.0137623 0)
(0.0295906 0.00218807 0)
(0.0151891 0.0230391 0)
(-0.0047553 0.0148513 0)
(-0.0109842 0.0121296 0)
(-0.00567528 0.0111692 0)
(0.0113624 0.0279962 0)
(0.0305863 0.0426049 0)
(0.0283618 0.0585296 0)
(0.0580143 0.0533287 0)
(0.0360828 0.0574121 0)
(-0.0328493 0.0354766 0)
(-0.0480672 -0.0899051 0)
(-0.00483836 -0.0274089 0)
(-0.0121587 0.056493 0)
(-0.0212821 0.0509086 0)
(0.0784685 0.0458738 0)
(0.023194 0.0706227 0)
(0.139945 0.0272912 0)
(0.193924 0.000715055 0)
(0.205718 0.0553844 0)
(0.317657 0.0801162 0)
(0.510322 0.0314585 0)
(-0.103521 -0.0246298 0)
(0.0173446 -0.0382232 0)
(-0.0112754 -0.0398366 0)
(-0.0231839 -0.0386527 0)
(-0.0134333 -0.0311209 0)
(0.000777149 -0.0292777 0)
(0.011888 -0.0186779 0)
(0.0214586 -0.0145944 0)
(0.0309864 0.0026989 0)
(0.0152168 0.0246837 0)
(0.000845811 0.0188938 0)
(0.000579449 0.0129251 0)
(0.0105234 -0.000377126 0)
(0.0214362 0.00240078 0)
(0.0555766 0.0297725 0)
(0.0549092 0.0442248 0)
(0.0834223 0.0480677 0)
(0.0607473 0.0813737 0)
(0.00123243 0.0521242 0)
(-0.0435997 -0.0770032 0)
(-0.0574412 -0.0190831 0)
(0.00165154 0.0613008 0)
(0.0497878 0.0368992 0)
(0.100246 0.0395539 0)
(0.0823868 0.0580308 0)
(0.184364 0.0130894 0)
(0.227315 -0.01608 0)
(0.28428 0.0235976 0)
(0.229264 -0.00164404 0)
(-0.151859 0.111478 0)
(-0.114142 0.0258003 0)
(-0.056715 -0.0561173 0)
(0.0356224 -0.0370306 0)
(-0.0143019 -0.037015 0)
(-0.0118611 -0.0321781 0)
(0.00142668 -0.0305805 0)
(0.0125393 -0.0195284 0)
(0.0223349 -0.0154349 0)
(0.0324314 0.00147224 0)
(0.0195716 0.0260958 0)
(0.00477747 0.0114559 0)
(0.0117653 0.00519027 0)
(0.027668 -0.00979015 0)
(0.0306634 -0.015274 0)
(0.0626549 0.00575747 0)
(0.0750022 0.0417759 0)
(0.0867728 0.0437237 0)
(0.0661217 0.0942908 0)
(0.0145899 0.0845941 0)
(0.0225923 -0.0656462 0)
(-0.0355981 -0.0512926 0)
(0.0546279 0.0183705 0)
(0.125725 0.0145998 0)
(0.133957 0.030437 0)
(0.125935 0.0481578 0)
(0.2125 -0.00185704 0)
(0.276641 -0.0371692 0)
(0.346956 0.0261622 0)
(0.269257 0.113061 0)
(-0.932798 0.130877 0)
(0.0999309 -0.112238 0)
(-0.279997 -0.0468634 0)
(0.0598348 -0.0495046 0)
(0.0158483 -0.0319498 0)
(-0.007193 -0.0324077 0)
(0.00241458 -0.0317878 0)
(0.0132204 -0.0203866 0)
(0.0231573 -0.0163982 0)
(0.034178 0.00453564 0)
(0.00565515 0.0283765 0)
(0.00575519 -0.00465037 0)
(0.0187455 -0.00938799 0)
(0.0327615 -0.0219074 0)
(0.0426917 -0.0263121 0)
(0.0546765 -0.0158217 0)
(0.0770523 0.033716 0)
(0.0971919 0.0553909 0)
(0.0658697 0.114976 0)
(0.0397313 0.0885921 0)
(0.0824679 -0.0551583 0)
(0.0432551 -0.0556374 0)
(0.100368 -0.0138014 0)
(0.142108 0.00822236 0)
(0.135032 0.0309336 0)
(0.157702 0.031741 0)
(0.234576 -0.0301723 0)
(0.340967 -0.0367823 0)
(0.367308 0.0177963 0)
(-0.0354245 0.28603 0)
(-1.34756 0.227462 0)
(-0.0427403 -0.124438 0)
(-0.243595 -0.0780668 0)
(-0.224136 -0.0879308 0)
(0.0563809 -0.0338746 0)
(0.00669034 -0.03026 0)
(0.00500129 -0.0327154 0)
(0.0139918 -0.0212185 0)
(0.0243051 -0.0171541 0)
(0.0346302 -1.65472e-06 0)
(0.0532014 0.0290006 0)
(0.00697673 -0.0239111 0)
(0.0213487 -0.0253121 0)
(0.0308925 -0.0354932 0)
(0.0412486 -0.0326294 0)
(0.0517876 -0.0294112 0)
(0.0486959 0.0211596 0)
(0.124151 0.0463956 0)
(0.0887692 0.123094 0)
(0.0865548 0.097876 0)
(0.134305 -0.0509356 0)
(0.108187 -0.0641879 0)
(0.117014 -0.0240485 0)
(0.156625 0.00369844 0)
(0.131927 0.0289847 0)
(0.192394 0.0168293 0)
(0.289529 -0.0685392 0)
(0.349242 -0.108423 0)
(0.385767 0.10101 0)
(-0.0198516 0.358594 0)
(-1.06667 0.231735 0)
(-0.202948 -0.230725 0)
(-0.914687 -0.0195114 0)
(-0.167133 -0.0491345 0)
(0.0617536 -0.0524895 0)
(0.0398997 -0.0257325 0)
(0.0138157 -0.0326577 0)
(0.0153176 -0.021902 0)
(0.0250852 -0.0184908 0)
(0.0380642 0.00514415 0)
(-0.0508584 0.0329221 0)
(0.00779791 -0.0401926 0)
(0.0164777 -0.0382439 0)
(0.0237197 -0.0429106 0)
(0.0219483 -0.0403617 0)
(0.0514218 -0.0310954 0)
(0.0169925 -0.000558629 0)
(0.133898 0.014671 0)
(0.111223 0.135101 0)
(0.116028 0.0904422 0)
(0.183638 -0.0669811 0)
(0.154405 -0.0720769 0)
(0.134256 -0.0290915 0)
(0.125286 0.0116062 0)
(0.162499 0.00869917 0)
(0.212172 -0.0222204 0)
(0.299991 -0.0413527 0)
(1.00452 0.0406077 0)
(0.416644 0.167302 0)
(0.0119004 0.50626 0)
(-0.673625 0.242384 0)
(-0.0714659 -0.176601 0)
(-0.448529 -0.083258 0)
(-0.290845 -0.198241 0)
(-0.347784 -0.075713 0)
(0.0960792 -0.0282758 0)
(0.0411012 -0.0297404 0)
(0.0197706 -0.021976 0)
(0.0276598 -0.0186179 0)
(0.0244748 0.00204258 0)
(0.114225 0.0312928 0)
(0.0058534 -0.0489319 0)
(0.0081968 -0.0427307 0)
(0.0133668 -0.0437152 0)
(0.00788325 -0.0538084 0)
(0.0432275 -0.0321735 0)
(-0.0114153 -0.0223018 0)
(0.147757 -0.0480854 0)
(0.131639 0.129934 0)
(0.149232 0.080066 0)
(0.224131 -0.0602661 0)
(0.175074 -0.0537782 0)
(0.130747 -0.00999724 0)
(0.148608 0.000697404 0)
(0.194597 -0.00665975 0)
(0.234074 -0.0496738 0)
(0.289 -0.342273 0)
(0.459821 -0.0408713 0)
(0.277511 0.205554 0)
(0.0232003 0.613365 0)
(-0.331948 0.244014 0)
(0.00759546 -0.208466 0)
(-0.373056 -0.0346515 0)
(-0.586548 -0.113058 0)
(-0.480376 -0.0854276 0)
(0.0192102 -0.0650324 0)
(0.113954 -0.0251137 0)
(0.0397791 -0.0195452 0)
(0.0328291 -0.019169 0)
(0.0357465 0.00173991 0)
(-0.0366431 0.0374915 0)
(-0.0742901 0.0356805 0)
(-0.0389866 0.00416344 0)
(-0.0565777 -0.0192078 0)
(-0.0811336 -0.0155478 0)
(-0.17954 -0.0325285 0)
(0.403269 -0.0867199 0)
(0.662147 -0.129596 0)
(0.339639 -0.106305 0)
(0.112697 -0.104971 0)
(-0.127194 -0.0592395 0)
(0.50948 0.397829 0)
(0.0824235 0.543155 0)
(-0.205979 0.0963113 0)
(-0.388703 -0.0178425 0)
(-0.280954 -0.245993 0)
(-0.316153 -0.0117451 0)
(-0.238456 0.000525774 0)
(-0.234031 -0.020969 0)
(-0.204834 -0.0310779 0)
(-0.190797 -0.0503026 0)
(-0.207573 -0.0736993 0)
(-0.191347 0.0162511 0)
(-0.0938053 0.112955 0)
(-0.144879 -0.078779 0)
(-0.0151065 -0.0435403 0)
(-0.012798 -0.0218805 0)
(-0.000662278 -0.0601129 0)
(-0.00500957 -0.0502353 0)
(0.00398707 -0.0485906 0)
(0.00428527 -0.0512827 0)
(-0.137953 0.0337179 0)
(-0.00159271 0.00416755 0)
(-0.0873678 -0.0174955 0)
(-0.117168 -0.0153849 0)
(0.11453 -0.0632358 0)
(0.941295 -0.13661 0)
(0.771749 -0.106868 0)
(0.261369 -0.0803426 0)
(0.0622432 -0.0850912 0)
(-0.117965 -0.0757569 0)
(0.455588 0.384037 0)
(0.172374 0.583055 0)
(-0.13852 0.131436 0)
(-0.317364 -0.0172242 0)
(-0.24285 -0.232627 0)
(-0.471284 -0.0458571 0)
(-0.282366 -0.00451535 0)
(-0.300994 -0.0257683 0)
(-0.238683 -0.0396139 0)
(-0.173711 -0.0552311 0)
(-0.158996 -0.0544456 0)
(-0.198548 -0.0112359 0)
(-0.0758348 0.108199 0)
(-0.0933662 -0.0813212 0)
(-0.0527204 -0.0781588 0)
(0.0108702 -0.0294636 0)
(0.00556903 -0.0515233 0)
(-0.00836241 -0.0517834 0)
(0.00352692 -0.0509762 0)
(0.0036817 -0.0513821 0)
(-0.285666 0.0298832 0)
(0.0834799 0.00330751 0)
(-0.129316 -0.0133925 0)
(-0.200431 -0.0216204 0)
(0.34324 -0.0728697 0)
(0.621826 -0.121096 0)
(0.546106 -0.0836163 0)
(0.176632 -0.0611801 0)
(0.0212811 -0.071246 0)
(-0.109191 -0.0913905 0)
(0.361997 0.363346 0)
(0.253057 0.615661 0)
(-0.0991123 0.169507 0)
(-0.234834 -0.0198774 0)
(-0.163859 -0.188169 0)
(-0.507537 -0.0238729 0)
(-0.511774 -0.0225676 0)
(-0.507079 -0.0342682 0)
(-0.346732 -0.0733151 0)
(-0.267246 -0.0851472 0)
(-0.12802 -0.0497495 0)
(-0.16818 -0.043703 0)
(-0.0272261 0.102174 0)
(-0.0199052 -0.0715559 0)
(-0.0338376 -0.0912769 0)
(-0.00430289 -0.0493259 0)
(0.00831119 -0.0465399 0)
(-0.012393 -0.0517474 0)
(0.00348638 -0.054404 0)
(0.0045306 -0.0526916 0)
(-0.469961 0.0182292 0)
(0.0683739 -0.00112503 0)
(-0.19502 -0.00223384 0)
(-0.171093 -0.0488544 0)
(0.530443 -0.124683 0)
(0.713964 -0.131843 0)
(0.400527 -0.0592122 0)
(0.104826 -0.0440748 0)
(-0.012552 -0.0603269 0)
(-0.102679 -0.10285 0)
(0.210378 0.337167 0)
(0.325183 0.643226 0)
(-0.0512639 0.207503 0)
(-0.140875 -0.0244342 0)
(-0.0611003 -0.152554 0)
(-0.431057 0.00888538 0)
(-0.521787 -0.0115086 0)
(-0.579654 -0.0412862 0)
(-0.481428 -0.104587 0)
(-0.344686 -0.133304 0)
(-0.129238 -0.0892765 0)
(-0.123234 -0.0432634 0)
(-0.0801091 0.0659892 0)
(0.0364436 -0.0765653 0)
(-0.0104977 -0.0738346 0)
(-0.0406546 -0.0596354 0)
(-0.00241205 -0.0474994 0)
(-0.0127137 -0.0532407 0)
(0.00160173 -0.060219 0)
(0.0058482 -0.0543466 0)
(-0.535854 0.00369347 0)
(-0.0808661 -0.00546131 0)
(-0.281306 -0.00648092 0)
(0.484005 -0.0932532 0)
(1.06286 -0.131069 0)
(0.323221 -0.113294 0)
(0.197867 -0.0405498 0)
(0.0412804 -0.0323816 0)
(-0.0389514 -0.0527971 0)
(-0.0986474 -0.105546 0)
(0.00388043 0.305487 0)
(0.389576 0.65938 0)
(0.0123897 0.244853 0)
(-0.0447209 -0.0292742 0)
(0.040157 -0.121872 0)
(-0.27127 0.0457494 0)
(-0.355413 0.0151288 0)
(-0.426741 -0.0184768 0)
(-0.588054 -0.088971 0)
(-0.74616 -0.0834341 0)
(-0.238011 -0.115299 0)
(-0.124556 -0.0500667 0)
(-0.0705308 0.00380791 0)
(0.0182608 -0.0950663 0)
(-0.0225791 -0.0630641 0)
(-0.0331298 -0.0584867 0)
(-0.0178293 -0.0528413 0)
(-0.00769139 -0.0605275 0)
(-0.00643671 -0.0653796 0)
(0.00495117 -0.0585935 0)
(-0.552335 -0.00570618 0)
(-0.212088 -0.0100768 0)
(-0.321161 -0.0317402 0)
(0.352885 -0.0571235 0)
(0.939955 -0.0748836 0)
(0.166529 -0.0757478 0)
(0.0554635 -0.0300059 0)
(0.00156398 -0.0261164 0)
(-0.0570555 -0.0475284 0)
(-0.0924929 -0.0976935 0)
(-0.193406 0.264313 0)
(0.450039 0.654576 0)
(0.0688461 0.282212 0)
(0.0438116 -0.0359724 0)
(0.130147 -0.101861 0)
(-0.0952083 0.0752348 0)
(-0.13288 0.0324309 0)
(-0.168994 -0.0153297 0)
(-0.0678582 -0.114847 0)
(-0.00235439 -0.151198 0)
(-0.033196 -0.302445 0)
(-0.0823456 -0.0775234 0)
(0.0186886 -0.0160193 0)
(0.0285959 -0.0693009 0)
(-0.040502 -0.0551044 0)
(-0.0348202 -0.0649419 0)
(-0.0239655 -0.0585964 0)
(-0.0125334 -0.0693489 0)
(-0.0140899 -0.068291 0)
(0.00285225 -0.0664042 0)
(-0.449465 -0.0145679 0)
(-0.312928 -0.013741 0)
(-0.312349 -0.0419762 0)
(-0.0219873 -0.217927 0)
(-0.0225576 -0.0995639 0)
(-0.00972573 -0.0660615 0)
(-0.0284906 -0.0252609 0)
(-0.0198137 -0.0240968 0)
(-0.0679081 -0.0435519 0)
(-0.077141 -0.0812833 0)
(-0.315233 0.213549 0)
(0.504703 0.62808 0)
(0.119261 0.322701 0)
(0.115069 -0.0428736 0)
(0.180924 -0.0894097 0)
(0.039874 0.093826 0)
(0.0603678 0.0463493 0)
(-0.00847781 -0.0247864 0)
(0.0236915 -0.126928 0)
(-0.0483669 -0.126941 0)
(-0.0945968 -0.197335 0)
(0.367124 -0.207115 0)
(0.00210584 -0.0822521 0)
(-0.100251 -0.0510188 0)
(-0.0426976 -0.0376246 0)
(-0.0560026 -0.0789905 0)
(-0.0356653 -0.0613267 0)
(-0.019059 -0.0699074 0)
(-0.0171781 -0.0734484 0)
(0.0051569 -0.0746007 0)
(-0.351669 -0.0181753 0)
(-0.282208 -0.0147592 0)
(-0.263882 -0.0668588 0)
(-0.0381852 -0.141488 0)
(-0.130655 -0.0814777 0)
(-0.0651547 -0.0687941 0)
(-0.0646293 -0.0253036 0)
(-0.0301975 -0.024834 0)
(-0.0733288 -0.0409288 0)
(-0.052969 -0.0608575 0)
(-0.334873 0.158268 0)
(0.537834 0.58477 0)
(0.161845 0.364365 0)
(0.165362 -0.0490466 0)
(0.215069 -0.0836396 0)
(0.125296 0.097111 0)
(0.170882 0.0582068 0)
(0.0935466 -0.0175025 0)
(0.115224 -0.0940852 0)
(-0.00136852 -0.0871897 0)
(-0.226344 -0.250211 0)
(-0.510987 -0.145221 0)
(0.191652 0.225933 0)
(-0.0790538 -0.0139109 0)
(-0.0327357 -0.0738551 0)
(-0.0527472 -0.0609243 0)
(-0.0403074 -0.0756139 0)
(-0.00721274 -0.0809585 0)
(-0.00223456 -0.0856794 0)
(0.0151457 -0.0888215 0)
(-0.234332 -0.0188015 0)
(-0.236319 -0.0181638 0)
(-0.231364 -0.069691 0)
(-0.049203 -0.167947 0)
(-0.115617 -0.0857586 0)
(-0.0801839 -0.0709588 0)
(-0.0745731 -0.0268337 0)
(-0.0347486 -0.0266981 0)
(-0.075315 -0.039786 0)
(-0.0278598 -0.0414255 0)
(-0.287653 0.106273 0)
(0.516025 0.534428 0)
(0.185774 0.403021 0)
(0.200792 -0.0530937 0)
(0.226305 -0.0843155 0)
(0.1894 0.0917975 0)
(0.238192 0.0674501 0)
(0.168172 -0.00887362 0)
(0.194586 -0.0816032 0)
(0.123591 -0.0270929 0)
(0.0807149 -0.156984 0)
(-0.0110367 -0.411075 0)
(-0.125613 -0.0112029 0)
(-0.0657883 0.00262024 0)
(-0.0617894 -0.0665876 0)
(-0.0469832 -0.0590629 0)
(-0.0271161 -0.112337 0)
(-0.00746883 -0.12572 0)
(0.00730093 -0.109503 0)
(0.018602 -0.106518 0)
(-0.145437 -0.0170959 0)
(-0.196846 -0.016233 0)
(-0.206083 -0.0735388 0)
(-0.0411434 -0.16256 0)
(-0.112334 -0.0855896 0)
(-0.0788142 -0.0719986 0)
(-0.0747592 -0.028842 0)
(-0.0365188 -0.0287213 0)
(-0.0753694 -0.0400618 0)
(-0.00826092 -0.0262342 0)
(-0.229366 0.0610597 0)
(0.442384 0.487048 0)
(0.194119 0.434413 0)
(0.229798 -0.0529743 0)
(0.224614 -0.0892089 0)
(0.241825 0.0784818 0)
(0.274706 0.0780036 0)
(0.210661 0.00361014 0)
(0.212087 -0.0703191 0)
(0.18354 -0.0176534 0)
(0.112067 -0.103704 0)
(-0.0943756 -0.0951967 0)
(-0.166842 0.0114242 0)
(-0.0691497 -0.0241608 0)
(-0.0827351 -0.0717575 0)
(-0.0638638 -0.0966172 0)
(-0.0382608 -0.123436 0)
(-0.0242234 -0.124518 0)
(-0.0137447 -0.118454 0)
(-0.00566074 -0.114355 0)
(-0.0813231 -0.0145157 0)
(-0.156246 -0.0132559 0)
(-0.173545 -0.0816996 0)
(-0.041265 -0.165735 0)
(-0.104809 -0.0864532 0)
(-0.0741504 -0.0727567 0)
(-0.0724051 -0.0308903 0)
(-0.0373134 -0.0305626 0)
(-0.0742926 -0.0414993 0)
(0.00450356 -0.0156523 0)
(-0.184071 0.0188896 0)
(0.406011 0.43974 0)
(0.195956 0.45529 0)
(0.250487 -0.051128 0)
(0.225277 -0.0927615 0)
(0.240321 0.0680774 0)
(0.234897 0.0886877 0)
(0.180374 0.0139417 0)
(0.159094 -0.0583155 0)
(0.159236 -0.00295414 0)
(0.096678 -0.0457566 0)
(-0.0119932 -0.123972 0)
(-0.0780763 -0.0207067 0)
(-0.0420089 -0.0212856 0)
(-0.068416 -0.0666819 0)
(-0.0677995 -0.108384 0)
(-0.0483488 -0.144414 0)
(-0.0365337 -0.137696 0)
(-0.0357048 -0.122511 0)
(-0.0401149 -0.114522 0)
(-0.0343917 -0.0113832 0)
(-0.112328 -0.00924149 0)
(-0.132326 -0.0868578 0)
(-0.0399213 -0.166067 0)
(-0.0964899 -0.0871675 0)
(-0.0693803 -0.0729928 0)
(-0.0694555 -0.0330252 0)
(-0.0379961 -0.0321218 0)
(-0.0724829 -0.0436462 0)
(0.00970302 -0.00919826 0)
(-0.145198 -0.0259046 0)
(0.412631 0.390484 0)
(0.208487 0.477456 0)
(0.258593 -0.0494244 0)
(0.225915 -0.0880768 0)
(0.185226 0.0725261 0)
(0.153494 0.0998941 0)
(0.129486 0.0222768 0)
(0.124295 -0.0494513 0)
(0.133771 -0.00256193 0)
(0.109716 -0.00460027 0)
(0.038244 -0.0302663 0)
(-0.0181802 -0.0151602 0)
(-0.00547663 -0.0187472 0)
(-0.034538 -0.0484092 0)
(-0.055573 -0.112365 0)
(-0.0484119 -0.156567 0)
(-0.0463834 -0.137219 0)
(-0.058694 -0.107504 0)
(-0.0768593 -0.0957176 0)
(0.000343171 -0.00826851 0)
(-0.066134 -0.00505256 0)
(-0.085224 -0.0903355 0)
(-0.0350999 -0.164478 0)
(-0.0876698 -0.0880355 0)
(-0.0647155 -0.0728742 0)
(-0.0662464 -0.0352711 0)
(-0.0388444 -0.0333499 0)
(-0.0702825 -0.0457512 0)
(0.00472487 -0.00662021 0)
(-0.114109 -0.0661963 0)
(0.34192 0.341548 0)
(0.23686 0.505802 0)
(0.254732 -0.0472006 0)
(0.213752 -0.0700264 0)
(0.116141 0.0921713 0)
(0.105467 0.105839 0)
(0.117067 0.0225777 0)
(0.132228 -0.0453105 0)
(0.134239 -0.00564411 0)
(0.115571 0.0213595 0)
(0.0638069 0.00118024 0)
(0.019044 0.00491987 0)
(0.012272 -0.00558848 0)
(-0.01166 -0.0130149 0)
(-0.0438798 -0.0928312 0)
(-0.0548655 -0.158519 0)
(-0.0592667 -0.127019 0)
(-0.0793356 -0.0741399 0)
(-0.106825 -0.0614707 0)
(0.0249012 -0.00563222 0)
(-0.0201337 -0.00138135 0)
(-0.036807 -0.0913255 0)
(-0.0269012 -0.16099 0)
(-0.0785757 -0.0885034 0)
(-0.0599957 -0.0723345 0)
(-0.0628554 -0.037552 0)
(-0.0398427 -0.0341991 0)
(-0.0679349 -0.046833 0)
(-0.00983464 -0.00655574 0)
(-0.104373 -0.0908482 0)
(0.166016 0.299404 0)
(0.193909 0.519276 0)
(0.23988 -0.0474134 0)
(0.183414 -0.0365571 0)
(0.0427195 0.114146 0)
(0.0862858 0.101239 0)
(0.10587 0.00645541 0)
(0.127349 -0.0468329 0)
(0.126827 0.000674304 0)
(0.106723 0.0440405 0)
(0.0601697 0.0340308 0)
(0.0268622 0.0247961 0)
(0.0147105 0.00849353 0)
(-0.0168988 0.0182292 0)
(-0.0536385 -0.0781169 0)
(-0.076073 -0.146632 0)
(-0.0989154 -0.0944713 0)
(-0.119666 -0.0206455 0)
(-0.140694 -0.0220189 0)
(0.0380734 -0.00409855 0)
(0.0197362 0.00118586 0)
(0.00864706 -0.0900623 0)
(-0.0164224 -0.154936 0)
(-0.069295 -0.088427 0)
(-0.0551765 -0.0713985 0)
(-0.0593169 -0.0397568 0)
(-0.0408129 -0.0346327 0)
(-0.065393 -0.0460928 0)
(-0.0297148 -0.00661702 0)
(-0.111515 -0.0927396 0)
(-0.0342513 0.266928 0)
(0.0761633 0.493814 0)
(0.223388 -0.0501989 0)
(0.150194 0.0123633 0)
(-0.0365964 0.126077 0)
(0.0748126 0.0780661 0)
(0.0904655 -0.0168397 0)
(0.109489 -0.0475589 0)
(0.105 0.0106658 0)
(0.0808351 0.0729312 0)
(0.048388 0.0541656 0)
(0.0369521 0.0422926 0)
(0.0170784 0.0299949 0)
(0.00307569 0.0607771 0)
(-0.0220166 -0.0219872 0)
(-0.0772479 -0.0795228 0)
(-0.12287 -0.05186 0)
(-0.127653 -0.00152054 0)
(-0.130074 -0.00551527 0)
(0.0441138 -0.00399066 0)
(0.051854 0.00219003 0)
(0.0452022 -0.0866996 0)
(-0.00717649 -0.146684 0)
(-0.059963 -0.0875674 0)
(-0.0503196 -0.0700459 0)
(-0.0556516 -0.0417521 0)
(-0.041483 -0.0346608 0)
(-0.0623486 -0.0434372 0)
(-0.0470535 -0.005315 0)
(-0.114616 -0.0741763 0)
(-0.17512 0.230332 0)
(0.0541006 0.421045 0)
(0.209563 -0.0556552 0)
(0.15911 0.064339 0)
(-0.0393065 0.142782 0)
(0.09004 0.0398641 0)
(0.105391 -0.0355025 0)
(0.101423 -0.0376054 0)
(0.0854381 0.0221751 0)
(0.0887994 0.0905328 0)
(0.0830737 0.0734286 0)
(0.0645104 0.0660646 0)
(0.017835 0.06557 0)
(-0.0119702 0.0748605 0)
(-0.0210762 0.017681 0)
(-0.0457595 -0.0247604 0)
(-0.081708 -0.0283388 0)
(-0.0992809 -0.0143615 0)
(-0.106401 0.00888218 0)
(0.0455003 -0.00531265 0)
(0.0717562 0.00114053 0)
(0.069449 -0.0819553 0)
(0.000374112 -0.136488 0)
(-0.0509542 -0.0859561 0)
(-0.0454908 -0.0683108 0)
(-0.0518707 -0.0434284 0)
(-0.0415792 -0.0343606 0)
(-0.0585547 -0.0395447 0)
(-0.0564846 -0.00327872 0)
(-0.101247 -0.0456117 0)
(-0.212248 0.183176 0)
(0.128047 0.319499 0)
(0.193277 -0.0587161 0)
(0.173507 0.116748 0)
(0.0492006 0.166117 0)
(0.135039 0.0158206 0)
(0.130046 -0.0383271 0)
(0.109665 -0.0210774 0)
(0.0876892 0.0269838 0)
(0.0923889 0.0775441 0)
(0.105289 0.0770933 0)
(0.10027 0.0879347 0)
(0.0783783 0.105504 0)
(0.0572044 0.100852 0)
(0.0487454 0.0472986 0)
(0.0292566 0.0326308 0)
(-0.0137532 0.044484 0)
(-0.0522209 0.0360276 0)
(-0.0753633 0.0484515 0)
(0.0447749 -0.00754022 0)
(0.0772695 -0.00130457 0)
(0.0813238 -0.0761755 0)
(0.00592321 -0.125244 0)
(-0.0425837 -0.083616 0)
(-0.0407567 -0.0662493 0)
(-0.0479856 -0.0446861 0)
(-0.0409282 -0.0338515 0)
(-0.0540951 -0.0353422 0)
(-0.0576765 -0.00185319 0)
(-0.0801188 -0.0183238 0)
(-0.169357 0.132969 0)
(0.153029 0.228821 0)
(0.148414 -0.0425266 0)
(0.113668 0.134919 0)
(0.124764 0.156274 0)
(0.171623 0.0071247 0)
(0.14267 -0.0273081 0)
(0.117103 -0.00500762 0)
(0.102117 0.0346675 0)
(0.105688 0.0640234 0)
(0.121111 0.0705805 0)
(0.120079 0.100447 0)
(0.106432 0.124245 0)
(0.0912406 0.125937 0)
(0.0860694 0.0599542 0)
(0.0705596 0.0771751 0)
(0.0480945 0.111881 0)
(0.0121134 0.118672 0)
(-0.0166714 0.102389 0)
(0.0434891 -0.00983014 0)
(0.0710468 -0.00446688 0)
(0.0823003 -0.0703302 0)
(0.00889551 -0.113899 0)
(-0.0350889 -0.080689 0)
(-0.0361836 -0.0639708 0)
(-0.0440133 -0.0454573 0)
(-0.0394882 -0.0332695 0)
(-0.0492407 -0.0315213 0)
(-0.0535931 -0.00157683 0)
(-0.0616657 -0.00159071 0)
(-0.111624 0.0921326 0)
(0.109058 0.17008 0)
(0.0964829 -0.0186541 0)
(0.0453281 0.115568 0)
(0.13452 0.117548 0)
(0.164231 0.013605 0)
(0.141103 -0.0106219 0)
(0.121686 0.00780781 0)
(0.115402 0.0397901 0)
(0.118205 0.0570172 0)
(0.123693 0.0692692 0)
(0.125937 0.101065 0)
(0.130189 0.120691 0)
(0.144261 0.120875 0)
(0.150224 0.0848837 0)
(0.132124 0.102266 0)
(0.110392 0.135387 0)
(0.0868511 0.178493 0)
(0.0595756 0.170274 0)
(0.0417635 -0.0116022 0)
(0.0595387 -0.00785205 0)
(0.0758943 -0.0648271 0)
(0.0103668 -0.103058 0)
(-0.028523 -0.0773256 0)
(-0.0318133 -0.0615935 0)
(-0.039973 -0.0456944 0)
(-0.0373034 -0.0327161 0)
(-0.0441905 -0.0283682 0)
(-0.0476398 -0.0022307 0)
(-0.0473761 0.00535721 0)
(-0.0707533 0.063928 0)
(0.0631969 0.127319 0)
(0.0704481 0.00373525 0)
(0.035193 0.0964392 0)
(0.130912 0.0753406 0)
(0.146123 0.01637 0)
(0.135374 0.00131806 0)
(0.125868 0.014442 0)
(0.125734 0.0407637 0)
(0.128538 0.0567149 0)
(0.126574 0.0738645 0)
(0.123032 0.101531 0)
(0.115326 0.11373 0)
(0.10498 0.10431 0)
(0.0891964 0.115774 0)
(0.0681688 0.153764 0)
(0.0519917 0.190883 0)
(0.0377041 0.247519 0)
(0.0214625 0.239091 0)
(0.0394136 -0.0126992 0)
(0.0485627 -0.0109815 0)
(0.0660303 -0.0598498 0)
(0.0108492 -0.0930399 0)
(-0.0228365 -0.0736359 0)
(-0.0276688 -0.0592296 0)
(-0.0358841 -0.0454153 0)
(-0.0344641 -0.0322622 0)
(-0.0389954 -0.0259728 0)
(-0.040911 -0.00359873 0)
(-0.0361183 0.00740883 0)
(-0.0441924 0.0441745 0)
(0.0387429 0.0923217 0)
(0.0573631 0.0142476 0)
(0.0487859 0.0720378 0)
(0.116314 0.0457745 0)
(0.129322 0.0142542 0)
(0.130374 0.00507122 0)
(0.131257 0.01446 0)
(0.134969 0.0374311 0)
(0.139137 0.0590719 0)
(0.134713 0.0824645 0)
(0.12696 0.11492 0)
(0.114358 0.138808 0)
(0.0920754 0.14934 0)
(0.0652319 0.169464 0)
(0.0396109 0.199763 0)
(0.0166181 0.225681 0)
(0.0102081 0.273173 0)
(0.00916403 0.269895 0)
(0.0365299 -0.0132478 0)
(0.0400858 -0.0135656 0)
(0.0557164 -0.0553708 0)
(0.0108469 -0.0839734 0)
(-0.0179947 -0.0697278 0)
(-0.0237562 -0.0569451 0)
(-0.0317676 -0.0447108 0)
(-0.0310983 -0.03193 0)
(-0.033709 -0.0243791 0)
(-0.0339105 -0.00558149 0)
(-0.026878 0.00595609 0)
(-0.0260249 0.0291564 0)
(0.0276642 0.063278 0)
(0.0495998 0.0144948 0)
(0.0577285 0.0459497 0)
(0.101982 0.0239628 0)
(0.117991 0.00595448 0)
(0.127026 -0.00141907 0)
(0.136881 0.00715454 0)
(0.145689 0.0298705 0)
(0.152894 0.0588464 0)
(0.152078 0.0919822 0)
(0.144332 0.134506 0)
(0.129946 0.174502 0)
(0.105283 0.202697 0)
(0.0742947 0.228065 0)
(0.0451239 0.251052 0)
(0.0195661 0.262316 0)
(0.00352471 0.262164 0)
(0.00117218 0.251146 0)
(0.0332784 -0.0134228 0)
(0.0335285 -0.0156239 0)
(0.0463934 -0.0514017 0)
(0.0104837 -0.075966 0)
(-0.0139393 -0.0657137 0)
(-0.0200825 -0.054749 0)
(-0.0276539 -0.0437233 0)
(-0.0273782 -0.0317157 0)
(-0.0285026 -0.0235877 0)
(-0.0271519 -0.0080661 0)
(-0.0192673 0.00255608 0)
(-0.0134076 0.0170984 0)
(0.0223279 0.0388087 0)
(0.0439354 0.00904274 0)
(0.0586102 0.0217921 0)
(0.0894196 0.00452394 0)
(0.108626 -0.00899038 0)
(0.122941 -0.0163537 0)
(0.139304 -0.00853643 0)
(0.154772 0.0156116 0)
(0.167251 0.0525434 0)
(0.173593 0.0968157 0)
(0.172745 0.155493 0)
(0.16139 0.219152 0)
(0.138811 0.263727 0)
(0.111712 0.298678 0)
(0.0837515 0.327969 0)
(0.0559744 0.341492 0)
(0.0304364 0.331587 0)
(0.0085271 0.29394 0)
(0.0297378 -0.0133456 0)
(0.0280654 -0.0172497 0)
(0.0382854 -0.0478912 0)
(0.00979749 -0.0689943 0)
(-0.0105979 -0.0617258 0)
(-0.0166577 -0.052622 0)
(-0.0235827 -0.0426004 0)
(-0.0234773 -0.0315974 0)
(-0.0235876 -0.0235059 0)
(-0.0212858 -0.0109876 0)
(-0.0134821 -0.00203183 0)
(-0.00485322 0.00721578 0)
(0.0196286 0.0186198 0)
(0.0385946 0.00021161 0)
(0.0541383 0.000372062 0)
(0.0772306 -0.0149084 0)
(0.0963537 -0.0294346 0)
(0.11556 -0.0382102 0)
(0.135639 -0.0356713 0)
(0.157032 -0.0130125 0)
(0.176552 0.0297096 0)
(0.191274 0.080103 0)
(0.198463 0.146965 0)
(0.199402 0.227641 0)
(0.191976 0.295641 0)
(0.175543 0.349136 0)
(0.157495 0.389302 0)
(0.139895 0.41793 0)
(0.118241 0.426515 0)
(0.0937906 0.396213 0)
(0.0259283 -0.0131005 0)
(0.0232543 -0.018485 0)
(0.0311598 -0.0448053 0)
(0.00881373 -0.063007 0)
(-0.00788857 -0.0579066 0)
(-0.0134903 -0.050562 0)
(-0.0195912 -0.04147 0)
(-0.0195267 -0.0315453 0)
(-0.0189477 -0.0238958 0)
(-0.0162264 -0.013857 0)
(-0.00923971 -0.00719234 0)
(-0.000562013 -0.00181194 0)
(0.0162734 0.00227512 0)
(0.0314161 -0.00979962 0)
(0.0450508 -0.0170286 0)
(0.061853 -0.0329108 0)
(0.0777703 -0.0509834 0)
(0.0967069 -0.0664168 0)
(0.116057 -0.0716013 0)
(0.138656 -0.0537455 0)
(0.160584 -0.005401 0)
(0.17929 0.0639139 0)
(0.188332 0.148017 0)
(0.191583 0.235142 0)
(0.19252 0.313909 0)
(0.187585 0.377931 0)
(0.176552 0.425111 0)
(0.161306 0.46469 0)
(0.144358 0.492595 0)
(0.123862 0.493223 0)
(0.021854 -0.0127551 0)
(0.0188394 -0.0193803 0)
(0.024768 -0.0421418 0)
(0.00757955 -0.0579368 0)
(-0.0057226 -0.0544026 0)
(-0.0105898 -0.0486031 0)
(-0.0157303 -0.0404313 0)
(-0.0156706 -0.0315887 0)
(-0.0147335 -0.0246852 0)
(-0.0119193 -0.0167728 0)
(-0.00592666 -0.0117829 0)
(0.00147579 -0.00886288 0)
(0.0126766 -0.00921857 0)
(0.0230465 -0.0185646 0)
(0.0322265 -0.0291601 0)
(0.041578 -0.0458953 0)
(0.0501043 -0.0666385 0)
(0.0591323 -0.0871474 0)
(0.0687297 -0.0979753 0)
(0.0826274 -0.0860652 0)
(0.100369 -0.0411485 0)
(0.119263 0.0374344 0)
(0.134872 0.132843 0)
(0.143945 0.227532 0)
(0.152116 0.311377 0)
(0.157266 0.390455 0)
(0.156047 0.456336 0)
(0.151699 0.511119 0)
(0.146077 0.553255 0)
(0.138867 0.578889 0)
(0.0175091 -0.0123675 0)
(0.0146365 -0.0199986 0)
(0.0189321 -0.0399001 0)
(0.00613162 -0.0537555 0)
(-0.0040099 -0.0513447 0)
(-0.00795574 -0.0468254 0)
(-0.0120394 -0.0395328 0)
(-0.0119828 -0.0316918 0)
(-0.010977 -0.0255645 0)
(-0.00858944 -0.0193218 0)
(-0.00407123 -0.0159112 0)
(0.00134453 -0.0147147 0)
(0.00823458 -0.0168712 0)
(0.0139586 -0.0244173 0)
(0.0178242 -0.0349391 0)
(0.0198244 -0.0501215 0)
(0.0191888 -0.0691419 0)
(0.0163149 -0.0901136 0)
(0.0122909 -0.106297 0)
(0.0108917 -0.103636 0)
(0.016339 -0.0670262 0)
(0.0278083 0.00841201 0)
(0.0425259 0.107569 0)
(0.0588175 0.209427 0)
(0.0719019 0.303484 0)
(0.083446 0.396103 0)
(0.0911008 0.471964 0)
(0.0972321 0.527901 0)
(0.104375 0.571728 0)
(0.11088 0.603358 0)
(0.0128749 -0.0119901 0)
(0.0105176 -0.0204115 0)
(0.0134913 -0.0381394 0)
(0.00449989 -0.0504758 0)
(-0.00264616 -0.0488453 0)
(-0.00556467 -0.0453184 0)
(-0.00852421 -0.0387805 0)
(-0.00848161 -0.0318178 0)
(-0.00761041 -0.0263978 0)
(-0.00578178 -0.0213827 0)
(-0.00270031 -0.0187889 0)
(0.000547463 -0.0182312 0)
(0.00383127 -0.0205208 0)
(0.00546115 -0.0261314 0)
(0.0045612 -0.0341743 0)
(0.000687899 -0.0451069 0)
(-0.00696578 -0.058804 0)
(-0.0189964 -0.0742357 0)
(-0.0353021 -0.0874349 0)
(-0.0532221 -0.0897049 0)
(-0.0666162 -0.0682766 0)
(-0.0681491 -0.0138904 0)
(-0.0598049 0.068227 0)
(-0.0447112 0.161085 0)
(-0.0277718 0.254712 0)
(-0.0100336 0.342356 0)
(0.00861789 0.409518 0)
(0.0277495 0.458639 0)
(0.04643 0.49453 0)
(0.0650957 0.518775 0)
(0.0079089 -0.011683 0)
(0.00640636 -0.020679 0)
(0.00824508 -0.0368882 0)
(0.00270618 -0.0480597 0)
(-0.00149464 -0.0469909 0)
(-0.00332942 -0.0441264 0)
(-0.00510855 -0.0381693 0)
(-0.00510652 -0.0319024 0)
(-0.00453175 -0.0269966 0)
(-0.00343749 -0.022758 0)
(-0.00175171 -0.0205988 0)
(-0.000245297 -0.0201307 0)
(0.000659916 -0.0215737 0)
(-0.000258447 -0.0248463 0)
(-0.00390025 -0.0292605 0)
(-0.0111941 -0.0343444 0)
(-0.0227684 -0.0402796 0)
(-0.0389562 -0.0465003 0)
(-0.059442 -0.0507782 0)
(-0.0827326 -0.0492211 0)
(-0.104777 -0.0358181 0)
(-0.118978 -0.00378459 0)
(-0.122185 0.0485137 0)
(-0.115445 0.115154 0)
(-0.101364 0.187224 0)
(-0.0820805 0.257514 0)
(-0.0604971 0.308995 0)
(-0.0387796 0.348466 0)
(-0.0178326 0.379483 0)
(0.000280067 0.404818 0)
(0.00258595 -0.0115014 0)
(0.00224581 -0.0207857 0)
(0.00283276 -0.0359343 0)
(0.000857871 -0.0465089 0)
(-0.000408104 -0.0459697 0)
(-0.00109127 -0.043479 0)
(-0.00166562 -0.0379693 0)
(-0.0016984 -0.032193 0)
(-0.00150243 -0.0275856 0)
(-0.00117151 -0.023747 0)
(-0.000749882 -0.0215574 0)
(-0.000611231 -0.0205124 0)
(-0.00111303 -0.020173 0)
(-0.00284296 -0.0198471 0)
(-0.00614731 -0.0189601 0)
(-0.0119299 -0.0169423 0)
(-0.0195209 -0.0142069 0)
(-0.0293239 -0.0109947 0)
(-0.0408298 -0.00632121 0)
(-0.0530862 0.00111129 0)
(-0.0645038 0.0124494 0)
(-0.0733572 0.0290981 0)
(-0.0774885 0.0523726 0)
(-0.0757663 0.0829725 0)
(-0.0688212 0.120384 0)
(-0.0586273 0.163367 0)
(-0.0475074 0.204763 0)
(-0.0372954 0.239811 0)
(-0.0280098 0.270907 0)
(-0.0193612 0.298092 0)
(0.00428181 -0.0494269 0)
(0.00368328 -0.0433354 0)
(0.01343 -0.0485414 0)
(0.0130784 -0.0584685 0)
(0.0192638 -0.0298547 0)
(0.0230553 -0.0534223 0)
(0.137212 -0.0977539 0)
(0.119502 0.122471 0)
(0.181288 0.0589655 0)
(0.208373 -0.0673189 0)
(0.168503 -0.0409786 0)
(0.151054 -0.0147394 0)
(0.19882 -0.01383 0)
(0.23184 -0.0134992 0)
(0.462348 -0.0386866 0)
(0.349147 -0.195802 0)
(0.293956 0.00977269 0)
(0.141227 0.250722 0)
(0.00182191 0.654249 0)
(-0.128067 0.236426 0)
(0.0260457 -0.187716 0)
(-0.240195 -0.0167524 0)
(-0.27335 -0.128135 0)
(-0.687257 -0.119638 0)
(-0.397819 -0.0833726 0)
(0.17959 -0.032601 0)
(0.0814285 -0.0155188 0)
(0.0565299 -0.019144 0)
(0.0387395 0.00419185 0)
(0.0739116 0.0356105 0)
(0.00369767 -0.0492258 0)
(0.00350313 -0.0461992 0)
(0.0197505 -0.0535985 0)
(0.0102494 -0.0504488 0)
(0.00164896 -0.0351418 0)
(0.0657217 -0.0920138 0)
(0.0814512 -0.0995495 0)
(0.113059 0.108584 0)
(0.188447 0.0426046 0)
(0.186458 -0.0552775 0)
(0.183397 -0.0372541 0)
(0.207248 -0.0227039 0)
(0.255508 -0.0253604 0)
(0.29615 -0.0494808 0)
(0.67765 -0.0544297 0)
(0.284789 -0.210449 0)
(0.206566 0.00856582 0)
(0.0439881 0.27094 0)
(-0.0208097 0.665323 0)
(-0.00368581 0.231633 0)
(0.0473055 -0.180974 0)
(-0.168216 -0.00843685 0)
(-0.203831 -0.103032 0)
(-0.79947 -0.0971336 0)
(-0.932904 -0.13606 0)
(-0.114948 -0.0631906 0)
(0.117398 -0.0153548 0)
(0.0872546 -0.0174194 0)
(0.00106362 0.00420202 0)
(0.13826 0.0336524 0)
(0.00716151 -0.0504756 0)
(0.00716261 -0.0502353 0)
(0.0258916 -0.0566014 0)
(0.00736959 -0.0461805 0)
(0.0242069 -0.0509337 0)
(0.0515765 -0.101645 0)
(0.0109024 -0.0882518 0)
(0.0615763 0.0950812 0)
(0.161844 0.0131018 0)
(0.163041 -0.0611662 0)
(0.199758 -0.0526124 0)
(0.245335 -0.0395318 0)
(0.239433 -0.0320982 0)
(0.233804 -0.121779 0)
(0.304189 -0.0445187 0)
(0.169622 -0.167032 0)
(0.127621 0.0207763 0)
(-0.0612006 0.285433 0)
(-0.0571265 0.659382 0)
(0.110143 0.223544 0)
(0.0634734 -0.167689 0)
(-0.108348 -0.00179447 0)
(-0.126119 -0.0835112 0)
(-0.584554 -0.0733152 0)
(-0.605462 -0.117887 0)
(-0.344806 -0.0726385 0)
(0.201031 -0.0216033 0)
(0.129178 -0.0133281 0)
(-0.0839755 0.00331533 0)
(0.287149 0.0297869 0)
(0.00741843 -0.0522372 0)
(0.0102277 -0.0549512 0)
(0.0251379 -0.0595912 0)
(0.010995 -0.0467033 0)
(0.0559139 -0.0632467 0)
(0.0320294 -0.0758077 0)
(-0.0523054 -0.0824281 0)
(0.049468 0.0669753 0)
(0.135712 0.0028768 0)
(0.18881 -0.0727043 0)
(0.220556 -0.0679203 0)
(0.274212 -0.0495562 0)
(0.274141 -0.0330459 0)
(0.237235 -0.0911991 0)
(0.208377 -0.0379845 0)
(0.109411 -0.139718 0)
(0.054876 0.0348841 0)
(-0.171939 0.300706 0)
(-0.112708 0.639804 0)
(0.20133 0.209666 0)
(0.0731253 -0.151531 0)
(-0.0609268 0.0036669 0)
(-0.0608305 -0.0653766 0)
(-0.436833 -0.0497913 0)
(-0.68313 -0.130956 0)
(-0.530698 -0.123201 0)
(0.173144 -0.0488557 0)
(0.194906 -0.00206148 0)
(-0.067882 -0.00115038 0)
(0.471217 0.0180724 0)
(0.00731398 -0.0568588 0)
(0.0187249 -0.0587491 0)
(0.022264 -0.0660728 0)
(0.0232023 -0.0523326 0)
(0.0443092 -0.0632061 0)
(0.0409794 -0.062622 0)
(-0.0363526 -0.0949657 0)
(0.0584914 0.000381229 0)
(0.128558 -0.0245921 0)
(0.245088 -0.0692862 0)
(0.28746 -0.0843056 0)
(0.493582 0.0120851 0)
(0.278763 -0.017349 0)
(0.138975 -0.0613188 0)
(0.126794 -0.0419105 0)
(0.0621427 -0.116403 0)
(-0.0160104 0.0567568 0)
(-0.28506 0.318606 0)
(-0.188308 0.608127 0)
(0.254178 0.188445 0)
(0.0754914 -0.1321 0)
(-0.0255385 0.00756633 0)
(-0.00375032 -0.0529792 0)
(-0.23271 -0.0321999 0)
(-0.288947 -0.113222 0)
(-1.07831 -0.129496 0)
(-0.483576 -0.0935629 0)
(0.28023 -0.00634032 0)
(0.0822513 -0.00551974 0)
(0.536245 0.00352921 0)
(0.00890254 -0.0670866 0)
(0.0274467 -0.0620213 0)
(0.0310766 -0.0722514 0)
(0.0307259 -0.055509 0)
(0.0420136 -0.0703587 0)
(0.0532465 -0.0523298 0)
(-0.0173994 -0.0746972 0)
(-0.00593371 -0.0370772 0)
(0.0866021 -0.0655042 0)
(0.232502 -0.098911 0)
(-0.000366421 -0.158726 0)
(0.158841 -0.00235131 0)
(0.0564947 0.00524836 0)
(0.00216771 -0.041551 0)
(0.082846 -0.049845 0)
(0.0150876 -0.0944769 0)
(-0.0858149 0.0863016 0)
(-0.397831 0.340544 0)
(-0.286596 0.562014 0)
(0.259988 0.15893 0)
(0.0715298 -0.111212 0)
(-0.00144835 0.00912732 0)
(0.0290088 -0.0463921 0)
(-0.0862977 -0.0227159 0)
(-0.147091 -0.0761159 0)
(-0.962692 -0.0722923 0)
(-0.349304 -0.0570381 0)
(0.318993 -0.0315597 0)
(0.214038 -0.0101379 0)
(0.551241 -0.00576972 0)
(0.00868935 -0.0782759 0)
(0.0285018 -0.0701533 0)
(0.0359775 -0.0736597 0)
(0.0382052 -0.0522042 0)
(0.0633204 -0.0852768 0)
(0.0429677 -0.0422446 0)
(0.0951021 -0.0405512 0)
(-0.0145866 -0.0621345 0)
(-0.370189 -0.225698 0)
(-0.146486 -0.0239935 0)
(-0.00339179 -0.125447 0)
(-0.0576339 -0.0154745 0)
(-0.114103 0.0188184 0)
(-0.0750218 -0.0493159 0)
(0.0686705 -0.0641731 0)
(-0.0428785 -0.0677073 0)
(-0.152196 0.123895 0)
(-0.506278 0.368149 0)
(-0.39682 0.498655 0)
(0.223665 0.120639 0)
(0.0640791 -0.0910641 0)
(0.0130946 0.00865673 0)
(0.0434083 -0.0438291 0)
(0.00193369 -0.0181282 0)
(0.0189521 -0.0668219 0)
(-0.000783276 -0.0953634 0)
(0.0207522 -0.220462 0)
(0.310385 -0.0418487 0)
(0.316308 -0.0138931 0)
(0.437545 -0.014468 0)
(0.0123769 -0.091171 0)
(0.0253745 -0.0796265 0)
(0.0335413 -0.080944 0)
(0.0573257 -0.0684925 0)
(0.0745554 -0.0643522 0)
(0.0222521 -0.0745806 0)
(0.170169 -0.0124587 0)
(-0.197891 0.201956 0)
(0.499252 -0.128152 0)
(0.352521 -0.101405 0)
(0.0190945 -0.0579086 0)
(-0.184345 0.0237717 0)
(-0.220577 0.0119806 0)
(-0.085911 -0.0825777 0)
(0.0324631 -0.0740882 0)
(-0.113417 -0.0347161 0)
(-0.208263 0.16816 0)
(-0.586723 0.401731 0)
(-0.438746 0.422263 0)
(0.16197 0.0773334 0)
(0.056871 -0.0740018 0)
(0.0207655 0.00691894 0)
(0.0478375 -0.043395 0)
(0.041948 -0.0183584 0)
(0.0644013 -0.0697408 0)
(0.121162 -0.0772672 0)
(0.0333545 -0.143779 0)
(0.261572 -0.0668463 0)
(0.284459 -0.0145288 0)
(0.345547 -0.0175908 0)
(0.0252044 -0.101368 0)
(0.0360729 -0.0999275 0)
(0.0471494 -0.117906 0)
(0.0584173 -0.104165 0)
(0.0694623 -0.0425649 0)
(0.0860593 -0.079322 0)
(0.0673547 -0.0219474 0)
(0.19194 0.145726 0)
(-0.107271 -0.491283 0)
(0.0285514 -0.010339 0)
(-0.278679 0.0650565 0)
(-0.288949 0.0575138 0)
(-0.257364 -0.0226918 0)
(-0.0842059 -0.123496 0)
(-0.0531626 -0.0721134 0)
(-0.186993 0.000737146 0)
(-0.250209 0.213599 0)
(-0.616756 0.438181 0)
(-0.309879 0.343762 0)
(0.103167 0.0390912 0)
(0.0524999 -0.061197 0)
(0.024339 0.00454417 0)
(0.0478345 -0.0437275 0)
(0.0545321 -0.0203142 0)
(0.0739579 -0.0723146 0)
(0.108942 -0.0813758 0)
(0.0452036 -0.170484 0)
(0.228462 -0.0702255 0)
(0.239056 -0.0178019 0)
(0.23251 -0.0179843 0)
(0.000923043 -0.111875 0)
(0.00835385 -0.110686 0)
(0.0107721 -0.11091 0)
(0.00608517 -0.104768 0)
(0.022033 -0.0895509 0)
(0.0537893 -0.0775886 0)
(-0.0385436 -0.0488019 0)
(0.207564 0.0202259 0)
(-0.0435924 -0.0521011 0)
(-0.241648 0.0312797 0)
(-0.399734 0.0872631 0)
(-0.319566 0.0447116 0)
(-0.251175 -0.0729933 0)
(-0.124799 -0.143688 0)
(-0.16973 -0.0582479 0)
(-0.25943 0.0327054 0)
(-0.282194 0.252685 0)
(-0.611293 0.457691 0)
(-0.0721275 0.264369 0)
(0.0683267 0.0179979 0)
(0.0508184 -0.0519647 0)
(0.0258499 0.00193323 0)
(0.0461096 -0.0441346 0)
(0.0561878 -0.0227698 0)
(0.0708557 -0.0738121 0)
(0.104748 -0.0815021 0)
(0.0389516 -0.165144 0)
(0.202454 -0.0744218 0)
(0.200373 -0.0159156 0)
(0.145296 -0.016278 0)
(-0.0450635 -0.11053 0)
(-0.0507107 -0.108237 0)
(-0.0587046 -0.106272 0)
(-0.0682243 -0.0988933 0)
(-0.0751657 -0.0809322 0)
(-0.0936724 -0.0602286 0)
(-0.147422 -0.032194 0)
(-0.108018 0.0585094 0)
(-0.30445 -0.0675142 0)
(-0.343854 0.136022 0)
(-0.443067 0.0699597 0)
(-0.303917 0.0110502 0)
(-0.248225 -0.113856 0)
(-0.197255 -0.139308 0)
(-0.271576 -0.0404311 0)
(-0.327211 0.0577565 0)
(-0.318235 0.282633 0)
(-0.588609 0.443697 0)
(0.0967359 0.17738 0)
(0.0464026 0.0146431 0)
(0.049505 -0.0450162 0)
(0.0263371 -0.00075516 0)
(0.0438499 -0.0443889 0)
(0.0547475 -0.0252956 0)
(0.0657469 -0.075028 0)
(0.0972287 -0.0826631 0)
(0.040225 -0.168463 0)
(0.168922 -0.0829347 0)
(0.160568 -0.0130045 0)
(0.0817863 -0.0136404 0)
(-0.0933845 -0.0920586 0)
(-0.110096 -0.0902738 0)
(-0.1288 -0.0864409 0)
(-0.15101 -0.0766118 0)
(-0.179212 -0.0576867 0)
(-0.218198 -0.0291353 0)
(-0.26295 0.0131931 0)
(-0.283818 0.0890885 0)
(-0.389899 0.0852176 0)
(-0.407635 0.136866 0)
(-0.412106 0.0433152 0)
(-0.290493 -0.0278938 0)
(-0.255834 -0.133778 0)
(-0.260162 -0.122316 0)
(-0.338081 -0.023724 0)
(-0.386444 0.0788829 0)
(-0.373557 0.301352 0)
(-0.561273 0.393459 0)
(0.128381 0.09076 0)
(0.0235443 0.0198416 0)
(0.0470325 -0.040056 0)
(0.0262273 -0.00354163 0)
(0.0414515 -0.0444605 0)
(0.0525354 -0.0279253 0)
(0.0607492 -0.0757521 0)
(0.0888 -0.0838014 0)
(0.0391008 -0.168872 0)
(0.126527 -0.0884457 0)
(0.11715 -0.0091193 0)
(0.0348286 -0.0104206 0)
(-0.128929 -0.0604358 0)
(-0.151409 -0.0586414 0)
(-0.176832 -0.0520088 0)
(-0.206803 -0.0387041 0)
(-0.244587 -0.0171244 0)
(-0.288551 0.0144112 0)
(-0.329395 0.05673 0)
(-0.360006 0.103234 0)
(-0.402483 0.106164 0)
(-0.39924 0.121833 0)
(-0.361088 0.0102959 0)
(-0.282445 -0.0614035 0)
(-0.264897 -0.138138 0)
(-0.295048 -0.101677 0)
(-0.36529 -0.00639711 0)
(-0.410438 0.0983805 0)
(-0.4045 0.308638 0)
(-0.460287 0.316805 0)
(0.0820519 0.0196735 0)
(0.0063195 0.0234485 0)
(0.0435201 -0.0370899 0)
(0.0257709 -0.00646797 0)
(0.0389827 -0.0443694 0)
(0.0499794 -0.0306862 0)
(0.0558443 -0.0761434 0)
(0.079853 -0.085122 0)
(0.0339259 -0.167306 0)
(0.0783286 -0.0922909 0)
(0.070885 -0.00513191 0)
(-0.000601459 -0.00716606 0)
(-0.156135 -0.0255701 0)
(-0.175922 -0.0205229 0)
(-0.200773 -0.0111203 0)
(-0.230009 0.00318369 0)
(-0.264575 0.024665 0)
(-0.303209 0.0542446 0)
(-0.337664 0.0895043 0)
(-0.360316 0.118347 0)
(-0.371948 0.116141 0)
(-0.353285 0.0902984 0)
(-0.309145 -0.0151718 0)
(-0.265235 -0.0841897 0)
(-0.26192 -0.131167 0)
(-0.300744 -0.0813113 0)
(-0.354728 0.0106516 0)
(-0.379202 0.108157 0)
(-0.367493 0.299292 0)
(-0.233209 0.246856 0)
(0.043891 -0.022812 0)
(0.00149673 0.0219986 0)
(0.039617 -0.0353107 0)
(0.0251307 -0.00954587 0)
(0.0364362 -0.0441385 0)
(0.0471548 -0.0335253 0)
(0.0508838 -0.076127 0)
(0.0706051 -0.0860693 0)
(0.0248897 -0.163844 0)
(0.0289739 -0.0936261 0)
(0.0242954 -0.00176119 0)
(-0.0260821 -0.00431505 0)
(-0.141705 0.00391255 0)
(-0.160081 0.0179049 0)
(-0.183812 0.0311956 0)
(-0.210086 0.044873 0)
(-0.238932 0.0650751 0)
(-0.269422 0.0876102 0)
(-0.295167 0.110089 0)
(-0.309346 0.122107 0)
(-0.307697 0.10799 0)
(-0.284497 0.060797 0)
(-0.249253 -0.0303732 0)
(-0.227801 -0.0918343 0)
(-0.239083 -0.11606 0)
(-0.281399 -0.0641896 0)
(-0.317334 0.0216321 0)
(-0.30943 0.104831 0)
(-0.282335 0.252369 0)
(-0.0232149 0.187047 0)
(0.0362643 -0.0342362 0)
(0.00480911 0.018023 0)
(0.0355758 -0.0336339 0)
(0.0243156 -0.0127486 0)
(0.0338061 -0.0437976 0)
(0.0440928 -0.036374 0)
(0.0458495 -0.075722 0)
(0.0611686 -0.0864764 0)
(0.0139067 -0.157869 0)
(-0.0166844 -0.0926249 0)
(-0.0173308 0.000503074 0)
(-0.0405394 -0.00253748 0)
(-0.120076 0.0330804 0)
(-0.136259 0.0583025 0)
(-0.154499 0.0685582 0)
(-0.170364 0.0760191 0)
(-0.186679 0.0957734 0)
(-0.204645 0.115168 0)
(-0.219981 0.128273 0)
(-0.227051 0.12689 0)
(-0.221185 0.100405 0)
(-0.202912 0.0446891 0)
(-0.183445 -0.0362515 0)
(-0.180947 -0.0876445 0)
(-0.206796 -0.0966046 0)
(-0.249246 -0.0496428 0)
(-0.268133 0.0225345 0)
(-0.237485 0.0932208 0)
(-0.18879 0.188611 0)
(0.0509233 0.132586 0)
(0.0305088 -0.0273883 0)
(0.00807175 0.0137239 0)
(0.0312642 -0.0316595 0)
(0.0232264 -0.0160405 0)
(0.0310975 -0.0433895 0)
(0.0408266 -0.0391447 0)
(0.0408116 -0.0748978 0)
(0.051715 -0.0861174 0)
(0.0042824 -0.149651 0)
(-0.0528158 -0.0895094 0)
(-0.0513308 0.00127018 0)
(-0.0469623 -0.00225134 0)
(-0.0920436 0.0559297 0)
(-0.101629 0.0774828 0)
(-0.110495 0.0918783 0)
(-0.125033 0.100666 0)
(-0.140341 0.115148 0)
(-0.150593 0.130798 0)
(-0.15683 0.139063 0)
(-0.157343 0.128606 0)
(-0.149935 0.0934157 0)
(-0.139152 0.0357135 0)
(-0.134509 -0.0352872 0)
(-0.148592 -0.074682 0)
(-0.183281 -0.0750585 0)
(-0.217492 -0.0374705 0)
(-0.220758 0.0171196 0)
(-0.186577 0.0737249 0)
(-0.125407 0.135792 0)
(0.0379053 0.093279 0)
(0.0198763 -0.0166719 0)
(0.00820437 0.00904456 0)
(0.0266432 -0.0296965 0)
(0.0217902 -0.019398 0)
(0.0283226 -0.0429854 0)
(0.0373917 -0.0417641 0)
(0.0358421 -0.0736856 0)
(0.0426705 -0.0850203 0)
(-0.00356534 -0.139438 0)
(-0.0764237 -0.0850039 0)
(-0.0737712 5.41681e-06 0)
(-0.0484297 -0.00350809 0)
(-0.0353126 0.100208 0)
(-0.0576109 0.106589 0)
(-0.0760084 0.113358 0)
(-0.0907253 0.125729 0)
(-0.10714 0.133405 0)
(-0.120408 0.138967 0)
(-0.125483 0.139256 0)
(-0.122547 0.121389 0)
(-0.115594 0.0835584 0)
(-0.111572 0.0309894 0)
(-0.118128 -0.0247435 0)
(-0.140784 -0.0539335 0)
(-0.170286 -0.0543346 0)
(-0.189331 -0.0304497 0)
(-0.184129 0.00805145 0)
(-0.155133 0.0512413 0)
(-0.0959895 0.0942213 0)
(0.0103972 0.0651991 0)
(0.00874322 -0.0104089 0)
(0.00582748 0.00386499 0)
(0.0218795 -0.0282478 0)
(0.0200119 -0.0227908 0)
(0.0254968 -0.042661 0)
(0.0338304 -0.0441516 0)
(0.0310231 -0.0721261 0)
(0.0343894 -0.0832247 0)
(-0.00923099 -0.128271 0)
(-0.0875177 -0.0793723 0)
(-0.0814378 -0.00252911 0)
(-0.0474941 -0.00585496 0)
(0.0294848 0.173874 0)
(-0.0028138 0.177323 0)
(-0.0327822 0.164142 0)
(-0.0584149 0.165599 0)
(-0.0778261 0.162981 0)
(-0.0916455 0.156068 0)
(-0.10123 0.14607 0)
(-0.106087 0.120257 0)
(-0.107641 0.0818882 0)
(-0.111297 0.0357201 0)
(-0.123764 -0.0088584 0)
(-0.143795 -0.0344319 0)
(-0.161252 -0.0399029 0)
(-0.16788 -0.0275595 0)
(-0.159285 -0.00202807 0)
(-0.134383 0.0296238 0)
(-0.0838616 0.0600533 0)
(-0.0102022 0.0422036 0)
(-0.00111452 -0.00998322 0)
(0.00275063 -0.00163571 0)
(0.017257 -0.0276401 0)
(0.0179724 -0.0261668 0)
(0.0226524 -0.0424959 0)
(0.0301924 -0.0462487 0)
(0.0264383 -0.0703098 0)
(0.027135 -0.0808934 0)
(-0.0122717 -0.117069 0)
(-0.0877931 -0.073573 0)
(-0.0762836 -0.00579315 0)
(-0.0460436 -0.0084151 0)
(0.00938158 0.244953 0)
(-0.00631804 0.242709 0)
(-0.0255529 0.222844 0)
(-0.0482832 0.208723 0)
(-0.0661053 0.187313 0)
(-0.0801129 0.174589 0)
(-0.0934573 0.161004 0)
(-0.104634 0.130482 0)
(-0.114565 0.0915572 0)
(-0.12588 0.0486773 0)
(-0.139735 0.00738393 0)
(-0.15165 -0.0210824 0)
(-0.15721 -0.0330494 0)
(-0.154589 -0.0295023 0)
(-0.142476 -0.0132836 0)
(-0.119152 0.0092893 0)
(-0.0776308 0.0313579 0)
(-0.0241821 0.0215918 0)
(-0.00894143 -0.0126679 0)
(9.72778e-05 -0.00786474 0)
(0.0129314 -0.0279232 0)
(0.0157252 -0.0294335 0)
(0.019821 -0.0425475 0)
(0.0265312 -0.0480026 0)
(0.0221518 -0.0683355 0)
(0.0209023 -0.0782062 0)
(-0.0137985 -0.106456 0)
(-0.0808449 -0.0680737 0)
(-0.064718 -0.00927927 0)
(-0.0442783 -0.0104926 0)
(0.00833456 0.263633 0)
(0.00915559 0.264411 0)
(0.00330335 0.264466 0)
(-0.0120936 0.255873 0)
(-0.0354242 0.229222 0)
(-0.0626845 0.212938 0)
(-0.0872054 0.193775 0)
(-0.109178 0.158218 0)
(-0.130848 0.114647 0)
(-0.149208 0.0671813 0)
(-0.161238 0.0197462 0)
(-0.163915 -0.0172171 0)
(-0.158827 -0.0356124 0)
(-0.147809 -0.0374154 0)
(-0.1308 -0.0269283 0)
(-0.107275 -0.0104977 0)
(-0.0727428 0.00634255 0)
(-0.032795 0.00284548 0)
(-0.0145313 -0.0169221 0)
(-0.00244471 -0.0149795 0)
(0.00900421 -0.0291056 0)
(0.0133078 -0.0325395 0)
(0.0170379 -0.0428737 0)
(0.0229077 -0.0493881 0)
(0.0182176 -0.0663024 0)
(0.0156271 -0.0752431 0)
(-0.0143172 -0.0967605 0)
(-0.0706055 -0.0630889 0)
(-0.0531604 -0.0124787 0)
(-0.041905 -0.0118705 0)
(0.000550214 0.245744 0)
(-0.00449072 0.269442 0)
(-0.0149735 0.294749 0)
(-0.0294337 0.303616 0)
(-0.049256 0.288245 0)
(-0.0746228 0.264409 0)
(-0.102081 0.232569 0)
(-0.129615 0.193676 0)
(-0.155556 0.145685 0)
(-0.17524 0.0873031 0)
(-0.182586 0.0251383 0)
(-0.177417 -0.024439 0)
(-0.163071 -0.0485154 0)
(-0.144195 -0.0532962 0)
(-0.121797 -0.0447974 0)
(-0.0972504 -0.030583 0)
(-0.0674101 -0.0161103 0)
(-0.0366037 -0.0139464 0)
(-0.0178472 -0.0227543 0)
(-0.00488034 -0.0221848 0)
(0.00551602 -0.0311981 0)
(0.0108284 -0.0354709 0)
(0.0143477 -0.0434863 0)
(0.0193947 -0.0503979 0)
(0.0146747 -0.0643017 0)
(0.0112312 -0.072102 0)
(-0.0143461 -0.0880719 0)
(-0.0599938 -0.0586154 0)
(-0.0441167 -0.0151251 0)
(-0.0389398 -0.0126628 0)
(-0.00888321 0.282584 0)
(-0.0226617 0.310096 0)
(-0.0380623 0.33375 0)
(-0.0564939 0.335654 0)
(-0.0739354 0.331119 0)
(-0.0947164 0.320534 0)
(-0.120902 0.291423 0)
(-0.150086 0.243658 0)
(-0.176019 0.181887 0)
(-0.192036 0.10581 0)
(-0.194198 0.0241491 0)
(-0.184072 -0.0413178 0)
(-0.162756 -0.0733767 0)
(-0.138292 -0.0781008 0)
(-0.11179 -0.0676342 0)
(-0.0867263 -0.0513405 0)
(-0.0607581 -0.0360481 0)
(-0.0363698 -0.0290062 0)
(-0.0190096 -0.0296509 0)
(-0.00663457 -0.0290017 0)
(0.00277618 -0.0340072 0)
(0.00852342 -0.0381975 0)
(0.0118207 -0.0443293 0)
(0.0160678 -0.0510618 0)
(0.0115466 -0.0624122 0)
(0.00764648 -0.0689538 0)
(-0.0139802 -0.0803841 0)
(-0.0503673 -0.0546813 0)
(-0.0371184 -0.0172595 0)
(-0.0355504 -0.0130555 0)
(0.0695292 0.359416 0)
(0.0492211 0.364175 0)
(0.0304671 0.393219 0)
(0.00460032 0.406768 0)
(-0.0330643 0.39203 0)
(-0.0723432 0.367815 0)
(-0.108467 0.336441 0)
(-0.140931 0.285589 0)
(-0.167885 0.212222 0)
(-0.183719 0.118452 0)
(-0.184783 0.0162444 0)
(-0.173093 -0.0686335 0)
(-0.148692 -0.10939 0)
(-0.123097 -0.109726 0)
(-0.0955135 -0.0934182 0)
(-0.0723602 -0.0715336 0)
(-0.0512546 -0.0529831 0)
(-0.0327399 -0.0417563 0)
(-0.0180839 -0.0369508 0)
(-0.0069926 -0.0352686 0)
(0.0011552 -0.037155 0)
(0.0065295 -0.0406444 0)
(0.00951106 -0.0452965 0)
(0.0129871 -0.0514353 0)
(0.00882572 -0.0606731 0)
(0.00482804 -0.0659088 0)
(-0.0132051 -0.0736379 0)
(-0.0419196 -0.0512157 0)
(-0.0312657 -0.0189607 0)
(-0.0318319 -0.0131774 0)
(0.0964436 0.464949 0)
(0.0622251 0.459408 0)
(0.0292519 0.473511 0)
(0.0108483 0.493321 0)
(-0.00536263 0.498218 0)
(-0.0293152 0.471721 0)
(-0.0565927 0.418377 0)
(-0.0829086 0.346146 0)
(-0.10722 0.25648 0)
(-0.125234 0.143983 0)
(-0.132294 0.0162592 0)
(-0.124725 -0.0927068 0)
(-0.106652 -0.143192 0)
(-0.0875571 -0.140525 0)
(-0.0674326 -0.115852 0)
(-0.0512118 -0.0881316 0)
(-0.0372645 -0.0662604 0)
(-0.0249441 -0.0520815 0)
(-0.0145052 -0.0439979 0)
(-0.00628828 -0.0405605 0)
(0.000180714 -0.0401132 0)
(0.00480896 -0.0427314 0)
(0.00744161 -0.0462774 0)
(0.0101982 -0.0515975 0)
(0.00650863 -0.0590806 0)
(0.00271853 -0.0629796 0)
(-0.0120201 -0.0678626 0)
(-0.0344081 -0.0481957 0)
(-0.0260624 -0.0202721 0)
(-0.0278112 -0.0131137 0)
(0.128216 0.584322 0)
(0.113911 0.580043 0)
(0.091314 0.577389 0)
(0.0699384 0.555582 0)
(0.0538036 0.535942 0)
(0.0449278 0.518761 0)
(0.035618 0.482968 0)
(0.0225566 0.414107 0)
(0.00329725 0.317194 0)
(-0.0153396 0.190255 0)
(-0.028229 0.0367899 0)
(-0.0294217 -0.0940389 0)
(-0.028403 -0.155255 0)
(-0.0287288 -0.154177 0)
(-0.0272208 -0.126065 0)
(-0.0241593 -0.0962454 0)
(-0.0203491 -0.0732736 0)
(-0.0154719 -0.0578949 0)
(-0.0100339 -0.0484859 0)
(-0.00481645 -0.044286 0)
(-0.000103131 -0.0428923 0)
(0.00352681 -0.0445449 0)
(0.00566433 -0.0471935 0)
(0.00774082 -0.0516187 0)
(0.00460083 -0.0576312 0)
(0.00124563 -0.0602362 0)
(-0.0104616 -0.0630304 0)
(-0.0275776 -0.0456163 0)
(-0.0212344 -0.0212488 0)
(-0.0234895 -0.01293 0)
(0.115658 0.621696 0)
(0.119141 0.629678 0)
(0.118679 0.64539 0)
(0.113806 0.633665 0)
(0.108224 0.578168 0)
(0.103494 0.524773 0)
(0.102531 0.485525 0)
(0.103177 0.433466 0)
(0.095225 0.362114 0)
(0.0848724 0.233591 0)
(0.0822798 0.0611774 0)
(0.0769663 -0.079363 0)
(0.0569338 -0.141413 0)
(0.0327582 -0.141291 0)
(0.014684 -0.116462 0)
(0.00374847 -0.0913486 0)
(-0.00255524 -0.0721855 0)
(-0.00487499 -0.0592763 0)
(-0.00434254 -0.0509646 0)
(-0.00232384 -0.0467192 0)
(0.00026199 -0.0448641 0)
(0.00260633 -0.0458944 0)
(0.00416954 -0.0479402 0)
(0.0056228 -0.0515468 0)
(0.00309718 -0.0563497 0)
(0.000326083 -0.057813 0)
(-0.00856986 -0.0590893 0)
(-0.0212386 -0.0434743 0)
(-0.0165873 -0.0219441 0)
(-0.018855 -0.0126814 0)
(0.0834172 0.545331 0)
(0.100269 0.573502 0)
(0.116377 0.602366 0)
(0.130208 0.616954 0)
(0.13971 0.583077 0)
(0.140323 0.538243 0)
(0.135297 0.492017 0)
(0.132808 0.428542 0)
(0.13622 0.357408 0)
(0.151349 0.231845 0)
(0.163974 0.0721125 0)
(0.152203 -0.049592 0)
(0.117496 -0.0997521 0)
(0.0776315 -0.101725 0)
(0.0460227 -0.0873053 0)
(0.0246642 -0.0735012 0)
(0.0111389 -0.0629014 0)
(0.00355028 -0.0553006 0)
(0.000273627 -0.0500236 0)
(-0.000313903 -0.0472393 0)
(0.000611366 -0.0460114 0)
(0.00190824 -0.0467956 0)
(0.0029044 -0.048472 0)
(0.0038155 -0.0514069 0)
(0.00196113 -0.0552672 0)
(-0.000137616 -0.0558423 0)
(-0.00637239 -0.0559997 0)
(-0.0152247 -0.0418145 0)
(-0.0119861 -0.0224259 0)
(-0.0138867 -0.0124171 0)
(0.0170761 0.433982 0)
(0.035873 0.467474 0)
(0.0603271 0.497677 0)
(0.0876552 0.528992 0)
(0.11024 0.550179 0)
(0.124819 0.539678 0)
(0.136609 0.50769 0)
(0.150394 0.429787 0)
(0.169799 0.314138 0)
(0.19143 0.18885 0)
(0.196429 0.0753337 0)
(0.174341 -0.00289839 0)
(0.133284 -0.0369918 0)
(0.0901231 -0.0466841 0)
(0.0557347 -0.0485907 0)
(0.0316947 -0.0494955 0)
(0.0162572 -0.0495035 0)
(0.00727129 -0.0486182 0)
(0.00267242 -0.0474911 0)
(0.000941565 -0.0467199 0)
(0.000802023 -0.0464062 0)
(0.00125608 -0.0472609 0)
(0.00175686 -0.0487762 0)
(0.00221548 -0.0512276 0)
(0.00109283 -0.0543968 0)
(-0.000273052 -0.0544004 0)
(-0.00389806 -0.0536929 0)
(-0.00932968 -0.040647 0)
(-0.00734929 -0.0227472 0)
(-0.00854005 -0.0121952 0)
(-0.0110524 0.320262 0)
(-0.00171193 0.344102 0)
(0.00751822 0.367619 0)
(0.0175051 0.397434 0)
(0.0310285 0.412432 0)
(0.0484963 0.392529 0)
(0.070273 0.359767 0)
(0.0936432 0.304611 0)
(0.111185 0.235221 0)
(0.117751 0.167182 0)
(0.112348 0.109005 0)
(0.096802 0.0675376 0)
(0.0754656 0.0391254 0)
(0.0539182 0.016517 0)
(0.0358756 -0.00375567 0)
(0.0205643 -0.0208019 0)
(0.0109884 -0.0328381 0)
(0.00532531 -0.0404188 0)
(0.00218453 -0.0441521 0)
(0.000844959 -0.0457706 0)
(0.00045932 -0.0465594 0)
(0.000474246 -0.0476389 0)
(0.000594231 -0.0491119 0)
(0.000699674 -0.0512742 0)
(0.000332944 -0.0539408 0)
(-0.000203349 -0.0536327 0)
(-0.00126953 -0.052197 0)
(-0.00318914 -0.0397493 0)
(-0.00259583 -0.0228858 0)
(-0.00279833 -0.0120683 0)
)
;

boundaryField
{
    leftWall
    {
        type            fixedValue;
        value           uniform (0 0 0);
    }
    rightWall
    {
        type            fixedValue;
        value           uniform (0 0 0);
    }
    lowerWall
    {
        type            fixedValue;
        value           uniform (0 0 0);
    }
    atmosphere
    {
        type            pressureInletOutletVelocity;
        value           nonuniform List<vector> 
120
(
(-0.0742901 0.0356805 0)
(-0.137953 0.0337179 0)
(-0.285666 0.0298832 0)
(-0.469961 0.0182292 0)
(-0.535854 0.00369347 0)
(-0.552335 -0.00570618 0)
(-0.449465 -0.0145679 0)
(-0.351669 -0.0181753 0)
(-0.234332 -0.0188015 0)
(-0.145437 -0.0170959 0)
(-0.0813231 -0.0145157 0)
(-0.0343917 -0.0113832 0)
(0.000343171 0 0)
(0.0249012 0 0)
(0.0380734 0 0)
(0.0441138 0 0)
(0.0455003 0 0)
(0.0447749 0 0)
(0.0434891 0 0)
(0.0417635 0 0)
(0.0394136 0 0)
(0.0365299 0 0)
(0.0332784 0 0)
(0.0297378 0 0)
(0.0259283 0 0)
(0.021854 0 0)
(0.0175091 0 0)
(0.0128749 0 0)
(0.0079089 0 0)
(0.00258595 0 0)
(0 -0.0115014 0)
(0 -0.0207857 0)
(0 -0.0359343 0)
(0 -0.0465089 0)
(0 -0.0459697 0)
(0 -0.043479 0)
(0 -0.0379693 0)
(0 -0.032193 0)
(0 -0.0275856 0)
(0 -0.023747 0)
(0 -0.0215574 0)
(0 -0.0205124 0)
(0 -0.020173 0)
(0 -0.0198471 0)
(0 -0.0189601 0)
(0 -0.0169423 0)
(0 -0.0142069 0)
(0 -0.0109947 0)
(0 -0.00632121 0)
(-0.0530862 0.00111129 0)
(-0.0645038 0.0124494 0)
(-0.0733572 0.0290981 0)
(-0.0774885 0.0523726 0)
(-0.0757663 0.0829725 0)
(-0.0688212 0.120384 0)
(-0.0586273 0.163367 0)
(-0.0475074 0.204763 0)
(-0.0372954 0.239811 0)
(-0.0280098 0.270907 0)
(-0.0193612 0.298092 0)
(-0.0110524 0.320262 0)
(-0.00171193 0.344102 0)
(0.00751822 0.367619 0)
(0.0175051 0.397434 0)
(0.0310285 0.412432 0)
(0.0484963 0.392529 0)
(0.070273 0.359767 0)
(0.0936432 0.304611 0)
(0.111185 0.235221 0)
(0.117751 0.167182 0)
(0.112348 0.109005 0)
(0.096802 0.0675376 0)
(0.0754656 0.0391254 0)
(0.0539182 0.016517 0)
(0 -0.00375567 0)
(0 -0.0208019 0)
(0 -0.0328381 0)
(0 -0.0404188 0)
(0 -0.0441521 0)
(0 -0.0457706 0)
(0 -0.0465594 0)
(0 -0.0476389 0)
(0 -0.0491119 0)
(0 -0.0512742 0)
(0 -0.0539408 0)
(0 -0.0536327 0)
(0 -0.052197 0)
(0 -0.0397493 0)
(0 -0.0228858 0)
(0 -0.0120683 0)
(0.0739116 0.0356105 0)
(0.13826 0.0336524 0)
(0.287149 0.0297869 0)
(0.471217 0.0180724 0)
(0.536245 0.00352921 0)
(0.551241 -0.00576972 0)
(0.437545 -0.014468 0)
(0.345547 -0.0175908 0)
(0.23251 -0.0179843 0)
(0.145296 -0.016278 0)
(0.0817863 -0.0136404 0)
(0.0348286 -0.0104206 0)
(-0.000601459 0 0)
(-0.0260821 0 0)
(-0.0405394 0 0)
(-0.0469623 0 0)
(-0.0484297 0 0)
(-0.0474941 0 0)
(-0.0460436 0 0)
(-0.0442783 0 0)
(-0.041905 0 0)
(-0.0389398 0 0)
(-0.0355504 0 0)
(-0.0318319 0 0)
(-0.0278112 0 0)
(-0.0234895 0 0)
(-0.018855 0 0)
(-0.0138867 0 0)
(-0.00854005 0 0)
(-0.00279833 0 0)
)
;
    }
    defaultFaces
    {
        type            empty;
    }
}


// ************************************************************************* //
