/*--------------------------------*- C++ -*----------------------------------*\
| =========                 |                                                 |
| \\      /  F ield         | OpenFOAM: The Open Source CFD Toolbox           |
|  \\    /   O peration     | Version:  2.4.0                                 |
|   \\  /    A nd           | Web:      www.OpenFOAM.org                      |
|    \\/     M anipulation  |                                                 |
\*---------------------------------------------------------------------------*/
FoamFile
{
    version     2.0;
    format      ascii;
    class       surfaceScalarField;
    location    "0.016";
    object      phiAlpha;
}
// * * * * * * * * * * * * * * * * * * * * * * * * * * * * * * * * * * * * * //

dimensions      [0 3 -1 0 0 0 0];

internalField   nonuniform List<scalar> 
7080
(
-1.84152e-09
1.84152e-09
-4.28986e-09
2.44836e-09
-7.98527e-09
3.69539e-09
-1.35493e-08
5.5641e-09
-2.1583e-08
8.03367e-09
-3.26703e-08
1.10872e-08
-4.73691e-08
1.46988e-08
-6.61157e-08
1.87466e-08
-8.89724e-08
2.28567e-08
-1.15605e-07
2.66322e-08
-1.4546e-07
2.98555e-08
-1.7802e-07
3.256e-08
-2.13047e-07
3.50272e-08
-2.50814e-07
3.77665e-08
-2.92282e-07
4.14682e-08
-3.39107e-07
4.6825e-08
-3.9336e-07
5.42527e-08
-4.56505e-07
6.31454e-08
-5.27554e-07
7.10492e-08
-5.99654e-07
7.20995e-08
-6.54336e-07
5.46824e-08
-6.65912e-07
1.15753e-08
-6.22558e-07
-4.33535e-08
-5.46934e-07
-7.56246e-08
-4.8292e-07
-6.40133e-08
-4.2492e-07
-5.8e-08
-3.13383e-07
-1.11537e-07
-1.05372e-07
-2.08011e-07
-1.6657e-08
-8.87145e-08
-1.63101e-08
-3.46934e-10
-2.13689e-09
3.97839e-09
-4.99289e-09
5.30441e-09
-9.33465e-09
8.03712e-09
-1.59241e-08
1.21535e-08
-2.55224e-08
1.7632e-08
-3.88925e-08
2.44573e-08
-5.67858e-08
3.25922e-08
-7.98326e-08
4.17933e-08
-1.08259e-07
5.12827e-08
-1.41827e-07
6.02008e-08
-1.79992e-07
6.80202e-08
-2.22129e-07
7.46969e-08
-2.67768e-07
8.06667e-08
-3.16829e-07
8.6827e-08
-3.69814e-07
9.44538e-08
-4.27774e-07
1.04785e-07
-4.91861e-07
1.1834e-07
-5.62102e-07
1.33386e-07
-6.35714e-07
1.44661e-07
-7.05229e-07
1.41614e-07
-7.53773e-07
1.03226e-07
-7.56296e-07
1.4099e-08
-6.97461e-07
-1.02189e-07
-5.98929e-07
-1.74157e-07
-5.20663e-07
-1.42279e-07
-4.70113e-07
-1.0855e-07
-3.46957e-07
-2.34693e-07
-6.96553e-08
-4.85314e-07
1.69584e-08
-1.75328e-07
1.05545e-09
-4.07122e-10
-2.14288e-09
6.12125e-09
-5.00839e-09
8.16996e-09
-9.36774e-09
1.23964e-08
-1.59896e-08
1.87754e-08
-2.56446e-08
2.7287e-08
-3.91086e-08
3.79213e-08
-5.71547e-08
5.06383e-08
-8.04494e-08
6.50879e-08
-1.09259e-07
8.00924e-08
-1.43384e-07
9.43255e-08
-1.823e-07
1.06936e-07
-2.25379e-07
1.17776e-07
-2.72104e-07
1.27392e-07
-3.22295e-07
1.37018e-07
-3.76322e-07
1.48481e-07
-4.35089e-07
1.63551e-07
-4.99675e-07
1.82926e-07
-5.70258e-07
2.03968e-07
-6.4468e-07
2.19084e-07
-7.17724e-07
2.14658e-07
-7.75611e-07
1.61113e-07
-7.89039e-07
2.75269e-08
-7.24882e-07
-1.66345e-07
-5.95038e-07
-3.04001e-07
-4.92121e-07
-2.45196e-07
-4.55013e-07
-1.45658e-07
-3.17616e-07
-3.7209e-07
-2.46613e-08
-7.78268e-07
5.59479e-08
-2.55937e-07
5.72718e-08
-2.68434e-10
-2.12906e-09
8.25029e-09
-4.97679e-09
1.10177e-08
-9.31029e-09
1.67299e-08
-1.5895e-08
2.53601e-08
-2.54977e-08
3.68897e-08
-3.88902e-08
5.13138e-08
-5.6846e-08
6.85941e-08
-8.00457e-08
8.82876e-08
-1.08771e-07
1.08817e-07
-1.42828e-07
1.28383e-07
-1.81688e-07
1.45796e-07
-2.24698e-07
1.60787e-07
-2.71282e-07
1.73976e-07
-3.21161e-07
1.86897e-07
-3.74606e-07
2.01925e-07
-4.32508e-07
2.21453e-07
-4.96272e-07
2.46691e-07
-5.67131e-07
2.74827e-07
-6.44809e-07
2.96762e-07
-7.27627e-07
2.97476e-07
-8.06571e-07
2.40056e-07
-8.43179e-07
6.41351e-08
-7.70824e-07
-2.387e-07
-5.71287e-07
-5.03538e-07
-4.04047e-07
-4.12436e-07
-3.78712e-07
-1.70993e-07
-2.38652e-07
-5.1215e-07
-6.68649e-08
-9.50056e-07
-1.51275e-09
-3.2129e-07
5.56259e-08
1.33086e-10
-2.10965e-09
1.03599e-08
-4.93226e-09
1.38404e-08
-9.22895e-09
2.10266e-08
-1.576e-08
3.18912e-08
-2.52862e-08
4.64159e-08
-3.85721e-08
6.45997e-08
-5.63884e-08
8.64104e-08
-7.94311e-08
1.1133e-07
-1.07995e-07
1.37382e-07
-1.41891e-07
1.62278e-07
-1.80576e-07
1.84481e-07
-2.23358e-07
2.03569e-07
-2.69582e-07
2.20199e-07
-3.1884e-07
2.36155e-07
-3.7128e-07
2.54365e-07
-4.27778e-07
2.77952e-07
-4.90167e-07
3.0908e-07
-5.61127e-07
3.45786e-07
-6.42935e-07
3.78571e-07
-7.38211e-07
3.92752e-07
-8.45322e-07
3.47167e-07
-9.19396e-07
1.38209e-07
-8.44361e-07
-3.13735e-07
-5.44569e-07
-8.03331e-07
-2.85842e-07
-6.71163e-07
-2.90265e-07
-1.6657e-07
-2.37305e-07
-5.65111e-07
-2.38562e-07
-9.48798e-07
-1.60668e-07
-3.99184e-07
-1.05689e-07
6.47226e-10
-2.08524e-09
1.24451e-08
-4.87622e-09
1.66314e-08
-9.12647e-09
2.52768e-08
-1.55899e-08
3.83546e-08
-2.50194e-08
5.58454e-08
-3.817e-08
7.77502e-08
-5.58085e-08
1.04049e-07
-7.86497e-08
1.34172e-07
-1.07006e-07
1.65738e-07
-1.40692e-07
1.95964e-07
-1.79147e-07
2.22936e-07
-2.21635e-07
2.46058e-07
-2.67406e-07
2.65969e-07
-3.15888e-07
2.84637e-07
-3.6706e-07
3.05537e-07
-4.21724e-07
3.32615e-07
-4.8206e-07
3.69417e-07
-5.52393e-07
4.16118e-07
-6.38441e-07
4.6462e-07
-7.47745e-07
5.02056e-07
-8.87876e-07
4.87298e-07
-1.01163e-06
2.61958e-07
-9.63711e-07
-3.6165e-07
-6.27548e-07
-1.13949e-06
-3.13593e-07
-9.85118e-07
-2.64405e-07
-2.15757e-07
-3.18269e-07
-5.11247e-07
-3.76198e-07
-8.90869e-07
-2.78887e-07
-4.96494e-07
-3.8473e-07
1.53431e-10
-2.05588e-09
1.4501e-08
-4.8088e-09
1.93844e-08
-9.00316e-09
2.94711e-08
-1.53851e-08
4.47366e-08
-2.46981e-08
6.51584e-08
-3.76853e-08
9.07374e-08
-5.5108e-08
1.21472e-07
-7.77042e-08
1.56768e-07
-1.05808e-07
1.93842e-07
-1.39237e-07
2.29393e-07
-1.77416e-07
2.61116e-07
-2.1956e-07
2.88202e-07
-2.64809e-07
3.11218e-07
-3.12395e-07
3.32223e-07
-3.62072e-07
3.55214e-07
-4.14479e-07
3.85023e-07
-4.71988e-07
4.26925e-07
-5.40474e-07
4.84604e-07
-6.29789e-07
5.53934e-07
-7.50257e-07
6.22524e-07
-9.15616e-07
6.52657e-07
-1.07579e-06
4.2213e-07
-1.07827e-06
-3.59162e-07
-8.5048e-07
-1.36728e-06
-5.98228e-07
-1.23737e-06
-3.05036e-07
-5.08949e-07
-2.58636e-07
-5.57646e-07
-2.73665e-07
-8.75837e-07
-2.12915e-07
-5.57243e-07
-5.96493e-07
-1.15173e-09
-2.02165e-09
1.65226e-08
-4.73016e-09
2.20929e-08
-8.85927e-09
3.36002e-08
-1.51461e-08
5.10235e-08
-2.4323e-08
7.43353e-08
-3.7119e-08
1.03533e-07
-5.42878e-08
1.3864e-07
-7.65952e-08
1.79075e-07
-1.044e-07
2.21646e-07
-1.37529e-07
2.62522e-07
-1.75389e-07
2.98976e-07
-2.17145e-07
3.29958e-07
-2.6182e-07
3.55893e-07
-3.08409e-07
3.78813e-07
-3.56361e-07
4.03166e-07
-4.0595e-07
4.34611e-07
-4.59186e-07
4.80161e-07
-5.22443e-07
5.47862e-07
-6.10225e-07
6.41716e-07
-7.37444e-07
7.49743e-07
-8.97997e-07
8.1321e-07
-1.02506e-06
5.49197e-07
-1.00704e-06
-3.77157e-07
-9.15906e-07
-1.45832e-06
-7.76505e-07
-1.37675e-06
-3.16064e-07
-9.6938e-07
-9.38992e-08
-7.79797e-07
-1.10636e-07
-8.59078e-07
-4.80696e-08
-6.19798e-07
-6.42946e-07
-1.60189e-09
-1.98262e-09
1.85052e-08
-4.64047e-09
2.47508e-08
-8.69509e-09
3.76548e-08
-1.48733e-08
5.72017e-08
-2.38948e-08
8.33568e-08
-3.64721e-08
1.16111e-07
-5.3349e-08
1.55517e-07
-7.53234e-08
2.01049e-07
-1.02784e-07
2.49107e-07
-1.35569e-07
2.95306e-07
-1.73069e-07
3.36476e-07
-2.14399e-07
3.71288e-07
-2.58468e-07
3.99962e-07
-3.04001e-07
4.24345e-07
-3.50105e-07
4.4927e-07
-3.96692e-07
4.81199e-07
-4.45558e-07
5.29027e-07
-5.02888e-07
6.05191e-07
-5.81731e-07
7.20559e-07
-6.88622e-07
8.56635e-07
-7.80825e-07
9.05413e-07
-7.93118e-07
5.61489e-07
-6.21487e-07
-5.48794e-07
-4.96856e-07
-1.58282e-06
-4.15946e-07
-1.45747e-06
-2.05818e-07
-1.17935e-06
-8.3598e-08
-9.01851e-07
-1.09216e-07
-8.33271e-07
-7.2475e-09
-7.21628e-07
-6.49551e-07
-4.98391e-10
-1.93887e-09
2.04441e-08
-4.5399e-09
2.73518e-08
-8.51094e-09
4.16258e-08
-1.45673e-08
6.3258e-08
-2.34144e-08
9.22039e-08
-3.57459e-08
1.28442e-07
-5.22924e-08
1.72064e-07
-7.38897e-08
2.22647e-07
-1.00962e-07
2.76179e-07
-1.33358e-07
3.27703e-07
-1.70459e-07
3.73577e-07
-2.11334e-07
4.12164e-07
-2.5478e-07
4.43407e-07
-2.99206e-07
4.68771e-07
-3.43216e-07
4.9328e-07
-3.85691e-07
5.23674e-07
-4.2608e-07
5.69416e-07
-4.6556e-07
6.44671e-07
-5.09733e-07
7.64732e-07
-5.61856e-07
9.08758e-07
-5.75765e-07
9.19322e-07
-4.87697e-07
4.73421e-07
-1.97267e-07
-8.39224e-07
2.80341e-08
-1.80812e-06
8.3242e-08
-1.51206e-06
5.13399e-08
-1.14601e-06
2.4862e-08
-8.73762e-07
-6.55236e-09
-8.00239e-07
-1.26894e-08
-7.14099e-07
-6.60898e-07
-3.44253e-11
-1.89051e-09
2.23346e-08
-4.42866e-09
2.989e-08
-8.30722e-09
4.55044e-08
-1.42287e-08
6.91795e-08
-2.2883e-08
1.00858e-07
-3.4942e-08
1.40501e-07
-5.11196e-08
1.88242e-07
-7.2295e-08
2.43822e-07
-9.89321e-08
3.02817e-07
-1.30898e-07
3.59668e-07
-1.67563e-07
4.10242e-07
-2.0796e-07
4.52561e-07
-2.5079e-07
4.86238e-07
-2.94147e-07
5.12128e-07
-3.36229e-07
5.35362e-07
-3.75435e-07
5.6288e-07
-4.10779e-07
6.0476e-07
-4.41843e-07
6.75735e-07
-4.63423e-07
7.86312e-07
-4.53425e-07
8.9876e-07
-3.55183e-07
8.2108e-07
-1.78994e-07
2.97232e-07
8.54751e-08
-1.10369e-06
1.9615e-07
-1.91878e-06
2.15806e-07
-1.52796e-06
2.52842e-07
-1.00704e-06
2.62644e-07
-5.82698e-07
1.73004e-07
-4.10427e-07
8.11125e-08
-3.66294e-07
-3.48419e-07
-4.45563e-10
-1.83763e-09
2.41722e-08
-4.307e-09
3.23594e-08
-8.08433e-09
4.92817e-08
-1.38582e-08
7.49534e-08
-2.23016e-08
1.09302e-07
-3.4062e-08
1.52261e-07
-4.98318e-08
2.04011e-07
-7.05403e-08
2.6453e-07
-9.6697e-08
3.28973e-07
-1.28189e-07
3.91159e-07
-1.64384e-07
4.46438e-07
-2.04284e-07
4.92461e-07
-2.46524e-07
5.28477e-07
-2.8883e-07
5.54434e-07
-3.28782e-07
5.75313e-07
-3.633e-07
5.97398e-07
-3.87788e-07
6.29248e-07
-3.95229e-07
6.83175e-07
-3.70964e-07
7.62047e-07
-2.88847e-07
8.16643e-07
-1.11553e-07
6.43787e-07
9.73645e-08
8.83141e-08
3.15075e-07
-1.3214e-06
2.89603e-07
-1.89312e-06
1.49523e-07
-6.55804e-07
5.38804e-08
-7.36335e-08
3.87079e-08
-4.54981e-15
3.97816e-08
3.1932e-15
3.99968e-08
1.97631e-15
7.53373e-16
-9.34528e-11
-1.78035e-09
2.59525e-08
-4.17516e-09
3.47543e-08
-7.84272e-09
5.29492e-08
-1.34567e-08
8.05674e-08
-2.16716e-08
1.17517e-07
-3.31078e-08
1.63697e-07
-4.84306e-08
2.19334e-07
-6.86268e-08
2.84727e-07
-9.42571e-08
3.54604e-07
-1.25232e-07
4.22134e-07
-1.60924e-07
4.8213e-07
-2.00315e-07
5.31852e-07
-2.42021e-07
5.70183e-07
-2.83422e-07
5.95835e-07
-3.21668e-07
6.1356e-07
-3.52968e-07
6.28697e-07
-3.71056e-07
6.47337e-07
-3.6585e-07
6.77969e-07
-3.17296e-07
7.13493e-07
-1.96698e-07
6.96045e-07
-1.29058e-08
4.59994e-07
2.50461e-07
-1.75053e-07
3.74043e-07
-1.44499e-06
1.52078e-07
-1.29981e-06
7.36335e-08
-2.41908e-09
-7.6127e-19
-2.87261e-14
1.36979e-15
-5.92036e-15
4.25409e-16
1.60463e-14
-4.28929e-17
9.41886e-15
4.60947e-15
-7.89295e-18
-1.7188e-09
2.76713e-08
-4.03342e-09
3.70689e-08
-7.5829e-09
5.64987e-08
-1.30248e-08
8.60093e-08
-2.09943e-08
1.25486e-07
-3.20816e-08
1.74785e-07
-4.69179e-08
2.3417e-07
-6.65557e-08
3.04364e-07
-9.16133e-08
3.79661e-07
-1.22029e-07
4.5255e-07
-1.57185e-07
5.17286e-07
-1.96055e-07
5.70721e-07
-2.37303e-07
6.11432e-07
-2.77956e-07
6.36487e-07
-3.1477e-07
6.50374e-07
-3.43336e-07
6.57264e-07
-3.55866e-07
6.59867e-07
-3.41194e-07
6.63297e-07
-2.80312e-07
6.52612e-07
-1.49302e-07
5.65036e-07
2.72839e-08
2.83408e-07
2.36054e-07
-3.83822e-07
1.81077e-07
-1.39012e-06
-1.90392e-09
-9.92227e-08
-1.09008e-14
-4.32299e-09
-4.44591e-15
-2.89268e-14
2.60833e-15
-8.11415e-15
9.5238e-16
4.91359e-14
1.59015e-15
2.39151e-14
1.56283e-14
1.74619e-17
-1.65312e-09
2.93244e-08
-3.88208e-09
3.92979e-08
-7.30539e-09
5.99219e-08
-1.25636e-08
9.12675e-08
-2.02712e-08
1.33194e-07
-3.09858e-08
1.85499e-07
-4.52955e-08
2.4848e-07
-6.43285e-08
3.23397e-07
-8.87668e-08
4.04099e-07
-1.18579e-07
4.82362e-07
-1.53168e-07
5.51876e-07
-1.91504e-07
6.09056e-07
-2.32394e-07
6.52322e-07
-2.72502e-07
6.76595e-07
-3.0823e-07
6.86101e-07
-3.34657e-07
6.83691e-07
-3.42206e-07
6.67417e-07
-3.19257e-07
6.40348e-07
-2.52681e-07
5.86036e-07
-1.33141e-07
4.45495e-07
8.62422e-09
1.41643e-07
8.39194e-08
-4.59122e-07
-1.36935e-08
-1.04184e-06
4.22536e-09
-1.57327e-10
-4.38427e-13
-9.73273e-11
-1.52493e-14
-4.3035e-13
8.5005e-15
9.64852e-14
5.79563e-15
1.23074e-13
4.13948e-15
5.90793e-14
3.46454e-14
1.73277e-16
-1.58345e-09
3.09078e-08
-3.72146e-09
4.1436e-08
-7.01076e-09
6.32112e-08
-1.20739e-08
9.63307e-08
-1.95039e-08
1.40624e-07
-2.9823e-08
1.95819e-07
-4.35656e-08
2.62223e-07
-6.19464e-08
3.41778e-07
-8.57185e-08
4.27872e-07
-1.14882e-07
5.11525e-07
-1.48874e-07
5.85868e-07
-1.86657e-07
6.46839e-07
-2.27312e-07
6.92977e-07
-2.67162e-07
7.16446e-07
-3.02491e-07
7.21429e-07
-3.28843e-07
7.10044e-07
-3.36238e-07
6.74811e-07
-3.14228e-07
6.18337e-07
-2.5682e-07
5.28628e-07
-1.66301e-07
3.54976e-07
-6.74659e-08
4.28082e-08
-4.87869e-08
-4.65738e-07
-5.74091e-10
-9.91855e-08
-1.64619e-11
-7.32312e-10
6.0808e-13
-1.15104e-10
2.45179e-13
-3.00837e-13
-1.08627e-14
4.10224e-13
4.42171e-15
2.42752e-13
3.03145e-15
1.24666e-13
5.87642e-14
4.75706e-16
-1.50995e-09
3.24178e-08
-3.55189e-09
4.34779e-08
-6.69962e-09
6.63589e-08
-1.15568e-08
1.01188e-07
-1.86943e-08
1.47761e-07
-2.85963e-08
2.05721e-07
-4.17304e-08
2.75357e-07
-5.94112e-08
3.59459e-07
-8.24699e-08
4.5093e-07
-1.10939e-07
5.39995e-07
-1.44302e-07
6.1923e-07
-1.81499e-07
6.84036e-07
-2.22055e-07
7.33533e-07
-2.61917e-07
7.56308e-07
-2.9725e-07
7.56762e-07
-3.24376e-07
7.3717e-07
-3.32232e-07
6.82667e-07
-3.11935e-07
5.98041e-07
-2.6389e-07
4.80582e-07
-2.02313e-07
2.93399e-07
-1.42693e-07
-1.68116e-08
-9.61726e-09
-5.10756e-07
-1.86142e-09
-1.30074e-08
-1.9455e-10
-2.88289e-09
-5.42754e-12
-3.94004e-10
2.97199e-13
-9.56036e-12
-2.51373e-13
3.36594e-13
-1.15709e-13
2.39905e-13
-2.68433e-14
1.39408e-13
6.78176e-14
1.0582e-15
-1.43278e-09
3.38505e-08
-3.37373e-09
4.54189e-08
-6.3726e-09
6.93578e-08
-1.10133e-08
1.05829e-07
-1.7844e-08
1.54592e-07
-2.73089e-08
2.15185e-07
-3.97923e-08
2.8784e-07
-5.67244e-08
3.76391e-07
-7.90225e-08
4.73228e-07
-1.06749e-07
5.67722e-07
-1.39452e-07
6.51933e-07
-1.76011e-07
7.20595e-07
-2.16624e-07
7.74146e-07
-2.56836e-07
7.9652e-07
-2.92766e-07
7.92693e-07
-3.2296e-07
7.67364e-07
-3.36863e-07
6.9657e-07
-3.2684e-07
5.88018e-07
-2.93296e-07
4.47038e-07
-2.42584e-07
2.42689e-07
-1.45815e-07
-1.0341e-07
5.83203e-08
-4.61114e-07
3.18645e-09
-1.04806e-09
4.1316e-10
-2.13058e-10
1.08604e-11
-2.89705e-13
8.71545e-13
4.76425e-13
-1.11154e-13
3.32874e-13
-1.16613e-13
2.07841e-13
-4.40936e-14
1.18643e-13
6.64714e-14
1.18957e-15
-1.35212e-09
3.52026e-08
-3.18736e-09
4.72542e-08
-6.03039e-09
7.22008e-08
-1.04446e-08
1.10243e-07
-1.69552e-08
1.61102e-07
-2.59647e-08
2.24195e-07
-3.77542e-08
2.9963e-07
-5.38879e-08
3.92525e-07
-7.53782e-08
4.94719e-07
-1.02311e-07
5.94655e-07
-1.34325e-07
6.83947e-07
-1.70156e-07
7.56427e-07
-2.10959e-07
8.14949e-07
-2.51747e-07
8.37307e-07
-2.88335e-07
8.2928e-07
-3.21855e-07
8.00884e-07
-3.3735e-07
7.12065e-07
-3.23141e-07
5.73809e-07
-2.99819e-07
4.23716e-07
-2.87543e-07
2.30417e-07
-4.26563e-08
-3.08252e-07
-5.2717e-09
-1.48193e-07
-8.18359e-11
-6.27572e-09
-1.90094e-14
-2.94015e-10
3.06398e-14
-3.9332e-13
7.53283e-14
3.71478e-13
2.8427e-14
3.69097e-13
7.532e-15
2.73392e-13
4.47656e-16
1.95596e-13
1.36861e-13
-3.01651e-16
-1.26814e-09
3.64708e-08
-2.99316e-09
4.89792e-08
-5.67369e-09
7.48813e-08
-9.85186e-09
1.14421e-07
-1.60298e-08
1.6728e-07
-2.45679e-08
2.32733e-07
-3.56189e-08
3.10681e-07
-5.09036e-08
4.07809e-07
-7.15393e-08
5.15354e-07
-9.76245e-08
6.2074e-07
-1.28919e-07
7.15241e-07
-1.63907e-07
7.91415e-07
-2.0516e-07
8.56202e-07
-2.4723e-07
8.79377e-07
-2.85084e-07
8.67134e-07
-3.24143e-07
8.39944e-07
-3.54878e-07
7.428e-07
-3.67368e-07
5.86299e-07
-3.55655e-07
4.12004e-07
-3.74115e-07
2.48932e-07
8.83091e-08
-5.72065e-07
6.52596e-09
-1.73204e-08
3.00924e-10
-2.18047e-12
-2.74055e-12
-5.04172e-12
8.12397e-14
-2.9967e-12
1.40036e-13
3.72611e-13
1.27507e-13
4.65373e-13
9.93786e-14
4.07506e-13
5.33534e-14
3.53568e-13
3.00302e-13
-3.07255e-15
-1.18106e-09
3.76518e-08
-2.79154e-09
5.05897e-08
-5.30325e-09
7.7393e-08
-9.23625e-09
1.18354e-07
-1.50701e-08
1.73114e-07
-2.31225e-08
2.40785e-07
-3.33898e-08
3.20948e-07
-4.77735e-08
4.22193e-07
-6.75092e-08
5.3509e-07
-9.26887e-08
6.4592e-07
-1.23231e-07
7.45783e-07
-1.57152e-07
8.25336e-07
-1.98625e-07
8.97674e-07
-2.408e-07
9.21553e-07
-2.77875e-07
9.04209e-07
-3.28626e-07
8.90694e-07
-3.80845e-07
7.9502e-07
-3.81184e-07
5.86638e-07
-3.73313e-07
4.04158e-07
-3.8734e-07
3.90628e-07
-3.29274e-08
-2.57805e-07
-1.91174e-12
-1.48286e-08
-2.10462e-13
-7.05855e-12
-5.37781e-13
-5.73598e-12
9.2724e-14
-5.92256e-12
1.47782e-13
3.38293e-13
1.7209e-13
4.72046e-13
1.42775e-13
4.85494e-13
7.97389e-14
4.79559e-13
4.5771e-13
-4.03327e-15
-1.09105e-09
3.87429e-08
-2.58294e-09
5.20816e-08
-4.91983e-09
7.97299e-08
-8.59908e-09
1.22033e-07
-1.40782e-08
1.78593e-07
-2.1632e-08
2.48339e-07
-3.10705e-08
3.30387e-07
-4.44997e-08
4.35622e-07
-6.32906e-08
5.53881e-07
-8.75009e-08
6.7013e-07
-1.17264e-07
7.75547e-07
-1.50073e-07
8.58145e-07
-1.93316e-07
9.40917e-07
-2.4216e-07
9.70397e-07
-2.89049e-07
9.51099e-07
-3.32715e-07
9.3436e-07
-3.23481e-07
7.85785e-07
-2.95005e-07
5.58163e-07
-2.78281e-07
3.87421e-07
1.58956e-07
-1.00443e-07
1.02606e-08
-2.2182e-07
-5.44745e-11
-4.45506e-09
-5.40607e-12
-5.35924e-11
-3.33049e-12
-3.24826e-12
1.13011e-13
-5.65278e-12
1.54464e-13
2.59002e-13
1.74993e-13
4.09942e-13
1.41934e-13
4.80032e-13
7.95993e-14
5.22903e-13
5.45457e-13
-1.39619e-15
-9.98343e-10
3.97412e-08
-2.36778e-09
5.3451e-08
-4.52427e-09
8.18864e-08
-7.94165e-09
1.25451e-07
-1.30568e-08
1.83709e-07
-2.01007e-08
2.55383e-07
-2.86658e-08
3.38952e-07
-4.10854e-08
4.48042e-07
-5.88923e-08
5.71688e-07
-8.2074e-08
6.93312e-07
-1.10959e-07
8.04431e-07
-1.41782e-07
8.88968e-07
-1.82013e-07
9.81148e-07
-2.15125e-07
1.00351e-06
-2.16234e-07
9.52208e-07
-2.54502e-07
9.72629e-07
-4.71084e-07
1.00237e-06
-6.14014e-07
7.01092e-07
-3.87218e-07
1.60595e-07
1.32215e-07
-6.77191e-07
4.3185e-09
-5.90179e-11
4.21472e-11
-7.00744e-11
-3.55064e-12
-5.96198e-13
-3.60558e-12
-2.80752e-12
8.88833e-14
-5.574e-12
1.21983e-13
1.49193e-13
1.40737e-13
2.99918e-13
1.19867e-13
4.01826e-13
7.18844e-14
4.87091e-13
5.63015e-13
1.33082e-15
-9.0315e-10
4.06443e-08
-2.14654e-09
5.46944e-08
-4.11742e-09
8.38573e-08
-7.26533e-09
1.28599e-07
-1.20083e-08
1.88451e-07
-1.85323e-08
2.61907e-07
-2.61765e-08
3.46596e-07
-3.75293e-08
4.59395e-07
-5.43065e-08
5.88465e-07
-7.63927e-08
7.15398e-07
-1.04469e-07
8.32508e-07
-1.3509e-07
9.19589e-07
-1.88068e-07
1.03413e-06
-2.78514e-07
1.09396e-06
-4.23766e-07
1.09746e-06
-5.99792e-07
1.14866e-06
-5.65876e-07
9.68451e-07
-2.04112e-07
3.39329e-07
-1.76363e-07
1.32872e-07
-7.71786e-11
-5.3558e-07
-1.82482e-11
-8.34027e-11
-1.37592e-12
-2.51326e-14
-1.05395e-12
-1.82626e-12
-1.1041e-12
-2.70909e-12
4.59565e-14
-8.04041e-13
9.69246e-14
-1.74165e-14
1.08258e-13
1.72168e-13
9.93233e-14
2.8459e-13
6.37928e-14
4.03556e-13
5.33615e-13
2.43259e-15
-8.05706e-10
4.145e-08
-1.91968e-09
5.58084e-08
-3.7002e-09
8.56378e-08
-6.57162e-09
1.3147e-07
-1.0936e-08
1.92816e-07
-1.69316e-08
2.67903e-07
-2.36067e-08
3.53271e-07
-3.385e-08
4.69638e-07
-4.95839e-08
6.04199e-07
-7.05165e-08
7.36331e-07
-9.69745e-08
8.58966e-07
-1.20442e-07
9.43057e-07
-1.43091e-07
1.05677e-06
-1.21241e-07
1.07211e-06
-1.5937e-08
9.92156e-07
1.46226e-07
9.86493e-07
2.18487e-08
1.09283e-06
-4.54068e-07
8.15245e-07
-4.14044e-07
1.19366e-07
-7.26099e-10
-6.54444e-07
-3.46658e-12
-8.06479e-10
-2.95825e-12
-1.10994e-12
-1.43812e-12
-2.1998e-12
-1.54285e-13
-8.35588e-12
-2.7338e-14
-9.85916e-13
4.07326e-14
-1.66233e-13
5.00499e-14
5.7764e-14
5.23813e-14
1.6526e-13
3.71083e-14
2.97852e-13
4.66606e-13
1.77928e-15
-7.06211e-10
4.21562e-08
-1.68762e-09
5.67898e-08
-3.27333e-09
8.72235e-08
-5.8613e-09
1.34058e-07
-9.8412e-09
1.96796e-07
-1.52952e-08
2.73357e-07
-2.09365e-08
3.58912e-07
-2.99997e-08
4.78701e-07
-4.46221e-08
6.18821e-07
-6.45157e-08
7.56224e-07
-9.15783e-08
8.86028e-07
-1.29184e-07
9.80662e-07
-2.406e-07
1.16819e-06
-4.69498e-07
1.301e-06
-7.18277e-07
1.24093e-06
-7.10674e-07
9.78889e-07
-6.46539e-07
1.02869e-06
-6.0018e-07
7.68935e-07
-2.88489e-07
-4.72243e-08
-2.81687e-08
-1.92711e-07
-2.26503e-12
-1.94357e-11
-1.35459e-11
9.78135e-12
-2.54034e-11
-7.38338e-11
-4.2149e-12
-1.41718e-10
-1.45596e-13
-6.02245e-12
6.10978e-15
-6.35593e-13
1.34969e-14
-2.27345e-14
1.80978e-14
7.39256e-14
1.4428e-14
2.0041e-13
3.83218e-13
8.73348e-17
-6.05212e-10
4.27614e-08
-1.45129e-09
5.76359e-08
-2.83918e-09
8.86114e-08
-5.13983e-09
1.36359e-07
-8.73893e-09
2.00395e-07
-1.36523e-08
2.7827e-07
-1.82292e-08
3.63489e-07
-2.61292e-08
4.86601e-07
-3.96676e-08
6.32359e-07
-5.77428e-08
7.743e-07
-7.62667e-08
9.04552e-07
-6.76969e-08
9.72092e-07
-3.15556e-08
1.13205e-06
-1.89088e-08
1.28836e-06
-1.41441e-07
1.36347e-06
-4.56308e-07
1.29376e-06
-6.97149e-07
1.26954e-06
-5.17019e-07
5.89012e-07
-2.57019e-07
1.4139e-07
-1.0506e-10
-1.39826e-07
-2.39563e-12
-1.84154e-10
-3.272e-11
4.48419e-11
-2.9393e-11
-1.09146e-10
-8.6774e-13
-1.56582e-10
-3.88009e-13
-5.22566e-11
-1.61608e-14
-1.24726e-12
3.46489e-16
-4.30645e-14
-3.76464e-16
1.81243e-14
-6.42912e-16
1.25456e-13
2.97443e-13
-1.61069e-15
-5.02285e-10
4.32637e-08
-1.20502e-09
5.83387e-08
-2.38629e-09
8.97927e-08
-4.38259e-09
1.38355e-07
-7.58101e-09
2.03593e-07
-1.18953e-08
2.82584e-07
-1.52805e-08
3.66874e-07
-2.18734e-08
4.93194e-07
-3.43856e-08
6.44871e-07
-5.41548e-08
7.94069e-07
-9.36336e-08
9.44031e-07
-1.90886e-07
1.06934e-06
-3.58976e-07
1.30014e-06
-4.10459e-07
1.33984e-06
-2.7302e-07
1.22603e-06
-1.58224e-07
1.17896e-06
-9.37079e-08
1.20508e-06
-2.00499e-07
6.95873e-07
1.63304e-07
-2.53038e-07
6.69731e-11
-1.58706e-11
-1.0248e-10
-6.92944e-12
-1.08809e-11
9.8729e-12
2.30902e-11
-1.2551e-10
1.78786e-11
-1.33914e-10
5.80361e-13
-6.28984e-11
1.97735e-14
-8.12222e-13
1.07663e-14
-3.40971e-14
-1.51833e-15
1.83091e-15
-5.38128e-15
8.06054e-14
2.21588e-13
-2.40674e-15
-4.9036e-10
4.37541e-08
-9.91865e-10
5.88402e-08
-1.98607e-09
9.07869e-08
-3.71151e-09
1.4008e-07
-6.58128e-09
2.06463e-07
-1.0383e-08
2.86386e-07
-1.27053e-08
3.69197e-07
-1.81842e-08
4.98673e-07
-2.91258e-08
6.55813e-07
-3.89135e-08
8.03857e-07
-2.25207e-08
9.27638e-07
3.86892e-08
1.00813e-06
-5.23217e-08
1.39115e-06
-3.40777e-07
1.62829e-06
-4.77515e-07
1.36277e-06
-3.21978e-07
1.02343e-06
-2.23525e-07
1.10663e-06
-5.05274e-07
9.77708e-07
-5.63775e-11
-2.07816e-07
-8.29293e-12
-1.59301e-11
-5.64343e-12
-5.59545e-13
1.5206e-12
-3.6198e-12
1.81644e-11
-8.99875e-12
1.47738e-11
-1.81684e-13
8.59777e-13
-1.13662e-13
4.09084e-14
-1.17039e-15
7.82624e-15
4.8855e-16
-2.18908e-16
8.49849e-15
-4.85683e-15
6.12636e-14
1.65824e-13
-2.14776e-15
-2.46237e-09
4.62164e-08
-7.31545e-10
5.71093e-08
-1.42595e-09
9.14813e-08
-2.64309e-09
1.41297e-07
-4.8262e-09
2.08646e-07
-7.55802e-09
2.89118e-07
-8.44623e-09
3.70085e-07
-1.26399e-08
5.02867e-07
-2.42876e-08
6.67461e-07
-5.21007e-08
8.3167e-07
-1.11002e-07
9.8654e-07
-1.07698e-07
1.00483e-06
-5.95026e-12
1.28346e-06
-1.29718e-07
1.75801e-06
-4.51703e-07
1.68475e-06
-5.56735e-07
1.12846e-06
-4.70348e-07
1.02025e-06
-4.25417e-07
9.35993e-07
-1.27018e-10
-4.41189e-07
2.64068e-13
-7.44643e-11
2.63659e-14
2.13496e-12
-3.09514e-14
7.43241e-14
4.89685e-14
-9.04841e-12
2.17809e-15
-1.36001e-13
1.02199e-15
-1.11854e-13
4.74393e-17
-1.24326e-16
-6.40711e-17
1.75675e-15
-7.23969e-16
1.37231e-14
-2.55965e-15
5.53722e-14
-1.04344e-15
1.26842e-13
1.59937e-08
-1.63406e-08
1.04664e-07
-8.86708e-08
3.13624e-07
-2.0896e-07
4.25573e-07
-1.11948e-07
4.83586e-07
-5.80132e-08
5.47198e-07
-6.36119e-08
6.22426e-07
-7.52277e-08
6.65644e-07
-4.32181e-08
6.54126e-07
1.1518e-08
5.99554e-07
5.45721e-08
5.27538e-07
7.20157e-08
4.56537e-07
7.10009e-08
3.93415e-07
6.31216e-08
3.39169e-07
5.4246e-08
2.92343e-07
4.68267e-08
2.50868e-07
4.14748e-08
2.13092e-07
3.77757e-08
1.78054e-07
3.50378e-08
1.45481e-07
3.25736e-08
1.15611e-07
2.987e-08
8.89673e-08
2.66435e-08
6.61058e-08
2.28615e-08
4.73588e-08
1.87469e-08
3.26613e-08
1.46975e-08
2.15766e-08
1.10847e-08
1.35436e-08
8.03302e-09
7.98017e-09
5.56339e-09
4.28599e-09
3.69417e-09
1.8395e-09
2.44649e-09
1.83951e-09
-1.78239e-08
1.07617e-09
6.87652e-08
-1.7526e-07
3.47169e-07
-4.87364e-07
4.70926e-07
-2.35706e-07
5.21511e-07
-1.08598e-07
5.99206e-07
-1.41307e-07
6.97268e-07
-1.7329e-07
7.55973e-07
-1.01924e-07
7.5353e-07
1.39615e-08
7.05115e-07
1.02987e-07
6.35694e-07
1.41437e-07
5.62137e-07
1.44557e-07
4.91923e-07
1.33336e-07
4.27843e-07
1.18326e-07
3.69881e-07
1.04789e-07
3.16888e-07
9.44678e-08
2.67818e-07
8.68462e-08
2.22167e-07
8.06887e-08
1.80015e-07
7.47248e-08
1.41835e-07
6.80505e-08
1.08254e-07
6.02244e-08
7.98229e-08
5.12926e-08
5.67755e-08
4.17943e-08
3.88833e-08
3.25896e-08
2.55155e-08
2.44526e-08
1.59178e-08
1.76308e-08
9.32915e-09
1.2152e-08
4.98874e-09
8.03458e-09
2.13471e-09
5.30051e-09
3.97422e-09
-5.65586e-08
5.73663e-08
2.39192e-08
-2.55738e-07
3.17556e-07
-7.81e-07
4.55943e-07
-3.74093e-07
4.93223e-07
-1.45878e-07
5.9527e-07
-2.43354e-07
7.24517e-07
-3.02536e-07
7.88597e-07
-1.66005e-07
7.75336e-07
2.72231e-08
7.1761e-07
1.60713e-07
6.44666e-07
2.14381e-07
5.70299e-07
2.18924e-07
4.99742e-07
2.03893e-07
4.35161e-07
1.82907e-07
3.76389e-07
1.6356e-07
3.22355e-07
1.48502e-07
2.72154e-07
1.37047e-07
2.25417e-07
1.27425e-07
1.82323e-07
1.17819e-07
1.43392e-07
1.06982e-07
1.09254e-07
9.43618e-08
8.04396e-08
8.01073e-08
5.71444e-08
6.50896e-08
3.90995e-08
5.06345e-08
2.56377e-08
3.79143e-08
1.59833e-08
2.72852e-08
9.36223e-09
1.87731e-08
5.00424e-09
1.23926e-08
2.14069e-09
8.16405e-09
6.11492e-09
1.4958e-09
5.60036e-08
6.6681e-08
-3.20923e-07
2.38575e-07
-9.52895e-07
3.79662e-07
-5.1518e-07
4.0537e-07
-1.71585e-07
5.71392e-07
-4.09377e-07
7.70148e-07
-5.01291e-07
8.4256e-07
-2.38417e-07
8.06256e-07
6.35272e-08
7.27523e-07
2.39446e-07
6.4481e-07
2.97095e-07
5.67185e-07
2.96549e-07
4.96346e-07
2.74732e-07
4.32583e-07
2.46671e-07
3.74675e-07
2.21468e-07
3.21221e-07
2.01956e-07
2.71332e-07
1.86936e-07
2.24737e-07
1.7402e-07
1.81712e-07
1.60844e-07
1.42835e-07
1.45859e-07
1.08765e-07
1.28431e-07
8.00357e-08
1.08837e-07
5.68355e-08
8.82897e-08
3.88811e-08
6.85889e-08
2.54909e-08
5.13046e-08
1.58887e-08
3.68873e-08
9.30476e-09
2.5357e-08
4.97263e-09
1.67247e-08
2.12687e-09
1.10098e-08
8.2418e-09
1.61199e-07
-1.04548e-07
2.39153e-07
-3.98877e-07
2.37871e-07
-9.51613e-07
2.91246e-07
-5.68554e-07
2.86842e-07
-1.67181e-07
5.44275e-07
-6.6681e-07
8.43361e-07
-8.00377e-07
9.18656e-07
-3.13712e-07
8.45007e-07
1.37176e-07
7.38134e-07
3.46318e-07
6.42962e-07
3.92267e-07
5.61199e-07
3.78313e-07
4.9025e-07
3.45681e-07
4.27857e-07
3.09063e-07
3.7135e-07
2.77975e-07
3.18901e-07
2.54405e-07
2.69632e-07
2.36205e-07
2.23397e-07
2.20255e-07
1.806e-07
2.03642e-07
1.41898e-07
1.84561e-07
1.07989e-07
1.6234e-07
7.94207e-08
1.37405e-07
5.63778e-08
1.11333e-07
3.8563e-08
8.64037e-08
2.52795e-08
6.4588e-08
1.57538e-08
4.64131e-08
9.22339e-09
3.18874e-08
4.9281e-09
2.102e-08
2.10746e-09
1.38304e-08
1.03493e-08
2.78593e-07
-3.82988e-07
3.76468e-07
-4.96752e-07
3.189e-07
-8.94045e-07
2.64508e-07
-5.14162e-07
3.12732e-07
-2.15406e-07
6.2653e-07
-9.80608e-07
9.62787e-07
-1.13663e-06
1.01109e-06
-3.62011e-07
8.87689e-07
2.60574e-07
7.47735e-07
4.86272e-07
6.38514e-07
5.01488e-07
5.52491e-07
4.64335e-07
4.82154e-07
4.16018e-07
4.21806e-07
3.69411e-07
3.67132e-07
3.3265e-07
3.15949e-07
3.05589e-07
2.67456e-07
2.84697e-07
2.21674e-07
2.66037e-07
1.79171e-07
2.46145e-07
1.40697e-07
2.23034e-07
1.06999e-07
1.96038e-07
7.86388e-08
1.65766e-07
5.57977e-08
1.34174e-07
3.81609e-08
1.0404e-07
2.50128e-08
7.77361e-08
1.55837e-08
5.58422e-08
9.12089e-09
3.83502e-08
4.87204e-09
2.52688e-08
2.08305e-09
1.66194e-08
1.24323e-08
2.10917e-07
-5.95055e-07
2.72967e-07
-5.588e-07
2.58306e-07
-8.79382e-07
3.03045e-07
-5.58899e-07
5.95269e-07
-5.0763e-07
8.49041e-07
-1.23438e-06
1.07794e-06
-1.36553e-06
1.07593e-06
-3.59994e-07
9.15792e-07
4.20708e-07
7.50408e-07
6.51656e-07
6.29942e-07
6.21955e-07
5.40608e-07
5.53669e-07
4.72094e-07
4.84531e-07
4.14566e-07
4.26939e-07
3.62144e-07
3.85072e-07
3.12455e-07
3.55277e-07
2.6486e-07
3.32293e-07
2.196e-07
3.11297e-07
1.7744e-07
2.88305e-07
1.39242e-07
2.61232e-07
1.05799e-07
2.29481e-07
7.76927e-08
1.93872e-07
5.5097e-08
1.56769e-07
3.76762e-08
1.21461e-07
2.46916e-08
9.07207e-08
1.53789e-08
6.51549e-08
8.99754e-09
4.47316e-08
4.80461e-09
2.94618e-08
2.05369e-09
1.93703e-08
1.4486e-08
4.58939e-08
-6.42536e-07
1.10023e-07
-6.22917e-07
9.29666e-08
-8.62303e-07
3.14053e-07
-7.79971e-07
7.74717e-07
-9.68284e-07
9.15318e-07
-1.37496e-06
1.00756e-06
-1.45767e-06
1.02594e-06
-3.78358e-07
8.98631e-07
5.4802e-07
7.37805e-07
8.12481e-07
6.10491e-07
7.49269e-07
5.22618e-07
6.41542e-07
4.59305e-07
5.47844e-07
4.06041e-07
4.80204e-07
3.56434e-07
4.34678e-07
3.0847e-07
4.03241e-07
2.61871e-07
3.78892e-07
2.17185e-07
3.55984e-07
1.75413e-07
3.30077e-07
1.37533e-07
2.99113e-07
1.0439e-07
2.62623e-07
7.65831e-08
2.21679e-07
5.42766e-08
1.79076e-07
3.71098e-08
1.38628e-07
2.43166e-08
1.03514e-07
1.51399e-08
7.43316e-08
8.8536e-09
5.10178e-08
4.72596e-09
3.35894e-08
2.01946e-09
2.20768e-08
1.65055e-08
6.9333e-09
-6.49825e-07
1.08566e-07
-7.24409e-07
8.16604e-08
-8.35205e-07
2.03817e-07
-9.01959e-07
4.15325e-07
-1.17963e-06
4.96833e-07
-1.45627e-06
6.22038e-07
-1.58276e-06
7.94233e-07
-5.50552e-07
7.8177e-07
5.60483e-07
6.89279e-07
9.04973e-07
5.82125e-07
8.56422e-07
5.03104e-07
7.20563e-07
4.45691e-07
6.05258e-07
3.96786e-07
5.29108e-07
3.50178e-07
4.81287e-07
3.04061e-07
4.49358e-07
2.58519e-07
4.24434e-07
2.1444e-07
4.00063e-07
1.73092e-07
3.71424e-07
1.35571e-07
3.36634e-07
1.02773e-07
2.95421e-07
7.53107e-08
2.49141e-07
5.33375e-08
2.01049e-07
3.64629e-08
1.55503e-07
2.38885e-08
1.16088e-07
1.48671e-08
8.3353e-08
8.68936e-09
5.71956e-08
4.63625e-09
3.76425e-08
1.98042e-09
2.47326e-08
1.84859e-08
1.26043e-08
-6.61153e-07
4.6983e-09
-7.15098e-07
-2.77136e-08
-8.01159e-07
-5.37391e-08
-8.74307e-07
-8.57015e-08
-1.1462e-06
-2.93658e-08
-1.51198e-06
1.96957e-07
-1.80908e-06
4.88553e-07
-8.42147e-07
5.76544e-07
4.72492e-07
5.62566e-07
9.18951e-07
5.10133e-07
9.08855e-07
4.65774e-07
7.64922e-07
4.26212e-07
6.44819e-07
3.85784e-07
5.69536e-07
3.43288e-07
5.23783e-07
2.99265e-07
4.93381e-07
2.5483e-07
4.68869e-07
2.11376e-07
4.43518e-07
1.70483e-07
4.12317e-07
1.33358e-07
3.73758e-07
1.00948e-07
3.27832e-07
7.38763e-08
2.76213e-07
5.22807e-08
2.22645e-07
3.57367e-08
1.72047e-07
2.34084e-08
1.28417e-07
1.45611e-08
9.22003e-08
8.50515e-09
6.32515e-08
4.53566e-09
4.1612e-08
1.93667e-09
2.73316e-08
2.04226e-08
-8.21332e-08
-3.48244e-07
-1.74141e-07
-3.65728e-07
-2.63524e-07
-4.09288e-07
-2.54085e-07
-5.79798e-07
-2.16568e-07
-1.00331e-06
-1.96223e-07
-1.52853e-06
-8.53821e-08
-1.91991e-06
1.79547e-07
-1.10708e-06
3.55689e-07
2.9635e-07
4.54082e-07
8.20558e-07
4.6383e-07
8.99107e-07
4.4207e-07
7.86682e-07
4.10915e-07
6.75974e-07
3.75528e-07
6.04923e-07
3.36299e-07
5.63011e-07
2.94205e-07
5.35475e-07
2.50841e-07
5.12233e-07
2.08002e-07
4.86356e-07
1.67587e-07
4.52732e-07
1.30896e-07
4.1045e-07
9.89159e-08
3.59812e-07
7.22808e-08
3.02848e-07
5.11075e-08
2.43818e-07
3.49328e-08
1.88221e-07
2.28772e-08
1.40472e-07
1.42225e-08
1.00855e-07
8.30135e-09
6.91726e-08
4.42441e-09
4.54889e-08
1.8883e-09
2.98677e-08
2.23109e-08
-4.01592e-08
6.23038e-16
-3.97504e-08
1.50183e-15
-3.85878e-08
2.49647e-15
-5.3093e-08
-2.442e-11
-1.4751e-07
-7.27057e-08
-2.88072e-07
-6.49829e-07
-3.14398e-07
-1.89339e-06
-9.70537e-08
-1.32442e-06
1.11937e-07
8.7359e-08
2.89167e-07
6.43328e-07
3.7117e-07
8.17104e-07
3.95377e-07
7.62475e-07
3.87897e-07
6.83454e-07
3.63384e-07
6.29437e-07
3.28849e-07
5.97546e-07
2.88887e-07
5.75437e-07
2.46575e-07
5.54546e-07
2.04328e-07
5.28604e-07
1.64409e-07
4.9265e-07
1.28185e-07
4.46674e-07
9.66779e-08
3.91319e-07
7.05254e-08
3.29e-07
4.98194e-08
2.64524e-07
3.40528e-08
2.03988e-07
2.2296e-08
1.52229e-07
1.38521e-08
1.09299e-07
8.07837e-09
7.49463e-08
4.30273e-09
4.92646e-08
1.83542e-09
3.2335e-08
2.41463e-08
1.48107e-17
3.84459e-15
-3.31349e-16
7.16135e-15
-1.06772e-15
1.26206e-14
-2.43568e-11
-6.43323e-14
-7.27301e-08
-2.42528e-14
-1.50059e-07
-2.41827e-09
-3.73056e-07
-1.29447e-06
-2.5029e-07
-1.44719e-06
1.314e-08
-1.76071e-07
1.96791e-07
4.59677e-07
3.17399e-07
6.96496e-07
3.65959e-07
7.13914e-07
3.71151e-07
6.78262e-07
3.53045e-07
6.47543e-07
3.21732e-07
6.2886e-07
2.83477e-07
6.13692e-07
2.42072e-07
5.95951e-07
2.0036e-07
5.70315e-07
1.6095e-07
5.3206e-07
1.25225e-07
4.82398e-07
9.42346e-08
4.2231e-07
6.86111e-08
3.54623e-07
4.84179e-08
2.84718e-07
3.30986e-08
2.19307e-07
2.16663e-08
1.63661e-07
1.34505e-08
1.17515e-07
7.83666e-09
8.05601e-08
4.17087e-09
5.29303e-08
1.77814e-09
3.47277e-08
2.59244e-08
-1.28393e-15
1.32607e-14
-6.70017e-16
1.8258e-14
-1.59029e-15
3.93651e-14
3.14235e-15
-1.56975e-14
1.25124e-14
-2.99015e-14
1.9184e-09
-4.33667e-09
-1.80012e-07
-9.87502e-08
-2.35779e-07
-1.39153e-06
-2.71892e-08
-3.84661e-07
1.49202e-07
2.83286e-07
2.80312e-07
5.65387e-07
3.4125e-07
6.52976e-07
3.55938e-07
6.63574e-07
3.43404e-07
6.60077e-07
3.14828e-07
6.57436e-07
2.78009e-07
6.50511e-07
2.37354e-07
6.36606e-07
1.96102e-07
6.11567e-07
1.57212e-07
5.7095e-07
1.22019e-07
5.17592e-07
9.15869e-08
4.52742e-07
6.65394e-08
3.79671e-07
4.69048e-08
3.04352e-07
3.20724e-08
2.3414e-07
2.09893e-08
1.74744e-07
1.30186e-08
1.25485e-07
7.57673e-09
8.6002e-08
4.02911e-09
5.6478e-08
1.71659e-09
3.70402e-08
2.7641e-08
-3.16834e-15
2.99868e-14
-4.08797e-15
4.57039e-14
-6.1009e-15
9.96736e-14
1.70972e-14
7.10972e-14
4.178e-13
-4.51275e-13
-4.23851e-09
-9.78748e-11
1.37251e-08
-1.57692e-10
-8.34508e-08
-1.04256e-06
-8.33661e-09
-4.5978e-07
1.32982e-07
1.41968e-07
2.52635e-07
4.45733e-07
3.19288e-07
5.86323e-07
3.42266e-07
6.40596e-07
3.34718e-07
6.67625e-07
3.08284e-07
6.8387e-07
2.72553e-07
6.86241e-07
2.32445e-07
6.76714e-07
1.91555e-07
6.52457e-07
1.53197e-07
6.09308e-07
1.18565e-07
5.52224e-07
8.87358e-08
4.82571e-07
6.43114e-08
4.04095e-07
4.52821e-08
3.23381e-07
3.09767e-08
2.48445e-07
2.02666e-08
1.85454e-07
1.25574e-08
1.33195e-07
7.29909e-09
9.12602e-08
3.87775e-09
5.98993e-08
1.65091e-09
3.92671e-08
2.9292e-08
-1.70296e-15
5.20209e-14
-2.27348e-15
9.90302e-14
8.90617e-15
1.96682e-13
-2.61801e-13
3.44975e-13
-6.19133e-13
-3.30348e-13
1.69189e-11
-1.16172e-10
5.79081e-10
-7.37516e-10
4.9738e-08
-9.79632e-08
6.7836e-08
-4.65463e-07
1.66162e-07
4.36416e-08
2.56728e-07
3.55168e-07
3.14226e-07
5.28824e-07
3.36281e-07
6.18541e-07
3.28895e-07
6.75011e-07
3.02539e-07
7.10226e-07
2.67211e-07
7.2157e-07
2.27363e-07
7.16562e-07
1.86712e-07
6.93108e-07
1.48904e-07
6.47116e-07
1.14863e-07
5.86265e-07
8.56823e-08
5.11752e-07
6.19288e-08
4.27849e-07
4.35518e-08
3.41758e-07
2.98139e-08
2.62183e-07
1.94998e-08
1.95768e-07
1.20676e-08
1.40627e-07
7.00432e-09
9.63235e-08
3.7171e-09
6.31865e-08
1.58124e-09
4.14029e-08
3.08732e-08
2.48967e-14
6.24997e-14
9.88704e-14
1.13485e-13
2.12841e-13
1.70402e-13
-3.71029e-13
1.67982e-13
6.17302e-12
-9.53303e-12
1.94536e-10
-3.96543e-10
1.84625e-09
-2.88952e-09
9.82515e-09
-1.28255e-08
1.42703e-07
-5.09442e-07
2.02212e-07
-1.58674e-08
2.63841e-07
2.93539e-07
3.11956e-07
4.80709e-07
3.32279e-07
5.98218e-07
3.24425e-07
6.82865e-07
2.97295e-07
7.37356e-07
2.61963e-07
7.56901e-07
2.22106e-07
7.5642e-07
1.8156e-07
7.33653e-07
1.44335e-07
6.8434e-07
1.10915e-07
6.19686e-07
8.24276e-08
5.40239e-07
5.93931e-08
4.50883e-07
4.17163e-08
3.59435e-07
2.85872e-08
2.75312e-07
1.86907e-08
2.05665e-07
1.15505e-08
1.47767e-07
6.69302e-09
1.01181e-07
3.54751e-09
6.6332e-08
1.50774e-09
4.34427e-08
3.23809e-08
3.91095e-14
6.79037e-14
8.40475e-14
1.26501e-13
5.44213e-14
2.22922e-13
-9.06878e-13
3.55351e-13
-1.08681e-11
5.04774e-13
-4.15935e-10
-2.90032e-13
-3.18571e-09
-2.24911e-10
-5.84875e-08
-1.04006e-09
1.45385e-07
-4.62708e-07
2.42373e-07
-1.02731e-07
2.93219e-07
2.42694e-07
3.26835e-07
4.47093e-07
3.36891e-07
5.88162e-07
3.23e-07
6.96757e-07
2.92807e-07
7.67549e-07
2.56879e-07
7.92829e-07
2.16674e-07
7.96625e-07
1.76079e-07
7.74248e-07
1.3949e-07
7.2093e-07
1.06718e-07
6.52458e-07
7.89732e-08
5.67984e-07
5.67063e-08
4.7315e-07
3.9778e-08
3.76364e-07
2.72999e-08
2.8779e-07
1.78411e-08
2.15124e-07
1.10069e-08
1.54601e-07
6.36582e-09
1.05822e-07
3.36933e-09
6.93285e-08
1.43057e-09
4.53814e-08
3.38115e-08
-1.26547e-15
1.39689e-13
-9.75177e-15
2.05806e-13
-3.19561e-14
2.90614e-13
-7.85713e-14
3.92e-13
-2.99332e-14
3.88463e-13
1.98118e-14
-4.19299e-13
8.54397e-11
-3.09364e-10
5.21072e-09
-6.20357e-09
4.27312e-08
-1.50445e-07
2.87058e-07
-3.07302e-07
2.99837e-07
2.29921e-07
3.23184e-07
4.23745e-07
3.37396e-07
5.73951e-07
3.21895e-07
7.12257e-07
2.8837e-07
8.01073e-07
2.51786e-07
8.29413e-07
2.11008e-07
8.37403e-07
1.70234e-07
8.15023e-07
1.34367e-07
7.56797e-07
1.02271e-07
6.84553e-07
7.53207e-08
5.94934e-07
5.38701e-08
4.94601e-07
3.77395e-08
3.92494e-07
2.59558e-08
2.99574e-07
1.6953e-08
2.24127e-07
1.04381e-08
1.61116e-07
6.02341e-09
1.10237e-07
3.18293e-09
7.2169e-08
1.34991e-09
4.72144e-08
3.51614e-08
-5.96266e-14
3.05756e-13
-1.06611e-13
3.65665e-13
-1.35134e-13
4.25166e-13
-1.44427e-13
4.843e-13
-8.12987e-14
3.85373e-13
2.85127e-12
-3.17468e-12
-3.17351e-10
-5.00274e-12
-6.46855e-09
-2.23597e-12
-8.84784e-08
-1.76835e-08
3.73609e-07
-5.73216e-07
3.55701e-07
2.47882e-07
3.67373e-07
4.12073e-07
3.54894e-07
5.8643e-07
3.2418e-07
7.42972e-07
2.85126e-07
8.40127e-07
2.47268e-07
8.67271e-07
2.05208e-07
8.79463e-07
1.63997e-07
8.56234e-07
1.28967e-07
7.91826e-07
9.75741e-08
7.15946e-07
7.14724e-08
6.21036e-07
5.08866e-08
5.15187e-07
3.56039e-08
4.07777e-07
2.4559e-08
3.10619e-07
1.60285e-08
2.32657e-07
9.84516e-09
1.673e-07
5.66649e-09
1.14415e-07
2.98871e-09
7.48468e-08
1.26595e-09
4.89372e-08
3.64274e-08
-8.78112e-14
4.64777e-13
-1.49599e-13
4.9012e-13
-1.76899e-13
4.98885e-13
-1.48933e-13
4.83897e-13
-9.18763e-14
3.46639e-13
5.17929e-13
-5.92988e-12
1.84508e-13
-5.67352e-12
1.99051e-12
-7.09049e-12
3.35215e-08
-1.46152e-08
3.88977e-07
-2.58021e-07
3.73392e-07
3.90277e-07
3.8113e-07
4.0436e-07
3.80877e-07
5.86685e-07
3.28621e-07
7.95227e-07
2.77888e-07
8.9086e-07
2.40822e-07
9.04337e-07
1.98668e-07
9.21618e-07
1.57258e-07
8.97644e-07
1.23288e-07
8.25796e-07
9.26256e-08
7.46608e-07
6.74313e-08
6.4623e-07
4.77578e-08
5.3486e-07
3.33744e-08
4.2216e-07
2.31135e-08
3.2088e-07
1.50697e-08
2.40701e-07
9.22934e-09
1.7314e-07
5.2958e-09
1.18349e-07
2.78708e-09
7.73555e-08
1.17887e-09
5.05454e-08
3.76062e-08
-8.23972e-14
5.5389e-13
-1.42927e-13
5.30709e-13
-1.74019e-13
4.88522e-13
-1.52425e-13
4.16796e-13
-1.10622e-13
2.65804e-13
3.11065e-12
-5.50445e-12
5.18585e-12
-3.20717e-12
5.37501e-11
-5.34424e-11
-1.00522e-08
-4.45453e-09
-1.57577e-07
-2.21666e-07
2.78873e-07
-9.94128e-08
2.95161e-07
3.88059e-07
3.23588e-07
5.58258e-07
3.32868e-07
7.85947e-07
2.89155e-07
9.34574e-07
2.42196e-07
9.51295e-07
1.93355e-07
9.70459e-07
1.50197e-07
9.40802e-07
1.17331e-07
8.58662e-07
8.74225e-08
7.76516e-07
6.32e-08
6.70453e-07
4.4486e-08
5.53574e-07
3.10547e-08
4.35591e-07
2.1623e-08
3.30311e-07
1.4079e-08
2.48245e-07
8.59189e-09
1.78627e-07
4.91213e-09
1.22029e-07
2.57846e-09
7.96892e-08
1.08887e-09
5.2035e-08
3.86951e-08
-6.97829e-14
5.73512e-13
-1.17549e-13
4.93808e-13
-1.38384e-13
4.07835e-13
-1.20038e-13
3.045e-13
-8.85056e-14
1.60357e-13
3.37985e-12
-5.22429e-12
3.10493e-12
-2.68032e-12
-4.28926e-11
-5.7951e-13
-4.32015e-09
-6.93732e-11
-1.33595e-07
-6.0086e-11
3.86679e-07
-6.77818e-07
6.13917e-07
1.60791e-07
4.70953e-07
7.01222e-07
2.54178e-07
1.00272e-06
2.16185e-07
9.72567e-07
2.15119e-07
9.52362e-07
1.82045e-07
1.00353e-06
1.41931e-07
9.80917e-07
1.1104e-07
8.89553e-07
8.19774e-08
8.05579e-07
5.87871e-08
6.93643e-07
4.10745e-08
5.71287e-07
2.86493e-08
4.48017e-07
2.00916e-08
3.38869e-07
1.30589e-08
2.55277e-07
7.93411e-09
1.83752e-07
4.51627e-09
1.25447e-07
2.3633e-09
8.18422e-08
9.96179e-10
5.34021e-08
3.96913e-08
-5.98315e-14
5.46911e-13
-9.62347e-14
4.11553e-13
-1.05937e-13
2.90603e-13
-9.5112e-14
1.77128e-13
-4.7663e-14
8.59176e-15
8.93597e-13
-5.70363e-13
9.42308e-13
-2.48912e-12
1.53638e-12
-1.7614e-12
1.77271e-11
-1.15154e-14
7.89141e-11
-8.64643e-11
1.76432e-07
-5.37172e-07
2.03596e-07
1.33652e-07
5.66189e-07
3.3863e-07
6.00139e-07
9.68771e-07
4.23893e-07
1.14881e-06
2.7851e-07
1.09775e-06
1.88067e-07
1.09398e-06
1.35261e-07
1.03372e-06
1.04569e-07
9.20246e-07
7.6274e-08
8.33873e-07
5.41843e-08
7.15733e-07
3.75222e-08
5.87949e-07
2.61596e-08
4.59379e-07
1.85231e-08
3.46505e-07
1.2012e-08
2.61789e-07
7.25733e-09
1.88507e-07
4.1091e-09
1.28595e-07
2.14205e-09
8.38092e-08
9.01003e-10
5.46432e-08
4.05923e-08
-3.42247e-14
4.82992e-13
-5.04928e-14
3.09005e-13
-4.90715e-14
1.73252e-13
-4.04366e-14
6.55904e-14
-2.02129e-15
-1.76421e-13
1.51489e-13
-7.24043e-13
1.66702e-12
-9.79818e-12
2.88996e-12
-3.91526e-12
3.16564e-12
-1.28234e-12
7.52346e-10
-8.36622e-10
4.12863e-07
-6.5558e-07
4.53896e-07
1.1881e-07
-2.16464e-08
8.14172e-07
-1.45958e-07
1.09308e-06
1.63889e-08
9.86465e-07
1.21331e-07
9.92804e-07
1.43161e-07
1.07214e-06
1.20667e-07
1.05622e-06
9.71017e-08
9.43811e-07
7.03718e-08
8.60603e-07
4.94423e-08
7.36662e-07
3.38477e-08
6.03544e-07
2.359e-08
4.69637e-07
1.69224e-08
3.53173e-07
1.09416e-08
2.67769e-07
6.56304e-09
1.92885e-07
3.69154e-09
1.31466e-07
1.91519e-09
8.55856e-08
8.0358e-10
5.57548e-08
4.13959e-08
-1.46556e-14
4.0287e-13
-1.85795e-14
2.14889e-13
-1.42442e-14
8.41983e-14
-6.94018e-15
-1.51273e-14
1.20025e-13
-4.84011e-13
4.57266e-12
-6.0119e-12
2.56952e-11
-1.38942e-10
1.36383e-11
-1.10599e-10
1.96195e-12
9.55265e-12
2.8752e-08
-1.24943e-11
2.88555e-07
-1.94385e-07
6.00031e-07
-4.79868e-08
6.46416e-07
7.67837e-07
7.0935e-07
1.03015e-06
7.17787e-07
9.78028e-07
4.69117e-07
1.24147e-06
2.40374e-07
1.30089e-06
1.29343e-07
1.16725e-06
9.17283e-08
9.81426e-07
6.43372e-08
8.87994e-07
4.44578e-08
7.56542e-07
3.00035e-08
6.17998e-07
2.0921e-08
4.78719e-07
1.52858e-08
3.58808e-07
9.84908e-09
2.73206e-07
5.85198e-09
1.96882e-07
3.26432e-09
1.34054e-07
1.68313e-09
8.71668e-08
7.04112e-10
5.67338e-08
4.21e-08
-2.02414e-15
3.19758e-13
-6.19654e-16
1.40332e-13
-1.01731e-16
2.87523e-14
9.84234e-15
-3.80568e-14
3.60395e-13
-1.04415e-12
4.6221e-13
-4.58725e-11
2.13465e-11
-1.49227e-10
3.78356e-11
-1.15335e-10
3.55985e-12
5.40471e-11
4.71925e-11
-8.68095e-11
2.58312e-07
-1.40621e-07
5.17308e-07
1.41046e-07
6.97714e-07
5.87638e-07
4.5631e-07
1.27156e-06
1.40858e-07
1.29348e-06
1.86952e-08
1.36364e-06
3.17137e-08
1.28787e-06
6.81679e-08
1.13079e-06
7.65206e-08
9.73073e-07
5.75336e-08
9.06981e-07
3.94789e-08
7.74597e-07
2.61392e-08
6.31338e-07
1.82165e-08
4.86642e-07
1.36426e-08
3.63382e-07
8.74952e-09
2.78099e-07
5.12957e-09
2.00502e-07
2.82979e-09
1.36354e-07
1.44681e-09
8.85497e-08
6.03145e-10
5.75775e-08
4.27031e-08
3.88342e-15
2.41943e-13
1.93503e-15
9.33059e-14
-7.27194e-15
9.78017e-15
-1.56683e-14
-2.98393e-14
-2.43865e-13
-8.3499e-13
-1.79975e-11
-5.30685e-11
-2.43125e-11
-1.29215e-10
6.47885e-12
-1.53536e-10
7.98828e-11
9.09024e-12
9.01672e-12
-7.56868e-12
-1.63489e-07
-1.63213e-11
2.02411e-07
-2.5489e-07
9.52022e-08
6.94917e-07
1.60745e-07
1.20607e-06
2.75543e-07
1.17868e-06
4.11384e-07
1.2278e-06
3.58996e-07
1.34026e-06
1.90622e-07
1.29917e-06
9.36321e-08
1.07006e-06
5.38248e-08
9.46789e-07
3.41602e-08
7.94261e-07
2.18888e-08
6.43609e-07
1.52728e-08
4.93258e-07
1.18852e-08
3.6677e-07
7.59491e-09
2.8239e-07
4.37115e-09
2.03726e-07
2.37651e-09
1.38348e-07
1.20055e-09
8.97257e-08
5.00259e-10
5.82778e-08
4.32034e-08
3.89553e-15
1.80728e-13
9.76967e-16
7.03028e-14
-5.74804e-15
1.21257e-14
-3.601e-14
2.99094e-16
-8.71601e-13
-3.76763e-15
-1.34167e-11
-8.24741e-14
-1.53806e-11
-1.16727e-13
-1.32293e-12
-9.09671e-12
6.32639e-12
-4.63737e-12
8.89144e-12
-9.41876e-13
5.79908e-11
-1.48428e-11
5.08548e-07
-2.11563e-07
2.24603e-07
9.78951e-07
3.18077e-07
1.1126e-06
4.73299e-07
1.02346e-06
3.37574e-07
1.36352e-06
5.17241e-08
1.62611e-06
-3.73108e-08
1.3882e-06
2.36815e-08
1.00907e-06
3.88189e-08
9.31651e-07
2.89174e-08
8.04163e-07
1.82056e-08
6.54321e-07
1.27025e-08
4.98761e-07
1.03717e-08
3.691e-07
6.5992e-09
2.86162e-07
3.69857e-09
2.06627e-07
1.97593e-09
1.40071e-07
9.87439e-10
9.07142e-08
4.884e-10
5.87768e-08
4.36918e-08
2.10438e-15
1.35572e-13
8.96725e-16
6.10696e-14
3.7006e-17
1.58902e-14
-1.30644e-16
1.7216e-15
-5.82546e-16
-2.0814e-16
-1.58751e-15
-7.45007e-14
-5.07219e-14
-4.46877e-14
5.10899e-14
-9.12386e-12
-2.67575e-14
1.97613e-13
-1.85932e-13
2.23518e-12
1.1664e-10
-6.8965e-11
4.23432e-07
-4.49835e-07
4.65655e-07
9.40032e-07
5.54567e-07
1.02369e-06
4.53291e-07
1.12474e-06
1.31463e-07
1.68535e-06
1.13267e-09
1.75644e-06
1.07642e-07
1.28169e-06
1.09321e-07
1.00739e-06
5.07164e-08
9.90255e-07
2.37603e-08
8.31119e-07
1.26342e-08
6.65447e-07
8.45472e-09
5.02941e-07
7.5522e-09
3.70003e-07
4.85383e-09
2.8886e-07
2.6299e-09
2.0885e-07
1.41597e-09
1.41285e-07
7.27262e-10
9.14029e-08
2.46105e-09
5.7043e-08
4.61528e-08
-3.00082e-09
-1.19744e-12
-3.31945e-10
-3.82152e-12
-8.54225e-10
-2.001e-11
-1.86615e-09
-8.75589e-11
-3.55792e-09
9.90272e-09
-4.8195e-09
6.7846e-08
-3.0938e-09
1.89725e-07
-2.99812e-09
5.02771e-07
-1.24046e-08
6.76867e-07
-3.49437e-08
8.54209e-07
-8.91448e-08
1.04074e-06
-1.5771e-07
1.07339e-06
-9.21552e-08
1.2179e-06
-3.31135e-08
1.69897e-06
-1.83696e-07
1.83533e-06
-3.45231e-07
1.28999e-06
-3.63127e-07
1.03816e-06
-3.42486e-07
9.33865e-07
-2.29474e-10
-4.70811e-07
4.51934e-12
-1.39567e-10
-1.9142e-13
7.92371e-12
-4.05759e-13
4.09181e-13
-4.11197e-14
-6.74301e-12
-5.40575e-15
-1.30906e-13
-3.14487e-18
-1.81521e-13
1.33726e-18
2.39523e-16
-1.91298e-17
3.08121e-15
-6.59974e-17
1.68064e-14
-6.87436e-17
5.41567e-14
1.10811e-13
-9.22374e-17
-1.19887e-12
-6.93542e-18
-4.97023e-12
-5.34873e-14
-2.52351e-11
-3.79235e-13
-1.05488e-10
-1.40659e-11
-1.15085e-09
-3.69593e-10
-9.32802e-09
-4.42388e-09
-2.4169e-08
-1.39004e-08
-1.99432e-08
2.30411e-08
1.80548e-08
3.66544e-07
2.42411e-08
8.48023e-07
-1.67185e-08
1.0817e-06
-1.61934e-07
1.21861e-06
-2.42115e-07
1.29808e-06
-8.27287e-08
1.53958e-06
-1.36277e-07
1.88888e-06
-3.72121e-07
1.52584e-06
-4.44312e-07
1.11038e-06
-3.90494e-07
9.37311e-07
-2.70614e-10
-5.41665e-07
-9.79065e-12
-3.57216e-10
-2.62081e-12
2.33978e-11
-1.22826e-12
-8.84103e-12
-3.17901e-13
-1.04585e-11
-1.55046e-14
-5.97244e-14
8.92706e-18
-1.53938e-14
9.12038e-17
5.61215e-16
4.17496e-16
4.53391e-15
1.08506e-15
1.92588e-14
1.30961e-15
5.11458e-14
9.39129e-14
5.87026e-17
-5.94857e-17
-1.31707e-18
-5.35836e-14
-1.50102e-17
-4.19161e-13
-1.68938e-14
-8.83426e-12
-3.83534e-12
-2.25133e-10
-1.61512e-10
-3.83265e-09
-9.68378e-10
-2.77387e-08
-1.30097e-08
-9.2964e-08
-2.3353e-07
-1.4257e-07
-2.95132e-09
-2.14584e-08
3.80863e-07
1.05204e-07
9.14087e-07
5.70828e-08
1.26551e-06
-2.28202e-07
1.58337e-06
-2.18511e-07
1.52989e-06
-9.8638e-08
1.76901e-06
-3.21675e-07
1.74888e-06
-4.09225e-07
1.19796e-06
-3.119e-07
9.08204e-07
-9.96624e-10
-5.52398e-07
-2.9962e-11
-1.3189e-09
-1.15494e-11
4.22564e-12
2.22771e-13
-1.86735e-12
-7.08252e-14
-1.5371e-12
-2.38291e-15
-8.35263e-14
4.07953e-17
-7.56437e-15
3.30132e-16
5.95101e-16
1.15777e-15
5.17721e-15
2.11454e-15
1.97748e-14
2.06836e-15
4.57249e-14
7.66366e-14
1.38446e-16
-5.55645e-17
-4.57464e-19
-8.88536e-17
3.5729e-18
-1.23275e-13
1.00828e-13
-1.03265e-10
9.44127e-11
-8.45145e-09
8.02182e-09
-1.45275e-08
4.28103e-09
-4.55782e-08
-8.12593e-09
-7.09088e-07
-1.18528e-07
-7.35984e-07
-3.56479e-07
-5.64247e-07
2.47061e-08
-1.87694e-07
4.65889e-07
8.45116e-08
9.93305e-07
-5.28118e-08
1.72069e-06
-3.68085e-07
1.84516e-06
-2.14582e-07
1.61551e-06
-3.04941e-07
1.83924e-06
-5.14932e-07
1.40798e-06
-2.13475e-07
6.87627e-07
-5.40467e-09
-5.14429e-07
-5.58664e-12
-6.71938e-09
-3.36388e-12
-1.52249e-13
9.25415e-13
-4.51534e-12
-2.59916e-14
-1.11304e-12
-1.51208e-15
-6.47446e-13
4.69766e-17
-1.08939e-14
4.71623e-16
2.01227e-16
1.49068e-15
4.36629e-15
2.26316e-15
1.76008e-14
1.92676e-15
3.7922e-14
5.96691e-14
1.2991e-16
-1.2679e-16
-1.31497e-19
-2.61271e-16
6.58391e-17
-2.21811e-13
3.07607e-13
-6.4589e-10
1.43374e-10
-2.0242e-08
5.72803e-09
-1.94751e-08
8.54246e-09
-4.16468e-09
-7.96754e-09
-1.13821e-07
-9.40106e-09
-9.04812e-07
-2.10331e-08
-1.3303e-06
-1.3507e-07
-9.2103e-07
-1.44974e-08
-4.02889e-07
4.75164e-07
1.96287e-08
1.29817e-06
-2.3216e-07
2.09695e-06
-3.73987e-07
1.75733e-06
-2.71945e-07
1.7372e-06
-5.55668e-07
1.69174e-06
-2.5108e-07
5.01315e-07
6.87134e-09
-5.2742e-07
-3.49642e-12
1.46444e-10
-1.74318e-12
-4.41798e-12
1.00326e-13
-8.06231e-12
2.07671e-14
-3.36782e-12
1.47511e-15
-1.30737e-12
8.61284e-18
-1.19555e-14
2.85355e-16
-4.07543e-16
9.40249e-16
2.52707e-15
1.21803e-15
1.33207e-14
9.07158e-16
2.8635e-14
4.37529e-14
5.29201e-17
-4.51126e-17
-1.85745e-20
-5.60934e-17
4.47641e-17
2.70564e-13
1.59983e-14
-2.95503e-10
3.46689e-11
-6.44094e-09
-4.128e-12
-1.07223e-09
3.28153e-10
-4.39379e-10
-2.37644e-12
-9.77079e-09
-7.52542e-11
-5.25504e-08
-1.08129e-09
-3.56759e-07
-1.57349e-08
-8.47501e-07
-3.01413e-08
-8.6493e-07
-1.19326e-08
-2.78545e-07
5.61761e-07
-9.83135e-08
1.91672e-06
-3.49946e-07
2.00896e-06
-1.53389e-07
1.54064e-06
-1.45613e-07
1.68379e-06
-2.28081e-07
7.14084e-07
-1.37929e-10
-3.49721e-07
-1.98029e-11
3.45332e-12
-5.49942e-13
-2.61797e-11
-1.82407e-13
-1.58642e-11
5.3531e-13
-1.46366e-11
-1.36215e-15
-3.98432e-13
-1.08311e-16
-1.30853e-14
4.09068e-18
-4.59459e-16
-1.88861e-17
9.04493e-16
-1.38168e-16
8.39097e-15
-2.19648e-16
1.92965e-14
2.97621e-14
-3.78182e-17
-7.82282e-18
-1.78487e-21
-3.18362e-17
1.12434e-17
-1.23213e-13
9.85584e-16
-2.90393e-11
-4.04367e-12
-9.22995e-11
7.28087e-12
-1.08763e-13
-1.961e-12
-2.14183e-12
-3.73857e-13
-6.03521e-11
-1.74129e-11
-1.07603e-09
-6.71249e-11
-1.59503e-08
-9.70311e-10
-6.91315e-08
-8.77166e-09
-5.18965e-07
-1.15277e-07
-6.12576e-07
3.46307e-08
-2.05325e-07
1.50947e-06
-3.26236e-07
2.12987e-06
-4.1015e-07
1.62456e-06
-1.51459e-07
1.4251e-06
-2.58372e-07
9.3636e-07
-2.79449e-11
-1.28968e-07
-9.57565e-11
7.13085e-13
-3.75228e-12
-1.24178e-10
3.99784e-12
-8.75971e-11
2.47755e-13
-6.26061e-12
8.48814e-15
-1.39607e-13
2.51037e-16
-4.70924e-15
5.24518e-17
-2.45324e-16
-8.25143e-17
1.10281e-16
-5.80322e-16
4.45475e-15
-7.58567e-16
1.16669e-14
1.86963e-14
-9.91674e-17
-1.04443e-18
-1.23483e-22
-1.50718e-16
1.9159e-18
-3.6875e-16
1.79453e-16
-3.07392e-12
-3.53922e-13
-3.43727e-13
9.9217e-13
-2.23972e-14
-1.85114e-12
-4.29778e-14
-1.91443e-13
-1.47858e-11
-1.35406e-12
-1.14759e-10
2.29216e-11
-1.72578e-09
3.64571e-10
-1.04898e-08
-4.8798e-10
-3.41852e-07
-7.09707e-08
-8.44313e-07
-1.79035e-07
-4.85519e-07
8.90148e-07
-3.84848e-07
2.0292e-06
-6.73128e-07
1.91282e-06
-4.42537e-07
1.19454e-06
-1.98275e-07
7.73768e-07
-1.14769e-09
3.00441e-07
-4.98991e-10
-6.58809e-10
-4.87485e-11
-7.91002e-10
-1.4078e-12
-1.25241e-10
9.68592e-14
-1.43751e-12
3.62136e-15
-4.75287e-14
1.59127e-16
-1.18782e-15
5.10372e-17
-1.67655e-16
-1.86166e-17
-2.48047e-17
-5.52812e-16
2.27938e-15
-8.11398e-16
6.6103e-15
1.08472e-14
-1.09302e-16
-1.11165e-19
-7.46256e-24
-2.7616e-17
2.42314e-19
-3.49966e-16
1.62768e-16
-2.28939e-13
-2.98149e-14
3.88385e-13
1.02922e-13
1.37112e-14
-1.50904e-13
1.33905e-16
-5.29246e-14
-1.28669e-12
-7.59314e-14
-5.7265e-11
2.0708e-12
-3.09523e-10
3.47255e-11
-2.94872e-10
-2.30616e-10
-4.47701e-08
-2.68057e-08
-5.51142e-07
-4.28672e-08
-7.21533e-07
2.29996e-07
-4.748e-07
1.78247e-06
-7.00411e-07
2.13843e-06
-8.72835e-07
1.367e-06
-6.89394e-07
7.81911e-07
-1.6802e-08
2.01586e-07
-1.84605e-10
-1.71915e-08
3.23106e-11
-1.36661e-09
3.31904e-13
-4.69939e-11
4.46559e-14
-1.08739e-12
1.08323e-15
-2.02258e-15
1.16716e-16
-1.72258e-16
3.17196e-17
-6.1634e-17
4.17546e-18
1.03117e-16
-2.94103e-16
1.39735e-15
-4.92408e-16
3.72845e-15
5.7967e-15
-7.47783e-17
-1.41575e-20
-1.80307e-26
-3.41488e-18
3.50518e-20
-7.82598e-17
2.08573e-17
-1.46983e-14
-6.40523e-16
5.58522e-14
9.86177e-15
1.06594e-15
-7.39932e-15
6.24923e-16
-2.54396e-15
-7.40245e-14
-1.49996e-15
-4.38874e-13
-7.78643e-15
1.92641e-11
-1.44532e-13
-3.11326e-10
4.52407e-11
-2.68678e-08
-3.73636e-10
-3.11315e-07
-9.37375e-09
-9.22912e-07
-1.0455e-07
-6.75105e-07
1.53467e-06
-5.70798e-07
2.03391e-06
-7.3913e-07
1.53493e-06
-2.82561e-07
5.19808e-07
1.65917e-08
-2.01166e-08
1.3326e-09
-7.6153e-10
4.6838e-11
-5.84997e-11
1.02903e-12
-1.60819e-12
4.8052e-16
-5.42606e-14
-8.59407e-18
-1.68544e-15
-1.645e-18
-2.88761e-16
8.63241e-19
-3.62638e-17
-4.073e-18
1.91963e-16
-6.2359e-17
9.33979e-16
-1.15579e-16
2.013e-15
2.75387e-15
-2.77962e-17
-1.76965e-21
8.14419e-25
-4.50602e-19
4.82564e-21
-4.89172e-17
2.82223e-18
-1.09207e-15
3.96158e-16
5.39718e-15
1.57084e-15
8.02481e-17
1.08102e-16
5.32298e-17
-1.73107e-16
-1.26503e-15
-2.0976e-16
-2.28412e-14
1.78509e-15
-3.20065e-13
3.52162e-14
-2.49069e-13
1.48586e-12
7.92693e-12
-4.33545e-10
2.50983e-10
-9.73917e-09
-9.24962e-07
-3.79941e-09
-1.0235e-06
7.01313e-07
-7.03689e-07
1.71362e-06
-7.17692e-07
1.55913e-06
-7.9713e-08
5.83469e-08
2.40771e-10
-4.68601e-09
2.03831e-11
-5.15175e-10
-1.38172e-14
-3.95291e-11
-2.52045e-15
-1.57469e-12
-1.30663e-16
-7.56203e-14
-2.44555e-17
-2.92088e-15
-4.06448e-18
-5.80795e-16
2.00077e-17
-1.24036e-16
7.23902e-17
9.67386e-17
9.85149e-17
4.54156e-16
6.29893e-17
8.61182e-16
1.05573e-15
-3.75341e-18
-2.10346e-22
1.75444e-25
-5.6991e-20
6.17847e-22
-7.05379e-18
3.62788e-19
-8.32695e-17
8.83213e-17
4.32382e-16
7.73213e-16
5.98843e-17
2.48288e-16
2.83018e-17
-4.75239e-17
-3.43476e-17
-9.63498e-17
-5.2088e-17
4.0069e-16
5.49504e-15
1.19702e-15
1.6342e-12
3.2179e-14
-3.97689e-10
-1.4693e-11
-1.0744e-08
-2.04454e-10
-3.07463e-07
2.89498e-09
-9.23582e-07
-4.4184e-08
-8.0996e-07
9.36185e-07
-3.13353e-08
5.36242e-07
1.00634e-09
-3.36157e-08
2.31324e-10
-4.43009e-09
-1.86633e-11
-2.97424e-10
-3.2379e-12
-5.72202e-11
-1.4187e-13
-3.30605e-12
-5.32622e-15
-1.7637e-13
8.16907e-17
-8.29071e-15
1.10063e-16
-5.57428e-16
1.31305e-17
-1.72795e-16
-5.03677e-18
-1.41917e-17
-9.9484e-18
1.02562e-16
-6.45072e-18
2.26426e-16
2.79502e-16
-1.15096e-18
-2.11655e-23
2.42297e-26
-5.99969e-21
6.58533e-23
-8.13203e-19
3.85287e-20
-1.10682e-17
9.83353e-18
5.94264e-17
6.93591e-16
2.89751e-17
1.16462e-16
1.34052e-17
-1.79841e-17
-2.32862e-18
-4.46247e-17
6.98244e-18
6.39524e-17
1.60061e-16
7.06905e-16
3.18627e-14
2.38613e-16
-1.4047e-11
-2.58287e-17
-2.32273e-09
7.70886e-11
-3.12475e-09
-1.77034e-12
-1.68459e-07
-4.22959e-10
-2.87634e-07
1.05363e-09
5.35011e-08
-4.56559e-11
4.81851e-09
-3.17099e-11
3.50751e-10
-1.89173e-13
6.0778e-11
-4.18646e-15
3.49139e-12
-4.32701e-16
1.85311e-13
-1.35935e-16
9.02265e-15
-5.70745e-17
7.88699e-16
-1.71633e-17
2.08188e-16
-1.16662e-18
6.47746e-17
1.37437e-20
3.56883e-18
3.15965e-18
-1.52929e-17
1.32761e-17
-1.6003e-17
2.83863e-17
3.76239e-17
-5.40404e-19
-1.87105e-24
2.62235e-27
-5.47442e-22
6.08694e-24
-7.83301e-20
3.52441e-21
-1.62771e-18
9.18685e-19
9.2327e-18
1.00762e-16
1.54092e-17
6.02867e-17
6.97162e-18
-3.5817e-18
1.21718e-19
-1.09203e-17
4.54131e-18
2.3564e-17
2.9193e-17
9.22413e-17
2.3316e-17
2.13469e-17
6.22608e-18
-1.75999e-18
1.07548e-11
1.60624e-13
1.18497e-11
-9.49479e-14
-4.1033e-10
-2.76713e-13
-2.48438e-13
6.35761e-10
-6.33613e-14
-4.88282e-11
-7.84746e-15
-3.17834e-11
-2.94538e-16
-1.97926e-13
-9.14274e-18
-5.60504e-15
-4.91978e-18
-4.72626e-16
-3.74086e-18
-1.36666e-16
-1.93733e-18
-5.87362e-17
-4.55211e-19
-1.87267e-17
3.51072e-21
-3.14497e-18
3.36797e-19
-2.61575e-19
1.68336e-19
-1.16238e-20
-2.49669e-19
-5.53878e-22
-4.15695e-19
-4.93818e-23
-3.12331e-24
9.19269e-20
-1.42354e-25
2.28412e-28
-4.28822e-23
4.7924e-25
-6.40278e-21
2.75445e-22
-1.72678e-19
7.31608e-20
1.05526e-18
1.07936e-17
4.02179e-18
1.53343e-17
2.02175e-18
-4.03382e-19
3.02916e-19
-1.64941e-18
1.75071e-18
6.17591e-18
7.96215e-18
1.96801e-17
7.50886e-18
5.13926e-18
9.32531e-18
-1.06942e-18
1.58594e-13
2.0653e-15
5.42085e-13
7.54435e-17
2.7966e-13
-3.1887e-16
6.18121e-10
1.84282e-11
4.17677e-11
-7.25965e-12
2.01266e-13
-9.77895e-13
6.24031e-15
-8.21214e-15
8.91674e-16
-3.08972e-16
4.36669e-16
-2.309e-17
1.09247e-16
-5.99064e-18
3.53441e-17
-1.11488e-18
7.92434e-18
-1.9082e-19
8.79072e-19
-2.80251e-20
4.53767e-20
-3.32109e-21
1.20946e-21
-3.04894e-22
3.34743e-23
-2.73362e-23
1.45608e-24
-4.10728e-24
-6.565e-25
3.34939e-27
-9.08606e-27
1.59889e-29
-2.81398e-24
3.13899e-26
-4.34664e-22
1.7972e-23
-1.34692e-20
4.86093e-21
9.10506e-20
8.7497e-19
6.51207e-19
2.42001e-18
3.69955e-19
-2.43143e-20
1.14543e-19
-1.68104e-19
4.26018e-19
1.05512e-18
1.99652e-18
3.89031e-18
1.59333e-18
8.04482e-19
2.25407e-18
-9.92552e-20
2.03968e-15
3.61178e-17
5.59558e-15
7.68212e-17
1.01468e-14
-3.9021e-17
1.81828e-11
2.68798e-13
1.59348e-12
-2.63628e-13
7.80569e-15
-5.3363e-15
3.28327e-16
-2.66511e-16
3.43108e-17
-6.71893e-18
4.50603e-18
-2.37321e-18
8.83768e-19
-5.34342e-19
2.02213e-19
-6.8255e-20
3.94717e-20
-5.23626e-21
5.84558e-21
-2.95434e-22
6.10328e-22
-1.54669e-23
4.40952e-23
-8.92216e-25
2.75517e-24
-6.02504e-26
2.18968e-25
-4.5862e-27
-2.41954e-28
6.68643e-28
-4.78651e-28
8.97187e-31
-1.52075e-25
1.68549e-27
-2.40981e-23
9.63569e-25
-7.79686e-22
2.65005e-22
6.04912e-21
5.47647e-20
7.30667e-20
2.64375e-19
4.73585e-20
-9.32629e-23
2.41977e-20
-1.19915e-20
7.6232e-20
1.33295e-19
3.7617e-19
5.63617e-19
2.64159e-19
9.40134e-20
1.42574e-19
-7.55007e-21
2.80162e-17
7.67779e-18
7.05112e-17
5.65036e-18
3.10595e-16
-9.61091e-18
2.69121e-13
-1.61953e-17
5.55872e-15
-2.15698e-18
2.64606e-16
-7.4646e-19
1.26887e-17
-1.47723e-19
3.60733e-18
-1.87731e-20
1.02639e-18
-1.76797e-21
1.64187e-19
-1.50921e-22
1.45306e-20
-1.2753e-23
8.6072e-22
-1.00386e-24
4.34845e-23
-7.43304e-26
2.2416e-24
-5.47315e-27
1.17312e-25
-4.69078e-28
5.94519e-27
-5.33735e-29
2.43068e-28
-6.50755e-30
-4.92959e-31
-8.80383e-32
-2.06493e-29
4.03451e-32
-6.71823e-27
7.37261e-29
-1.08283e-24
4.21883e-26
-3.33833e-23
1.17677e-23
3.14148e-22
2.68672e-21
5.97134e-21
2.10472e-20
4.54439e-21
1.79267e-21
3.39792e-21
-5.93875e-22
1.03587e-20
1.26696e-20
5.17899e-20
5.69547e-20
3.47367e-20
7.70862e-21
1.79286e-20
-5.36629e-22
1.63745e-18
-5.58831e-23
6.77629e-18
-1.44018e-22
1.64477e-17
-3.04418e-21
4.38035e-19
-6.61214e-22
8.54138e-20
-1.77531e-22
3.88506e-19
-3.91926e-23
7.05048e-20
-6.26371e-24
7.96624e-21
-1.04451e-24
7.5711e-22
-1.86688e-25
6.65307e-23
-3.07368e-26
5.24167e-24
-4.45811e-27
3.65394e-25
-5.66667e-28
2.27214e-26
-6.23446e-29
1.35811e-27
-6.00439e-30
9.18238e-29
-4.94206e-31
7.5495e-30
-3.4007e-32
4.9017e-31
-1.88986e-33
-6.92042e-35
-2.79952e-33
-7.2614e-31
1.45318e-33
-2.4185e-28
2.6194e-30
-3.93449e-26
1.50555e-27
-1.0297e-24
4.24814e-25
1.28799e-23
1.04469e-22
3.65579e-22
1.25445e-21
3.40655e-22
2.4777e-22
3.43195e-22
-1.88303e-23
1.0915e-21
9.11875e-22
5.2276e-21
3.94135e-21
3.47408e-21
3.19929e-22
1.75018e-21
-3.44117e-23
9.36385e-21
-1.07336e-23
9.30497e-22
-7.23921e-24
5.50978e-21
-3.93682e-24
1.37315e-21
-1.32194e-24
2.19396e-22
-4.62964e-25
2.79219e-23
-1.42771e-25
3.67055e-24
-3.34658e-26
5.50133e-25
-6.65226e-27
8.30056e-26
-1.15233e-27
1.13969e-26
-1.80139e-28
1.37329e-27
-2.53616e-29
1.43003e-28
-3.22031e-30
1.29506e-29
-3.60598e-31
9.90762e-31
-3.46677e-32
6.05528e-32
-2.71406e-33
2.74166e-33
-1.56683e-34
7.54552e-35
-5.75705e-36
-1.01065e-37
-2.1162e-37
-2.07453e-32
4.18907e-35
-7.08407e-30
7.54796e-32
-1.15602e-27
4.37873e-29
-2.0978e-26
1.24751e-26
4.19845e-25
3.24693e-24
1.70227e-23
5.68392e-23
1.99651e-23
1.96245e-23
2.60494e-23
-2.33574e-25
8.93602e-23
4.96288e-23
3.90036e-22
1.80019e-22
2.55022e-22
-5.29959e-25
1.16281e-22
-1.7714e-24
5.04001e-23
-6.79211e-25
2.01223e-23
-2.70699e-25
6.45139e-24
-9.12208e-26
1.90057e-24
-2.46831e-26
4.89614e-25
-6.24032e-27
1.06241e-25
-1.40599e-27
2.03855e-26
-2.66652e-28
3.50703e-27
-4.37751e-29
5.51271e-28
-6.37302e-30
7.87405e-29
-8.23498e-31
1.01335e-29
-9.47118e-32
1.14901e-30
-9.56018e-33
1.11348e-31
-8.4466e-34
8.77047e-33
-6.4281e-35
5.14184e-34
-4.16927e-36
1.95202e-35
-2.23635e-37
3.58505e-37
-8.86843e-39
-1.88689e-40
-4.40037e-41
-4.8013e-34
9.65426e-37
-1.68674e-31
1.76265e-33
-2.74889e-29
1.03862e-30
-1.80729e-28
2.98581e-28
1.09788e-26
8.11902e-26
6.08051e-25
1.97679e-24
9.21346e-25
1.07155e-24
1.50211e-24
2.80135e-25
5.59707e-24
1.99659e-24
2.15611e-23
4.67925e-24
1.3258e-23
-8.40533e-26
5.13138e-24
-6.97887e-26
1.75667e-24
-2.32507e-26
5.14526e-25
-6.37935e-27
1.28366e-25
-1.48422e-27
2.90774e-26
-3.00712e-28
5.91069e-27
-5.6055e-29
1.06109e-27
-9.48667e-30
1.70038e-28
-1.42263e-30
2.45041e-29
-1.89603e-31
3.15857e-30
-2.25488e-32
3.62526e-31
-2.39807e-33
3.66056e-32
-2.27013e-34
3.23548e-33
-1.90333e-35
2.47456e-34
-1.38533e-36
1.61784e-35
-8.52621e-38
8.73048e-37
-4.21931e-39
3.47193e-38
-1.55361e-40
7.40036e-40
-3.77448e-42
-4.5794e-44
-7.43906e-43
-8.97956e-36
1.77666e-38
-3.2658e-33
3.33613e-35
-5.33542e-31
2.01425e-32
1.76057e-32
5.88258e-30
2.30374e-28
1.64285e-27
1.6755e-26
5.31174e-26
3.32881e-26
4.2772e-26
6.70444e-26
2.48386e-26
2.62966e-25
5.63814e-26
8.68887e-25
1.27806e-26
4.83347e-25
-3.76259e-27
1.61867e-25
-1.82504e-27
4.34124e-26
-4.70305e-28
9.50181e-27
-9.56739e-29
1.7956e-27
-1.66089e-29
3.08663e-28
-2.55476e-30
4.86251e-29
-3.5712e-31
6.97523e-30
-4.52967e-32
9.09786e-31
-5.17634e-33
1.07602e-31
-5.32425e-34
1.14916e-32
-4.93432e-35
1.09917e-33
-4.11131e-36
9.32082e-35
-3.06357e-37
6.86082e-36
-2.01939e-38
4.25546e-37
-1.1615e-39
2.11548e-38
-5.7e-41
7.80829e-40
-2.31002e-42
1.89696e-41
-7.29473e-44
2.29322e-43
-1.5948e-45
-1.78642e-47
-1.16324e-46
-1.35242e-37
2.60576e-40
-5.13581e-35
5.11724e-37
-8.46803e-33
3.19976e-34
8.75092e-34
9.57449e-32
3.90958e-30
2.70548e-29
3.57097e-28
1.10916e-27
9.38269e-28
1.27708e-27
2.24791e-27
1.02462e-27
9.05607e-27
9.55955e-28
2.45683e-26
-7.7304e-29
1.21684e-26
-9.27511e-29
3.38687e-27
-2.94835e-29
6.98633e-28
-5.58229e-30
1.1839e-28
-8.3222e-31
1.75087e-29
-1.07373e-31
2.34143e-30
-1.24779e-32
2.86035e-31
-1.32846e-33
3.192e-32
-1.29537e-34
3.24803e-33
-1.14996e-35
3.00509e-34
-9.25041e-37
2.51482e-35
-6.71234e-38
1.88905e-36
-4.36906e-39
1.25901e-37
-2.5309e-40
7.3364e-39
-1.29053e-41
3.65558e-40
-5.69566e-43
1.50648e-41
-2.12275e-44
4.84131e-43
-6.42849e-46
1.07766e-44
-1.4859e-47
1.2291e-46
-2.33354e-49
-1.85682e-51
-5.69359e-50
-1.63266e-39
3.03721e-42
-6.54503e-37
6.36148e-39
-1.09654e-34
4.17255e-36
1.62675e-35
1.29129e-33
5.35653e-32
3.63833e-31
5.89807e-30
1.81057e-29
2.04699e-29
2.88302e-29
5.60583e-29
2.73143e-29
2.23018e-28
3.08175e-30
4.93705e-28
-2.09824e-30
2.07157e-28
-1.33505e-30
4.44517e-29
-2.86106e-31
6.87462e-30
-3.96039e-32
8.79058e-31
-4.3688e-33
9.94438e-32
-4.16683e-34
1.02781e-32
-3.5676e-35
9.79837e-34
-2.78979e-36
8.60401e-35
-2.00424e-37
6.9226e-36
-1.3225e-38
5.06802e-37
-7.99496e-40
3.34806e-38
-4.40673e-41
1.97561e-39
-2.19852e-42
1.02782e-40
-9.82729e-44
4.62988e-42
-3.88141e-45
1.75993e-43
-1.32937e-46
5.42984e-45
-3.84523e-48
1.27695e-46
-9.03298e-50
2.03728e-48
-1.6174e-51
1.64338e-50
-1.96048e-53
-1.19423e-55
-6.22983e-54
-1.56883e-41
2.80059e-44
-6.73381e-39
6.40942e-41
-1.15563e-36
4.47922e-38
2.5052e-37
1.44681e-35
5.92524e-34
4.02334e-33
7.55333e-32
2.32796e-31
3.42298e-31
4.95316e-31
1.03193e-30
5.05997e-31
3.82071e-30
-3.44251e-33
6.73613e-30
-2.80378e-32
2.24184e-30
-1.11837e-32
3.54028e-31
-1.62619e-33
4.10187e-32
-1.59506e-34
3.96639e-33
-1.27791e-35
3.38676e-34
-8.97539e-37
2.62564e-35
-5.67662e-38
1.87152e-36
-3.26955e-39
1.2307e-37
-1.71748e-40
7.45557e-39
-8.2218e-42
4.1403e-40
-3.57752e-43
2.09107e-41
-1.40938e-44
9.49978e-43
-4.99872e-46
3.82548e-44
-1.5834e-47
1.33901e-45
-4.42839e-49
3.96481e-47
-1.07551e-50
9.54423e-49
-2.21325e-52
1.75212e-50
-3.71587e-54
2.17752e-52
-4.78082e-56
1.35874e-54
-4.18791e-58
-1.85229e-60
-4.48882e-58
-1.18691e-43
2.02767e-46
-5.55918e-41
5.23413e-43
-9.87271e-39
3.97653e-40
2.66431e-39
1.35542e-37
5.27438e-36
3.68703e-35
7.49043e-34
2.38173e-33
4.33838e-33
6.52101e-33
1.38551e-32
6.68418e-33
4.4796e-32
-6.38757e-35
5.99012e-32
-2.13099e-34
1.45826e-32
-5.09304e-35
1.64776e-33
-4.91914e-36
1.3823e-34
-3.21969e-37
9.87314e-36
-1.72672e-38
6.30306e-37
-8.22608e-40
3.66373e-38
-3.60358e-41
1.94872e-39
-1.46678e-42
9.48198e-41
-5.54937e-44
4.20751e-42
-1.94185e-45
1.69427e-43
-6.23887e-47
6.14975e-45
-1.82473e-48
1.99409e-46
-4.81107e-50
5.70608e-48
-1.13034e-51
1.41645e-49
-2.33262e-53
2.97548e-51
-4.14879e-55
5.09284e-53
-6.19434e-57
6.6726e-55
-7.46569e-59
5.94708e-57
-6.81687e-61
2.67319e-59
-4.18766e-63
-1.28295e-65
-7.40573e-63
-6.93352e-46
1.13688e-48
-3.63954e-43
3.46194e-45
-6.78539e-41
2.93903e-42
2.27493e-41
1.07116e-39
3.7417e-38
2.83585e-37
5.71377e-36
1.96744e-35
4.10705e-35
6.65106e-35
1.33289e-34
6.40678e-35
3.50687e-34
-5.81111e-37
3.25315e-34
-9.49035e-37
5.13732e-35
-1.19672e-37
3.9852e-36
-7.52562e-39
2.27073e-37
-3.31693e-40
1.1002e-38
-1.18193e-41
4.82479e-40
-3.64909e-43
1.9626e-41
-1.01056e-44
7.45324e-43
-2.55731e-46
2.63511e-44
-5.96838e-48
8.60982e-46
-1.28946e-49
2.57484e-47
-2.57877e-51
6.96979e-49
-4.75771e-53
1.68579e-50
-8.04301e-55
3.58723e-52
-1.23283e-56
6.58371e-54
-1.68796e-58
1.0144e-55
-2.02235e-60
1.26125e-57
-2.06035e-62
1.18736e-59
-1.71203e-64
7.51467e-62
-1.08618e-66
2.36875e-64
-4.66187e-69
-1.00174e-71
-4.61625e-68
-3.00427e-48
4.79775e-51
-1.83975e-45
1.84812e-47
-3.68193e-43
1.82557e-44
1.40295e-43
7.24684e-42
2.06861e-40
1.86342e-39
3.28762e-38
1.34039e-37
2.83008e-37
5.35574e-37
8.93363e-37
4.57633e-37
1.7677e-36
-3.27852e-39
1.0178e-36
-2.62775e-39
8.87798e-38
-1.54196e-40
4.58406e-39
-5.28495e-42
1.78307e-40
-1.37263e-43
5.80268e-42
-2.96667e-45
1.6637e-43
-5.58185e-47
4.31626e-45
-9.36517e-49
1.02706e-46
-1.41922e-50
2.25514e-48
-1.95412e-52
4.57538e-50
-2.44856e-54
8.55715e-52
-2.78822e-56
1.46664e-53
-2.87449e-58
2.28125e-55
-2.66668e-60
3.17424e-57
-2.20672e-62
3.8719e-59
-1.60897e-64
4.02363e-61
-1.01584e-66
3.41646e-63
-5.41525e-69
2.21853e-65
-2.34547e-71
9.75894e-68
-7.74872e-74
2.1507e-70
-1.73433e-76
-1.95172e-79
-2.8745e-74
-8.70775e-51
1.42333e-53
-6.64699e-48
7.86505e-50
-1.48493e-45
9.64486e-47
5.92907e-46
4.28853e-44
8.26521e-43
1.0734e-41
1.33356e-40
7.76336e-40
1.32323e-39
3.51217e-39
3.90074e-39
2.56546e-39
5.38749e-39
-1.30478e-41
1.74442e-39
-5.18597e-42
7.28265e-41
-1.02494e-43
2.08002e-42
-1.18155e-45
4.81454e-44
-1.04433e-47
9.57503e-46
-7.73325e-50
1.68497e-47
-4.99446e-52
2.66596e-49
-2.87738e-54
3.82261e-51
-1.49723e-56
4.98063e-53
-7.08009e-59
5.89186e-55
-3.04929e-61
6.30509e-57
-1.19537e-63
6.06639e-59
-4.25318e-66
5.20103e-61
-1.36651e-68
3.92406e-63
-3.93365e-71
2.55996e-65
-1.0029e-73
1.40785e-67
-2.22655e-76
6.2802e-70
-4.1967e-79
2.13344e-72
-6.45669e-82
4.90242e-75
-7.59959e-85
5.65446e-78
-6.06524e-88
-2.43273e-91
-3.44495e-82
-1.12321e-53
-1.20769e-50
-3.31202e-48
8.90573e-49
1.56667e-45
2.59895e-43
2.93481e-42
7.96571e-42
7.50155e-42
1.27472e-42
1.7863e-44
1.70976e-46
1.34495e-48
9.17238e-51
5.55869e-53
3.03416e-55
1.50214e-57
6.76348e-60
2.7687e-62
1.02761e-64
3.44026e-67
1.03068e-69
2.73124e-72
6.29341e-75
1.22927e-77
1.95688e-80
2.37973e-83
1.95975e-86
8.10155e-90
-1.54134e-94
1.23413e-17
1.1708e-13
7.80486e-17
5.84861e-14
2.25809e-17
1.86121e-14
-3.14841e-18
3.01331e-15
-1.20419e-16
-2.00312e-16
3.02513e-15
-8.35942e-14
2.79872e-14
-3.8443e-14
5.51715e-13
-1.13438e-11
2.34379e-13
3.36468e-13
-2.82822e-12
9.5315e-12
2.1323e-10
-1.27976e-10
3.42e-07
-4.77711e-07
3.6161e-07
9.39192e-07
3.44453e-07
1.04086e-06
1.83156e-07
1.28603e-06
3.33706e-08
1.83513e-06
9.21317e-08
1.69768e-06
1.56905e-07
1.21692e-06
8.89113e-08
1.07539e-06
3.46526e-08
1.04451e-06
1.24684e-08
8.53303e-07
3.12441e-09
6.74791e-07
3.11124e-09
5.02954e-07
4.78247e-09
1.8979e-07
3.53454e-09
6.77704e-08
1.84226e-09
9.90275e-09
8.42427e-10
-8.46053e-11
3.27881e-10
-1.96893e-11
2.9976e-09
-3.74682e-12
-1.18348e-12
-1.21046e-15
9.81851e-14
-1.00563e-15
5.41846e-14
-3.77358e-16
2.06397e-14
-7.18176e-17
4.46176e-15
6.6567e-18
2.23811e-16
6.63174e-15
-8.06798e-15
7.18844e-14
-9.01019e-14
1.87175e-12
-7.9508e-12
3.0637e-12
-1.07376e-11
8.01814e-12
2.04767e-11
2.44773e-10
-3.33748e-10
3.88086e-07
-5.47858e-07
4.44947e-07
9.39431e-07
3.73127e-07
1.11272e-06
1.3624e-07
1.52292e-06
8.41594e-08
1.88722e-06
2.42838e-07
1.539e-06
1.62233e-07
1.29752e-06
1.83425e-08
1.21928e-06
-2.36998e-08
1.08656e-06
-1.81e-08
8.47703e-07
1.96034e-08
3.6433e-07
2.37248e-08
2.31095e-08
9.09046e-09
-1.39741e-08
1.15386e-09
-4.30285e-09
1.02901e-10
-3.68867e-10
2.4871e-11
-1.30396e-11
4.88266e-12
-3.61276e-13
1.1849e-12
-5.23974e-14
-6.91014e-18
-1.82088e-15
7.93755e-14
-1.97314e-15
4.77286e-14
-1.09236e-15
2.07553e-14
-2.93633e-16
5.1486e-15
-1.57558e-17
5.83289e-16
1.84169e-15
-2.35571e-15
2.4352e-14
-1.04525e-13
-7.86498e-13
-1.10434e-12
1.05678e-11
-1.75732e-12
2.6377e-11
3.34824e-12
9.42115e-10
-1.2467e-09
3.09385e-07
-5.54852e-07
4.10206e-07
9.06827e-07
3.23843e-07
1.1991e-06
9.91441e-08
1.74762e-06
2.16721e-07
1.76964e-06
2.26719e-07
1.529e-06
-5.49486e-08
1.57919e-06
-1.03264e-07
1.2664e-06
2.14226e-08
9.20096e-07
1.41084e-07
3.7946e-07
9.04103e-08
-1.27644e-09
2.5926e-08
-2.28133e-07
3.69767e-09
-1.24646e-08
2.21827e-10
-9.75219e-10
8.36992e-12
-1.61721e-10
4.01059e-13
-3.56798e-12
5.24882e-14
-1.59525e-14
5.76198e-17
-1.39058e-17
-1.28929e-18
-1.69979e-15
6.13458e-14
-2.1202e-15
3.92004e-14
-1.43887e-15
1.83109e-14
-4.48601e-16
4.41472e-15
-4.68592e-17
2.53304e-16
1.48161e-15
-4.5812e-15
2.1978e-14
-6.77171e-13
-7.68542e-13
-6.42088e-13
2.91755e-12
-4.71129e-12
4.35774e-12
-3.99385e-13
5.1489e-09
-6.39325e-09
2.12702e-07
-5.15674e-07
5.15517e-07
6.8475e-07
3.08645e-07
1.406e-06
2.1678e-07
1.83948e-06
3.66308e-07
1.62011e-06
5.14556e-08
1.84385e-06
-8.67046e-08
1.71735e-06
1.80089e-07
9.99605e-07
5.60575e-07
4.66913e-07
7.35415e-07
2.09174e-08
7.06318e-07
-3.56991e-07
4.1368e-08
-1.18756e-07
1.44692e-08
-7.37933e-09
8.19358e-09
4.46293e-09
8.98003e-11
7.78126e-09
1.00198e-13
8.144e-11
7.11273e-17
7.93723e-14
4.83707e-17
1.63385e-18
-3.85115e-19
-8.09991e-16
4.47673e-14
-1.1583e-15
2.94796e-14
-9.29879e-16
1.38642e-14
-2.90396e-16
2.64712e-15
-1.24044e-17
-2.95627e-16
2.68024e-15
-1.0221e-14
-1.77984e-14
-1.28722e-12
-7.37357e-14
-4.11439e-12
1.89236e-12
-9.2022e-12
3.84169e-12
-5.10808e-12
-6.57768e-09
1.79578e-10
2.5106e-07
-5.27311e-07
5.57893e-07
4.96366e-07
2.7404e-07
1.6899e-06
3.75173e-07
1.73835e-06
2.33122e-07
1.76216e-06
-1.93614e-08
2.09633e-06
3.97939e-07
1.30005e-06
9.15809e-07
4.81736e-07
1.33002e-06
-1.59747e-08
9.00816e-07
-1.39874e-07
1.13759e-07
-2.26058e-08
4.31445e-09
-9.88646e-09
2.01465e-08
-8.35161e-09
2.04116e-08
9.3315e-09
4.07094e-10
5.62107e-09
1.87947e-13
1.08593e-10
2.16969e-16
2.54776e-13
1.07179e-16
5.14406e-17
-1.09288e-19
1.78556e-16
3.04143e-14
1.18777e-16
1.98893e-14
1.31897e-17
8.8059e-15
-1.32521e-18
1.03024e-15
4.06743e-17
-3.78223e-16
9.05407e-16
-1.12478e-14
-5.45192e-13
-3.71671e-13
2.85663e-13
-1.54852e-11
5.34341e-13
-1.801e-11
2.03624e-11
-2.76115e-11
1.7103e-10
3.66553e-12
2.29812e-07
-3.50902e-07
1.47561e-07
7.10043e-07
1.51395e-07
1.68587e-06
3.47933e-07
1.54181e-06
9.96638e-08
2.01043e-06
2.7909e-07
1.91691e-06
8.66195e-07
5.6527e-07
8.61565e-07
-9.76465e-09
3.72891e-07
-3.13072e-08
5.68496e-08
-1.61878e-08
1.03433e-08
-1.10872e-09
5.26808e-10
-7.56936e-11
1.33502e-09
-2.33206e-12
6.09265e-09
1.90077e-10
2.44289e-10
-1.24026e-11
-2.36571e-13
2.95291e-11
4.67921e-17
1.34398e-14
3.7705e-17
3.57131e-17
-1.56297e-20
6.5458e-16
1.91218e-14
5.48838e-16
1.20774e-14
8.52555e-17
4.73844e-15
-3.88286e-17
1.87987e-16
-1.89658e-16
-1.96946e-16
-7.81933e-15
-3.4649e-15
-2.43058e-13
-1.078e-13
-3.21264e-12
-6.0578e-12
5.44149e-12
-8.74088e-11
9.59592e-11
-1.23694e-10
2.80871e-11
6.23008e-13
2.57771e-07
-1.30345e-07
1.51008e-07
9.3255e-07
4.06432e-07
1.43045e-06
3.25127e-07
1.62312e-06
2.04859e-07
2.1307e-06
6.11743e-07
1.51002e-06
5.19996e-07
3.41055e-08
6.96398e-08
-1.13722e-07
1.63752e-08
-8.83668e-09
1.1015e-09
-1.02516e-09
6.04709e-11
-6.96704e-11
2.15517e-12
-1.77921e-11
1.00923e-13
-3.32815e-13
8.34558e-11
-3.25839e-13
2.60762e-11
6.20505e-12
1.07336e-13
-3.74778e-12
3.98089e-17
4.84518e-16
6.5013e-18
9.02881e-18
-1.57533e-21
7.05786e-16
1.10892e-14
5.32624e-16
6.85792e-15
2.92038e-17
2.43827e-15
-3.79374e-17
2.59617e-18
-1.0723e-16
-1.51116e-16
-2.67849e-15
-1.0457e-15
-6.95978e-14
-3.34413e-14
1.10693e-12
-1.15957e-12
5.06137e-11
-1.15484e-10
4.92899e-10
-7.85548e-10
1.17074e-09
-6.88257e-10
1.99022e-07
3.0085e-07
4.41242e-07
7.7255e-07
6.72085e-07
1.19963e-06
3.83978e-07
1.91121e-06
4.85811e-07
2.02887e-06
8.44809e-07
8.87058e-07
3.4103e-07
-1.78458e-07
1.04836e-08
-7.09072e-08
1.7748e-09
-5.67948e-10
1.18522e-10
3.49485e-10
1.51826e-11
2.34443e-11
5.37206e-14
-1.39525e-12
1.70034e-14
-1.59751e-13
3.17205e-13
-9.25983e-13
2.60089e-12
8.84943e-13
-1.04688e-15
-3.35766e-13
1.07819e-16
4.83059e-17
9.44934e-19
1.68609e-18
-1.12842e-22
4.22939e-16
5.89198e-15
2.83735e-16
3.83941e-15
4.03066e-19
1.46158e-15
-2.66948e-17
1.07858e-16
-1.16162e-16
-6.46093e-17
-9.35436e-16
-1.8202e-16
-3.1484e-14
-7.58232e-16
-2.06398e-13
-9.32557e-13
-2.79036e-11
-4.40832e-11
1.8301e-10
-1.33815e-09
1.67868e-08
-1.72074e-08
6.87034e-07
2.03787e-07
8.71949e-07
7.78077e-07
7.0405e-07
1.36757e-06
4.77131e-07
2.13813e-06
7.20887e-07
1.78511e-06
5.47472e-07
2.28566e-07
4.46805e-08
-4.35024e-08
2.63968e-10
-2.67534e-08
2.81443e-10
-2.26957e-10
6.39419e-11
3.30517e-11
1.32468e-12
1.81597e-12
-1.42363e-16
-8.01008e-14
-1.72421e-14
-4.59473e-14
-3.55596e-13
-1.44793e-13
1.87359e-13
9.5399e-14
-1.79206e-16
-1.85886e-14
2.55893e-17
1.47799e-16
9.96496e-20
2.12204e-19
-7.18376e-24
8.74714e-17
2.76631e-15
5.60103e-17
2.04228e-15
3.85495e-18
9.48233e-16
-8.19715e-19
1.87895e-16
1.88498e-18
-3.07408e-17
1.07391e-17
-2.66159e-16
7.67501e-16
-1.61594e-15
-8.84974e-13
-4.60072e-14
-4.37718e-11
-1.50414e-12
-1.29546e-09
-6.14707e-11
-1.65088e-08
-8.00174e-10
2.82175e-07
-1.89966e-08
7.39455e-07
5.16793e-07
5.73837e-07
1.53276e-06
6.78008e-07
2.03373e-06
9.23321e-07
1.5398e-06
3.11221e-07
-1.06474e-07
2.68147e-08
-9.36212e-09
3.15406e-10
-3.79969e-10
-1.83867e-11
5.1394e-11
2.10363e-13
-1.78499e-13
7.7971e-14
-1.31861e-14
-7.34483e-16
-1.59667e-15
-1.33822e-15
-2.66696e-15
-5.03254e-14
-7.30673e-15
1.3295e-14
9.12492e-15
6.98306e-17
-1.92749e-16
3.20967e-18
1.92439e-17
1.28268e-20
3.11225e-20
-8.48517e-26
-6.85447e-17
1.04916e-15
-9.78801e-17
8.62473e-16
-6.8953e-17
4.50978e-16
-1.8092e-17
9.58521e-17
3.19703e-18
-1.07638e-16
2.09512e-17
-5.47767e-16
1.12223e-16
-2.7689e-15
1.78556e-15
-6.48258e-14
5.64968e-15
-1.49082e-12
-2.26944e-11
-3.91701e-11
-2.49178e-10
-5.45134e-10
7.94427e-08
-4.64723e-09
7.17829e-07
5.8083e-08
7.05038e-07
1.55585e-06
1.0243e-06
1.71395e-06
9.25825e-07
7.05332e-07
-3.07348e-10
-3.70804e-09
-8.15023e-12
-9.78507e-09
2.80106e-13
-4.40564e-10
3.46452e-13
1.43007e-12
1.52794e-14
1.0217e-14
1.33025e-15
6.54831e-16
-6.52641e-17
-2.23337e-16
-9.56971e-17
-1.66794e-16
-4.83174e-15
1.30567e-17
1.16464e-15
1.54963e-15
4.34914e-17
3.4245e-16
4.10808e-19
2.52931e-18
1.56472e-21
4.19169e-21
6.31582e-25
4.82007e-18
2.76078e-16
9.15021e-18
2.25997e-16
4.85731e-18
1.02458e-16
-1.1181e-17
-8.94682e-18
-1.01581e-16
-1.57098e-16
-9.64098e-18
-6.62384e-16
4.51187e-15
-7.40672e-15
1.13281e-13
-1.66634e-13
3.17192e-12
-3.18769e-12
1.85593e-11
-5.65514e-11
-2.61334e-10
-2.95414e-10
-1.03213e-09
-4.39415e-09
3.13488e-08
-3.3768e-08
8.09889e-07
5.34162e-07
9.22818e-07
9.3708e-07
3.07967e-07
-4.37858e-08
1.07962e-08
2.9544e-09
4.04104e-10
-2.11062e-10
-1.58038e-12
-1.48673e-11
-5.25585e-15
2.963e-14
9.7261e-19
1.21021e-15
3.71523e-17
4.81503e-16
-2.95678e-17
-1.02643e-16
-6.21468e-17
-4.52075e-17
-4.25092e-16
2.70982e-16
8.88813e-17
7.03546e-16
6.77102e-18
8.27748e-17
5.13505e-20
3.21729e-19
1.82593e-22
5.27914e-22
1.4112e-25
1.50024e-17
3.6878e-17
1.45958e-17
2.79812e-17
-2.14959e-18
1.29194e-17
-5.6211e-17
3.03202e-18
-3.07588e-16
-1.0951e-20
-9.69946e-16
-1.12319e-18
-8.37581e-15
-1.67195e-17
-1.74889e-13
-5.76846e-17
-3.36215e-12
-1.3929e-16
-5.98523e-11
-4.18365e-16
-3.4877e-10
-4.0499e-15
-4.77675e-09
-1.89228e-13
-5.33188e-08
-3.20351e-11
2.87169e-07
-4.6645e-11
1.69857e-07
1.05147e-09
3.11601e-09
-4.2019e-10
2.28853e-09
-1.7631e-12
1.41986e-11
7.5453e-11
-2.93666e-14
-2.49104e-17
-1.62385e-16
2.12306e-16
-8.55904e-18
7.06165e-16
2.18803e-18
7.36392e-17
-1.46694e-17
-4.65114e-17
-2.50439e-17
-1.61333e-17
-5.31032e-17
1.05559e-16
1.18735e-17
6.38422e-16
7.24945e-19
8.56804e-18
5.19446e-21
3.28687e-20
1.7856e-23
5.47728e-23
1.94037e-26
5.43253e-19
-3.81431e-24
3.14625e-19
-5.40385e-23
-4.69538e-20
-5.5595e-22
-2.79812e-19
-1.10154e-20
2.53661e-21
-2.46373e-19
4.13269e-19
-2.98649e-18
1.8735e-18
-1.81711e-17
3.54006e-18
-5.91821e-17
4.34459e-18
-1.39725e-16
6.43178e-18
-4.53295e-16
2.73808e-16
-5.47385e-15
7.75147e-15
-1.97926e-13
6.12298e-14
-3.21065e-11
2.50875e-13
-4.98252e-11
4.07442e-10
6.36638e-10
-1.19777e-11
-2.73631e-13
-1.08492e-11
-8.86479e-14
-6.18501e-18
1.5919e-13
-2.32702e-17
-1.74527e-18
-3.13349e-17
2.0354e-17
-5.34397e-18
9.73449e-17
-3.13635e-19
2.6739e-17
-7.32203e-18
-1.15336e-17
-1.5221e-17
-3.05571e-18
-7.83866e-18
6.23021e-17
1.66893e-18
8.81425e-17
6.75817e-20
7.75423e-19
4.61444e-22
2.93026e-21
1.54709e-24
4.96881e-24
2.08719e-27
-1.4791e-24
-7.36593e-25
-3.2272e-23
-4.47301e-24
-1.11487e-21
-2.85992e-23
-4.20311e-20
-3.09036e-22
-8.23593e-19
-3.32693e-21
-7.58266e-18
-2.79676e-20
-3.50417e-17
-1.90414e-19
-1.09503e-16
-1.11199e-18
-4.11973e-16
-5.92232e-18
-8.48137e-16
-2.30037e-17
-6.06927e-15
-3.05363e-16
-2.01118e-13
-8.25007e-15
-4.2056e-11
-9.88105e-13
-6.19066e-10
-7.38602e-12
-2.81032e-13
1.83563e-11
-5.41137e-13
-2.91487e-16
-1.57186e-13
1.37273e-16
-9.33655e-18
2.03643e-15
-8.13682e-18
-1.05972e-18
-9.00004e-18
5.32493e-18
-2.01046e-18
2.1918e-17
-3.66787e-19
6.91919e-18
-2.08338e-18
-1.77338e-18
-4.00359e-18
-3.19349e-19
-8.62899e-19
1.59186e-17
1.72029e-19
9.09414e-18
5.43297e-21
6.07801e-20
3.55909e-23
2.257e-22
1.16423e-25
3.87408e-25
1.8145e-28
-2.31715e-25
-2.91647e-28
-2.87284e-24
-5.38695e-27
-4.50623e-23
-6.65616e-26
-6.19648e-22
-9.32584e-25
-5.91964e-21
-1.56593e-23
-4.00417e-20
-2.8931e-22
-2.06664e-19
-4.90243e-21
-9.15938e-19
-6.10883e-20
-4.75302e-18
-4.63489e-19
-3.60352e-17
-2.03564e-18
-3.27303e-16
-5.99499e-18
-7.84754e-15
-2.61792e-16
-1.60251e-12
-5.31377e-15
-1.81125e-11
-2.60614e-13
-9.45986e-15
2.6577e-13
-5.55528e-15
-3.73256e-17
-2.01104e-15
7.57828e-17
-2.13261e-18
3.53226e-17
-1.795e-18
-1.06238e-19
-2.31348e-18
8.68949e-19
-4.86971e-19
4.45399e-18
-1.33949e-19
1.18963e-18
-3.80646e-19
-1.83717e-19
-6.44783e-19
-1.49518e-20
-7.25201e-20
2.49198e-18
1.32442e-20
7.18025e-19
3.65821e-22
4.00793e-21
2.31856e-24
1.4631e-23
7.40309e-27
2.53072e-26
1.27338e-29
-2.89902e-28
-7.57121e-31
-6.66504e-27
-9.25485e-30
-1.24672e-25
-6.85659e-29
-2.31385e-24
-5.26673e-28
-4.37029e-23
-5.62215e-27
-8.3335e-22
-7.47822e-26
-1.34302e-20
-1.01767e-24
-1.45498e-19
-1.3128e-23
-8.89471e-19
-1.57708e-22
-3.19849e-18
-1.85878e-21
-1.22259e-17
-1.94785e-20
-2.59397e-16
-1.53205e-19
-5.52921e-15
-7.75073e-19
-2.66079e-13
-2.22678e-18
-2.96739e-16
-1.61912e-17
-6.94516e-17
-9.55611e-18
-2.74144e-17
5.38338e-18
-1.47207e-19
7.36417e-18
-3.04555e-19
-8.4314e-21
-4.44319e-19
1.04304e-19
-8.76305e-20
6.59455e-19
-2.83437e-20
1.5267e-19
-4.8954e-20
-1.32198e-20
-7.17984e-20
7.31507e-21
-4.73445e-21
2.69669e-19
7.68911e-22
4.41712e-20
2.02317e-23
2.18061e-22
1.25212e-25
7.8444e-25
3.90766e-28
1.36296e-27
7.19063e-31
-7.56247e-31
-1.0964e-34
-1.00394e-29
-2.51344e-33
-1.04962e-28
-4.04e-32
-1.40879e-27
-5.51485e-31
-2.29715e-26
-6.49616e-30
-3.70551e-25
-6.63728e-29
-5.37177e-24
-5.96822e-28
-6.90493e-23
-4.64638e-27
-7.94927e-22
-3.16203e-26
-8.40341e-21
-1.8875e-25
-7.36859e-20
-1.02935e-24
-4.04112e-19
-5.88713e-24
-8.82406e-20
-3.47992e-23
-4.37828e-19
-1.51651e-22
-1.64448e-17
-5.53488e-22
-6.38865e-18
-2.52685e-21
-1.58871e-18
-1.45692e-22
-1.918e-20
-8.89998e-23
-4.04923e-20
-6.07865e-22
-6.22705e-20
8.68489e-21
-1.20329e-20
6.80405e-20
-4.03107e-21
1.48027e-20
-4.72884e-21
-6.49258e-22
-5.8261e-21
2.50863e-21
-2.43126e-22
2.12586e-20
3.36714e-23
2.14567e-21
9.10743e-25
9.70274e-24
5.55109e-27
3.44893e-26
1.69515e-29
6.00067e-29
3.26139e-32
-1.09023e-34
-1.13245e-37
-3.38219e-33
-6.3291e-36
-6.91962e-32
-1.70146e-34
-1.09228e-30
-2.92275e-33
-1.40261e-29
-3.71533e-32
-1.53016e-28
-3.85557e-31
-1.4514e-27
-3.43885e-30
-1.18597e-26
-2.70577e-29
-8.45286e-26
-1.9211e-28
-5.42114e-25
-1.22708e-27
-3.44486e-24
-7.06159e-27
-2.47626e-23
-3.54868e-26
-1.8696e-22
-1.5127e-25
-1.1484e-21
-4.90199e-25
-4.58565e-21
-1.39726e-24
-9.27823e-22
-4.15448e-24
-8.93566e-21
-7.69207e-24
-1.89585e-21
-1.16192e-23
-4.07615e-21
-3.88312e-23
-6.39457e-21
3.60299e-22
-1.28696e-21
4.81181e-21
-4.14679e-22
1.09388e-21
-3.54743e-22
-1.93898e-23
-3.53858e-22
2.97448e-22
-9.92654e-24
1.25417e-21
1.09859e-24
8.31063e-23
3.32632e-26
3.52096e-25
2.01068e-28
1.23916e-27
6.0072e-31
2.1504e-30
1.18661e-33
-4.00079e-37
-2.25607e-40
-2.14504e-35
-1.00601e-38
-5.59585e-34
-2.48513e-37
-9.47863e-33
-4.58387e-36
-1.19792e-31
-7.0194e-35
-1.23277e-30
-9.17699e-34
-1.08527e-29
-1.03481e-32
-8.42178e-29
-1.02239e-31
-5.89078e-28
-8.87005e-31
-3.74043e-27
-6.8547e-30
-2.16656e-26
-4.70624e-29
-1.12638e-25
-2.86632e-28
-5.18177e-25
-1.51181e-27
-2.00892e-24
-6.71349e-27
-6.81529e-24
-2.6558e-26
-2.12954e-23
-9.82386e-26
-5.37679e-23
-2.9297e-25
-1.275e-22
-7.45048e-25
-3.00227e-22
-2.00907e-24
-4.85102e-22
-6.33982e-25
-1.07232e-22
2.25414e-22
-3.19624e-23
6.15235e-23
-2.08529e-23
-1.2301e-25
-1.63403e-23
2.23743e-23
-3.2425e-25
5.62514e-23
2.56467e-26
2.58498e-24
9.84908e-28
1.0419e-26
5.935e-30
3.6339e-29
1.73172e-32
6.25779e-32
3.45859e-35
-8.98349e-40
-5.58442e-44
-3.9812e-38
-4.36717e-42
-9.78646e-37
-1.75715e-40
-1.79151e-35
-4.71035e-39
-2.71825e-34
-9.44136e-38
-3.5326e-33
-1.52591e-36
-3.97814e-32
-2.08878e-35
-3.9258e-31
-2.48462e-34
-3.41093e-30
-2.61949e-33
-2.64118e-29
-2.45949e-32
-1.83108e-28
-2.06596e-31
-1.14214e-27
-1.54941e-30
-6.36194e-27
-1.03321e-29
-3.13075e-26
-6.10766e-29
-1.38332e-25
-3.27898e-28
-5.56113e-25
-1.62162e-27
-1.91719e-24
-7.0057e-27
-5.7441e-24
-2.58207e-26
-1.56707e-23
-7.94403e-26
-2.72478e-23
-9.87008e-26
-6.84693e-24
6.10146e-24
-1.88255e-24
2.59183e-24
-9.64169e-25
4.94331e-25
-5.79175e-25
1.19541e-24
-8.49818e-27
1.93711e-24
3.75374e-28
6.49382e-26
2.3645e-29
2.51703e-28
1.42519e-31
8.69802e-31
4.04716e-34
1.47686e-33
8.06488e-37
-2.81969e-43
-2.21624e-47
-2.20854e-41
-1.87881e-45
-8.87676e-40
-8.39982e-44
-2.37209e-38
-2.62404e-42
-4.73032e-37
-6.41483e-41
-7.58243e-36
-1.29818e-39
-1.02593e-34
-2.24511e-38
-1.2062e-33
-3.39213e-37
-1.25819e-32
-4.53827e-36
-1.17608e-31
-5.43522e-35
-9.93147e-31
-5.85789e-34
-7.60935e-30
-5.69373e-33
-5.30436e-29
-4.98568e-32
-3.36951e-28
-3.9364e-31
-1.96378e-27
-2.8221e-30
-1.04362e-26
-1.84064e-29
-4.81608e-26
-1.06534e-28
-1.83732e-25
-5.28116e-28
-5.74286e-25
-2.08347e-27
-1.11523e-24
-4.42139e-27
-3.28306e-25
2.73437e-26
-8.51846e-26
7.80924e-26
-3.49907e-26
3.65521e-26
-1.58409e-26
4.72482e-26
-1.80158e-28
5.15938e-26
1.14208e-30
1.32359e-27
4.6048e-31
4.97504e-30
2.78041e-33
1.70067e-32
7.64354e-36
2.82486e-35
1.50229e-38
-1.53512e-46
-2.34937e-51
-1.27597e-44
-2.78139e-49
-5.59798e-43
-1.72369e-47
-1.71722e-41
-7.33732e-46
-4.12592e-40
-2.39711e-44
-8.21955e-39
-6.38525e-43
-1.40265e-37
-1.43969e-41
-2.09564e-36
-2.81456e-40
-2.78131e-35
-4.85018e-39
-3.31704e-34
-7.44654e-38
-3.58205e-33
-1.02645e-36
-3.52072e-32
-1.27718e-35
-3.15837e-31
-1.44071e-34
-2.59059e-30
-1.48013e-33
-1.94311e-29
-1.3931e-32
-1.32017e-28
-1.20193e-31
-7.85668e-28
-9.35106e-31
-3.87673e-27
-6.31526e-30
-1.4509e-26
-3.38104e-29
-3.20282e-26
-1.09401e-28
-1.15493e-26
-9.35604e-29
-2.88395e-27
1.49502e-27
-9.91721e-28
1.45186e-27
-3.35671e-28
1.4059e-27
-3.08464e-30
1.06942e-27
-3.9511e-34
2.19905e-29
7.3535e-33
8.15073e-32
4.40747e-35
2.72485e-34
1.16301e-37
4.38065e-37
2.23167e-40
-2.09207e-50
-1.55029e-55
-2.43815e-48
-2.3827e-53
-1.48637e-46
-1.90808e-51
-6.21726e-45
-1.04673e-49
-1.9937e-43
-4.40225e-48
-5.20736e-42
-1.50876e-46
-1.15054e-40
-4.37676e-45
-2.20493e-39
-1.10274e-43
-3.73071e-38
-2.45797e-42
-5.6442e-37
-4.91387e-41
-7.7119e-36
-8.90023e-40
-9.59399e-35
-1.47119e-38
-1.09416e-33
-2.23012e-37
-1.14994e-32
-3.108e-36
-1.1155e-31
-3.98374e-35
-9.90115e-31
-4.66928e-34
-7.80156e-30
-4.92075e-33
-5.12597e-29
-4.49902e-32
-2.48166e-28
-3.29464e-31
-6.4871e-28
-1.57927e-30
-2.90764e-28
-2.65004e-30
-7.26233e-29
1.09457e-29
-2.17754e-29
3.83305e-29
-5.52184e-30
3.17621e-29
-4.27359e-32
1.7359e-29
-1.15978e-35
2.99378e-31
9.58203e-35
1.10528e-33
5.66223e-37
3.58388e-36
1.41887e-39
5.50733e-39
2.63613e-42
-1.77602e-54
-2.48579e-60
-2.6592e-52
-5.20191e-58
-2.07523e-50
-5.72499e-56
-1.10978e-48
-4.34923e-54
-4.55291e-47
-2.55011e-52
-1.52381e-45
-1.22546e-50
-4.3243e-44
-5.00649e-49
-1.06846e-42
-1.78077e-47
-2.34323e-41
-5.60435e-46
-4.62806e-40
-1.57798e-44
-8.32265e-39
-4.00584e-43
-1.37353e-37
-9.21774e-42
-2.0907e-36
-1.92975e-40
-2.93955e-35
-3.68433e-39
-3.80555e-34
-6.41913e-38
-4.48233e-33
-1.0191e-36
-4.67873e-32
-1.45835e-35
-4.10739e-31
-1.833e-34
-2.69316e-30
-1.88892e-33
-8.92706e-30
-1.32753e-32
-5.09925e-30
-3.58934e-32
-1.35032e-30
-3.14232e-33
-3.66888e-31
7.11195e-31
-7.05693e-32
5.47811e-31
-4.79548e-34
2.2237e-31
-1.71572e-37
3.35446e-33
1.01854e-36
1.24904e-35
5.87808e-39
3.88407e-38
1.37888e-41
5.61553e-41
2.46547e-44
-3.60038e-59
-1.71109e-65
-7.40016e-57
-5.17538e-63
-8.00135e-55
-8.14436e-61
-5.96943e-53
-8.74667e-59
-3.43437e-51
-7.16827e-57
-1.61757e-49
-4.76331e-55
-6.46915e-48
-2.66502e-53
-2.25035e-46
-1.28785e-51
-6.9227e-45
-5.47503e-50
-1.90572e-43
-2.07651e-48
-4.7355e-42
-7.10528e-47
-1.06904e-40
-2.21436e-45
-2.20289e-39
-6.33792e-44
-4.15592e-38
-1.678e-42
-7.1807e-37
-4.13003e-41
-1.13113e-35
-9.44973e-40
-1.59672e-34
-1.99061e-38
-1.93007e-33
-3.73359e-37
-1.75804e-32
-5.76815e-36
-7.94736e-32
-6.11055e-35
-6.08983e-32
-2.7523e-34
-1.8327e-32
-7.55254e-35
-4.6921e-33
9.47282e-33
-6.99651e-34
7.25844e-33
-4.33942e-36
2.27218e-33
-2.07903e-39
3.12162e-35
8.78705e-39
1.18098e-37
4.90054e-41
3.4839e-40
1.05575e-43
4.64382e-43
1.81189e-46
-3.17966e-64
-1.36168e-71
-9.33693e-62
-5.87034e-69
-1.42596e-59
-1.31977e-66
-1.4854e-57
-2.03438e-64
-1.18018e-55
-2.41023e-62
-7.60034e-54
-2.33808e-60
-4.12134e-52
-1.93371e-58
-1.9316e-50
-1.40221e-56
-7.97684e-49
-9.09794e-55
-2.94665e-47
-5.36079e-53
-9.85956e-46
-2.89896e-51
-3.02097e-44
-1.44856e-49
-8.55691e-43
-6.71107e-48
-2.25733e-41
-2.88288e-46
-5.56371e-40
-1.14396e-44
-1.27404e-38
-4.15513e-43
-2.64896e-37
-1.35656e-41
-4.71294e-36
-3.84941e-40
-6.25681e-35
-8.88439e-39
-4.33346e-34
-1.45742e-37
-4.85444e-34
-1.23439e-36
-1.78534e-34
-7.4165e-37
-4.48866e-35
9.19134e-35
-5.34943e-36
7.46682e-35
-3.13495e-38
1.87999e-35
-1.75746e-41
2.44076e-37
6.10748e-41
9.43605e-40
3.24288e-43
2.60384e-42
6.24538e-46
3.11204e-45
1.03186e-48
-2.9321e-70
-2.54352e-79
-1.2313e-67
-2.10685e-76
-2.69983e-65
-9.11875e-74
-4.06492e-63
-2.7093e-71
-4.71195e-61
-6.18156e-69
-4.48081e-59
-1.15066e-66
-3.64023e-57
-1.81349e-64
-2.5982e-55
-2.47987e-62
-1.66218e-53
-2.99238e-60
-9.66815e-52
-3.22468e-58
-5.16292e-50
-3.13005e-56
-2.54617e-48
-2.75294e-54
-1.16235e-46
-2.20208e-52
-4.90541e-45
-1.60424e-50
-1.90253e-43
-1.06287e-48
-6.69345e-42
-6.3691e-47
-2.0826e-40
-3.41109e-45
-5.46075e-39
-1.59746e-43
-1.09696e-37
-6.27764e-42
-1.36013e-36
-1.89766e-40
-2.4959e-36
-3.41016e-39
-1.21265e-36
-4.37074e-39
-3.12992e-37
6.66725e-37
-3.09439e-38
6.07678e-37
-1.76569e-40
1.28701e-37
-1.135e-43
1.63262e-39
3.35552e-43
6.46258e-42
1.65799e-45
1.63651e-44
2.74125e-48
1.68364e-47
4.42517e-51
-7.38464e-78
-3.14213e-91
-5.97123e-75
-7.37072e-88
-2.51881e-72
-8.99389e-85
-7.28174e-70
-7.52861e-82
-1.61383e-67
-4.84969e-79
-2.91296e-65
-2.55908e-76
-4.44443e-63
-1.14919e-73
-5.87493e-61
-4.5016e-71
-6.84427e-59
-1.56383e-68
-7.11368e-57
-4.87249e-66
-6.6544e-55
-1.37207e-63
-5.63643e-53
-3.50941e-61
-4.33871e-51
-8.17586e-59
-3.03833e-49
-1.73595e-56
-1.93133e-47
-3.35229e-54
-1.10676e-45
-5.85339e-52
-5.63996e-44
-9.1336e-50
-2.49332e-42
-1.24716e-47
-9.08737e-41
-1.43524e-45
-2.31749e-39
-1.27789e-43
-7.79742e-39
-6.69044e-42
-5.36108e-39
-1.78723e-41
-1.48266e-39
3.81077e-39
-1.2661e-40
4.03646e-39
-7.18992e-43
7.51547e-40
-4.84649e-46
9.58452e-42
1.3713e-45
3.87585e-44
6.05997e-48
8.74925e-47
8.04755e-51
7.25921e-50
1.33482e-53
-1.0498e-89
-2.39118e-86
-2.82913e-83
-2.29301e-80
-1.428e-77
-7.27337e-75
-3.14778e-72
-1.18661e-69
-3.96181e-67
-1.18499e-64
-3.20002e-62
-7.84153e-60
-1.74849e-57
-3.54926e-55
-6.54339e-53
-1.08891e-50
-1.61655e-48
-2.09524e-46
-2.25672e-44
-1.68082e-42
-1.09804e-41
-1.1107e-41
-3.33601e-42
-2.495e-43
-1.38971e-45
-7.12081e-49
3.09486e-48
1.11298e-50
1.05069e-53
)
;

boundaryField
{
    leftWall
    {
        type            calculated;
        value           uniform 0;
    }
    rightWall
    {
        type            calculated;
        value           uniform 0;
    }
    lowerWall
    {
        type            calculated;
        value           uniform 0;
    }
    atmosphere
    {
        type            calculated;
        value           nonuniform List<scalar> 
120
(
6.97307e-09
1.3936e-15
6.15132e-18
1.2424e-18
3.92637e-19
1.21283e-19
2.09039e-20
2.74037e-21
2.97095e-22
3.75913e-23
4.50629e-24
5.11232e-25
4.9933e-26
4.30515e-27
3.18594e-28
1.97196e-29
1.00483e-30
4.17952e-32
1.41054e-33
3.84338e-35
8.41572e-37
1.47383e-38
2.05202e-40
2.25334e-42
1.92881e-44
1.26346e-46
6.13184e-49
2.0667e-51
4.12629e-54
2.76241e-57
2.42552e-56
2.56769e-52
4.38833e-49
2.28645e-46
5.61691e-44
3.98417e-42
1.96066e-41
1.22786e-41
0
0
0
0
0
0
0
0
0
0
0
0
0
0
0
0
0
0
0
0
0
0
0
0
0
0
0
0
0
0
0
0
0
0
0
0
0
0
0
0
0
0
0
0
1.85885e-41
2.28766e-41
3.90235e-42
5.116e-44
2.0957e-46
4.02489e-49
2.39863e-52
2.31927e-56
6.96778e-09
1.37498e-15
6.0917e-18
1.20415e-18
3.25991e-19
9.89956e-20
1.71837e-20
2.34354e-21
2.58973e-22
3.30202e-23
3.87849e-24
4.32044e-25
4.12825e-26
3.50684e-27
2.57663e-28
1.59327e-29
8.1495e-31
3.41247e-32
1.16159e-33
3.19625e-35
7.07403e-37
1.25286e-38
1.76535e-40
1.96317e-42
1.70333e-44
1.13188e-46
5.57684e-49
1.9094e-51
3.8753e-54
2.64557e-57
)
;
    }
    defaultFaces
    {
        type            empty;
        value           nonuniform 0();
    }
}


// ************************************************************************* //
