/*--------------------------------*- C++ -*----------------------------------*\
| =========                 |                                                 |
| \\      /  F ield         | OpenFOAM: The Open Source CFD Toolbox           |
|  \\    /   O peration     | Version:  2.4.0                                 |
|   \\  /    A nd           | Web:      www.OpenFOAM.org                      |
|    \\/     M anipulation  |                                                 |
\*---------------------------------------------------------------------------*/
FoamFile
{
    version     2.0;
    format      ascii;
    class       surfaceScalarField;
    location    "0.027";
    object      phiAlpha;
}
// * * * * * * * * * * * * * * * * * * * * * * * * * * * * * * * * * * * * * //

dimensions      [0 3 -1 0 0 0 0];

internalField   nonuniform List<scalar> 
7080
(
-8.92031e-09
8.92031e-09
-9.28276e-09
3.62487e-10
-1.78444e-08
8.56157e-09
-2.54644e-08
7.61998e-09
-3.39398e-08
8.47543e-09
-4.35448e-08
9.6049e-09
-5.46058e-08
1.10608e-08
-6.86611e-08
1.40556e-08
-8.68679e-08
1.82062e-08
-1.10691e-07
2.38236e-08
-1.41403e-07
3.07119e-08
-1.80144e-07
3.8741e-08
-2.27835e-07
4.76912e-08
-2.85132e-07
5.72971e-08
-3.5237e-07
6.72379e-08
-4.29532e-07
7.71622e-08
-5.16216e-07
8.66837e-08
-6.11608e-07
9.53924e-08
-7.1434e-07
1.02731e-07
-8.22127e-07
1.07787e-07
-9.31137e-07
1.0901e-07
-1.03537e-06
1.04229e-07
-1.12641e-06
9.10424e-08
-1.19351e-06
6.70999e-08
-1.22426e-06
3.07545e-08
-1.19576e-06
-2.85002e-08
-1.06505e-06
-1.30716e-07
-7.61153e-07
-3.03893e-07
-2.52652e-07
-5.08502e-07
-2.4876e-07
-3.89145e-09
-1.00921e-08
1.90124e-08
-1.11225e-08
1.39284e-09
-2.09529e-08
1.83921e-08
-2.96067e-08
1.62735e-08
-3.92091e-08
1.80778e-08
-4.9993e-08
2.03888e-08
-6.21534e-08
2.32205e-08
-7.73369e-08
2.92398e-08
-9.66142e-08
3.74829e-08
-1.21457e-07
4.86665e-08
-1.53077e-07
6.23323e-08
-1.92547e-07
7.82109e-08
-2.40695e-07
9.58397e-08
-2.98069e-07
1.14671e-07
-3.64892e-07
1.34061e-07
-4.41067e-07
1.53338e-07
-5.26245e-07
1.71862e-07
-6.19981e-07
1.89129e-07
-7.21962e-07
2.04711e-07
-8.32227e-07
2.18053e-07
-9.51347e-07
2.2813e-07
-1.08034e-06
2.33219e-07
-1.22045e-06
2.31159e-07
-1.37394e-06
2.20588e-07
-1.5353e-06
1.92116e-07
-1.65769e-06
9.3889e-08
-1.57308e-06
-2.15331e-07
-1.06026e-06
-8.16705e-07
-2.46592e-07
-1.32217e-06
-4.84412e-07
-1.09396e-08
-1.02182e-08
2.92306e-08
-1.09392e-08
2.1138e-09
-2.09082e-08
2.83611e-08
-2.95002e-08
2.48653e-08
-3.90367e-08
2.76142e-08
-4.97218e-08
3.10741e-08
-6.14468e-08
3.49448e-08
-7.60841e-08
4.38779e-08
-9.44849e-08
5.5883e-08
-1.18138e-07
7.23198e-08
-1.48161e-07
9.23556e-08
-1.85554e-07
1.15604e-07
-2.31073e-07
1.41358e-07
-2.85201e-07
1.68798e-07
-3.48124e-07
1.96983e-07
-4.1971e-07
2.24924e-07
-4.99647e-07
2.51799e-07
-5.87728e-07
2.77209e-07
-6.84474e-07
3.01458e-07
-7.92217e-07
3.25796e-07
-9.16672e-07
3.52585e-07
-1.06889e-06
3.85436e-07
-1.26618e-06
4.28446e-07
-1.52351e-06
4.77923e-07
-1.81472e-06
4.83328e-07
-1.98691e-06
2.66071e-07
-1.80351e-06
-3.98727e-07
-1.17752e-06
-1.4427e-06
-4.98178e-07
-2.00151e-06
-9.47537e-07
-3.50539e-08
-1.03734e-08
3.96039e-08
-1.06015e-08
2.34183e-09
-2.07248e-08
3.84845e-08
-2.91949e-08
3.33352e-08
-3.85898e-08
3.70089e-08
-4.90962e-08
4.15807e-08
-6.01032e-08
4.59511e-08
-7.38852e-08
5.76607e-08
-9.08999e-08
7.28972e-08
-1.1271e-07
9.41303e-08
-1.40277e-07
1.19923e-07
-1.74509e-07
1.49836e-07
-2.16062e-07
1.82911e-07
-2.65336e-07
2.18073e-07
-3.22453e-07
2.541e-07
-3.87106e-07
2.89577e-07
-4.58625e-07
3.23318e-07
-5.36062e-07
3.54646e-07
-6.1865e-07
3.84045e-07
-7.06459e-07
4.13605e-07
-8.01027e-07
4.47153e-07
-9.05407e-07
4.89816e-07
-1.02239e-06
5.45428e-07
-1.1447e-06
6.00238e-07
-1.23401e-06
5.72637e-07
-1.23047e-06
2.62525e-07
-1.06958e-06
-5.59615e-07
-8.68341e-07
-1.64394e-06
-8.47871e-07
-2.02198e-06
-1.75786e-06
-3.75483e-08
-1.05828e-08
5.01867e-08
-1.01513e-08
1.9103e-09
-2.0457e-08
4.87902e-08
-2.87843e-08
4.16623e-08
-3.79937e-08
4.62183e-08
-4.83045e-08
5.18918e-08
-5.83451e-08
5.59911e-08
-7.1068e-08
7.03843e-08
-8.62543e-08
8.80831e-08
-1.05691e-07
1.13568e-07
-1.30088e-07
1.44319e-07
-1.60254e-07
1.80002e-07
-1.96727e-07
2.19384e-07
-2.39817e-07
2.61163e-07
-2.89655e-07
3.03938e-07
-3.45811e-07
3.45733e-07
-4.07155e-07
3.84662e-07
-4.71061e-07
4.18552e-07
-5.32521e-07
4.45505e-07
-5.83076e-07
4.64161e-07
-6.1031e-07
4.74386e-07
-5.96805e-07
4.76311e-07
-5.18637e-07
4.6726e-07
-3.51439e-07
4.33041e-07
-8.22002e-08
3.03398e-07
1.5855e-07
2.17748e-08
2.44131e-07
-6.45195e-07
1.35223e-07
-1.53503e-06
-2.89395e-07
-1.59736e-06
-2.07101e-06
2.37549e-08
-1.08507e-08
6.10375e-08
-9.59031e-09
6.49772e-10
-2.00932e-08
5.92931e-08
-2.82747e-08
4.98436e-08
-3.72546e-08
5.5198e-08
-4.73937e-08
6.20313e-08
-5.62059e-08
6.48027e-08
-6.77719e-08
8.19509e-08
-8.06806e-08
1.00991e-07
-9.73e-08
1.30187e-07
-1.17904e-07
1.64923e-07
-1.43226e-07
2.05324e-07
-1.73665e-07
2.49822e-07
-2.09387e-07
2.96885e-07
-2.50647e-07
3.45198e-07
-2.96974e-07
3.9206e-07
-3.4745e-07
4.35139e-07
-3.99599e-07
4.70701e-07
-4.48198e-07
4.94104e-07
-4.82428e-07
4.98391e-07
-4.84995e-07
4.76953e-07
-4.34567e-07
4.25883e-07
-3.07516e-07
3.40209e-07
-7.90478e-08
2.04573e-07
2.26614e-07
-2.26424e-09
6.52826e-07
-4.04437e-07
8.21774e-07
-8.14144e-07
8.62867e-07
-1.57612e-06
5.32218e-07
-1.26672e-06
-1.68605e-06
1.4726e-07
-1.11831e-08
7.22206e-08
-8.918e-09
-1.61548e-09
-1.96227e-08
6.9998e-08
-2.76753e-08
5.78961e-08
-3.63729e-08
6.38954e-08
-4.64177e-08
7.20765e-08
-5.37048e-08
7.20893e-08
-6.41424e-08
9.2389e-08
-7.43169e-08
1.11166e-07
-8.78012e-08
1.43672e-07
-1.04092e-07
1.81214e-07
-1.23962e-07
2.25194e-07
-1.47645e-07
2.73506e-07
-1.75082e-07
3.24322e-07
-2.07175e-07
3.77291e-07
-2.4399e-07
4.28875e-07
-2.86457e-07
4.77606e-07
-3.34527e-07
5.18771e-07
-3.87047e-07
5.46624e-07
-4.4192e-07
5.53265e-07
-4.99347e-07
5.3438e-07
-5.6006e-07
4.86595e-07
-6.04129e-07
3.84278e-07
-5.70593e-07
1.71036e-07
-3.49755e-07
-2.23103e-07
2.23143e-08
-7.76506e-07
3.33673e-07
-1.1255e-06
4.0493e-07
-1.64738e-06
3.07999e-07
-1.16978e-06
-1.49655e-06
1.18499e-07
-1.15879e-08
8.38086e-08
-8.1329e-09
-5.07062e-09
-1.90371e-08
8.09023e-08
-2.70005e-08
6.58593e-08
-3.53446e-08
7.22393e-08
-4.54409e-08
8.21731e-08
-5.08411e-08
7.7489e-08
-6.02518e-08
1.018e-07
-6.72907e-08
1.18204e-07
-7.75158e-08
1.53897e-07
-8.90528e-08
1.92751e-07
-1.02922e-07
2.39063e-07
-1.19088e-07
2.89672e-07
-1.36876e-07
3.4211e-07
-1.57788e-07
3.98203e-07
-1.81545e-07
4.52633e-07
-2.1113e-07
5.07191e-07
-2.5146e-07
5.59102e-07
-3.10525e-07
6.05689e-07
-4.05921e-07
6.4866e-07
-5.4917e-07
6.7763e-07
-7.51164e-07
6.88589e-07
-9.9721e-07
6.30324e-07
-1.1342e-06
3.08022e-07
-9.42315e-07
-4.14983e-07
-6.10501e-07
-1.10832e-06
-1.37749e-07
-1.59825e-06
-2.39293e-07
-1.54583e-06
-7.83398e-08
-1.33074e-06
-1.51788e-06
-5.70119e-08
-1.20755e-08
9.58841e-08
-7.23169e-09
-9.91456e-09
-1.83304e-08
9.2001e-08
-2.62704e-08
7.37992e-08
-3.41718e-08
8.01406e-08
-4.45362e-08
9.25378e-08
-4.76445e-08
8.05969e-08
-5.622e-08
1.10376e-07
-5.96994e-08
1.21683e-07
-6.66519e-08
1.60849e-07
-7.3093e-08
1.99192e-07
-8.05762e-08
2.46547e-07
-8.88737e-08
2.97969e-07
-9.65104e-08
3.49747e-07
-1.06411e-07
4.08104e-07
-1.18148e-07
4.6437e-07
-1.36994e-07
5.26037e-07
-1.70961e-07
5.93068e-07
-2.22698e-07
6.57426e-07
-3.18444e-07
7.44406e-07
-4.76957e-07
8.36143e-07
-7.33543e-07
9.45175e-07
-1.00516e-06
9.01945e-07
-1.0853e-06
3.88161e-07
-8.86734e-07
-6.13552e-07
-6.72957e-07
-1.3221e-06
-3.52658e-07
-1.91855e-06
-3.6793e-07
-1.53056e-06
-6.06608e-09
-1.6926e-06
-1.43252e-06
-9.14234e-08
-1.2664e-08
1.08548e-07
-6.20642e-09
-1.63722e-08
-1.74955e-08
1.0329e-07
-2.55094e-08
8.18131e-08
-3.28857e-08
8.75167e-08
-4.37738e-08
1.03426e-07
-4.42575e-08
8.10802e-08
-5.22227e-08
1.18341e-07
-5.16363e-08
1.21097e-07
-5.5426e-08
1.64639e-07
-5.65878e-08
2.00354e-07
-5.75011e-08
2.4746e-07
-5.75468e-08
2.98015e-07
-5.34375e-08
3.45638e-07
-4.7836e-08
4.02503e-07
-3.59196e-08
4.52453e-07
-2.06512e-08
5.10769e-07
-4.32425e-09
5.76742e-07
6.0129e-09
6.47089e-07
-5.68176e-09
7.56101e-07
-4.41713e-08
8.74633e-07
-1.1846e-07
1.01946e-06
-1.38774e-07
9.2226e-07
-3.31123e-08
2.82499e-07
-1.33943e-08
-6.3327e-07
-4.8212e-08
-1.28728e-06
-1.63504e-07
-1.80326e-06
4.0959e-08
-1.73502e-06
1.34236e-07
-1.78588e-06
-1.2967e-06
-1.58442e-09
-1.33671e-08
1.21915e-07
-5.05503e-09
-2.46844e-08
-1.65275e-08
1.14763e-07
-2.47412e-08
9.00267e-08
-3.15767e-08
9.43521e-08
-4.32084e-08
1.15058e-07
-4.09133e-08
7.87847e-08
-4.84312e-08
1.2586e-07
-4.33758e-08
1.16041e-07
-4.42147e-08
1.65478e-07
-4.0078e-08
1.96217e-07
-3.46817e-08
2.42064e-07
-2.71198e-08
2.90453e-07
-1.27407e-08
3.31259e-07
5.18749e-09
3.84575e-07
3.21703e-08
4.2547e-07
6.39861e-08
4.78953e-07
1.09854e-07
5.30874e-07
1.8341e-07
5.73533e-07
2.96122e-07
6.4339e-07
4.83263e-07
6.87492e-07
7.94049e-07
7.08677e-07
1.14951e-06
5.668e-07
1.33599e-06
9.60221e-08
1.17735e-06
-4.74629e-07
8.7864e-07
-9.88573e-07
4.59588e-07
-1.38421e-06
4.93308e-07
-1.76874e-06
1.8989e-07
-1.48246e-06
-1.09652e-06
-1.02876e-08
-1.42085e-08
1.36124e-07
-3.77018e-09
-3.51228e-08
-1.54151e-08
1.26408e-07
-2.39834e-08
9.8595e-08
-3.03717e-08
1.0074e-07
-4.28783e-08
1.27565e-07
-3.78052e-08
7.37113e-08
-4.49758e-08
1.33031e-07
-3.53798e-08
1.06445e-07
-3.33632e-08
1.63462e-07
-2.40738e-08
1.86928e-07
-1.27267e-08
2.30717e-07
2.5257e-09
2.752e-07
2.57815e-08
3.08003e-07
5.5502e-08
3.54854e-07
1.03007e-07
3.77966e-07
1.63757e-07
4.18203e-07
2.49723e-07
4.44908e-07
3.80839e-07
4.42418e-07
5.24402e-07
4.99827e-07
8.32091e-07
3.79803e-07
1.1063e-06
4.34473e-07
1.38258e-06
2.90511e-07
1.64122e-06
-1.62616e-07
1.42008e-06
-2.53482e-07
1.17171e-06
-7.40212e-07
7.76574e-07
-9.8907e-07
3.6635e-07
-1.35852e-06
3.2378e-08
-1.14849e-06
-9.72057e-07
-9.20875e-08
-1.5211e-08
1.51335e-07
-2.35593e-09
-4.79779e-08
-1.41461e-08
1.38198e-07
-2.32467e-08
1.07696e-07
-2.93683e-08
1.06862e-07
-4.28227e-08
1.41019e-07
-3.50433e-08
6.59317e-08
-4.19753e-08
1.39963e-07
-2.79254e-08
9.23951e-08
-2.31078e-08
1.58645e-07
-9.05607e-09
1.72876e-07
6.57369e-09
2.15088e-07
2.71172e-08
2.54657e-07
5.77167e-08
2.77403e-07
9.39539e-08
3.18617e-07
1.52999e-07
3.18922e-07
2.2234e-07
3.48861e-07
3.09477e-07
3.57771e-07
4.48097e-07
3.03798e-07
5.17597e-07
4.30326e-07
7.2953e-07
1.6787e-07
7.26992e-07
4.37011e-07
8.88981e-07
1.28523e-07
8.81758e-07
-1.55393e-07
7.36476e-07
-1.08201e-07
5.6043e-07
-5.64165e-07
3.20102e-07
-7.48742e-07
-7.93603e-08
-9.59058e-07
-1.92715e-07
-1.03513e-06
-1.13658e-06
-2.81947e-08
-1.64066e-08
1.67742e-07
-8.47598e-10
-6.35368e-08
-1.2696e-08
1.50047e-07
-2.25406e-08
1.1754e-07
-2.86185e-08
1.1294e-07
-4.30923e-08
1.55494e-07
-3.27147e-08
5.55539e-08
-3.9574e-08
1.46823e-07
-2.11753e-08
7.39963e-08
-1.35289e-08
1.50999e-07
4.60179e-09
1.54745e-07
2.39804e-08
1.95709e-07
4.85653e-08
2.30072e-07
8.29367e-08
2.43032e-07
1.22003e-07
2.7955e-07
1.81958e-07
2.58967e-07
2.367e-07
2.94118e-07
3.3071e-07
2.63761e-07
3.73679e-07
2.60828e-07
5.20504e-07
2.83501e-07
5.54755e-07
1.33619e-07
6.79937e-07
3.1183e-07
8.51197e-07
-4.2738e-08
6.96362e-07
-5.58287e-10
7.80651e-07
-1.92489e-07
7.24218e-07
-5.07732e-07
7.15591e-07
-7.40116e-07
5.75482e-07
-8.18949e-07
2.13795e-07
-6.73447e-07
-8.64186e-07
-5.85965e-08
-1.78298e-08
1.85571e-07
1.32583e-09
-8.26924e-08
-1.10327e-08
1.62405e-07
-2.18874e-08
1.28395e-07
-2.81583e-08
1.1921e-07
-4.3747e-08
1.71082e-07
-3.09037e-08
4.27104e-08
-3.79423e-08
1.53862e-07
-1.52864e-08
5.13405e-08
-4.48874e-09
1.40202e-07
1.68537e-08
1.33403e-07
3.79585e-08
1.74604e-07
6.31088e-08
2.04921e-07
9.91373e-08
2.07003e-07
1.38784e-07
2.39903e-07
2.08515e-07
1.89236e-07
2.64854e-07
2.37779e-07
3.64271e-07
1.64344e-07
4.49932e-07
1.75168e-07
5.09842e-07
2.23591e-07
5.9767e-07
4.57907e-08
8.5785e-07
5.165e-08
6.51368e-07
1.63744e-07
7.20398e-07
-6.95885e-08
9.12636e-07
-3.84726e-07
1.12328e-06
-7.18378e-07
1.15643e-06
-7.73265e-07
1.16016e-06
-8.22679e-07
7.02318e-07
-2.15605e-07
3.99239e-08
-2.01792e-07
-1.95321e-08
2.05104e-07
4.38022e-09
-1.06605e-07
-9.125e-09
1.7591e-07
-2.13339e-08
1.40604e-07
-2.80278e-08
1.25904e-07
-4.48471e-08
1.87902e-07
-2.96877e-08
2.7551e-08
-3.7279e-08
1.61453e-07
-1.03547e-08
2.44163e-08
4.17175e-09
1.25675e-07
2.99252e-08
1.07649e-07
5.55016e-08
1.49028e-07
8.53611e-08
1.75062e-07
1.17779e-07
1.74586e-07
1.57544e-07
2.00137e-07
2.10048e-07
1.36731e-07
2.54323e-07
1.93503e-07
3.74029e-07
4.46383e-08
3.42541e-07
2.06656e-07
3.87563e-07
1.78569e-07
7.16058e-07
-2.82704e-07
8.69082e-07
-1.01374e-07
3.96031e-07
6.36796e-07
2.65854e-07
6.05886e-08
5.94824e-07
-7.13697e-07
9.22575e-07
-1.04613e-06
6.72891e-07
-5.2358e-07
3.14302e-07
-4.64091e-07
2.59421e-07
-1.60724e-07
3.6438e-07
-6.50353e-08
-2.15602e-08
2.26664e-07
7.65045e-09
-1.35815e-07
-6.91531e-09
1.90476e-07
-2.0826e-08
1.54515e-07
-2.82722e-08
1.3335e-07
-4.6445e-08
2.06075e-07
-2.91418e-08
1.02478e-08
-3.78911e-08
1.70202e-07
-6.90888e-09
-6.56579e-09
7.21027e-09
1.11556e-07
3.12672e-08
8.35924e-08
5.26125e-08
1.27682e-07
7.51991e-08
1.52476e-07
1.05745e-07
1.4404e-07
1.37909e-07
1.67973e-07
2.19953e-07
5.4686e-08
2.59355e-07
1.54102e-07
4.28172e-07
-1.24179e-07
4.07937e-07
2.26891e-07
5.67718e-07
1.87876e-08
9.59843e-07
-6.74829e-07
1.07668e-06
-2.18207e-07
8.82752e-07
8.30719e-07
4.33884e-07
5.09457e-07
6.3566e-07
-9.15473e-07
5.71205e-07
-9.81675e-07
8.42166e-08
-3.65916e-08
-1.1664e-07
-2.63234e-07
1.30388e-08
-2.90403e-07
3.53136e-07
2.42831e-08
-2.39653e-08
2.50629e-07
1.13234e-08
-1.71104e-07
-4.31346e-09
2.06113e-07
-2.01974e-08
1.70399e-07
-2.8945e-08
1.42098e-07
-4.85745e-08
2.25704e-07
-2.9259e-08
-9.06761e-09
-3.92328e-08
1.80176e-07
-1.45724e-09
-4.43412e-08
2.162e-08
8.84788e-08
5.56222e-08
4.95903e-08
8.96834e-08
9.36209e-08
1.16974e-07
1.25185e-07
1.35743e-07
1.25271e-07
1.69821e-07
1.33896e-07
1.8432e-07
4.01871e-08
2.72119e-07
6.63039e-08
2.78596e-07
-1.30656e-07
5.16428e-07
-1.09405e-08
6.85687e-07
-1.50472e-07
7.16537e-07
-7.05678e-07
7.4722e-07
-2.4889e-07
8.73669e-07
7.0427e-07
1.16712e-06
2.16005e-07
8.75429e-07
-6.2378e-07
5.2978e-07
-6.36026e-07
2.94483e-07
1.98706e-07
9.73491e-09
2.15137e-08
-3.00817e-08
-2.50587e-07
4.07357e-07
-8.43033e-08
-2.68115e-08
2.7744e-07
1.55037e-08
-2.13419e-07
-1.13736e-09
2.22754e-07
-1.93366e-08
1.88598e-07
-3.01115e-08
1.52872e-07
-5.12636e-08
2.46856e-07
-3.04229e-08
-2.99082e-08
-4.55493e-08
1.95303e-07
-7.43427e-09
-8.24562e-08
7.3259e-09
7.37187e-08
3.44687e-08
2.24476e-08
5.30981e-08
7.49915e-08
6.93884e-08
1.08895e-07
7.53108e-08
1.19349e-07
9.53988e-08
1.13808e-07
1.47441e-07
-1.18552e-08
1.9361e-07
2.01353e-08
1.62055e-07
-9.91005e-08
3.04416e-07
-1.53301e-07
3.87264e-07
-2.3332e-07
1.57764e-07
-4.76178e-07
4.91026e-08
-1.40229e-07
5.5983e-07
1.93542e-07
9.78154e-07
-2.02319e-07
3.3161e-07
2.27642e-08
-3.02614e-07
-1.80154e-09
-2.77375e-07
1.73467e-07
-4.51082e-07
1.95221e-07
-4.50709e-07
-2.5096e-07
-8.37099e-08
4.03585e-08
-3.01732e-08
3.07614e-07
2.0285e-08
-2.63877e-07
1.9964e-09
2.41042e-07
-1.82367e-08
2.08831e-07
-3.1854e-08
1.6649e-07
-5.44114e-08
2.69414e-07
-3.20368e-08
-5.22827e-08
-4.45758e-08
2.07842e-07
1.53279e-08
-1.4236e-07
4.28462e-08
4.62007e-08
8.44398e-08
-1.91461e-08
1.37495e-07
2.19367e-08
1.49263e-07
9.71265e-08
1.45336e-07
1.23276e-07
1.4533e-07
1.13815e-07
1.04176e-07
2.92984e-08
1.12146e-07
1.21654e-08
5.12577e-08
-3.82116e-08
4.49059e-09
-1.06534e-07
-1.74136e-07
-5.46931e-08
-4.09738e-07
-2.40576e-07
-4.09347e-07
-1.40619e-07
-2.71854e-07
5.60494e-08
-7.03993e-07
2.29819e-07
-8.32829e-07
1.516e-07
-1.01914e-06
1.84506e-07
-9.09659e-07
6.39889e-08
-3.73932e-07
-3.40506e-07
-3.09993e-07
-3.14899e-07
-2.58913e-07
-1.3479e-07
-3.4137e-08
3.4175e-07
2.57803e-08
-3.23794e-07
5.37201e-09
2.6145e-07
-1.68899e-08
2.31093e-07
-3.42936e-08
1.83893e-07
-5.82162e-08
2.93337e-07
-3.56485e-08
-7.48504e-08
-6.62332e-08
2.38427e-07
-1.8863e-08
-1.89731e-07
6.90471e-10
2.66475e-08
2.42442e-08
-4.26999e-08
4.62572e-08
-7.6083e-11
5.7369e-08
8.60148e-08
2.23995e-08
1.58245e-07
3.89956e-08
9.72188e-08
1.15395e-07
-4.71006e-08
9.57188e-08
3.18414e-08
1.0623e-07
-4.87229e-08
1.05712e-07
-1.06015e-07
9.56511e-08
-4.46326e-08
-7.94845e-08
-6.54408e-08
-8.13641e-08
-1.3874e-07
-1.48261e-07
1.22947e-07
-5.27902e-09
8.68369e-08
1.54455e-07
-8.13453e-09
2.66131e-07
7.28304e-08
3.91619e-07
-6.14986e-08
3.65567e-07
-3.14454e-07
1.83392e-07
-1.32724e-07
3.47264e-07
-4.22785e-07
-3.88025e-08
3.80553e-07
3.2106e-08
-3.94703e-07
9.49249e-09
2.84064e-07
-1.52968e-08
2.55883e-07
-3.75165e-08
2.06113e-07
-6.17809e-08
3.17601e-07
-3.9216e-08
-9.74155e-08
-5.55677e-08
2.54779e-07
3.5041e-08
-2.80339e-07
5.82918e-08
3.39667e-09
1.22557e-07
-1.06965e-07
2.2778e-07
-1.053e-07
2.05144e-07
1.08651e-07
1.76706e-07
1.86683e-07
1.33511e-07
1.40414e-07
5.50473e-08
3.13629e-08
7.59369e-08
1.0952e-08
5.63981e-08
-2.91838e-08
-4.69334e-08
-2.68375e-09
-1.46739e-07
5.51736e-08
-1.49025e-07
-6.31557e-08
-3.39527e-08
-2.53815e-07
1.64757e-07
-7.57635e-08
4.92982e-07
-2.36813e-07
4.51791e-07
3.46155e-08
3.81677e-07
1.42944e-07
2.59569e-07
6.06093e-08
1.56793e-08
-7.0564e-08
1.7329e-07
-2.90332e-07
5.94798e-07
-7.42439e-08
-4.42691e-08
4.24822e-07
3.93628e-08
-4.78335e-07
1.44503e-08
3.08976e-07
-1.34738e-08
2.83807e-07
-4.17235e-08
2.34363e-07
-6.70839e-08
3.42962e-07
-4.69718e-08
-1.17528e-07
-1.01598e-07
3.09405e-07
-3.77539e-08
-3.44184e-07
-1.12961e-08
-2.30612e-08
1.04412e-08
-1.28702e-07
2.94805e-08
-1.24339e-07
3.80029e-08
1.00129e-07
-6.84561e-08
2.93142e-07
-8.84927e-09
8.08074e-08
1.5047e-07
-1.27956e-07
-2.64136e-08
1.87836e-07
-5.63901e-08
7.92958e-10
1.7284e-08
-7.63652e-08
2.5327e-07
-1.84372e-07
5.3758e-07
-3.86306e-07
2.0844e-07
3.61831e-08
-1.16701e-07
1.04727e-07
-8.40529e-07
8.97172e-08
-1.19222e-06
9.02517e-08
-1.39115e-06
9.94276e-08
-1.37516e-06
2.15509e-08
-1.05254e-06
-3.42981e-07
-5.92811e-07
-6.76444e-07
-9.78561e-08
1.44649e-07
-5.06811e-08
4.75503e-07
4.77126e-08
-5.76728e-07
2.04521e-08
3.36237e-07
-1.13856e-08
3.15645e-07
-4.69555e-08
2.69932e-07
-6.72756e-08
3.63282e-07
-5.25439e-08
-1.3226e-07
-8.00998e-08
3.36961e-07
5.3151e-08
-4.77434e-07
5.90727e-08
-2.89828e-08
1.59276e-07
-2.28905e-07
3.9734e-07
-3.62403e-07
3.09753e-07
1.87715e-07
2.3975e-07
3.63146e-07
1.36592e-07
1.83965e-07
-3.90717e-08
4.77083e-08
1.2316e-07
2.5604e-08
-4.80598e-08
1.72013e-07
-4.10529e-07
2.86104e-07
-1.20657e-07
-4.49255e-07
2.09575e-07
-9.83744e-07
1.24618e-07
-1.22186e-07
-3.26767e-08
2.09895e-08
-2.02199e-08
1.04675e-08
-5.10755e-08
-6.0877e-09
-3.47008e-07
-4.33488e-09
-4.17148e-07
1.36013e-08
-3.23034e-07
-3.60442e-07
-7.33437e-07
2.92841e-09
-4.82276e-07
-3.17093e-07
-5.8157e-08
5.3366e-07
5.71857e-08
-6.92071e-07
2.76306e-08
3.65791e-07
-9.23154e-09
3.52507e-07
-5.37783e-08
3.14479e-07
-7.6672e-08
3.86176e-07
-6.89375e-08
-1.39994e-07
-1.49932e-07
4.17955e-07
-6.39157e-08
-5.63451e-07
-3.50368e-08
-5.78614e-08
-3.52099e-09
-2.60421e-07
3.63519e-08
-4.02276e-07
2.07293e-08
2.03337e-07
-2.31421e-07
6.15296e-07
4.37262e-08
-9.11821e-08
3.15008e-07
-2.23573e-07
-1.28363e-07
4.68972e-07
2.23464e-07
-1.79843e-07
-2.1011e-07
7.19664e-07
2.43815e-08
-3.78983e-07
1.19951e-07
-1.36706e-07
-1.61295e-08
7.78064e-09
-1.98218e-09
4.44337e-10
-1.2306e-08
1.56192e-08
-7.27794e-09
-1.63188e-08
2.89491e-09
-1.02035e-07
-4.15421e-08
-2.66662e-08
-1.72913e-08
-4.01603e-07
-1.16987e-07
6.3532e-08
-4.40474e-07
-4.80632e-07
-6.69851e-08
6.00645e-07
6.84459e-08
-8.27501e-07
3.66993e-08
3.97538e-07
-6.5666e-09
3.95773e-07
-6.20098e-08
3.69922e-07
-6.28636e-08
3.8703e-07
-7.78122e-08
-1.25045e-07
-1.26297e-07
4.66441e-07
7.23273e-08
-7.62075e-07
1.24615e-08
2.00446e-09
1.73606e-07
-4.21566e-07
7.13097e-07
-9.41766e-07
4.53239e-07
4.63195e-07
2.8797e-07
7.80565e-07
9.64082e-08
1.0038e-07
3.37638e-07
-4.64802e-07
5.31796e-07
2.74814e-07
-7.26226e-07
1.07818e-06
2.49503e-07
-3.68301e-07
1.25944e-07
-2.37998e-07
-3.62949e-08
1.87551e-08
-4.68792e-08
9.48254e-09
4.65598e-09
-5.69893e-08
4.79661e-09
1.01593e-08
-1.06017e-08
1.25161e-08
-7.39797e-08
-1.73204e-07
-3.84487e-07
-6.71442e-08
-5.34068e-07
-2.03897e-07
-3.65964e-07
-6.15001e-08
-3.33443e-07
-3.0337e-07
-7.69015e-08
6.77546e-07
7.97986e-08
-9.84201e-07
4.66072e-08
4.30729e-07
-4.8559e-09
4.47237e-07
-7.27804e-08
4.37847e-07
-7.82342e-08
3.92484e-07
-1.09635e-07
-9.36444e-08
-2.02222e-07
5.59027e-07
-1.02693e-07
-8.61604e-07
-7.77591e-08
-2.29298e-08
4.33666e-08
-5.42692e-07
1.54411e-07
-1.05281e-06
1.04556e-07
5.1305e-07
-4.1806e-07
1.30318e-06
4.00583e-07
-7.18263e-07
6.51121e-07
-7.1534e-07
-5.2079e-07
1.44673e-06
-2.33671e-07
7.9125e-07
9.5915e-07
-1.56104e-06
-8.36876e-09
1.55269e-07
-3.93728e-09
8.6317e-09
-1.14542e-08
1.30282e-08
-1.05329e-07
2.90023e-08
-4.98572e-07
-1.07996e-07
-5.7687e-07
1.96784e-07
-3.7277e-07
-3.24429e-07
-3.79312e-08
-2.30215e-07
1.46547e-07
-3.34906e-07
2.86321e-07
-5.04036e-08
-1.03371e-07
2.81125e-08
-8.85328e-08
7.66079e-07
9.68831e-08
-1.16962e-06
6.17102e-08
4.65902e-07
-1.58629e-09
5.10533e-07
-8.85691e-08
5.24829e-07
-4.07717e-08
3.44687e-07
-1.40442e-07
6.02536e-09
-1.88497e-07
6.07082e-07
1.0256e-07
-1.15266e-06
-1.55583e-07
2.35213e-07
-9.9593e-08
-5.98682e-07
8.89231e-07
-2.04163e-06
5.73256e-07
8.29056e-07
4.34287e-07
1.44215e-06
1.18609e-06
-1.47007e-06
1.62145e-06
-1.15044e-06
7.8627e-07
2.28205e-06
2.0115e-06
-4.33922e-07
6.78763e-07
-2.28241e-07
-9.30615e-08
1.3434e-06
1.71028e-08
-1.07915e-07
1.15176e-09
2.53082e-08
-1.61881e-07
1.87126e-07
-5.11854e-07
-1.52935e-08
-4.13721e-07
1.86672e-07
-3.1975e-07
-4.15124e-07
-2.35242e-08
-5.72074e-07
5.78185e-08
-4.52838e-07
8.05326e-08
-2.60004e-07
8.68823e-09
-5.47367e-08
-1.15903e-07
8.81983e-07
1.06953e-07
-1.39247e-06
7.40018e-08
4.98853e-07
-2.83505e-09
5.8737e-07
-1.07055e-07
6.29049e-07
-8.14716e-08
3.19103e-07
-1.33172e-07
5.77253e-08
-3.99026e-08
5.13812e-07
5.17973e-08
-1.24436e-06
2.18348e-07
6.86629e-08
-6.5426e-07
2.73927e-07
5.3339e-08
-2.74925e-06
1.98719e-07
6.83676e-07
9.49049e-07
6.91819e-07
1.1757e-06
-1.69672e-06
-2.70984e-07
2.96372e-07
1.01804e-06
9.93082e-07
-3.58264e-07
9.42437e-07
-1.45759e-06
1.20349e-06
-1.10208e-07
9.31063e-07
-2.81029e-09
2.40044e-07
-4.92446e-08
1.01367e-07
1.82286e-06
-7.04557e-07
9.50138e-07
3.56986e-07
6.95819e-07
1.65696e-07
3.55694e-07
4.56853e-08
1.17042e-07
-9.57598e-07
-1.43389e-07
-2.28676e-07
-5.40929e-08
-3.94033e-07
-3.19655e-07
1.98534e-07
1.98169e-07
6.83814e-07
1.60852e-07
-9.92026e-07
1.04176e-07
5.61596e-07
9.25039e-09
6.82296e-07
-1.16345e-07
7.54644e-07
3.14173e-08
1.71341e-07
-4.79566e-07
5.68708e-07
4.19509e-07
-3.85262e-07
-2.0313e-06
1.22701e-06
-1.22097e-06
-3.90318e-07
-2.26864e-07
-3.50219e-07
-1.41749e-06
-2.13153e-08
-6.88149e-07
1.51923e-08
5.0877e-07
-1.6168e-07
2.54503e-07
-4.44554e-07
1.51768e-07
4.06853e-07
6.60958e-07
1.93814e-07
-5.29614e-07
2.11936e-06
5.60584e-07
1.29454e-07
4.89435e-07
1.40626e-06
4.58142e-07
4.22882e-07
6.7377e-07
4.79663e-07
1.2732e-06
-8.45572e-07
1.64266e-06
-3.36105e-07
2.19792e-06
1.22986e-07
2.89846e-06
-4.85699e-07
1.98699e-06
-1.61729e-07
7.28446e-07
1.14904e-07
9.62715e-07
-5.6868e-07
1.16197e-06
-4.59656e-07
2.3728e-07
-2.41172e-07
7.47077e-07
-5.09797e-07
1.0478e-06
-3.00726e-07
1.17745e-06
-1.2965e-07
1.20657e-06
-2.91181e-08
1.1766e-06
2.99689e-08
1.11005e-06
6.65566e-08
1.01911e-06
9.09316e-08
9.14591e-07
1.04523e-07
8.05034e-07
1.09557e-07
6.9664e-07
1.08393e-07
5.93474e-07
1.03167e-07
4.9799e-07
9.54828e-08
4.11657e-07
8.63332e-08
3.35308e-07
7.63489e-08
2.69312e-07
6.59959e-08
2.13622e-07
5.56899e-08
1.6783e-07
4.57922e-08
1.31222e-07
3.66084e-08
1.02824e-07
2.83975e-08
8.14841e-08
2.13395e-08
6.58537e-08
1.56303e-08
5.43808e-08
1.14729e-08
4.55398e-08
8.84094e-09
3.77419e-08
7.79786e-09
3.00725e-08
7.6693e-09
2.22255e-08
7.84684e-09
1.27752e-08
9.45036e-09
1.09599e-08
1.81501e-09
1.09599e-08
2.15464e-07
-4.67576e-07
1.04448e-06
-1.33881e-06
1.55608e-06
-8.12327e-07
1.63791e-06
-2.11482e-07
1.51636e-06
9.24304e-08
1.35696e-06
1.89373e-07
1.20446e-06
2.19057e-07
1.06432e-06
2.31066e-07
9.34679e-07
2.34166e-07
8.14621e-07
2.29615e-07
7.03496e-07
2.19517e-07
6.00977e-07
2.05685e-07
5.07165e-07
1.89295e-07
4.22425e-07
1.71073e-07
3.47185e-07
1.51589e-07
2.81736e-07
1.31446e-07
2.26096e-07
1.11329e-07
1.79963e-07
9.19254e-08
1.42733e-07
7.38384e-08
1.1352e-07
5.76098e-08
9.12534e-08
4.36061e-08
7.4631e-08
3.22525e-08
6.21134e-08
2.39905e-08
5.2195e-08
1.87592e-08
4.32546e-08
1.6738e-08
3.44349e-08
1.64888e-08
2.54964e-08
1.67851e-08
1.47362e-08
2.02105e-08
1.21945e-08
4.35628e-09
2.31545e-08
4.29604e-07
-9.32233e-07
1.13599e-06
-2.04519e-06
1.78231e-06
-1.45865e-06
1.96983e-06
-3.99004e-07
1.80003e-06
2.62228e-07
1.51022e-06
4.79181e-07
1.25306e-06
4.76224e-07
1.05467e-06
4.29458e-07
9.00626e-07
3.88206e-07
7.74384e-07
3.55857e-07
6.65321e-07
3.2858e-07
5.67908e-07
3.03098e-07
4.79832e-07
2.77371e-07
4.00506e-07
2.50399e-07
3.3004e-07
2.22054e-07
2.68646e-07
1.9284e-07
2.16366e-07
1.63608e-07
1.72931e-07
1.35361e-07
1.3782e-07
1.0895e-07
1.10218e-07
8.52113e-08
8.91679e-08
6.46561e-08
7.34413e-08
4.7979e-08
6.1538e-08
3.58938e-08
5.20261e-08
2.82708e-08
4.32331e-08
2.55309e-08
3.44482e-08
2.52736e-08
2.55396e-08
2.56935e-08
1.45597e-08
3.11904e-08
1.23564e-08
6.55926e-09
3.55109e-08
7.89036e-07
-1.75882e-06
8.19223e-07
-2.07538e-06
1.05812e-06
-1.69755e-06
1.23708e-06
-5.77966e-07
1.24598e-06
2.53332e-07
1.14913e-06
5.76033e-07
1.01916e-06
6.06194e-07
8.95348e-07
5.53268e-07
7.85778e-07
4.97776e-07
6.87765e-07
4.5387e-07
5.98048e-07
4.18297e-07
5.14795e-07
3.86351e-07
4.37639e-07
3.54527e-07
3.67081e-07
3.20958e-07
3.03863e-07
2.85272e-07
2.48513e-07
2.48189e-07
2.01251e-07
2.10871e-07
1.61868e-07
1.74743e-07
1.29972e-07
1.40846e-07
1.04831e-07
1.10353e-07
8.56615e-08
8.38253e-08
7.13379e-08
6.23025e-08
6.04073e-08
4.68243e-08
5.15464e-08
3.71314e-08
4.30167e-08
3.40605e-08
3.43212e-08
3.3969e-08
2.54893e-08
3.45253e-08
1.42328e-08
4.24471e-08
1.25633e-08
8.22853e-09
4.80744e-08
3.61626e-07
-2.09669e-06
-5.38947e-08
-1.65986e-06
-1.56621e-07
-1.59482e-06
-7.29523e-08
-6.61636e-07
1.42501e-07
3.78793e-08
3.82101e-07
3.36432e-07
5.26794e-07
4.615e-07
5.89428e-07
4.90635e-07
5.93667e-07
4.93536e-07
5.61533e-07
4.86005e-07
5.08983e-07
4.70847e-07
4.47409e-07
4.47924e-07
3.84484e-07
4.17452e-07
3.24713e-07
3.80729e-07
2.70457e-07
3.39527e-07
2.22697e-07
2.95949e-07
1.81825e-07
2.51742e-07
1.47612e-07
2.08956e-07
1.19851e-07
1.68607e-07
9.78624e-08
1.32341e-07
8.1127e-08
1.00561e-07
6.86355e-08
7.47938e-08
5.89669e-08
5.64927e-08
5.09389e-08
4.51592e-08
4.27414e-08
4.22579e-08
3.415e-08
4.25605e-08
2.54035e-08
4.32717e-08
1.38011e-08
5.40497e-08
1.284e-08
9.18954e-09
6.09145e-08
-2.56416e-07
-1.69301e-06
-6.18987e-07
-1.29729e-06
-6.49047e-07
-1.56476e-06
-5.52128e-07
-7.58555e-07
-1.90765e-07
-3.23483e-07
9.01671e-08
5.54998e-08
2.97474e-07
2.54194e-07
4.13123e-07
3.74986e-07
4.57767e-07
4.48892e-07
4.5306e-07
4.90712e-07
4.19198e-07
5.04709e-07
3.7245e-07
4.94673e-07
3.22683e-07
4.67218e-07
2.74693e-07
4.28719e-07
2.30853e-07
3.83366e-07
1.92006e-07
3.34797e-07
1.58739e-07
2.85009e-07
1.30611e-07
2.37085e-07
1.0779e-07
1.91429e-07
8.95184e-08
1.50613e-07
7.57062e-08
1.14373e-07
6.54496e-08
8.50502e-08
5.7278e-08
6.46643e-08
5.02425e-08
5.21945e-08
4.24273e-08
5.00729e-08
3.39383e-08
5.10495e-08
2.52705e-08
5.19395e-08
1.32658e-08
6.60545e-08
1.31897e-08
9.26562e-09
7.41044e-08
-1.34288e-07
-1.44022e-06
-2.99975e-07
-1.1316e-06
-2.55928e-07
-1.60881e-06
-2.0348e-08
-9.94134e-07
3.02284e-07
-6.46115e-07
4.87375e-07
-1.29592e-07
5.23698e-07
2.17872e-07
4.93216e-07
4.05467e-07
4.45912e-07
4.96196e-07
3.98499e-07
5.38124e-07
3.50503e-07
5.52705e-07
3.03319e-07
5.41857e-07
2.59502e-07
5.11035e-07
2.20574e-07
4.67646e-07
1.86888e-07
4.17052e-07
1.57517e-07
3.64167e-07
1.32824e-07
3.09703e-07
1.11392e-07
2.58517e-07
9.42047e-08
2.08616e-07
8.00295e-08
1.64788e-07
6.95653e-08
1.24837e-07
6.19201e-08
9.26951e-08
5.5371e-08
7.12133e-08
4.95029e-08
5.80624e-08
4.20977e-08
5.74781e-08
3.36878e-08
5.94594e-08
2.50769e-08
6.05504e-08
1.26246e-08
7.85069e-08
1.36176e-08
8.27275e-09
8.77221e-08
-2.86651e-08
-1.46857e-06
1.12603e-07
-1.27287e-06
6.27319e-08
-1.55894e-06
5.31641e-07
-1.46304e-06
8.44349e-07
-9.58823e-07
1.00425e-06
-2.89497e-07
8.64843e-07
3.57282e-07
6.49158e-07
6.21153e-07
4.75391e-07
6.69963e-07
3.50727e-07
6.62787e-07
2.68006e-07
6.35426e-07
2.17417e-07
5.92445e-07
1.82827e-07
5.45625e-07
1.57477e-07
4.92997e-07
1.37289e-07
4.3724e-07
1.19247e-07
3.82209e-07
1.04513e-07
3.24436e-07
9.03854e-08
2.72645e-07
7.95426e-08
2.19459e-07
6.96488e-08
1.74681e-07
6.29009e-08
1.31585e-07
5.80646e-08
9.75313e-08
5.33086e-08
7.59693e-08
4.8777e-08
6.25939e-08
4.17809e-08
6.44741e-08
3.34021e-08
6.78382e-08
2.48103e-08
6.91422e-08
1.18729e-08
9.14443e-08
1.41311e-08
6.01468e-09
1.01853e-07
-1.09847e-07
-1.45015e-06
2.81162e-07
-1.66388e-06
2.47738e-07
-1.52551e-06
6.36318e-07
-1.85162e-06
8.56964e-07
-1.17947e-06
1.03797e-06
-4.70504e-07
9.21585e-07
4.73668e-07
6.43785e-07
8.98953e-07
4.04419e-07
9.09329e-07
2.63237e-07
8.03969e-07
1.79583e-07
7.1908e-07
1.36047e-07
6.35981e-07
1.08399e-07
5.73273e-07
9.39322e-08
5.07464e-07
8.60388e-08
4.45133e-07
7.89871e-08
3.89261e-07
7.47534e-08
3.2867e-07
6.79879e-08
2.7941e-07
6.41205e-08
2.23326e-07
5.85414e-08
1.8026e-07
5.58695e-08
1.34257e-07
5.39846e-08
9.9416e-08
5.11709e-08
7.8783e-08
4.81324e-08
6.56323e-08
4.15108e-08
7.10956e-08
3.30924e-08
7.62565e-08
2.44597e-08
7.77748e-08
1.10039e-08
1.049e-07
1.47404e-08
2.27821e-09
1.16594e-07
-1.07997e-07
-1.34374e-06
1.8776e-08
-1.79065e-06
1.42793e-07
-1.64953e-06
4.57848e-08
-1.75462e-06
2.1078e-08
-1.15476e-06
6.22354e-08
-5.11661e-07
1.49297e-07
3.86607e-07
1.00613e-07
9.47637e-07
1.24809e-08
9.97461e-07
-2.77405e-08
8.4419e-07
-3.72358e-08
7.28575e-07
-2.48798e-08
6.23625e-07
-5.77455e-09
5.54168e-07
1.27479e-08
4.88941e-07
2.81349e-08
4.29746e-07
3.62942e-08
3.81101e-07
4.4108e-08
3.20856e-07
4.45396e-08
2.78978e-07
4.83629e-08
2.19503e-07
4.67e-08
1.81923e-07
4.85985e-08
1.32358e-07
4.98313e-08
9.81832e-08
4.90463e-08
7.95678e-08
4.76454e-08
6.70332e-08
4.13255e-08
7.74153e-08
3.27766e-08
8.48053e-08
2.40146e-08
8.65367e-08
1.00088e-08
1.18906e-07
1.54584e-08
-3.1714e-09
1.32052e-07
-2.12932e-07
-1.14109e-06
-4.85229e-07
-1.51835e-06
-4.72219e-07
-1.66254e-06
-9.40309e-07
-1.28653e-06
-1.23873e-06
-8.5634e-07
-1.34789e-06
-4.02502e-07
-1.13712e-06
1.75832e-07
-7.79638e-07
5.90159e-07
-4.86798e-07
7.0462e-07
-3.13747e-07
6.71139e-07
-2.07083e-07
6.21911e-07
-1.3415e-07
5.50692e-07
-8.71976e-08
5.07216e-07
-5.289e-08
4.54634e-07
-2.31912e-08
4.00047e-07
-3.2605e-09
3.6117e-07
1.4375e-08
3.0322e-07
2.1493e-08
2.7186e-07
3.27728e-08
2.08223e-07
3.44374e-08
1.80259e-07
4.13827e-08
1.25413e-07
4.5761e-08
9.38047e-08
4.70083e-08
7.83202e-08
4.73992e-08
6.66422e-08
4.12662e-08
8.35481e-08
3.2479e-08
9.35924e-08
2.34623e-08
9.55533e-08
8.87775e-09
1.33491e-07
1.63007e-08
-1.05944e-08
1.48353e-07
-2.3656e-07
-9.96619e-07
-5.66847e-07
-1.18807e-06
-9.2756e-07
-1.30183e-06
-1.32775e-06
-8.86341e-07
-1.53768e-06
-6.46407e-07
-1.71891e-06
-2.21272e-07
-1.41016e-06
-1.3292e-07
-1.13326e-06
3.13266e-07
-8.50503e-07
4.2186e-07
-5.43426e-07
3.64061e-07
-4.03748e-07
4.82233e-07
-2.72264e-07
4.19208e-07
-1.85029e-07
4.1998e-07
-1.22464e-07
3.92069e-07
-7.22032e-08
3.49787e-07
-4.08266e-08
3.29793e-07
-1.38953e-08
2.76289e-07
1.50573e-09
2.56459e-07
1.7444e-08
1.92285e-07
2.26803e-08
1.75022e-07
3.44461e-08
1.13647e-07
4.19219e-08
8.63286e-08
4.51233e-08
7.51185e-08
4.74841e-08
6.42814e-08
4.13737e-08
8.96584e-08
3.2228e-08
1.02738e-07
2.27875e-08
1.04994e-07
7.59817e-09
1.4868e-07
1.72869e-08
-2.02833e-08
1.6564e-07
6.25179e-08
-1.08733e-06
-1.2677e-07
-9.9878e-07
-4.96125e-07
-9.3247e-07
-7.04818e-07
-6.77648e-07
-8.28756e-07
-5.22469e-07
-9.91384e-07
-5.86435e-08
-9.28276e-07
-1.96028e-07
-7.73725e-07
1.58715e-07
-7.7166e-07
4.19795e-07
-5.44465e-07
1.36866e-07
-4.75415e-07
4.13184e-07
-3.31991e-07
2.75785e-07
-2.42901e-07
3.3089e-07
-1.71201e-07
3.20369e-07
-1.09183e-07
2.87768e-07
-7.17091e-08
2.92319e-07
-3.70544e-08
2.41634e-07
-1.76864e-08
2.37091e-07
2.22666e-09
1.72372e-07
1.21048e-08
1.65144e-07
2.7753e-08
9.79987e-08
3.84395e-08
7.56419e-08
4.35917e-08
6.99662e-08
4.79961e-08
5.98769e-08
4.16773e-08
9.59771e-08
3.20518e-08
1.12364e-07
2.19642e-08
1.15081e-07
6.15471e-09
1.6449e-07
1.84464e-08
-3.25751e-08
1.84086e-07
-3.67435e-07
-7.78492e-07
-7.16202e-07
-6.50013e-07
-7.96796e-07
-8.51877e-07
-7.99636e-07
-6.74807e-07
-8.27991e-07
-4.94114e-07
-7.66752e-07
-1.19883e-07
-9.21207e-07
-4.1573e-08
-7.20985e-07
-4.15073e-08
-5.96756e-07
2.95567e-07
-5.5441e-07
9.45199e-08
-4.00344e-07
2.59118e-07
-3.55348e-07
2.30788e-07
-2.55742e-07
2.31283e-07
-1.99212e-07
2.63839e-07
-1.35344e-07
2.239e-07
-9.5268e-08
2.52243e-07
-5.67212e-08
2.03087e-07
-3.47938e-08
2.15164e-07
-1.07337e-08
1.48311e-07
2.73705e-09
1.51673e-07
2.11958e-08
7.95397e-08
3.53748e-08
6.14627e-08
4.26361e-08
6.2705e-08
4.90337e-08
5.34794e-08
4.21582e-08
1.02853e-07
3.19728e-08
1.22549e-07
2.0962e-08
1.26092e-07
4.54134e-09
1.8091e-07
1.98052e-08
-4.7839e-08
2.03891e-07
-9.79139e-07
-1.14552e-09
-1.25286e-06
-3.76296e-07
-1.23407e-06
-8.70663e-07
-1.15983e-06
-7.4905e-07
-9.25552e-07
-7.28391e-07
-7.38979e-07
-3.06455e-07
-7.27259e-07
-5.32929e-08
-9.0813e-07
1.39364e-07
-6.21717e-07
9.15442e-09
-5.3718e-07
9.98234e-09
-4.71244e-07
1.93182e-07
-3.85667e-07
1.45211e-07
-2.81999e-07
1.27615e-07
-2.24806e-07
2.06647e-07
-1.5082e-07
1.49914e-07
-1.11863e-07
2.13286e-07
-6.94071e-08
1.60632e-07
-4.88008e-08
1.94557e-07
-2.10698e-08
1.2058e-07
-6.22018e-09
1.36823e-07
1.49513e-08
5.83683e-08
3.29148e-08
4.34992e-08
4.24219e-08
5.31981e-08
5.07039e-08
4.51974e-08
4.29197e-08
1.10637e-07
3.2003e-08
1.33466e-07
1.97378e-08
1.38357e-07
2.76278e-09
1.97885e-07
2.13998e-08
-6.64761e-08
2.25291e-07
-3.40304e-07
2.74123e-07
-3.62164e-07
-3.54435e-07
-8.18269e-07
-4.14559e-07
-9.52484e-07
-6.14834e-07
-5.67977e-07
-1.1129e-06
-2.91564e-07
-5.82868e-07
-4.68435e-07
1.23578e-07
-9.34033e-07
6.04962e-07
-7.36518e-07
-1.88361e-07
-3.97769e-07
-3.28767e-07
-3.62136e-07
1.57549e-07
-3.95017e-07
1.78092e-07
-2.66203e-07
-1.19988e-09
-2.20876e-07
1.61321e-07
-1.65499e-07
9.45362e-08
-1.22897e-07
1.70684e-07
-8.88301e-08
1.26564e-07
-6.12709e-08
1.66998e-07
-3.46016e-08
9.39107e-08
-1.64877e-08
1.18709e-07
7.44877e-09
3.4432e-08
3.0999e-08
1.99491e-08
4.30582e-08
4.1139e-08
5.31345e-08
3.51212e-08
4.41859e-08
1.19585e-07
3.21442e-08
1.45508e-07
1.82385e-08
1.52263e-07
9.00973e-10
2.15223e-07
2.32712e-08
-8.88463e-08
2.48562e-07
2.9539e-08
2.68867e-07
1.02771e-07
-4.27668e-07
-1.90741e-07
-1.21046e-07
-6.6802e-07
-1.37555e-07
-6.45133e-07
-1.13578e-06
-4.90802e-07
-7.37199e-07
-9.76395e-07
6.09171e-07
-1.11559e-06
7.44159e-07
-9.674e-07
-3.36552e-07
-5.86281e-07
-7.09886e-07
-4.36313e-07
7.58057e-09
-4.45471e-07
1.87249e-07
-2.79345e-07
-1.67326e-07
-2.38016e-07
1.19991e-07
-1.4963e-07
6.1503e-09
-1.18137e-07
1.39191e-07
-7.85354e-08
8.69625e-08
-6.55812e-08
1.54043e-07
-3.34796e-08
6.18094e-08
-2.30715e-08
1.08302e-07
5.70053e-09
5.66017e-09
3.30427e-08
-7.39306e-09
4.47535e-08
2.94282e-08
5.6478e-08
2.33966e-08
4.59869e-08
1.30076e-07
3.239e-08
1.59105e-07
1.6391e-08
1.68262e-07
-2.17062e-09
2.33785e-07
2.54677e-08
-1.16485e-07
2.7403e-07
-4.83685e-08
2.32932e-07
-1.91203e-07
-2.84834e-07
-4.50071e-07
1.37822e-07
-6.43558e-07
5.59316e-08
-1.02092e-06
-7.58421e-07
-1.22621e-06
-5.31916e-07
-9.08452e-07
2.91418e-07
-7.79899e-07
6.15605e-07
-7.27702e-07
-3.88749e-07
-7.08877e-07
-7.28711e-07
-5.21729e-07
-1.79568e-07
-2.78011e-07
-5.64687e-08
-2.72941e-07
-1.72396e-07
-1.79561e-07
2.66119e-08
-1.71708e-07
-1.70341e-09
-1.27354e-07
9.48377e-08
-1.14369e-07
7.39772e-08
-8.51465e-08
1.24822e-07
-6.39912e-08
4.06542e-08
-3.65054e-08
8.08157e-08
-7.61822e-09
-2.32271e-08
2.81171e-08
-4.31286e-08
4.71799e-08
1.03652e-08
6.08362e-08
9.74034e-09
4.83285e-08
1.42584e-07
3.27311e-08
1.74702e-07
1.41207e-08
1.86872e-07
-6.36552e-09
2.54271e-07
2.80654e-08
-1.50915e-07
3.02095e-07
4.01941e-07
-1.2865e-07
3.70316e-07
-2.53208e-07
2.22691e-07
2.85447e-07
1.787e-07
9.99226e-08
-5.42707e-07
-3.70136e-08
-1.01039e-06
-6.42291e-08
-4.81491e-07
-2.37485e-07
-2.78008e-08
1.61915e-07
-1.58086e-07
-2.58464e-07
-3.76849e-07
-5.09948e-07
-3.00738e-07
-2.55678e-07
-1.78442e-07
-1.78765e-07
-2.16006e-07
-1.34831e-07
-1.58311e-07
-3.10839e-08
-1.09902e-07
-5.01123e-08
-8.84728e-08
7.34091e-08
-6.92585e-08
5.47633e-08
-6.48886e-08
1.20452e-07
-3.3269e-08
9.03436e-09
-3.01917e-08
7.77382e-08
-1.12466e-09
-5.22945e-08
4.09387e-08
-8.5192e-08
5.2945e-08
-1.64134e-09
6.66379e-08
-3.95261e-09
5.12446e-08
1.57977e-07
3.31661e-08
1.9278e-07
1.13115e-08
2.08727e-07
-1.09189e-08
2.76502e-07
3.11192e-08
-1.92954e-07
3.33215e-07
1.30498e-07
-3.93938e-07
3.68216e-07
-4.90927e-07
7.56168e-07
-1.02505e-07
6.71285e-07
1.84806e-07
6.07826e-07
2.6446e-08
5.13713e-07
2.98838e-08
1.4708e-07
1.29148e-07
3.66481e-07
-5.74852e-08
3.95316e-07
-2.87299e-07
1.47346e-07
-2.61978e-07
-1.28469e-08
-9.54844e-08
-5.24068e-08
-1.39205e-07
-1.12977e-07
-7.42611e-08
-9.97252e-08
-4.43354e-08
-1.33483e-07
-1.63539e-08
-1.12303e-07
5.22294e-08
-1.35158e-07
7.76175e-08
-1.19979e-07
1.05273e-07
-1.01949e-07
-8.99688e-09
-7.02948e-08
4.60845e-08
-2.44434e-08
-9.81459e-08
3.02663e-08
-1.39902e-07
5.51516e-08
-2.65267e-08
7.29162e-08
-2.17172e-08
5.47542e-08
1.76139e-07
3.36837e-08
2.13851e-07
7.78928e-09
2.34621e-07
-1.61093e-08
3.004e-07
3.47125e-08
-2.43775e-07
3.67927e-07
-8.24661e-07
7.94831e-09
-9.32313e-07
-3.83275e-07
-7.99955e-07
-2.34863e-07
-5.41736e-07
-7.34126e-08
-3.10353e-07
-2.04937e-07
-3.43923e-08
-2.46077e-07
4.28122e-08
5.19431e-08
1.0872e-07
-1.23393e-07
1.40049e-07
-3.18629e-07
-7.46154e-08
-4.73127e-08
-1.16231e-07
-5.38683e-08
-1.45746e-07
-1.0969e-07
-1.27663e-07
-9.23434e-08
-1.02089e-07
-6.99096e-08
-4.74188e-08
-7.10239e-08
-3.98631e-08
4.46735e-08
-4.9228e-08
8.6982e-08
-4.77462e-08
1.03791e-07
-2.80937e-08
-2.86492e-08
-2.90137e-08
4.70049e-08
-2.37746e-09
-1.24782e-07
5.81112e-08
-2.0039e-07
6.86569e-08
-3.70724e-08
8.28477e-08
-3.59082e-08
5.90095e-08
1.99978e-07
3.42743e-08
2.38586e-07
3.2629e-09
2.65632e-07
-2.20944e-08
3.25758e-07
3.89365e-08
-3.04806e-07
4.06864e-07
-3.67143e-07
3.00852e-07
-5.47269e-07
-2.03144e-07
-6.99618e-07
-8.25157e-08
-3.39513e-07
-4.33514e-07
-3.271e-07
-2.09988e-07
-2.1557e-07
-3.29625e-07
4.0516e-08
-1.98781e-07
1.59996e-07
-2.42883e-07
1.67934e-07
-3.21383e-07
1.3118e-07
-1.03573e-08
4.58273e-08
3.14845e-08
-2.80695e-08
-3.57933e-08
-7.35833e-08
-4.68293e-08
-8.37409e-08
-5.97519e-08
-1.02785e-07
-5.19801e-08
-1.0223e-07
4.41185e-08
-1.66812e-07
1.51564e-07
-1.98852e-07
1.35831e-07
-1.40685e-07
-8.68157e-08
-1.17983e-07
2.43029e-08
-5.09743e-08
-1.9179e-07
3.83665e-08
-2.89731e-07
7.18482e-08
-7.05541e-08
9.08753e-08
-5.49354e-08
6.39057e-08
2.26947e-07
3.48894e-08
2.67602e-07
-1.91717e-09
3.02439e-07
-2.90355e-08
3.52876e-07
4.39064e-08
-3.77748e-07
4.5077e-07
4.4668e-07
-1.73026e-08
6.41165e-07
-3.16365e-07
7.89985e-07
-9.01929e-08
1.00674e-06
-3.34731e-07
1.0199e-06
-7.75992e-08
6.52201e-07
1.5504e-08
1.90385e-07
8.48959e-08
-1.73569e-07
9.4153e-08
-4.38024e-07
-6.57228e-08
-2.76646e-07
-1.59914e-07
-1.92449e-07
-5.27116e-08
-1.15081e-07
-1.13161e-07
-6.86721e-08
-9.32385e-08
-2.95623e-08
-9.88618e-08
6.56905e-08
-1.47233e-07
3.02194e-08
7.95897e-08
-2.48766e-08
2.06661e-07
-1.77102e-08
1.28665e-07
-1.77431e-08
-8.67827e-08
-2.97315e-08
3.62913e-08
7.48171e-10
-2.2227e-07
8.72734e-08
-3.76256e-07
9.49993e-08
-7.828e-08
1.06583e-07
-6.65186e-08
6.98644e-08
2.63665e-07
3.5511e-08
3.01956e-07
-6.70916e-09
3.44659e-07
-3.7127e-08
3.83294e-07
4.97634e-08
-4.64639e-07
5.00534e-07
3.73742e-08
-3.17619e-07
1.786e-07
-2.89641e-07
1.9823e-07
-2.09095e-08
1.42353e-08
-1.30573e-10
2.81992e-08
-2.24056e-10
6.4755e-08
3.95833e-10
1.22111e-07
-2.12907e-09
2.22522e-07
-1.34621e-10
7.36966e-08
5.30789e-08
-1.25617e-07
7.20341e-09
-4.64782e-08
-1.50215e-07
-9.49569e-08
-6.46821e-08
-1.37882e-07
-5.03131e-08
-1.473e-07
-8.94438e-08
-8.41302e-08
-2.10403e-07
-5.59741e-08
5.14337e-08
-2.19681e-07
3.70367e-07
-3.54143e-07
2.63128e-07
-1.96145e-07
-2.44781e-07
-1.76997e-07
1.71437e-08
-9.58127e-08
-3.03454e-07
5.86873e-08
-5.30756e-07
1.0249e-07
-1.22083e-07
1.15884e-07
-7.99125e-08
7.6477e-08
3.03072e-07
3.60151e-08
3.42418e-07
-1.28606e-08
3.93535e-07
-4.65833e-08
4.17016e-07
5.66632e-08
-5.67885e-07
5.57197e-07
-4.10624e-07
-5.9185e-08
-5.31583e-08
-4.2433e-07
-4.13921e-11
-7.40276e-08
2.60228e-10
-4.34638e-10
2.12201e-10
-1.7857e-10
2.68274e-10
3.3692e-10
-1.8335e-09
-9.607e-12
-2.59441e-09
7.94266e-10
3.53184e-08
2.19417e-08
-4.52995e-07
-9.01555e-08
-5.06335e-07
-6.63698e-07
-2.53623e-07
-3.17392e-07
-3.98543e-08
-2.64104e-07
3.94938e-08
-1.68793e-07
2.88741e-07
-4.5965e-07
1.21579e-07
2.18596e-07
-4.30232e-08
5.3497e-07
3.26373e-09
2.16841e-07
-1.33185e-08
-2.28199e-07
-4.32083e-08
4.70336e-08
3.51188e-09
-3.50174e-07
1.33101e-07
-6.60345e-07
1.38239e-07
-1.27221e-07
1.3976e-07
-8.14336e-08
8.4535e-08
3.58297e-07
3.65069e-08
3.90446e-07
-2.0424e-08
4.50466e-07
-5.74744e-08
4.54067e-07
6.47263e-08
-6.90086e-07
6.21923e-07
-4.23319e-07
5.71006e-08
-2.21304e-07
-2.33609e-07
-3.05762e-10
-1.57523e-07
-1.66839e-10
-5.74773e-10
-2.11264e-10
-1.36873e-10
-3.39468e-10
4.62281e-10
-1.12698e-09
7.50495e-10
-2.38167e-09
1.82313e-09
1.05874e-08
7.15177e-09
-6.32359e-07
-3.20493e-07
-4.74288e-07
-1.9576e-06
6.99934e-07
-1.74168e-06
5.29458e-07
-9.36281e-08
-4.96061e-08
4.1027e-07
-6.91012e-09
-5.02346e-07
2.57052e-07
-4.53663e-08
-2.35888e-07
1.02791e-06
-6.75463e-07
6.56417e-07
-2.5557e-07
-6.48093e-07
-2.22334e-07
1.37975e-08
-1.66183e-07
-4.06326e-07
9.86618e-08
-9.2519e-07
1.59486e-07
-1.88044e-07
1.48817e-07
-7.07651e-08
9.27802e-08
4.14334e-07
3.65428e-08
4.46683e-07
-3.01452e-08
5.17154e-07
-7.06497e-08
4.94571e-07
7.43503e-08
-8.35086e-07
6.96274e-07
1.37189e-07
-7.69025e-08
1.47146e-09
-2.07174e-08
-3.11318e-09
8.6464e-09
-6.04345e-10
-3.07003e-09
-3.13128e-10
-4.31497e-10
-2.02663e-10
3.43752e-10
-9.06728e-11
6.1909e-10
2.43344e-10
1.4443e-09
6.23789e-09
5.60429e-10
-5.44918e-07
-7.00103e-07
-3.91926e-07
-2.43921e-06
-3.97519e-08
-2.09386e-06
-4.0403e-07
2.7065e-07
-5.9755e-07
6.0379e-07
2.68131e-07
-1.36803e-06
9.26196e-08
1.30145e-07
-3.60966e-07
1.4815e-06
-1.15493e-07
4.10944e-07
-1.3188e-07
-6.31706e-07
-8.76839e-08
-3.03987e-08
-2.85068e-11
-4.93981e-07
2.01197e-07
-1.12641e-06
2.05984e-07
-1.92832e-07
1.83619e-07
-4.83999e-08
1.02944e-07
4.95009e-07
3.68411e-08
5.12786e-07
-4.08564e-08
5.94851e-07
-8.43074e-08
5.38022e-07
8.5143e-08
-1.00454e-06
7.81417e-07
-1.53678e-08
-8.28639e-08
-2.92921e-08
5.28822e-09
-1.17721e-08
1.65067e-08
-2.23067e-09
1.26393e-09
-4.04376e-10
-2.27527e-09
-9.36776e-10
8.62969e-10
-7.96532e-10
4.51842e-10
-1.56336e-09
2.02325e-09
-1.21973e-07
-6.49986e-08
-2.55272e-07
-1.01822e-06
-2.02924e-07
-1.42727e-06
-2.27501e-08
-9.46938e-07
4.06124e-07
-1.48331e-07
-4.69394e-07
1.47931e-06
-6.72203e-07
-1.16522e-06
2.07384e-07
-7.49442e-07
-1.38972e-07
1.82786e-06
-9.84092e-07
1.25607e-06
-1.30139e-07
-1.48566e-06
-1.31172e-07
-2.93639e-08
-2.47819e-07
-3.77335e-07
1.638e-07
-1.53803e-06
2.58137e-07
-2.87169e-07
1.89797e-07
1.99404e-08
1.11989e-07
5.72817e-07
3.57406e-08
5.89034e-07
-5.71092e-08
6.87701e-07
-1.04635e-07
5.85548e-07
9.81585e-08
-1.20733e-06
8.79575e-07
-2.63796e-08
-6.07421e-08
-8.84396e-10
3.56973e-08
4.89412e-08
-2.57311e-07
-9.1978e-09
1.81053e-08
-4.73549e-10
-6.50716e-09
-1.17454e-09
1.54064e-09
4.55415e-09
-7.39189e-09
4.55471e-09
1.56177e-09
-1.6691e-07
1.19385e-07
-6.54498e-07
-2.0954e-07
-3.69564e-07
-2.03662e-07
-6.99538e-07
-2.52194e-08
-8.8101e-08
-8.00686e-07
2.35197e-07
1.14586e-06
-1.61712e-06
6.93961e-07
-3.77164e-07
-1.71312e-06
-9.32551e-07
2.38325e-06
-8.12926e-07
1.13644e-06
1.38679e-07
-2.60621e-06
-6.98146e-08
1.79131e-07
6.06052e-07
-1.0655e-06
2.75062e-07
-1.19733e-06
3.12043e-07
-3.24129e-07
2.41208e-07
9.07755e-08
1.24212e-07
6.89813e-07
3.63484e-08
6.76898e-07
-7.02769e-08
7.94326e-07
-1.18159e-07
6.3343e-07
1.28353e-07
-1.45384e-06
1.00793e-06
1.39202e-06
-2.66953e-07
1.40231e-06
5.91146e-08
3.2761e-07
4.25029e-07
-3.22225e-08
4.66236e-08
-7.45477e-09
-2.1491e-08
-1.31318e-09
7.10999e-10
5.32081e-09
-2.12501e-09
6.02961e-09
2.96635e-10
1.19685e-07
5.54921e-09
2.07501e-07
4.85943e-07
-5.75455e-10
3.41562e-08
-4.233e-08
-2.71772e-08
-1.0561e-06
-4.01375e-07
-1.63598e-06
1.71512e-06
-2.13903e-06
2.13384e-06
-1.42865e-06
-1.43218e-06
1.95432e-07
-1.58356e-08
2.35487e-06
-6.88364e-09
1.59375e-06
-1.39733e-07
2.8816e-06
-8.45056e-07
3.05499e-06
-1.58121e-06
3.07753e-09
1.8541e-06
3.19664e-07
-6.39277e-07
2.03491e-07
2.06949e-07
1.22365e-07
7.70938e-07
2.58974e-08
7.73366e-07
-1.02164e-07
9.22387e-07
-1.75439e-07
7.11179e-07
-1.97056e-07
-1.18113e-06
8.10873e-07
-8.85451e-08
2.33499e-07
4.85955e-08
-1.979e-07
2.27355e-08
6.37001e-07
-6.64722e-09
7.11679e-07
-3.44721e-08
7.82469e-07
-2.29502e-07
3.6637e-07
-6.80393e-07
1.01944e-06
-6.38606e-07
-3.73956e-07
-8.86488e-08
6.38467e-07
-1.882e-07
-1.05639e-07
-5.19762e-09
-2.90606e-07
7.58512e-09
-3.7061e-08
1.37227e-07
-1.87482e-08
1.03552e-08
-2.62354e-08
-9.60949e-08
-2.77455e-07
-3.9656e-08
3.62844e-07
2.13511e-08
3.99862e-08
2.88847e-07
1.81697e-06
3.7507e-07
4.45747e-08
2.01523e-07
1.57978e-06
1.60191e-08
4.83981e-07
6.42799e-08
5.83618e-07
2.33957e-07
-9.70716e-07
2.61672e-07
-3.72123e-07
2.09841e-07
1.78413e-07
6.41416e-08
-3.69028e-07
5.94092e-08
-1.37818e-07
7.82715e-08
1.10018e-07
4.46005e-08
-5.34202e-07
-3.93765e-07
-1.93091e-08
-6.84975e-08
1.68062e-09
-1.68977e-07
-4.97279e-07
3.75e-09
4.64416e-07
-1.55e-08
7.30929e-07
-4.69803e-08
8.13949e-07
-3.15139e-07
6.34541e-07
-8.02511e-07
1.54621e-06
-5.37999e-07
-2.66341e-07
1.76166e-08
7.73667e-09
3.27153e-09
-2.5079e-08
9.72429e-09
-7.4542e-08
1.1167e-08
-4.11741e-08
1.65358e-08
-1.85631e-09
2.76952e-09
1.33006e-09
-1.05562e-07
-2.51181e-07
-3.34546e-08
3.3994e-07
3.93872e-08
-5.8041e-09
3.8392e-07
1.38713e-06
3.23807e-07
1.04658e-07
1.81155e-07
1.71924e-06
1.09288e-07
3.87763e-07
1.50192e-07
7.58197e-07
2.80307e-07
-1.11121e-06
2.72448e-07
-3.75108e-07
3.77037e-07
5.3101e-08
1.26713e-07
-1.62946e-07
1.1833e-07
-1.26013e-07
1.47846e-07
1.05401e-07
-3.86494e-08
-3.43829e-07
-3.42928e-07
-8.06772e-08
-5.10888e-08
-2.51052e-09
-3.54366e-07
-6.0782e-07
-6.78361e-08
2.26729e-08
-9.18908e-08
5.85554e-07
-9.51374e-08
8.17196e-07
-4.31296e-07
9.71551e-07
-7.29547e-07
1.99334e-06
-6.09356e-08
-4.73836e-07
4.48826e-08
-7.65719e-08
1.18913e-08
-7.01478e-10
2.66618e-09
-1.47837e-09
7.90363e-09
-4.84552e-08
1.40038e-08
-9.05284e-09
9.37964e-09
1.9417e-08
-6.21485e-08
-6.08762e-08
-2.00911e-08
4.04196e-07
1.54696e-08
-5.6575e-08
3.87209e-07
7.78234e-07
1.65816e-07
3.19873e-07
1.8129e-07
1.70294e-06
2.52184e-07
1.80436e-07
5.07288e-07
7.06176e-07
2.61939e-07
-8.63592e-07
2.65201e-07
-3.89822e-07
4.08967e-07
-9.81815e-08
1.65238e-07
1.44008e-08
5.42039e-08
-1.74473e-08
8.94576e-09
1.51991e-07
-2.02335e-07
-1.28468e-07
-4.35897e-07
-1.09712e-07
-5.09901e-08
-1.4051e-08
-7.57134e-08
-3.74122e-07
-2.40017e-07
2.32597e-09
-3.12142e-07
2.645e-07
-2.54676e-07
5.95919e-07
-6.47213e-07
1.38141e-06
-4.95587e-07
2.1385e-06
3.14647e-08
-5.709e-07
1.85318e-08
-4.82597e-08
1.42518e-08
2.7949e-09
1.81469e-09
1.02513e-07
-1.14833e-09
-4.67193e-08
1.73124e-08
-3.20318e-08
1.22806e-08
2.55232e-08
9.31648e-09
-1.269e-08
-5.7864e-09
4.1849e-07
2.94192e-08
-1.09171e-07
2.71882e-07
4.01628e-07
7.85331e-08
4.46759e-07
1.60135e-07
1.62042e-06
2.12121e-07
5.36095e-08
4.48659e-07
5.13357e-07
2.52509e-07
-6.17337e-07
2.57048e-07
-3.64379e-07
2.99272e-07
-1.44828e-07
1.81414e-07
1.04196e-07
5.03175e-08
1.10337e-07
9.4403e-08
1.17077e-07
-5.29193e-08
1.83693e-08
-2.52595e-07
-2.40769e-07
-6.83119e-09
-2.43022e-09
-1.70411e-07
-4.21826e-08
-3.78831e-07
2.67969e-08
-4.98221e-07
8.70054e-08
-4.7707e-07
3.32584e-07
-6.6182e-07
1.58621e-06
1.68379e-07
1.40812e-06
2.16494e-08
-3.68918e-07
8.81726e-09
-3.64026e-08
1.5186e-08
2.13336e-09
2.56136e-09
1.92628e-07
2.04834e-09
-4.87192e-08
5.75533e-08
-1.45641e-07
1.29866e-10
7.6402e-08
-1.24369e-07
1.38769e-08
2.186e-07
-1.03727e-08
1.04008e-07
-5.55427e-08
2.81233e-07
3.90225e-07
1.17909e-07
3.13367e-07
2.24545e-07
1.51269e-06
4.24525e-08
2.70777e-09
2.40917e-07
1.00599e-07
3.18886e-07
-5.39849e-07
2.96183e-07
-2.53579e-07
2.66295e-07
-1.11229e-07
2.12337e-07
1.55418e-07
1.13406e-07
2.29688e-07
1.22292e-07
1.18658e-07
7.63743e-09
1.33704e-07
4.52833e-08
-2.91439e-07
-1.12744e-09
-1.07459e-09
-4.14458e-08
-2.72695e-09
-7.87266e-08
-1.08762e-08
-3.41687e-07
6.91439e-09
-6.45895e-07
1.4694e-07
-7.71666e-07
1.54454e-06
2.19807e-07
6.62637e-07
2.30325e-08
-2.72004e-08
7.00653e-09
-2.02196e-08
5.86585e-09
2.27488e-09
2.40274e-08
2.09234e-07
2.13421e-08
-2.26831e-07
3.50434e-08
-1.43549e-07
1.7095e-09
9.81478e-08
-1.59291e-09
3.66937e-10
-3.22232e-09
3.31034e-12
-6.63911e-08
-7.12762e-09
2.58431e-07
2.22324e-07
1.80494e-07
1.36958e-07
-2.02195e-08
8.51655e-07
-3.90313e-08
7.30579e-09
1.82829e-07
-8.19757e-08
5.19407e-07
-4.63588e-07
4.58874e-07
7.45217e-09
3.05599e-07
4.23706e-08
2.8852e-07
1.72683e-07
1.62666e-07
3.55565e-07
4.50729e-08
2.36248e-07
-1.27114e-07
3.05675e-07
1.48201e-07
-2.33022e-07
-7.59362e-11
-5.45635e-10
-2.60161e-09
-6.17762e-10
-5.24717e-08
-3.81395e-09
-4.3038e-07
9.79905e-09
-7.22348e-07
5.01889e-08
-5.87903e-07
1.19953e-06
6.45746e-08
1.60207e-07
2.07436e-08
-5.18159e-08
1.42776e-09
-2.72514e-10
3.40443e-09
4.47667e-10
7.64325e-09
9.92004e-08
1.9581e-08
-2.23878e-07
-8.19016e-09
-9.57621e-08
-1.09515e-08
8.6837e-08
2.25642e-08
-2.74915e-08
1.46993e-08
-3.1011e-09
1.93196e-08
-6.35203e-09
1.38655e-07
2.43375e-07
8.6564e-08
5.63596e-08
-7.87384e-09
2.34839e-08
-1.50843e-08
2.16123e-09
6.67771e-08
-3.56656e-08
3.31626e-07
-9.89138e-08
3.97311e-07
1.83654e-07
1.89884e-07
2.49997e-07
2.05717e-07
1.56911e-07
1.91473e-07
3.69803e-07
1.38388e-07
2.89311e-07
5.893e-08
3.84507e-07
2.91974e-07
-8.78766e-08
-7.33802e-11
-2.31231e-11
-7.04423e-10
-2.05718e-10
-2.01696e-08
-9.87113e-10
-2.81336e-07
-4.88258e-08
-7.2987e-07
-3.23682e-08
-5.28128e-07
8.19287e-07
-3.11774e-07
6.98566e-07
-2.11641e-11
-1.37455e-06
1.21099e-11
-4.41105e-10
3.35385e-10
1.25119e-10
7.9017e-09
-1.30859e-08
-1.44143e-09
-1.90896e-07
-9.23892e-09
-6.69495e-08
1.44249e-09
1.53308e-07
3.28499e-08
-7.64995e-08
1.23145e-08
1.02262e-09
8.94338e-09
-9.73404e-09
7.13353e-08
3.35232e-07
7.67361e-09
-1.30727e-08
2.30222e-08
1.14591e-09
1.1983e-08
1.90988e-09
9.46454e-09
-4.04269e-08
1.15515e-07
-2.92295e-08
4.58321e-07
2.23019e-07
2.09898e-07
4.98472e-07
2.28586e-07
1.38209e-07
2.83462e-07
3.14904e-07
1.92202e-07
3.80545e-07
1.15412e-08
5.64906e-07
5.08227e-07
-2.05645e-07
-2.38085e-11
-2.61724e-13
-1.78797e-10
-5.33419e-11
-8.20512e-09
1.52725e-11
-3.47422e-07
-5.40518e-08
-8.23958e-07
-1.50371e-07
-6.38238e-07
5.56389e-07
-8.02816e-07
1.34506e-06
-7.95621e-10
-2.47538e-06
-1.15555e-10
-1.25776e-09
-1.65398e-10
8.74651e-11
-4.91357e-09
8.49583e-09
-5.27867e-08
-3.02841e-08
-5.1883e-08
-9.09575e-08
8.08655e-09
1.07528e-07
1.94887e-08
-9.40925e-08
1.75798e-08
1.1695e-09
7.72405e-08
8.66694e-10
2.31762e-07
3.21802e-07
2.11548e-08
1.42278e-08
1.33617e-08
6.22725e-09
2.16197e-08
1.75718e-09
2.31627e-08
8.09332e-09
1.89433e-08
-1.39359e-08
3.07893e-07
8.95213e-08
2.30204e-07
5.8189e-07
2.22627e-07
1.45757e-07
1.65982e-07
3.71517e-07
1.12613e-07
4.33892e-07
3.01314e-08
6.47363e-07
5.51893e-07
-1.53781e-08
-5.94563e-13
-3.17255e-14
-3.62772e-11
-1.82442e-11
-1.70554e-10
4.51852e-11
-1.41534e-07
-3.89216e-08
-7.82859e-07
-2.33024e-07
-7.56926e-07
3.93843e-07
-3.57044e-07
1.07071e-06
-3.21298e-09
-3.12031e-07
-4.30152e-11
-4.5115e-09
6.53753e-12
2.82611e-11
-2.92869e-09
5.53429e-08
-8.79547e-09
-1.91859e-08
3.61192e-09
-1.07347e-07
2.12364e-08
1.05266e-07
1.7357e-08
-1.46984e-07
1.76121e-08
8.49408e-10
2.09243e-08
2.0726e-08
3.19776e-08
-2.40006e-08
6.62532e-09
-1.38214e-08
6.36875e-09
6.64417e-09
5.21555e-09
2.29379e-09
4.92141e-08
6.61546e-09
6.79298e-08
-1.07691e-08
1.70596e-07
3.81387e-08
1.74628e-07
5.82381e-07
1.2371e-07
1.96662e-07
7.66902e-08
4.18509e-07
3.11519e-08
4.70645e-07
1.14945e-07
5.6353e-07
6.36399e-07
3.83335e-08
-6.73708e-14
-2.71225e-15
-1.59401e-11
-2.60539e-12
-1.81556e-10
1.91523e-10
-1.77807e-07
-9.35695e-09
-8.68015e-07
-2.71862e-07
-8.94285e-07
2.87867e-07
-1.06617e-07
1.02698e-06
2.30956e-09
-3.09993e-08
1.44352e-10
-2.50401e-09
-8.58399e-10
5.915e-10
1.17154e-09
5.99997e-08
-5.82792e-09
-9.50265e-09
-6.66744e-09
-1.85094e-08
2.51914e-08
9.26544e-09
1.18612e-09
-2.11003e-07
2.51e-09
6.3664e-10
4.77838e-09
2.02061e-10
-1.13581e-08
-6.99471e-09
-5.677e-09
6.91116e-11
2.05488e-09
-1.82789e-09
5.93393e-09
-2.25279e-09
1.23466e-08
-3.99164e-10
1.21486e-08
1.6456e-08
5.24488e-09
4.87303e-09
1.93232e-07
3.43119e-07
-1.09055e-07
4.98922e-07
-9.85762e-08
3.99615e-07
-2.38205e-08
3.83758e-07
9.51384e-08
4.28076e-07
6.74273e-07
6.0949e-08
-1.68035e-14
-1.90663e-16
-1.94162e-12
-6.05331e-13
1.69458e-10
1.84269e-11
-2.05382e-08
-2.766e-09
-6.4158e-07
-2.0713e-07
-1.03473e-06
2.31632e-07
-1.32896e-07
4.06774e-07
1.29304e-09
-3.54374e-08
-5.08162e-11
-1.11371e-09
-4.28775e-09
9.22136e-10
2.55919e-09
5.80767e-08
9.42617e-10
-3.41352e-09
9.19109e-11
-1.38625e-08
-3.95722e-09
-7.61102e-10
7.34931e-10
-8.43902e-10
6.17804e-10
1.88798e-10
4.17275e-10
3.28688e-10
-1.07264e-09
1.47608e-09
1.82572e-09
-4.58106e-10
4.77102e-09
-5.757e-09
3.69719e-09
-1.90165e-09
4.12162e-09
1.6789e-09
4.9587e-10
3.06848e-08
-4.21367e-09
1.21471e-08
1.97418e-07
6.94747e-08
6.97747e-08
6.20853e-07
2.58252e-07
2.03034e-07
3.07362e-07
3.46357e-07
3.36381e-07
4.06304e-07
6.57663e-07
3.56979e-07
-7.06993e-16
-4.03066e-18
-5.60356e-13
-4.81586e-14
-5.68848e-11
7.27832e-11
-5.19123e-09
8.05479e-10
-5.87046e-07
-2.01002e-07
-9.55759e-07
1.22425e-07
-9.93577e-10
-3.08025e-07
7.57789e-10
1.14684e-08
-3.51503e-10
-1.54823e-11
-3.67809e-09
1.43647e-11
-6.10683e-10
5.0261e-09
-2.4077e-09
-1.40985e-09
-1.79682e-08
-1.21312e-08
-2.43993e-11
-6.44298e-10
-7.83402e-11
-5.04388e-10
1.47087e-11
-9.7874e-12
2.09621e-10
1.20746e-10
3.25242e-11
1.61955e-09
-5.39063e-09
6.34225e-09
-2.24151e-09
-6.12991e-09
-1.16225e-09
-3.02593e-09
-1.05919e-09
2.74223e-10
3.30748e-09
1.75536e-08
1.12559e-08
1.69154e-09
-2.50037e-08
6.94332e-08
1.41152e-07
3.94094e-07
3.40016e-07
8.47394e-09
3.31357e-07
3.58983e-07
2.94216e-07
4.44556e-07
7.99084e-07
1.54603e-07
2.49831e-17
4.34832e-19
-3.81415e-14
-1.00048e-14
7.0319e-11
2.38785e-12
6.51062e-10
1.9361e-10
-3.62451e-07
-1.37455e-07
-1.05437e-06
1.2616e-07
-8.9913e-07
4.00727e-07
-2.99398e-11
-8.52715e-07
-3.90209e-11
-1.30105e-11
-2.29153e-10
-7.62768e-12
-4.7494e-10
8.80007e-10
-1.68584e-09
-3.98407e-10
-6.05343e-09
-1.9094e-09
-9.3837e-11
-4.79162e-10
-1.01101e-10
-5.49356e-10
-1.17219e-12
-1.25099e-10
8.84063e-11
2.34052e-11
1.32773e-09
3.67704e-10
8.66081e-09
1.64332e-09
-2.48637e-09
8.64559e-09
-1.91528e-09
-1.87967e-09
-2.20087e-09
4.86362e-10
6.92044e-10
3.30416e-09
-1.06014e-09
-2.92736e-10
-2.01997e-07
1.00443e-07
-3.02915e-07
4.39618e-07
-3.09327e-07
-3.63171e-08
-1.08985e-07
1.23769e-07
-1.51339e-07
4.8741e-07
5.52965e-07
9.51909e-08
5.09321e-17
1.20706e-18
-9.07493e-15
-7.09872e-16
-4.9403e-14
2.38763e-12
-3.38258e-10
5.1847e-10
-3.8303e-07
-3.96399e-08
-1.06095e-06
8.9534e-08
-7.62116e-07
5.23094e-07
-1.11742e-11
-1.4886e-06
-1.67248e-11
-1.34588e-11
1.28599e-11
3.04978e-11
-1.33854e-09
2.27067e-09
-3.2875e-10
-3.99725e-10
-3.53514e-10
-1.3984e-09
-4.37872e-10
-3.1986e-10
-2.52972e-10
-1.48241e-09
-8.43642e-12
-1.14963e-09
1.85801e-11
-1.20097e-11
2.18148e-10
1.60562e-10
2.77794e-09
2.78621e-10
1.77959e-09
1.46676e-08
-1.48276e-09
4.59717e-10
-2.27927e-09
1.22359e-09
-2.43475e-09
3.41202e-09
-2.04976e-09
-9.8589e-10
-7.00361e-08
1.03668e-08
1.84136e-07
6.35804e-08
3.31924e-07
-1.88277e-07
8.38807e-08
2.78816e-07
-9.57157e-08
6.67513e-07
5.81253e-07
-1.53392e-07
-1.78655e-17
3.64057e-19
-7.44583e-16
-1.34883e-17
2.54785e-12
5.4135e-14
5.24373e-10
8.46623e-12
-1.07205e-07
-4.27259e-09
-8.14165e-07
2.7212e-08
-2.6348e-07
2.52205e-07
-3.46902e-11
-1.26224e-11
-3.19427e-11
-2.01957e-11
-3.92702e-11
6.60963e-11
-5.6258e-10
5.55896e-09
-2.34182e-11
-3.45969e-10
-2.18469e-10
-6.71545e-10
-9.28253e-12
-2.75644e-10
-9.35471e-10
-3.41347e-09
-7.55385e-11
-5.28197e-09
6.55118e-12
-1.03192e-10
3.89199e-11
1.1534e-10
-5.56249e-09
3.5054e-09
-1.55157e-09
1.24647e-09
-2.21906e-09
1.05604e-09
-1.53894e-09
5.07698e-10
-2.22536e-09
4.06667e-09
-2.13798e-09
-1.17918e-09
1.02352e-07
-1.29022e-07
6.72984e-08
1.27907e-07
-7.24985e-09
-3.07124e-08
-4.75885e-08
2.27675e-08
-2.67651e-07
7.53868e-07
4.87912e-07
-5.3145e-07
-8.38908e-19
7.85325e-20
-1.92443e-17
-1.78735e-18
4.72732e-14
6.31972e-16
8.45773e-12
-1.93185e-14
-2.7746e-08
-1.63334e-10
-2.76035e-07
-2.12818e-09
-5.31445e-13
2.3554e-09
-3.60659e-12
-1.18373e-11
-2.29777e-11
-1.85126e-12
-5.34169e-10
9.68788e-12
-1.80432e-11
5.20703e-09
-1.36656e-10
-3.96071e-11
-5.69722e-10
-4.54644e-11
-1.3747e-10
-2.86349e-13
-1.19451e-09
-7.5803e-13
-6.11339e-11
-4.48602e-09
3.01768e-11
-4.32726e-10
5.7935e-12
1.20366e-10
-6.54375e-09
3.17635e-09
-6.41067e-09
4.96244e-09
-3.22675e-09
1.12878e-08
-2.20018e-09
-5.56986e-10
1.70634e-09
2.02669e-10
5.0394e-08
-4.98104e-08
-7.32229e-08
6.8122e-08
-2.05898e-07
2.9893e-07
-9.39555e-08
4.18918e-09
-1.59899e-07
-5.25318e-09
-3.44108e-07
1.59578e-07
2.44723e-07
-8.50913e-07
-1.13128e-19
1.7502e-20
-2.80216e-17
-2.67547e-19
-3.28377e-16
5.05403e-16
-2.69037e-14
1.30245e-15
-2.34082e-10
-8.69924e-13
-2.37214e-09
-1.48375e-12
-2.45697e-12
-9.86138e-12
2.42282e-13
-1.50073e-11
-1.50608e-12
-3.73557e-13
-2.48749e-10
-9.42968e-13
9.25716e-11
4.2799e-11
4.50911e-11
-1.60984e-11
2.8669e-13
-6.92485e-13
2.26447e-15
-1.22185e-15
2.17007e-13
-9.99262e-13
8.09369e-10
-1.07558e-09
-1.72229e-11
-6.72784e-11
2.33922e-10
5.5381e-10
3.02901e-09
3.75869e-10
-8.74368e-10
1.35494e-08
4.63002e-09
1.20395e-08
2.5012e-09
1.94093e-10
-1.09643e-09
3.83e-09
-2.05375e-07
1.61434e-08
-1.99262e-07
3.31616e-08
-5.34768e-08
8.10104e-08
-1.40699e-07
7.58407e-08
-2.2065e-07
6.19981e-08
-1.37808e-07
5.10834e-08
1.41129e-07
-6.8943e-07
-1.86189e-20
3.60136e-21
-2.08234e-18
-4.16245e-20
-3.68866e-18
3.78231e-17
6.76095e-16
1.57794e-16
-8.7194e-13
4.09063e-16
-2.20951e-12
1.25989e-13
3.19109e-13
-1.7371e-13
-1.04139e-13
-8.3728e-15
-6.55859e-13
-5.14183e-14
-1.42956e-11
-1.52421e-13
1.6086e-11
3.67861e-12
6.88118e-13
-6.25864e-13
9.20515e-15
-1.27096e-14
7.9195e-15
-4.68463e-17
-1.81478e-12
-1.00023e-16
-2.10685e-12
-5.91728e-14
4.8084e-12
-6.47069e-11
3.28951e-10
3.24103e-10
6.45477e-10
5.85341e-11
2.38265e-10
1.44823e-08
-2.72532e-09
5.35189e-09
1.77748e-10
-2.72921e-09
3.07543e-09
9.77961e-10
-5.98806e-08
5.94955e-08
-1.43382e-07
4.96962e-07
-1.1246e-07
2.87838e-07
-9.20124e-08
3.93217e-08
-1.17976e-07
7.27387e-08
-6.19435e-08
7.66333e-08
1.57528e-07
-2.11634e-07
-3.26258e-21
6.71197e-22
-1.88367e-19
-5.619e-21
-1.22333e-18
3.34099e-18
2.09931e-17
1.07825e-16
2.67913e-16
2.58013e-17
1.27493e-13
4.56309e-15
7.71188e-15
-9.14244e-16
-4.82263e-16
-1.92795e-16
-8.70789e-14
-7.40707e-16
-2.08238e-12
-3.63344e-14
1.1517e-12
1.52753e-13
1.27209e-14
-5.31657e-15
9.08003e-17
-1.78121e-16
-9.06033e-19
-2.2228e-17
-8.6685e-17
-2.78994e-17
9.88728e-16
-6.02528e-14
-8.18682e-11
-1.60602e-11
2.33336e-11
3.20061e-10
7.76949e-11
4.77412e-12
2.03392e-08
1.69188e-09
1.29578e-08
2.65675e-08
2.21886e-10
1.59358e-08
-1.98104e-09
3.1563e-09
-1.52047e-08
7.97736e-08
-1.04129e-07
1.21731e-06
-6.91769e-08
7.26319e-07
-4.94812e-08
5.80077e-07
-4.72463e-09
1.86045e-07
1.4049e-07
1.5386e-08
2.84672e-07
1.50512e-07
-4.9813e-22
1.09316e-22
-1.84845e-20
-6.33531e-22
-1.63736e-19
3.19041e-19
7.50915e-19
1.50796e-17
5.19817e-18
1.64346e-17
4.32193e-15
3.50767e-16
8.87458e-17
-1.14195e-17
3.40641e-19
-2.7134e-16
-8.02006e-16
-9.23677e-17
-5.5562e-14
-1.04615e-15
6.07476e-14
1.31001e-14
7.48191e-16
-4.19231e-16
2.03958e-17
-5.13816e-17
9.83987e-18
-3.14407e-18
3.12001e-19
-4.42879e-17
-5.91322e-14
-1.13894e-15
-3.01694e-11
-6.33987e-13
1.13272e-12
6.63176e-13
6.56281e-12
-1.10696e-15
2.5462e-08
1.03916e-08
3.10862e-08
3.07297e-08
4.84605e-08
7.64184e-09
3.23944e-08
1.97053e-08
-5.85195e-08
7.43782e-08
-1.13684e-07
9.24609e-07
-2.21505e-07
8.8255e-07
-6.56716e-08
5.09526e-07
-5.10393e-08
2.20779e-07
-1.73637e-07
1.38464e-07
2.73693e-07
-1.60426e-07
-6.33506e-23
1.51417e-23
-1.72119e-21
-5.93721e-23
-1.66024e-20
2.91186e-20
9.1168e-20
1.55877e-18
8.33971e-19
4.15852e-18
1.19456e-16
2.16648e-16
2.84727e-17
-1.33993e-17
-2.37443e-18
-1.43115e-16
-2.70007e-16
-1.46874e-17
-6.05474e-15
-9.03499e-18
3.3204e-15
6.8675e-16
1.1269e-16
1.04574e-16
5.6222e-18
-1.24431e-17
7.54737e-19
-5.48739e-19
-5.04997e-17
-2.4495e-19
-8.87828e-16
-2.73164e-18
-6.33875e-13
-9.78421e-16
2.09728e-14
1.00118e-15
1.13327e-12
-7.52631e-13
1.32112e-08
1.33955e-09
2.3959e-08
3.21702e-08
2.18252e-08
4.5537e-09
1.27202e-08
2.01991e-09
8.26452e-09
5.68036e-09
-1.29694e-08
6.33185e-08
-1.06809e-07
5.86229e-07
-2.7591e-07
4.55748e-07
-3.05653e-07
2.50681e-07
-5.13186e-07
3.47508e-07
2.1732e-07
-4.56494e-07
-6.65922e-24
1.76099e-24
-1.50813e-22
-4.63394e-24
-1.17563e-21
2.53117e-21
7.52623e-21
1.12807e-19
1.08266e-19
4.82209e-19
1.45772e-17
1.72802e-17
2.05556e-17
-1.29152e-17
-1.19389e-20
-1.88847e-17
-5.63303e-18
-8.80684e-19
-3.15499e-16
-3.02069e-19
2.03531e-16
-1.68081e-16
2.69453e-17
1.5921e-17
1.62433e-18
-2.6881e-19
4.97791e-20
-5.11265e-21
-3.18914e-19
-1.91279e-19
-1.09026e-18
-3.62754e-18
-9.27747e-16
-2.90727e-17
-1.11272e-16
1.11012e-16
-7.51513e-13
-8.9093e-16
1.33905e-09
-2.14952e-13
1.08447e-08
2.12576e-09
3.48924e-10
-4.51916e-10
1.85323e-10
4.48528e-10
-5.81421e-11
1.76712e-10
2.19173e-09
-4.53632e-09
1.33455e-07
-5.2675e-09
1.29778e-07
1.95407e-08
2.71336e-08
4.99176e-08
-2.02525e-07
2.04238e-07
9.64133e-08
-5.96841e-07
-5.77561e-25
1.71337e-25
-1.26414e-23
-3.03225e-25
-6.16069e-23
2.13905e-22
4.53479e-22
6.10044e-21
9.98425e-21
4.03888e-20
9.924e-19
5.90557e-19
1.34667e-17
-3.85453e-18
-1.53283e-20
-2.32179e-18
-1.94726e-19
-4.55347e-20
-1.3089e-17
-4.62901e-21
8.46993e-18
2.27117e-17
1.1597e-18
3.45215e-19
3.15827e-20
-5.43334e-22
7.96908e-22
-2.886e-24
-2.12404e-19
-2.47053e-19
-2.64921e-18
-4.47823e-18
-1.98415e-18
-1.5585e-17
1.20063e-18
-1.4744e-18
-8.98117e-16
-3.35439e-19
1.12029e-14
-2.27748e-13
1.03037e-10
5.01094e-11
-5.12973e-11
-6.80514e-11
4.8285e-10
1.03613e-10
6.82832e-09
1.05838e-09
2.28141e-08
1.09021e-09
3.44273e-08
-2.81193e-10
4.81627e-08
-3.91449e-09
4.69422e-08
-2.25039e-09
5.51286e-08
7.55701e-09
-7.18118e-09
1.69976e-08
-4.1359e-26
1.39627e-26
-9.90779e-25
-1.67792e-26
-2.5242e-24
1.72692e-23
2.10087e-23
2.60946e-22
7.00615e-22
2.63738e-21
3.70774e-20
-6.80745e-24
2.93442e-18
-4.50136e-19
-2.79512e-22
-1.58189e-19
-2.01792e-21
-1.77035e-21
-2.16473e-19
-8.35919e-24
1.23557e-19
8.80763e-20
7.76221e-21
-1.01351e-25
6.3594e-23
-5.25863e-26
2.98605e-25
-6.36808e-27
-4.89416e-19
-1.42498e-25
-4.50534e-18
-1.33302e-23
-3.09451e-18
-9.28326e-20
-4.11759e-19
-4.10678e-19
1.0035e-19
-2.55012e-18
-1.82994e-14
-4.61306e-15
4.00396e-11
1.00094e-11
2.82461e-10
-9.21144e-13
6.04533e-10
2.68872e-11
1.81885e-08
9.97259e-10
3.03948e-08
5.61077e-10
3.01969e-08
3.04152e-10
1.51918e-08
8.10101e-10
1.33646e-08
-6.60513e-10
2.01977e-08
4.60328e-10
6.24303e-11
1.24323e-08
-2.44604e-27
9.55857e-28
-6.94628e-26
-7.94045e-28
-8.52616e-26
1.2848e-24
7.79276e-25
9.30208e-24
3.85241e-23
1.40035e-22
6.23239e-22
-4.36405e-24
2.55044e-19
-2.84893e-20
-1.65455e-23
-6.2877e-21
-2.95392e-24
-5.20058e-23
-4.16625e-22
-1.54991e-26
2.28626e-22
-2.75197e-28
1.20949e-24
-5.81248e-29
5.43903e-27
-6.10937e-28
9.28069e-28
-1.67846e-28
2.4934e-27
-1.01238e-24
1.03897e-24
-1.22925e-22
-4.17195e-20
-1.06642e-20
-1.1141e-19
-2.83637e-19
3.28661e-19
-3.85782e-18
-4.59496e-15
-2.01075e-17
9.95551e-12
4.30691e-14
2.98676e-10
2.76075e-11
6.00495e-10
5.1391e-12
2.75167e-09
1.01783e-10
4.39247e-09
3.19432e-11
3.69108e-09
3.16424e-11
1.43648e-09
6.43489e-11
5.7362e-10
7.40662e-11
7.15338e-10
1.68987e-10
2.42165e-11
6.71254e-10
-1.18667e-28
5.51168e-29
-4.18937e-27
-3.25092e-29
-2.52764e-27
8.58898e-26
2.40226e-26
2.93256e-25
1.68986e-24
6.29142e-24
5.48996e-24
-6.23125e-26
1.19902e-20
-1.06244e-21
-2.86729e-25
-1.44033e-22
-3.94759e-27
-8.78235e-25
-2.07997e-28
-2.12948e-28
1.01373e-28
-2.93542e-29
8.14485e-29
-3.69326e-30
5.52743e-29
-1.6444e-29
1.35006e-29
-2.88747e-30
-6.24625e-24
-2.96508e-25
-6.07163e-22
-2.18737e-22
1.7749e-21
-3.37013e-20
2.90435e-20
-3.27612e-19
-1.69446e-18
-1.84691e-18
5.60307e-19
-2.69652e-17
4.30899e-14
-1.74461e-17
9.24093e-12
-8.24974e-19
4.37174e-12
-1.67128e-12
2.77174e-11
-4.08596e-13
6.03045e-11
-5.51699e-12
9.64078e-11
-2.70524e-12
1.58538e-10
2.29346e-11
1.5692e-10
3.92629e-11
1.37123e-10
4.26302e-11
1.20952e-11
8.0277e-11
-4.64572e-30
2.68485e-30
-2.10202e-28
-1.16341e-30
-7.11171e-29
5.12057e-27
6.33905e-28
8.796e-27
5.9894e-26
2.52213e-25
3.3975e-26
-6.28842e-28
3.18097e-22
-2.38101e-23
-3.22418e-27
-1.76854e-24
-3.76089e-29
-6.93867e-27
-7.41784e-30
-5.03768e-30
3.23531e-30
-1.82828e-30
2.1641e-30
-1.48199e-31
1.1492e-30
-3.03349e-31
2.60707e-31
-3.13029e-32
-3.56268e-25
-4.9843e-28
-1.28787e-21
-1.33391e-24
-9.13574e-20
-1.01591e-21
-5.94111e-19
-4.37413e-20
6.50113e-19
-1.36268e-18
1.31854e-17
-2.30639e-17
3.00151e-17
-6.89362e-18
2.91619e-17
-8.57893e-20
3.42513e-11
-4.40948e-12
1.46536e-10
-3.27048e-11
2.2905e-10
-2.1108e-10
1.28207e-10
-1.5261e-12
1.41041e-10
1.33775e-11
1.17632e-10
6.5712e-11
4.71693e-11
9.14546e-11
3.13904e-11
-1.26873e-11
-1.42045e-31
1.10731e-31
-8.26162e-30
-3.67855e-32
-2.06714e-30
2.72119e-28
1.37678e-29
2.69682e-28
1.66038e-27
9.69286e-27
1.72248e-28
-8.40086e-30
4.47852e-24
-3.41715e-25
-1.40707e-29
-8.80566e-27
-5.36976e-31
-1.34874e-29
-2.09145e-31
-1.37589e-31
7.89684e-32
-7.79387e-32
3.98842e-32
-3.50963e-33
1.35117e-32
-3.65097e-33
1.65258e-33
-1.31785e-34
6.08363e-31
-6.34103e-36
-3.64203e-24
-5.91447e-38
2.58189e-23
-1.21419e-29
1.84214e-21
-1.58374e-23
1.09755e-19
-2.27576e-21
3.48267e-18
-9.26062e-20
2.80942e-18
-1.42261e-18
2.68014e-18
-6.22808e-20
1.96818e-10
-1.45779e-22
3.09636e-10
-5.9985e-11
1.37865e-10
3.74235e-11
-9.27757e-12
-3.37018e-12
5.0698e-11
3.60624e-11
4.37048e-11
7.6146e-11
2.77456e-11
1.12353e-10
6.08055e-11
7.19253e-13
-3.0045e-33
-2.02021e-31
-7.18707e-32
1.48845e-31
2.5689e-29
8.14813e-31
2.55436e-26
-1.78202e-32
-5.06593e-33
-2.57807e-33
7.25735e-34
2.93758e-34
4.78e-35
3.76432e-36
1.38907e-38
1.30998e-39
4.33756e-31
2.57035e-25
1.54586e-22
7.47283e-21
1.81216e-19
4.59528e-21
4.44946e-21
4.53909e-11
-1.6759e-10
-9.66509e-11
-9.39157e-11
-9.41205e-11
-7.66026e-11
-9.77918e-12
-8.15793e-08
-2.02277e-07
-4.02606e-08
1.59355e-08
5.77965e-08
3.20423e-07
6.67441e-09
6.87534e-08
-4.61417e-09
-2.34459e-08
-1.83528e-09
6.9373e-11
7.54523e-10
-7.63841e-10
1.33232e-09
8.50589e-10
-2.93828e-08
4.50881e-08
-1.95336e-08
4.89864e-07
-1.08663e-08
4.71239e-08
-1.29071e-08
-3.44491e-08
-7.81413e-08
-4.16827e-07
-1.24778e-07
1.76188e-06
-1.12566e-07
2.22668e-06
-1.30607e-08
-1.28907e-06
3.5999e-10
-2.82158e-08
-5.64377e-09
-9.47049e-10
1.6217e-08
-2.68961e-08
7.3679e-07
-1.15293e-06
7.20113e-07
-1.32114e-06
4.69966e-07
2.13305e-06
2.47841e-07
-3.90578e-07
5.90524e-08
3.96827e-07
1.65561e-08
8.13434e-07
7.62699e-09
7.82295e-07
-1.88369e-08
9.48851e-07
-5.22458e-08
7.79783e-07
1.05965e-07
-1.58274e-07
3.41211e-07
-8.46976e-08
-1.93356e-07
-1.4642e-08
-5.70692e-08
1.02874e-07
1.85798e-07
3.84676e-08
8.13971e-08
-2.1461e-09
-7.66714e-09
-1.83819e-09
7.62862e-10
5.12494e-10
-2.22493e-09
1.69161e-09
7.52364e-10
2.69192e-09
4.26839e-08
-1.01028e-08
5.15172e-07
3.40929e-08
5.054e-09
-7.76635e-10
-2.45473e-08
-1.50723e-07
-2.41137e-07
-1.09492e-07
1.72226e-06
-1.94733e-07
2.42264e-06
2.49873e-08
-1.00914e-06
-2.64376e-10
-1.1676e-09
-1.14458e-09
-3.2229e-10
-2.57068e-08
-1.90173e-08
3.538e-07
-3.48034e-07
5.92767e-07
-1.1364e-06
5.62548e-07
2.16891e-06
3.11658e-07
-1.09504e-07
7.48415e-08
6.35158e-07
2.0003e-08
8.68273e-07
1.39742e-08
7.88324e-07
-6.38276e-09
9.69208e-07
1.37065e-07
6.3644e-07
5.10335e-08
-3.93298e-07
3.95895e-09
3.47014e-08
-3.34448e-07
1.08428e-07
-1.30905e-07
2.08447e-07
5.2368e-08
3.05687e-08
1.87434e-07
-1.37486e-09
4.69791e-08
1.08061e-12
1.27839e-10
5.6966e-10
-2.42218e-09
2.14604e-10
1.94123e-09
-1.90888e-08
4.09954e-08
-1.1641e-08
5.18428e-07
1.87611e-08
-6.73816e-08
-5.67909e-09
-1.57803e-09
-2.33905e-07
-6.53077e-08
-7.29573e-08
1.56389e-06
-5.11736e-08
2.39019e-06
-1.76295e-09
-1.11099e-06
-5.43052e-11
-4.40827e-09
-3.03204e-09
7.58794e-11
-5.22317e-09
-4.9191e-09
-1.34743e-07
-6.14149e-08
4.08999e-07
-1.42701e-06
6.90778e-07
1.91731e-06
4.1422e-07
1.85499e-07
1.06624e-07
9.44264e-07
4.90227e-08
9.25874e-07
7.43554e-08
7.62991e-07
5.02717e-08
9.71157e-07
5.05685e-07
3.84479e-08
3.94283e-08
-4.26245e-07
-4.71588e-11
-2.29025e-07
-3.51032e-07
6.24965e-08
-4.27428e-07
3.24181e-07
-3.00745e-07
2.5501e-07
1.36173e-07
2.99262e-09
1.16923e-07
-2.89956e-09
-3.6153e-08
2.91539e-09
-8.75095e-09
-1.03544e-09
6.73452e-09
-7.42249e-09
3.81852e-08
-2.70488e-08
5.49655e-07
-1.33435e-08
1.11245e-07
-8.06789e-09
-8.09171e-09
6.49616e-08
-1.32082e-07
4.03102e-08
1.55485e-06
3.49494e-07
2.08984e-06
1.15384e-08
-8.89753e-07
1.9426e-10
5.40269e-09
-3.9439e-10
3.36855e-10
-6.04455e-09
-1.3775e-09
-3.58081e-08
-2.11053e-08
8.00634e-08
-7.31065e-07
6.60384e-07
1.39516e-06
4.42019e-07
4.11561e-07
1.41926e-07
1.24345e-06
1.92903e-07
8.74903e-07
2.76157e-07
5.51621e-07
2.25975e-07
4.58046e-07
7.55127e-08
-2.99741e-09
5.63895e-08
-5.66665e-07
-1.29794e-08
-4.16659e-07
-2.26682e-07
-2.67774e-07
-5.75022e-07
-7.46819e-08
-5.21427e-07
2.7251e-07
-5.0389e-07
3.70909e-08
-9.7966e-08
6.97317e-09
-1.16259e-08
8.09384e-10
-7.88064e-10
-4.6642e-09
1.23986e-08
1.37266e-08
5.2919e-08
-3.14596e-08
6.06466e-07
9.22701e-09
6.043e-08
2.19872e-09
-1.56452e-09
-9.38693e-08
-2.45607e-08
2.67642e-08
1.29741e-06
2.48786e-07
1.8774e-06
-5.61206e-09
-2.24474e-07
-2.39125e-10
-5.58549e-11
-7.15417e-11
2.15032e-11
-1.7918e-09
-5.56472e-11
-1.76787e-08
-6.89642e-09
-1.64428e-07
-3.88537e-07
9.95358e-07
3.94602e-07
7.44282e-07
6.84238e-07
3.06568e-07
1.68208e-06
4.37493e-07
6.71269e-07
4.76304e-07
2.96155e-07
3.85723e-07
1.60154e-07
1.51199e-07
2.8587e-08
1.07311e-08
-6.42868e-08
-3.03696e-09
-3.07559e-07
-1.52379e-07
-4.05606e-07
-4.7595e-07
-3.46959e-07
-5.8054e-07
-8.58982e-09
-9.17634e-07
5.24301e-08
-1.56348e-07
-4.83609e-09
4.61374e-08
-1.55542e-08
1.06697e-08
1.4655e-09
9.05718e-09
3.02778e-08
1.5162e-08
-2.91988e-08
2.93823e-07
-1.79601e-09
3.15323e-09
-1.70874e-09
-1.82432e-09
2.14524e-08
-4.52428e-08
1.17569e-07
2.25117e-07
-5.88158e-08
2.07138e-06
-9.15055e-11
1.71698e-08
-7.68751e-11
-1.60489e-10
-1.61663e-10
2.33812e-12
-1.36049e-09
9.78666e-10
-6.21211e-09
-2.40146e-09
-1.40342e-07
-1.6566e-07
7.19898e-07
-2.19777e-07
5.44631e-07
5.75531e-07
3.57966e-07
1.78728e-06
5.56411e-07
3.2568e-07
3.88482e-07
1.1928e-07
1.13323e-07
1.86767e-08
6.22459e-08
-1.60986e-08
1.52032e-09
-4.62838e-09
-1.18912e-09
-1.61676e-07
-7.95278e-08
-2.38371e-07
-3.99326e-07
-2.86909e-07
-5.30645e-07
-3.42292e-07
-8.65256e-07
-8.86e-08
-5.38926e-07
-5.37549e-09
-2.47318e-08
3.81042e-09
3.03491e-10
-8.48888e-10
8.43328e-09
-2.19725e-08
2.23765e-09
-5.14875e-09
-8.12867e-09
-1.07305e-09
-1.33405e-09
-1.49632e-09
-1.19127e-09
-3.40324e-08
-1.32061e-08
6.01785e-10
-1.25949e-08
-1.09975e-08
2.10392e-06
-1.20759e-09
5.40692e-08
-1.0182e-11
-1.42758e-09
-1.86772e-10
2.94375e-11
-1.70765e-09
3.25384e-09
-2.71728e-08
-1.96277e-08
-1.42737e-07
-4.19826e-07
-1.35111e-08
-3.61911e-07
2.66537e-07
1.17892e-07
4.30964e-07
1.58864e-06
6.87322e-07
1.21204e-08
4.3165e-07
3.91887e-08
6.9151e-08
2.174e-08
4.34688e-09
-6.13068e-09
1.26645e-10
-9.51888e-10
-6.2575e-10
-3.09193e-07
2.89744e-08
-3.26864e-07
-3.55448e-07
-2.63623e-07
-5.91282e-07
-3.2891e-07
-7.99543e-07
-5.32981e-07
-3.61605e-07
-8.40709e-08
-1.92052e-07
-6.5473e-09
1.45438e-08
-5.75246e-09
1.18652e-08
-9.2433e-09
1.28376e-08
-8.09737e-10
-8.87184e-09
1.72773e-10
7.5357e-10
-1.34037e-10
-7.54252e-10
-4.86575e-09
-8.17921e-09
-1.31564e-07
4.39275e-09
-7.07796e-08
2.04111e-06
1.46181e-10
8.8875e-09
1.65282e-11
-1.32148e-09
-3.99688e-11
2.83012e-11
-7.73122e-10
2.50729e-09
-6.11675e-08
-1.92494e-08
-7.49911e-09
-6.07972e-07
-1.14395e-07
-7.13994e-07
9.67769e-07
-4.51447e-07
7.93118e-07
1.72788e-06
7.21409e-07
-1.69394e-07
2.74156e-07
6.34355e-09
2.36791e-08
2.28924e-09
1.0773e-09
-2.39447e-09
9.98646e-11
-3.32337e-10
-3.15449e-11
-9.78045e-08
1.20851e-07
-1.55916e-07
-2.97673e-07
-2.27166e-07
-5.14042e-07
-3.69866e-07
-6.56791e-07
-6.37325e-07
-9.36558e-08
-5.69182e-07
-5.57709e-08
-2.62035e-08
1.7349e-07
-2.42925e-09
5.57764e-08
-5.07246e-09
2.79341e-08
-1.04193e-09
8.59386e-09
-3.88767e-11
1.6841e-10
-3.84203e-11
-5.63246e-10
-4.47179e-09
-3.31698e-09
-2.4967e-08
-1.84945e-09
2.11168e-08
2.00115e-06
9.57005e-10
-4.61252e-11
-7.12096e-11
-3.71003e-10
-2.14843e-10
5.95441e-11
-3.75605e-10
3.5309e-10
-1.39184e-08
-5.19624e-10
-1.94044e-07
-1.56263e-08
1.03493e-07
-3.80633e-07
3.93862e-07
-3.76406e-07
8.49029e-07
9.83699e-07
6.1461e-07
-2.4857e-07
2.89188e-07
-5.90289e-08
2.24247e-08
-2.50024e-08
2.46197e-10
2.76991e-11
3.27726e-11
-1.23071e-10
-5.2495e-13
-1.43989e-07
3.14019e-07
-2.88878e-07
-1.62194e-07
-3.81463e-07
-4.43564e-07
-3.74071e-07
-6.64151e-07
-6.41476e-07
1.73809e-07
-8.48865e-07
1.52863e-07
-6.50325e-07
3.21276e-07
-2.00217e-07
8.04629e-07
-3.07665e-08
4.45044e-07
-6.18874e-10
4.53268e-08
-3.60486e-10
-2.57037e-11
-1.89041e-11
-6.80238e-10
1.38763e-10
-4.37998e-09
4.23587e-08
-4.72518e-08
-1.74425e-09
1.29533e-06
-1.67938e-10
-5.20484e-09
3.05674e-11
-6.25961e-10
-7.58821e-12
4.69033e-11
-2.04303e-11
3.75179e-11
-5.44563e-10
-2.48359e-12
-1.55802e-08
-5.9865e-10
4.67259e-10
-8.4661e-09
1.62763e-07
-1.01087e-07
7.38164e-07
4.33208e-07
6.91602e-07
-2.98205e-07
2.24646e-07
-1.52817e-07
2.71942e-09
-2.62119e-08
7.95606e-11
7.12776e-11
1.08863e-12
-4.5747e-11
-7.26046e-14
-3.08719e-08
3.96106e-07
-2.32819e-07
2.92586e-08
-2.76536e-07
-4.23449e-07
-3.46228e-07
-5.94449e-07
-6.61091e-07
4.88675e-07
-7.71166e-07
2.63128e-07
-8.94133e-07
4.4667e-07
-6.37477e-07
1.22102e-06
-3.37915e-08
7.17934e-07
-5.9302e-10
1.21917e-08
-2.6454e-10
-2.6571e-10
-8.66646e-11
-8.13514e-10
-3.2977e-09
-1.1513e-09
-1.69908e-07
-3.4375e-08
3.84183e-08
8.52379e-09
2.25238e-10
-5.59737e-09
7.85846e-11
-5.27844e-10
2.64324e-12
8.10303e-11
-4.36808e-12
3.22601e-11
-1.09532e-11
-3.4699e-12
-2.06461e-10
-4.05319e-10
-7.55388e-09
-1.11929e-09
-9.30907e-08
-3.23875e-08
7.87857e-07
1.10667e-07
6.17822e-07
-1.316e-07
2.30569e-07
-2.29746e-07
2.88798e-10
-1.56312e-08
3.77877e-11
2.87519e-10
1.5024e-13
-8.48366e-12
-8.33619e-15
1.65623e-07
5.52844e-07
-1.93581e-07
3.76872e-07
-4.61099e-07
-1.68186e-07
-5.47068e-07
-5.08482e-07
-7.92356e-07
7.33951e-07
-9.64058e-07
4.34926e-07
-1.16194e-06
6.46519e-07
-9.15046e-07
1.29206e-06
-8.95988e-09
6.22335e-07
-5.77012e-10
3.89468e-09
-1.17274e-10
-5.25731e-10
-9.92211e-12
-8.14967e-10
3.75713e-10
-1.46221e-09
2.98652e-09
-3.50869e-08
9.60504e-09
1.1101e-09
9.90902e-10
-8.28021e-12
-2.21815e-11
-2.91729e-13
5.11776e-12
6.69617e-11
-5.76189e-12
2.58287e-11
-2.36138e-11
-5.43709e-14
6.17554e-11
-4.23795e-10
-9.22354e-10
-1.73992e-12
-6.34735e-09
-1.0752e-09
8.07896e-07
-5.37777e-07
6.63395e-07
-7.68838e-08
8.67172e-08
-1.66745e-07
-2.25874e-10
-2.76411e-09
6.72293e-12
4.91277e-11
2.54284e-14
-1.67732e-12
-8.69068e-16
-1.94491e-07
8.7905e-07
-3.33142e-07
5.20021e-07
-4.73039e-07
-4.69452e-08
-4.34097e-07
-5.47241e-07
-5.26607e-07
8.2645e-07
-7.06469e-07
6.14726e-07
-1.01917e-06
9.60152e-07
-8.76871e-07
1.50125e-06
-3.02892e-09
6.03873e-07
-1.14652e-10
1.27402e-09
2.49286e-10
-6.80782e-10
-7.49685e-11
-5.17225e-10
-6.40439e-09
-2.26271e-09
-1.37081e-09
-1.40795e-08
-1.44345e-13
-2.59606e-10
3.27887e-13
-8.76704e-12
2.5418e-14
-4.05022e-14
6.45861e-12
2.48653e-12
-8.07488e-12
2.49398e-11
-3.17345e-11
2.32436e-13
2.98434e-13
-1.52784e-10
6.46118e-13
-3.19222e-13
1.14914e-08
-1.25636e-08
7.41603e-07
1.75784e-07
6.23726e-07
-1.1006e-08
6.55492e-08
-1.70643e-07
9.4457e-12
2.72431e-10
1.46812e-12
5.41484e-11
2.09734e-15
-1.76398e-13
-2.24501e-17
1.13598e-07
9.00032e-07
-1.09771e-07
7.12769e-07
-4.12723e-07
2.22993e-07
-5.92446e-07
-3.69099e-07
-7.5371e-07
9.87653e-07
-8.47438e-07
6.91686e-07
-9.7646e-07
1.08377e-06
-9.81845e-07
1.81658e-06
-1.3023e-09
6.41401e-07
2.12132e-13
3.86876e-10
3.14615e-10
-5.26377e-10
1.95562e-10
-3.84352e-10
2.937e-09
-3.70615e-08
-3.38018e-09
-4.53305e-09
-9.094e-11
2.8585e-09
-7.96987e-14
-9.96775e-11
-8.98454e-14
-6.39849e-14
1.4301e-12
9.07575e-13
-2.34593e-11
3.32565e-11
-9.1504e-12
1.29967e-11
6.3316e-12
-2.32368e-11
6.00219e-12
-3.16454e-14
1.97172e-09
-7.71516e-14
6.81411e-07
4.01638e-07
4.76042e-07
1.04066e-08
1.21415e-08
-7.28995e-08
-4.95774e-11
-1.58985e-10
1.60991e-13
4.02088e-12
3.08274e-17
-1.56406e-14
-1.75027e-18
-2.46712e-07
9.93303e-07
-5.53886e-07
8.74627e-07
-7.99552e-07
3.31934e-07
-8.89406e-07
-2.79693e-07
-7.8031e-07
8.78312e-07
-9.20333e-07
8.30817e-07
-1.18613e-06
1.34849e-06
-8.12339e-07
1.52447e-06
-7.67575e-10
4.55482e-07
-1.0338e-10
-5.47119e-12
1.25653e-10
-5.55278e-10
1.42991e-10
-3.07439e-09
-2.70915e-09
-3.24839e-08
-7.96473e-09
3.05884e-09
-3.25114e-10
1.53518e-08
-7.44595e-14
-4.24752e-10
-5.93713e-14
-1.13146e-13
7.6852e-13
4.3815e-14
6.37745e-13
1.54734e-11
-8.98162e-14
4.30344e-11
-5.54542e-16
-2.35487e-11
4.17171e-15
-8.16661e-14
1.14841e-13
-2.39441e-13
4.8543e-07
1.2169e-07
2.3749e-07
4.18389e-09
1.02728e-09
-5.54088e-09
-4.05678e-12
-3.84564e-11
1.43979e-14
-7.86481e-14
-3.99632e-17
-6.19128e-16
-1.50138e-19
-6.63374e-07
1.07402e-06
-1.43249e-07
2.79345e-07
1.53215e-07
-4.69684e-08
-4.88687e-07
4.06857e-07
-7.66125e-07
1.15522e-06
-1.13488e-06
1.19879e-06
-1.08684e-06
1.26195e-06
-3.29031e-07
3.43521e-07
-4.74342e-10
1.19955e-08
1.32339e-10
-4.16746e-10
4.70096e-11
-3.7745e-10
-7.70204e-09
-1.19618e-09
-1.94995e-08
-1.8408e-08
-2.1255e-08
6.65263e-09
-3.24724e-09
1.41091e-08
-1.50387e-12
-1.31469e-09
-7.40256e-14
-1.57799e-12
6.44184e-14
-1.33436e-13
2.99004e-12
3.14319e-12
8.55155e-12
6.9205e-11
6.35731e-14
-2.75022e-11
-2.12814e-15
-3.9975e-14
9.07742e-13
-1.1974e-12
9.26456e-08
1.27122e-10
1.43991e-08
-4.19876e-11
4.6203e-11
-8.51751e-11
7.51552e-14
-3.21147e-13
7.80236e-16
-4.81375e-15
3.71304e-18
-9.05755e-18
-2.4663e-21
-6.38938e-07
6.63324e-07
-3.36508e-07
-3.41759e-08
-5.51185e-07
8.97289e-08
-1.19508e-06
1.04958e-06
-1.31675e-06
1.27612e-06
-1.17025e-06
1.05082e-06
-3.0287e-07
4.30129e-07
-8.74423e-09
4.76237e-08
-4.19276e-10
3.80298e-09
9.51448e-12
-7.94024e-10
-2.92355e-10
-1.149e-10
-2.30011e-09
-6.08756e-11
-2.06702e-08
-1.00444e-09
-1.13076e-08
-4.93826e-10
-8.22533e-09
1.34841e-08
-3.17467e-11
-2.35577e-10
-3.45957e-13
-3.29724e-11
8.48701e-14
-6.06267e-13
4.28891e-12
3.05009e-12
3.47157e-11
6.5244e-12
3.4762e-14
-2.55816e-12
-5.48141e-16
-3.32596e-15
9.50212e-14
-8.77881e-13
1.27355e-10
-1.42613e-13
8.53556e-11
1.55477e-13
1.6085e-13
1.32117e-15
4.76087e-15
1.0881e-15
2.2002e-17
-1.566e-17
2.61695e-19
-1.73896e-18
2.07686e-20
-6.62126e-07
2.97742e-07
-6.98032e-07
8.66291e-08
-8.12135e-07
4.5803e-08
-1.06161e-06
1.12669e-07
-1.24409e-06
5.51606e-07
-5.81696e-07
2.32784e-08
-4.74987e-08
6.40898e-10
6.14238e-10
-1.02887e-09
7.1813e-10
3.73561e-09
-1.13965e-11
-7.09135e-10
-4.31082e-11
-1.2571e-10
1.06457e-11
-1.61939e-10
-1.11341e-10
-9.31038e-10
8.32582e-10
-3.39422e-09
1.66328e-08
-4.83351e-10
-5.46257e-10
2.52753e-08
-3.86515e-12
-5.75067e-10
-3.02354e-13
-4.15129e-12
2.46601e-12
6.60397e-12
2.47372e-12
-7.31301e-13
3.54979e-15
-8.666e-14
2.77761e-16
-6.10446e-17
-4.83787e-16
-2.49157e-16
-1.46865e-13
-9.36644e-17
-8.49912e-16
6.1725e-15
-5.75821e-16
9.28222e-16
5.37426e-17
3.00177e-16
3.18645e-18
5.82539e-17
4.89501e-20
-3.57466e-19
7.52802e-21
1.68467e-08
-5.85531e-08
-2.92974e-07
3.71088e-07
-4.90582e-08
6.00373e-08
-1.32718e-07
5.08053e-08
-1.30423e-08
7.39847e-09
1.9372e-09
-1.68918e-10
-1.53184e-09
3.87234e-09
-3.13967e-09
3.81864e-10
-9.10092e-10
9.18842e-10
-3.33409e-10
-2.54666e-09
-1.04459e-10
-4.00798e-10
-4.42783e-12
-3.09277e-10
-9.23333e-10
-8.6879e-11
-3.2308e-08
7.7006e-10
-2.36596e-08
-7.74999e-09
-4.00001e-09
4.54906e-09
-4.02849e-11
-8.23277e-10
-3.23991e-12
-4.0874e-11
9.17522e-13
3.72505e-12
8.58371e-14
6.39625e-15
3.43433e-17
-8.58606e-16
-1.84916e-18
-2.21856e-17
-1.09065e-16
-1.20471e-16
-4.08119e-15
-1.47534e-17
-1.42059e-16
1.08541e-16
-1.45243e-17
4.07963e-16
1.31032e-18
2.39193e-16
4.8436e-19
8.82897e-18
1.06064e-20
-6.27892e-20
1.86525e-21
-1.0199e-07
2.63401e-07
-2.94591e-07
6.81574e-07
-4.94076e-08
2.25513e-07
1.13381e-09
-5.90695e-10
5.63455e-09
1.8685e-09
-2.09364e-09
1.70094e-09
-1.36438e-09
2.97725e-09
-2.28133e-09
1.09352e-09
-1.37057e-09
-1.22822e-09
-8.17838e-10
-3.03589e-09
-3.31175e-10
-3.25321e-09
4.69823e-10
-5.16034e-09
-1.07315e-10
1.12945e-11
-9.90755e-10
4.32987e-10
-1.20301e-08
6.6311e-10
-7.84641e-09
1.54484e-09
3.69942e-11
-7.82246e-11
-3.69233e-12
-1.41568e-13
-5.38133e-15
4.21462e-14
8.55042e-16
-4.93301e-19
6.06269e-18
-2.26781e-18
9.49326e-19
-8.78057e-18
-1.44167e-17
-8.17535e-17
-6.92473e-17
-2.22728e-17
-2.29399e-17
2.96091e-17
-2.37083e-18
6.65213e-17
1.05729e-19
2.98034e-17
5.78499e-20
1.02588e-18
2.02746e-21
-9.15698e-21
3.79042e-22
-4.99717e-07
5.84274e-07
-5.03223e-07
1.01418e-06
-5.21965e-09
1.97461e-07
-1.62623e-09
-5.20124e-09
-1.20466e-09
1.22667e-09
-1.00713e-09
1.28194e-09
-1.25828e-10
1.96841e-09
-1.08721e-09
1.89991e-09
1.0242e-09
-3.06116e-09
7.24425e-10
-2.6621e-09
7.02183e-10
-3.1482e-09
7.12981e-10
-5.07839e-09
8.38946e-11
2.68655e-12
4.90542e-10
-1.62095e-12
4.75286e-09
1.6534e-09
-1.32342e-09
8.9754e-09
-1.46729e-12
-1.40016e-09
-2.90149e-14
-1.58593e-12
-1.46929e-19
1.3139e-14
9.58559e-20
-2.35109e-19
5.57294e-20
-3.79567e-19
-1.75059e-19
-1.10779e-18
-1.8286e-17
-1.59993e-17
-7.31369e-18
-1.5626e-17
-5.15384e-18
-5.35527e-20
-3.26211e-19
1.19207e-17
8.53442e-21
3.48052e-18
6.49699e-21
1.11934e-19
3.22586e-22
-1.09973e-21
6.47194e-23
-3.97914e-07
4.81574e-07
-1.95081e-07
7.8584e-07
1.22219e-08
-2.07998e-10
-9.07241e-10
7.71237e-09
-1.26766e-09
1.45612e-09
-2.12855e-09
1.87833e-09
-1.27685e-09
1.53961e-09
-2.64659e-10
1.14538e-09
1.81345e-10
-4.8632e-11
1.11138e-09
-1.0904e-10
1.72446e-09
-3.66942e-09
8.38897e-10
-4.09348e-09
1.98525e-11
1.67545e-10
1.42376e-12
-1.3467e-11
1.63391e-09
2.14257e-10
-3.49173e-10
1.22584e-08
1.24052e-12
-6.29803e-10
-1.27618e-14
-3.33751e-13
-6.1489e-22
3.88957e-16
4.41549e-20
-3.156e-19
6.44318e-21
-3.25508e-20
2.60682e-20
-8.09222e-20
-7.6977e-18
-1.23016e-18
-3.26825e-19
-1.3133e-18
-8.3979e-19
-8.05134e-21
-3.54589e-20
1.56849e-18
4.85344e-22
3.30036e-19
7.15383e-22
1.20647e-20
4.19724e-23
-1.09048e-22
9.22341e-24
-5.33409e-07
1.32625e-07
-9.35248e-10
1.26576e-09
-3.03635e-09
-1.27833e-10
-8.56067e-10
1.28733e-09
-9.35828e-10
1.43164e-09
-1.6043e-09
2.33594e-09
-1.18387e-09
1.38094e-09
-1.54732e-12
2.16734e-10
-2.08474e-12
-5.72586e-11
3.74154e-11
-1.6053e-10
1.41991e-09
-3.27979e-09
-5.32094e-11
-1.42128e-11
-1.4196e-11
-2.82605e-12
-4.46132e-11
-4.17297e-12
-4.36556e-09
1.01044e-09
-3.12469e-10
4.12227e-09
3.3907e-13
-1.13358e-10
-3.63783e-16
-7.88351e-18
1.88312e-18
8.44433e-18
5.69385e-20
-7.0041e-20
9.1953e-22
-2.83568e-21
2.72332e-22
-2.8498e-21
-6.8518e-19
-2.85856e-20
-1.06043e-20
-4.72033e-20
-9.52706e-20
-6.49672e-22
-2.78043e-21
1.40859e-19
9.01312e-24
2.28083e-20
7.37989e-23
1.23284e-21
4.45899e-24
-8.98813e-24
1.09104e-24
1.80209e-08
-5.95095e-09
5.23228e-09
-3.61368e-09
8.08917e-11
5.37026e-09
2.85865e-10
8.82715e-10
3.6256e-10
1.22167e-09
6.75776e-11
1.00732e-09
-2.81213e-10
6.38648e-10
-1.63449e-11
-1.04585e-12
-4.30502e-12
-8.12867e-11
-3.17376e-10
-4.38336e-11
-2.21836e-12
-6.76839e-10
-2.11366e-11
-9.68289e-12
5.90319e-13
-9.23176e-15
-1.40162e-11
-1.24453e-13
-1.57871e-10
2.93719e-15
2.64648e-10
9.69629e-12
-3.85913e-16
-8.50714e-12
-2.23948e-19
-4.00276e-16
3.09813e-19
4.62412e-19
8.53651e-21
-5.69088e-20
5.63479e-23
-7.12177e-22
2.02406e-23
-9.58546e-23
-1.97641e-20
-4.0494e-22
-4.71753e-22
-9.19798e-22
-7.64906e-21
-4.42746e-23
-1.58126e-22
8.62989e-21
-1.36657e-25
1.15462e-21
6.75466e-24
1.13506e-22
3.88129e-25
-6.20939e-25
1.07086e-25
6.0988e-09
-2.31603e-10
2.47866e-09
-1.18092e-10
4.35069e-09
5.97741e-11
2.35943e-10
1.3973e-09
-1.45349e-10
1.31529e-09
7.1339e-11
8.46966e-10
2.39502e-11
2.44078e-11
8.61355e-13
9.93742e-12
-1.70817e-10
-1.04622e-11
-5.33691e-10
-9.9714e-11
-6.39875e-11
-2.65754e-09
-3.81317e-15
-8.98147e-11
-1.44403e-14
-5.26149e-16
-1.37508e-13
-1.7605e-15
-1.93519e-13
-1.87656e-15
8.92564e-12
4.76889e-14
5.28342e-16
-4.41938e-14
2.33794e-17
-1.8706e-19
5.4854e-19
2.95748e-19
6.77692e-21
-2.48879e-22
1.68412e-23
-2.60317e-24
6.7407e-25
-2.09854e-24
-3.1476e-22
-4.21436e-24
-2.16176e-23
-1.18519e-23
-4.42633e-22
-2.26299e-24
-6.74358e-24
3.57218e-22
-2.38144e-26
4.45154e-23
5.28981e-25
9.12793e-24
2.77618e-26
-3.62893e-26
8.74549e-27
4.33733e-10
-3.92646e-11
3.17466e-10
-8.86376e-12
3.25648e-10
3.82726e-11
1.14333e-09
1.5429e-10
1.11349e-09
8.76021e-10
2.3896e-10
1.7377e-09
3.36264e-11
2.27814e-10
1.81705e-11
2.12506e-11
1.09111e-11
-7.54656e-12
2.81801e-10
-4.50761e-10
-2.96452e-11
-1.47944e-09
-4.00442e-14
-4.86121e-10
-3.76658e-17
-4.08827e-14
-1.81259e-15
-1.66502e-18
-3.50649e-15
-8.17411e-17
4.42134e-14
-4.16905e-19
4.35112e-18
-7.1555e-19
3.86315e-21
-1.95732e-20
3.39994e-21
-3.01765e-23
2.47323e-23
-1.54274e-23
5.15933e-26
-1.75602e-25
6.5725e-27
-3.4178e-26
-3.25767e-24
-4.8657e-26
-8.00579e-25
-1.36503e-25
-1.88191e-23
-9.17445e-26
-2.25093e-25
9.52377e-24
-2.36577e-27
1.38123e-24
3.47132e-26
6.33071e-25
1.6348e-27
-1.81091e-27
5.96744e-28
5.47109e-11
-6.68634e-13
5.04196e-11
1.094e-12
8.08881e-11
7.08446e-12
2.17357e-10
1.87228e-11
1.4782e-09
1.45145e-10
1.23372e-09
1.91064e-09
1.71271e-10
1.29083e-09
3.20852e-11
1.56505e-10
1.74893e-11
2.07417e-12
8.23276e-11
-8.1315e-12
-1.89624e-10
-2.73541e-10
-2.99541e-12
-6.39234e-10
-5.09553e-19
-3.03629e-12
-1.43759e-18
-2.27622e-18
2.92605e-19
-8.08039e-18
1.75224e-19
-1.72631e-19
3.32741e-20
-3.24707e-20
1.75627e-21
-3.78526e-22
7.99529e-23
-9.41857e-25
1.30277e-24
-9.97726e-26
3.41576e-27
-7.71909e-28
1.03684e-28
-7.0612e-28
-2.94104e-26
-1.25809e-27
-2.39128e-26
-3.64037e-27
-6.02903e-25
-3.1322e-27
-6.20652e-27
1.2847e-25
-1.65299e-28
3.7277e-26
1.88128e-27
3.78266e-26
7.91906e-29
-7.78588e-29
3.41493e-29
1.00448e-12
1.04511e-11
8.3515e-12
3.79643e-12
1.17014e-11
3.079e-12
2.58878e-11
5.11832e-12
7.17023e-10
3.6437e-11
1.17259e-09
1.61627e-09
7.33339e-10
1.78537e-09
1.2785e-10
6.18157e-10
4.06506e-11
1.36046e-11
2.91489e-11
4.92701e-14
4.47852e-10
-5.93096e-12
1.48314e-11
-1.66236e-12
-3.93744e-17
-3.28548e-15
-3.43526e-18
-3.9874e-17
-1.65232e-20
-1.34896e-18
6.45363e-20
-8.99569e-20
6.26726e-22
-6.91864e-21
2.52169e-23
-6.04271e-23
6.6956e-25
-2.29037e-25
6.59057e-27
-1.06639e-26
1.23016e-29
-4.41514e-29
7.26996e-31
-2.3412e-29
-5.79711e-28
-3.79093e-29
-5.81388e-28
-1.30326e-28
-1.5063e-26
-9.42243e-29
-1.48287e-28
-4.26892e-29
-6.87876e-30
9.62024e-28
8.25855e-29
1.95971e-27
3.13066e-30
-2.91571e-30
1.64388e-30
-2.13858e-12
1.52843e-11
1.44608e-12
4.03316e-12
1.42358e-12
2.52551e-12
2.00405e-12
3.83224e-12
1.73689e-10
4.70694e-11
5.65646e-10
7.41283e-10
1.11692e-09
1.42949e-09
1.5571e-10
3.89361e-10
1.01794e-12
1.05678e-11
6.07833e-13
1.77168e-13
1.66309e-12
9.09737e-16
3.24857e-15
-3.43567e-15
2.6092e-17
-2.9195e-17
3.22695e-18
-9.73131e-19
3.37152e-19
-1.09193e-21
3.06909e-20
-8.04718e-26
3.37895e-22
-2.24459e-28
4.19823e-24
-3.29484e-30
7.39362e-26
-4.79718e-33
4.61496e-28
-1.43106e-32
5.17963e-31
-9.25357e-32
9.48532e-33
-7.53526e-31
-1.33553e-29
-1.04025e-30
-1.09473e-29
-4.92906e-30
-2.96882e-28
-2.50945e-30
-2.96917e-30
-4.57248e-30
-8.63756e-32
2.57156e-29
2.79607e-30
8.89369e-29
9.94988e-32
-9.61097e-32
6.69065e-32
-1.74639e-12
-9.02735e-14
-4.44075e-13
5.40981e-12
6.78261e-11
2.7304e-10
2.29737e-10
-8.85234e-12
-1.42847e-13
9.91562e-15
3.62875e-15
4.13282e-17
3.28666e-18
-2.44509e-24
-4.62179e-27
-3.11412e-30
1.60645e-30
5.73058e-32
5.44588e-34
1.78936e-34
4.34876e-34
1.44093e-34
-1.89239e-31
-1.05864e-31
-3.43473e-30
-3.29889e-32
3.60891e-33
5.74464e-32
2.25146e-33
)
;

boundaryField
{
    leftWall
    {
        type            calculated;
        value           uniform 0;
    }
    rightWall
    {
        type            calculated;
        value           uniform 0;
    }
    lowerWall
    {
        type            calculated;
        value           uniform 0;
    }
    atmosphere
    {
        type            calculated;
        value           nonuniform List<scalar> 
120
(
5.67316e-07
1.76116e-07
2.09843e-08
2.6696e-08
8.86544e-09
4.98852e-10
8.4071e-10
1.32969e-10
3.47992e-13
5.3366e-14
1.15366e-14
5.88541e-16
1.70821e-16
4.10703e-18
4.80629e-19
2.09542e-20
0
0
0
6.90809e-25
7.54734e-25
1.76346e-25
2.71475e-26
3.13997e-27
2.84175e-28
2.06306e-29
1.18457e-30
5.30855e-32
1.92201e-33
7.0459e-35
3.86822e-33
0
1.28967e-29
8.76422e-30
3.81819e-28
0
0
0
0
0
0
0
0
0
0
0
0
0
0
0
0
0
0
0
4.16263e-10
0
2.20772e-11
8.0076e-11
9.44661e-11
1.71784e-11
2.49965e-12
1.81352e-12
2.25573e-12
9.97714e-12
8.90359e-11
3.12401e-10
5.2441e-10
1.06227e-10
1.58259e-12
4.48044e-14
5.93253e-15
4.44552e-18
0
0
0
0
0
0
0
0
0
0
0
0
0
0
7.40905e-31
3.57964e-30
0
2.32923e-33
5.73264e-07
2.0689e-07
1.85453e-08
2.50578e-08
1.08971e-08
7.16258e-10
8.83003e-10
1.5165e-10
5.76254e-13
1.00584e-13
1.97605e-14
1.3623e-15
1.15643e-16
5.85062e-18
1.29927e-19
0
0
0
0
0
0
0
0
0
0
0
0
0
2.27747e-34
3.04165e-35
)
;
    }
    defaultFaces
    {
        type            empty;
        value           nonuniform 0();
    }
}


// ************************************************************************* //
