/*--------------------------------*- C++ -*----------------------------------*\
| =========                 |                                                 |
| \\      /  F ield         | OpenFOAM: The Open Source CFD Toolbox           |
|  \\    /   O peration     | Version:  2.4.0                                 |
|   \\  /    A nd           | Web:      www.OpenFOAM.org                      |
|    \\/     M anipulation  |                                                 |
\*---------------------------------------------------------------------------*/
FoamFile
{
    version     2.0;
    format      ascii;
    class       surfaceScalarField;
    location    "0.182";
    object      phiAlpha;
}
// * * * * * * * * * * * * * * * * * * * * * * * * * * * * * * * * * * * * * //

dimensions      [0 3 -1 0 0 0 0];

internalField   nonuniform List<scalar> 
7080
(
3.37474e-08
-3.37474e-08
6.73683e-08
-3.36209e-08
8.95369e-08
-2.21686e-08
9.42622e-08
-4.72528e-09
8.62513e-08
8.01092e-09
6.23409e-08
2.39104e-08
3.75863e-08
2.47546e-08
1.57411e-08
2.18453e-08
-1.81894e-09
1.756e-08
-1.07143e-08
8.89539e-09
-1.28569e-08
2.14258e-09
-2.44057e-08
1.15488e-08
-3.02713e-08
5.86572e-09
-3.80922e-08
7.82088e-09
-4.17161e-08
3.62388e-09
-2.25913e-08
-1.91248e-08
1.11688e-08
-3.36853e-08
2.39985e-08
-1.28299e-08
1.6204e-08
7.79444e-09
-3.41845e-08
5.03969e-08
-1.38096e-07
1.04585e-07
-1.94012e-07
5.72863e-08
-1.83831e-07
-1.02052e-08
-1.82358e-07
-1.49453e-09
-1.72088e-07
-1.02904e-08
-1.35512e-07
-3.71536e-08
-9.28357e-08
-4.33218e-08
-5.95828e-08
-3.35652e-08
-3.13784e-08
-2.84925e-08
-2.69172e-08
-4.72101e-09
3.18941e-08
-6.56415e-08
7.8092e-08
-7.98188e-08
1.17836e-07
-6.19129e-08
1.36551e-07
-2.34402e-08
1.40502e-07
4.06027e-09
1.25033e-07
3.93791e-08
1.02884e-07
4.69041e-08
8.17567e-08
4.29722e-08
5.8421e-08
4.08958e-08
4.43759e-08
2.29405e-08
3.76951e-08
8.82338e-09
1.60036e-08
3.32403e-08
7.72686e-09
1.41425e-08
-2.24256e-08
3.79734e-08
-3.3843e-08
1.50413e-08
-3.16876e-08
-2.12787e-08
-2.56654e-08
-3.96026e-08
-1.5378e-08
-2.31148e-08
-6.18545e-08
5.43126e-08
-1.76955e-07
1.65545e-07
-2.92519e-07
2.20527e-07
-3.09385e-07
7.44939e-08
-2.77868e-07
-4.16286e-08
-2.50565e-07
-2.88795e-08
-2.06854e-07
-5.43241e-08
-1.51544e-07
-9.24602e-08
-1.02935e-07
-9.19277e-08
-6.77708e-08
-6.87254e-08
-3.35454e-08
-6.27444e-08
-5.78804e-08
-2.60936e-09
2.65934e-08
-9.22349e-08
7.3204e-08
-1.26429e-07
1.1602e-07
-1.04729e-07
1.37929e-07
-4.53491e-08
1.45782e-07
-3.79202e-09
1.3524e-07
4.99204e-08
1.17076e-07
6.50686e-08
1.02152e-07
5.78961e-08
7.99218e-08
6.3126e-08
7.07382e-08
3.2124e-08
6.66588e-08
1.29029e-08
4.63518e-08
5.35472e-08
4.89815e-08
1.15129e-08
1.68437e-08
7.01113e-08
4.58758e-09
2.72975e-08
-4.04955e-09
-1.26404e-08
-3.72254e-08
-6.46541e-09
-6.17376e-08
1.24659e-09
-1.33945e-07
1.26403e-07
-2.48004e-07
2.79644e-07
-3.18533e-07
2.91142e-07
-3.01237e-07
5.73377e-08
-2.66141e-07
-7.69555e-08
-2.28501e-07
-6.63785e-08
-1.77253e-07
-1.05429e-07
-1.25738e-07
-1.43862e-07
-8.43697e-08
-1.33262e-07
-5.92439e-08
-9.38456e-08
-3.25082e-08
-8.94794e-08
-8.48054e-08
-5.58282e-09
2.4651e-08
-1.16886e-07
7.11932e-08
-1.72972e-07
1.14464e-07
-1.48e-07
1.36814e-07
-6.76989e-08
1.45267e-07
-1.22453e-08
1.35502e-07
5.9686e-08
1.18193e-07
8.23775e-08
1.05815e-07
7.02744e-08
8.3046e-08
8.58946e-08
7.85035e-08
3.66664e-08
7.2124e-08
1.92824e-08
5.91611e-08
6.65101e-08
7.70714e-08
-6.39736e-09
4.83486e-08
9.8834e-08
3.44683e-08
4.11778e-08
1.88195e-08
3.00843e-09
-4.39273e-08
5.63119e-08
-9.99231e-08
5.72329e-08
-1.74206e-07
2.00727e-07
-2.45526e-07
3.51004e-07
-2.66775e-07
3.12466e-07
-2.54394e-07
4.48413e-08
-2.37591e-07
-9.38623e-08
-1.94949e-07
-1.09118e-07
-1.50312e-07
-1.50157e-07
-1.18222e-07
-1.76036e-07
-8.36347e-08
-1.68016e-07
-4.58174e-08
-1.31627e-07
-2.76025e-08
-1.07692e-07
-1.01241e-07
-1.116e-08
2.40716e-08
-1.40957e-07
7.08126e-08
-2.19713e-07
1.1442e-07
-1.91607e-07
1.36997e-07
-9.02766e-08
1.45532e-07
-2.07805e-08
1.35466e-07
6.97523e-08
1.18065e-07
9.97787e-08
1.06304e-07
8.20352e-08
8.19633e-08
1.10236e-07
8.05992e-08
3.80305e-08
6.56999e-08
3.41818e-08
6.40473e-08
6.81626e-08
9.4923e-08
-3.7273e-08
6.90402e-08
1.24717e-07
6.08548e-08
4.93633e-08
4.39426e-08
1.99206e-08
-3.77096e-08
1.37964e-07
-1.16455e-07
1.35965e-07
-1.7327e-07
2.57566e-07
-1.8994e-07
3.67598e-07
-1.77072e-07
2.99466e-07
-1.54913e-07
2.25665e-08
-1.22758e-07
-1.26353e-07
-7.65919e-08
-1.55619e-07
-4.67621e-08
-1.80253e-07
-3.4583e-08
-1.8851e-07
-3.29222e-08
-1.69871e-07
-2.02902e-08
-1.44434e-07
-1.62394e-08
-1.11724e-07
-1.00498e-07
-1.69602e-08
2.37835e-08
-1.64741e-07
7.07791e-08
-2.66708e-07
1.14809e-07
-2.35637e-07
1.37693e-07
-1.1316e-07
1.46306e-07
-2.93936e-08
1.35737e-07
8.03209e-08
1.18196e-07
1.1732e-07
1.06411e-07
9.382e-08
8.08613e-08
1.35785e-07
8.10687e-08
3.78231e-08
5.71898e-08
5.80607e-08
6.53298e-08
6.00227e-08
9.59428e-08
-6.7886e-08
7.85553e-08
1.42104e-07
8.58458e-08
4.20728e-08
7.34288e-08
3.23376e-08
-3.60563e-09
2.14999e-07
-8.46712e-08
2.17031e-07
-1.18316e-07
2.91543e-07
-1.12389e-07
3.61517e-07
-9.55346e-08
2.82475e-07
-6.96187e-08
-3.45332e-09
-2.28492e-08
-1.73067e-07
3.0808e-08
-2.09227e-07
6.02787e-08
-2.0961e-07
5.25926e-08
-1.8075e-07
2.43036e-08
-1.41689e-07
2.07463e-10
-1.2048e-07
-8.88136e-09
-1.02639e-07
-9.08234e-08
-1.85871e-08
2.3502e-08
-1.88243e-07
7.07827e-08
-3.13989e-07
1.15327e-07
-2.80182e-07
1.38595e-07
-1.36428e-07
1.47314e-07
-3.81127e-08
1.36127e-07
9.15077e-08
1.18536e-07
1.34912e-07
1.06412e-07
1.05944e-07
8.05566e-08
1.61641e-07
8.13576e-08
3.70221e-08
5.42839e-08
8.51344e-08
6.37845e-08
5.0522e-08
6.93092e-08
-7.34107e-08
6.92943e-08
1.42119e-07
1.02323e-07
9.04405e-09
9.21057e-08
4.2555e-08
3.48584e-08
2.72246e-07
-4.15329e-08
2.93422e-07
-7.4217e-08
3.24555e-07
-4.57526e-08
3.34059e-07
-8.90262e-09
2.46215e-07
2.78999e-08
-4.02437e-08
5.7513e-08
-2.02702e-07
9.10065e-08
-2.42634e-07
1.03098e-07
-2.21713e-07
9.55952e-08
-1.73056e-07
7.56649e-08
-1.21758e-07
3.99841e-08
-8.47994e-08
8.70263e-09
-7.13801e-08
-6.7439e-08
-1.46776e-08
2.31669e-08
-2.1141e-07
7.0775e-08
-3.61597e-07
1.15929e-07
-3.25336e-07
1.3966e-07
-1.60159e-07
1.48507e-07
-4.69597e-08
1.36577e-07
1.03437e-07
1.1901e-07
1.52479e-07
1.06248e-07
1.18706e-07
8.11569e-08
1.86731e-07
8.20236e-08
3.61554e-08
5.89141e-08
1.08244e-07
6.2712e-08
4.67241e-08
3.24652e-08
-4.31638e-08
4.33379e-08
1.31247e-07
9.11679e-08
-3.8786e-08
7.88704e-08
5.48525e-08
5.32973e-08
2.97819e-07
7.85813e-09
3.38861e-07
-1.39843e-08
3.46456e-07
1.68529e-08
3.03582e-07
8.38303e-08
1.79555e-07
1.21606e-07
-7.80061e-08
1.30459e-07
-2.11609e-07
1.33021e-07
-2.45241e-07
1.21884e-07
-2.10613e-07
1.05546e-07
-1.56778e-07
8.62012e-08
-1.02403e-07
5.8406e-08
-5.70039e-08
2.52105e-08
-3.81844e-08
-3.96602e-08
-2.57749e-09
2.27649e-08
-2.34175e-07
7.07476e-08
-4.0958e-07
1.16608e-07
-3.71196e-07
1.40889e-07
-1.8444e-07
1.4988e-07
-5.59505e-08
1.37091e-07
1.16226e-07
1.19569e-07
1.70001e-07
1.05865e-07
1.3241e-07
8.25878e-08
2.10009e-07
8.1678e-08
3.70652e-08
6.86221e-08
1.213e-07
6.94357e-08
4.59105e-08
1.92191e-08
7.05281e-09
2.01768e-08
1.30289e-07
5.12528e-08
-6.9862e-08
5.34238e-08
5.26815e-08
5.88135e-08
2.92429e-07
5.75623e-08
3.40112e-07
8.11275e-08
3.22891e-07
1.17389e-07
2.67276e-07
1.72212e-07
1.24696e-07
1.89469e-07
-9.53893e-08
1.74717e-07
-1.96912e-07
1.52981e-07
-2.23562e-07
1.29249e-07
-1.87006e-07
1.03906e-07
-1.31437e-07
8.13435e-08
-7.984e-08
5.50718e-08
-3.07319e-08
2.8022e-08
-1.11355e-08
-1.58812e-08
4.24017e-09
2.22902e-08
-2.56465e-07
7.06962e-08
-4.57986e-07
1.17359e-07
-4.17858e-07
1.4229e-07
-2.09371e-07
1.51435e-07
-6.50957e-08
1.37686e-07
1.29974e-07
1.20131e-07
1.87556e-07
1.05482e-07
1.47059e-07
8.38322e-08
2.31659e-07
7.86428e-08
4.22546e-08
7.82132e-08
1.2173e-07
7.84346e-08
4.56891e-08
2.47652e-08
6.07223e-08
1.61954e-08
1.38859e-07
2.97359e-08
-8.34025e-08
5.20714e-08
3.0346e-08
7.55558e-08
2.68945e-07
8.5604e-08
3.30064e-07
1.41566e-07
2.66929e-07
1.90306e-07
2.18535e-07
2.22969e-07
9.17636e-08
2.08739e-07
-8.1309e-08
1.77492e-07
-1.65742e-07
1.45115e-07
-1.91178e-07
1.17504e-07
-1.59396e-07
8.97774e-08
-1.03713e-07
6.3842e-08
-5.39073e-08
4.11718e-08
-8.06085e-09
2.08086e-08
9.2272e-09
1.03111e-09
3.89343e-09
2.17384e-08
-2.78203e-07
7.06166e-08
-5.06864e-07
1.18168e-07
-4.65409e-07
1.43869e-07
-2.35072e-07
1.53179e-07
-7.4406e-08
1.38357e-07
1.44797e-07
1.20681e-07
2.05232e-07
1.0537e-07
1.62371e-07
8.39015e-08
2.53127e-07
7.40905e-08
5.20656e-08
8.46547e-08
1.11165e-07
7.92934e-08
5.10504e-08
3.47549e-08
1.05261e-07
3.01659e-08
1.43448e-07
3.63169e-08
-8.95535e-08
5.9788e-08
6.87482e-09
8.74162e-08
2.41317e-07
9.83522e-08
3.19128e-07
1.4254e-07
2.22741e-07
1.86514e-07
1.74529e-07
1.99836e-07
7.84033e-08
1.72564e-07
-5.40221e-08
1.5974e-07
-1.52918e-07
1.36367e-07
-1.67805e-07
1.10996e-07
-1.34025e-07
8.14162e-08
-7.41356e-08
5.04534e-08
-2.29467e-08
2.90207e-08
1.33731e-08
1.58324e-08
2.24144e-08
1.01919e-08
6.67304e-09
2.11047e-08
-2.99308e-07
7.05033e-08
-5.56263e-07
1.19014e-07
-5.1392e-07
1.45634e-07
-2.61693e-07
1.55121e-07
-8.38922e-08
1.39087e-07
1.60831e-07
1.21288e-07
2.2303e-07
1.05606e-07
1.78053e-07
8.26093e-08
2.76124e-07
7.13916e-08
6.32833e-08
8.78792e-08
9.46778e-08
7.19829e-08
6.69467e-08
4.32704e-08
1.33973e-07
4.9371e-08
1.37347e-07
5.76053e-08
-9.77879e-08
6.76291e-08
-3.14899e-09
8.36005e-08
2.25345e-07
1.05668e-07
2.97061e-07
1.27542e-07
2.00867e-07
1.58293e-07
1.43774e-07
1.70064e-07
6.66399e-08
1.66073e-07
-5.00309e-08
1.66733e-07
-1.53577e-07
1.44367e-07
-1.45439e-07
1.13764e-07
-1.03422e-07
7.46681e-08
-3.50451e-08
3.8506e-08
1.32151e-08
2.39273e-08
2.79529e-08
1.49435e-08
3.13972e-08
1.52405e-08
9.89636e-09
2.03837e-08
-3.19692e-07
7.03494e-08
-6.06229e-07
1.19911e-07
-5.63481e-07
1.47594e-07
-2.89376e-07
1.57263e-07
-9.35611e-08
1.39866e-07
1.78227e-07
1.22046e-07
2.4085e-07
1.05944e-07
1.94155e-07
8.09057e-08
3.01162e-07
7.00547e-08
7.41343e-08
9.03069e-08
7.44256e-08
6.62617e-08
9.09919e-08
5.17972e-08
1.48438e-07
6.6528e-08
1.22617e-07
7.35453e-08
-1.04805e-07
7.32547e-08
-2.85846e-09
6.60789e-08
2.32521e-07
9.82673e-08
2.64873e-07
1.25003e-07
1.74131e-07
1.44738e-07
1.24041e-07
1.62669e-07
4.87095e-08
1.67296e-07
-5.4658e-08
1.48934e-07
-1.35215e-07
1.22457e-07
-1.18963e-07
9.45287e-08
-7.54935e-08
7.0388e-08
-1.09044e-08
4.88172e-08
3.4786e-08
2.96455e-08
4.71246e-08
1.55934e-08
4.54481e-08
1.37348e-08
1.70995e-08
1.95689e-08
-3.39261e-07
7.01467e-08
-6.56806e-07
1.20894e-07
-6.14228e-07
1.49757e-07
-3.18238e-07
1.59612e-07
-1.03417e-07
1.40703e-07
1.97137e-07
1.22944e-07
2.58609e-07
1.06425e-07
2.10674e-07
7.89401e-08
3.28647e-07
6.8569e-08
8.45055e-08
9.23532e-08
5.06415e-08
6.46966e-08
1.18649e-07
5.10347e-08
1.621e-07
7.2597e-08
1.01054e-07
6.97568e-08
-1.01965e-07
7.83967e-08
-1.14983e-08
7.42838e-08
2.36634e-07
9.45397e-08
2.44617e-07
1.19281e-07
1.4939e-07
1.37288e-07
1.06034e-07
1.54367e-07
3.1631e-08
1.46561e-07
-4.68526e-08
1.18699e-07
-1.07353e-07
9.81937e-08
-9.84571e-08
8.28779e-08
-6.01768e-08
6.85203e-08
3.45426e-09
4.43721e-08
5.89341e-08
1.01581e-08
8.13385e-08
9.06401e-09
4.65411e-08
-8.62565e-10
2.36621e-08
1.86532e-08
-3.57914e-07
6.98868e-08
-7.0804e-07
1.21981e-07
-6.66323e-07
1.52132e-07
-3.48389e-07
1.6218e-07
-1.13465e-07
1.41579e-07
2.17738e-07
1.23991e-07
2.76198e-07
1.07239e-07
2.27426e-07
7.67853e-08
3.59101e-07
6.4979e-08
9.63118e-08
9.4519e-08
2.11016e-08
7.25059e-08
1.40662e-07
6.30349e-08
1.71571e-07
8.01531e-08
8.3936e-08
7.00606e-08
-9.18723e-08
9.32084e-08
-3.46462e-08
8.56167e-08
2.44226e-07
8.48814e-08
2.45352e-07
1.10413e-07
1.23858e-07
1.25136e-07
9.1311e-08
1.25835e-07
3.09318e-08
1.17118e-07
-3.81353e-08
9.03885e-08
-8.0624e-08
4.55326e-08
-5.36011e-08
3.66637e-09
-1.83135e-08
-1.34754e-08
2.05938e-08
-2.80663e-08
7.3525e-08
-2.73238e-08
8.0596e-08
-2.53298e-09
2.17522e-08
-1.28286e-08
9.43327e-09
1.76281e-08
-3.75542e-07
6.95602e-08
-7.59972e-07
1.23177e-07
-7.1994e-07
1.54737e-07
-3.79949e-07
1.64972e-07
-1.237e-07
1.42474e-07
2.40236e-07
1.25174e-07
2.93498e-07
1.08619e-07
2.43981e-07
7.34572e-08
3.94263e-07
6.08806e-08
1.08888e-07
9.89544e-08
-1.69722e-08
7.56987e-08
1.63917e-07
2.33704e-08
2.23899e-07
4.27738e-08
6.45326e-08
7.29468e-08
-1.22045e-07
1.14604e-07
-7.63037e-08
1.13345e-07
2.45485e-07
1.06915e-07
2.51782e-07
1.21398e-07
1.09376e-07
1.06769e-07
1.05939e-07
1.16808e-07
2.08934e-08
1.29759e-07
-5.10864e-08
1.05228e-07
-5.60935e-08
6.39195e-08
-1.22924e-08
1.35462e-08
3.20597e-08
-2.20635e-08
5.62003e-08
-3.37945e-08
8.52452e-08
-2.95232e-08
7.63146e-08
-2.59821e-08
1.82095e-08
-8.35848e-09
-3.04507e-08
1.64842e-08
-3.92026e-07
6.91555e-08
-8.12643e-07
1.24476e-07
-7.7526e-07
1.5759e-07
-4.13064e-07
1.67977e-07
-1.34087e-07
1.43321e-07
2.64892e-07
1.26696e-07
3.10124e-07
1.10059e-07
2.60617e-07
6.87188e-08
4.35603e-07
5.97721e-08
1.17835e-07
1.06214e-07
-6.34136e-08
8.62155e-08
1.83915e-07
5.34194e-08
2.56695e-07
6.52282e-08
5.27238e-08
8.71749e-08
-1.43992e-07
1.34922e-07
-1.24051e-07
1.55781e-07
2.24626e-07
1.41287e-07
2.66276e-07
9.94947e-08
1.51168e-07
8.23499e-08
1.23084e-07
1.11911e-07
-8.66747e-09
1.02598e-07
-4.17739e-08
6.35856e-08
-1.70809e-08
5.08962e-08
3.97097e-10
4.12992e-08
4.16566e-08
1.40593e-08
8.34462e-08
2.50143e-09
9.68003e-08
2.85192e-09
7.59617e-08
-1.27031e-08
3.37618e-08
1.482e-08
-3.588e-08
1.52117e-08
-4.07238e-07
6.86532e-08
-8.66085e-07
1.25862e-07
-8.32469e-07
1.60714e-07
-4.47915e-07
1.71112e-07
-1.44485e-07
1.44174e-07
2.91831e-07
1.28492e-07
3.25805e-07
1.13361e-07
2.75748e-07
6.19872e-08
4.86976e-07
5.48037e-08
1.25019e-07
1.13976e-07
-1.22585e-07
7.84873e-08
2.19404e-07
1.64292e-08
3.18754e-07
2.99425e-08
3.92105e-08
7.17655e-08
-1.85815e-07
1.25774e-07
-1.78059e-07
1.24007e-07
2.26392e-07
1.09807e-07
2.80477e-07
8.75625e-08
1.73412e-07
7.79295e-08
1.32717e-07
7.15887e-08
-2.32661e-09
1.07091e-08
1.91049e-08
-2.45071e-08
1.81358e-08
-5.36276e-09
-1.87468e-08
2.75279e-08
8.76519e-09
3.83868e-08
7.25867e-08
4.6791e-08
8.84037e-08
5.19191e-08
7.08313e-08
3.59992e-08
4.96875e-08
4.44322e-08
6.38876e-09
1.38045e-08
-4.21042e-07
6.80025e-08
-9.20283e-07
1.27296e-07
-8.91763e-07
1.64058e-07
-4.84677e-07
1.74192e-07
-1.54619e-07
1.44844e-07
3.21179e-07
1.31811e-07
3.38838e-07
1.09291e-07
2.98268e-07
6.52829e-08
5.30985e-07
5.77785e-08
1.32523e-07
1.14239e-07
-1.79046e-07
7.27289e-08
2.60914e-07
-1.36332e-08
4.05116e-07
1.83233e-08
7.25409e-09
7.5238e-08
-2.4273e-07
1.21727e-07
-2.23806e-07
9.91167e-08
2.49112e-07
8.33646e-08
2.96229e-07
9.70103e-08
1.59767e-07
6.6395e-08
1.63332e-07
-6.54781e-09
7.06162e-08
-7.30567e-08
8.5615e-08
-8.40461e-08
2.91245e-08
-6.25405e-08
-4.02531e-08
-2.69856e-08
-2.67908e-08
7.33463e-09
3.82658e-08
3.13971e-08
6.43424e-08
4.90557e-08
5.31823e-08
4.37224e-08
5.50247e-08
6.37307e-08
2.4424e-08
1.22806e-08
-4.33323e-07
6.70442e-08
-9.75046e-07
1.28608e-07
-9.53328e-07
1.67308e-07
-5.23376e-07
1.76623e-07
-1.63935e-07
1.45917e-07
3.51886e-07
1.33091e-07
3.51664e-07
1.22237e-07
3.09122e-07
4.36427e-08
6.09578e-07
1.8681e-08
1.57485e-07
1.15137e-07
-2.75502e-07
5.98609e-08
3.1619e-07
-7.34333e-09
4.7232e-07
4.16361e-08
-4.17253e-08
6.02048e-08
-2.61299e-07
1.01253e-07
-2.64959e-07
6.80776e-08
2.82482e-07
5.40666e-08
3.1024e-07
5.37026e-08
1.60131e-07
4.95004e-08
1.67535e-07
7.05296e-09
1.13064e-07
-8.86673e-08
1.81337e-07
-1.13848e-07
5.43117e-08
-1.09015e-07
-4.50869e-08
-8.28903e-08
-5.29186e-08
-4.86451e-08
4.0176e-09
-2.06417e-08
3.63362e-08
4.99067e-09
2.75471e-08
1.60291e-08
4.3984e-08
6.70214e-08
1.27349e-08
1.07456e-08
-4.44068e-07
6.5276e-08
-1.02958e-06
1.29135e-07
-1.01719e-06
1.69309e-07
-5.6355e-07
1.76952e-07
-1.71578e-07
1.43998e-07
3.8484e-07
1.37526e-07
3.58136e-07
9.53474e-08
3.51301e-07
5.56941e-08
6.49232e-07
3.91166e-08
1.74062e-07
1.17356e-07
-3.53741e-07
6.86096e-08
3.64936e-07
-8.94011e-09
5.4987e-07
7.86179e-08
-1.29283e-07
8.8385e-08
-2.71046e-07
9.09825e-08
-2.67655e-07
9.56184e-08
2.77752e-07
7.62923e-08
3.29529e-07
1.02599e-08
2.26143e-07
-3.72905e-09
1.81524e-07
3.6096e-08
7.23368e-08
-1.15386e-08
2.29055e-07
-4.46851e-08
8.74582e-08
-6.26372e-08
-2.71348e-08
-7.46807e-08
-4.08751e-08
-6.30925e-08
-7.57003e-09
-4.36347e-08
1.68792e-08
-2.90772e-08
1.29922e-08
-1.48425e-08
2.97488e-08
5.21319e-08
4.67193e-11
9.58814e-09
-4.53656e-07
6.13332e-08
-1.08132e-06
1.26726e-07
-1.08258e-06
1.66912e-07
-6.03736e-07
1.6963e-07
-1.74296e-07
1.34739e-07
4.1973e-07
1.18598e-07
3.74277e-07
1.30119e-07
3.39781e-07
8.40766e-08
6.95274e-07
5.26834e-08
2.05455e-07
1.73698e-07
-4.63145e-07
1.39056e-07
3.95455e-07
1.77615e-09
6.86508e-07
1.00106e-07
-2.27614e-07
1.57966e-07
-3.28647e-07
1.02247e-07
-2.12033e-07
1.07379e-07
2.72531e-07
9.21716e-08
3.45189e-07
5.08382e-08
2.67479e-07
-2.14373e-10
2.30937e-07
4.65718e-08
2.54823e-08
6.84434e-08
2.06804e-07
2.69252e-08
1.28976e-07
4.87715e-09
-5.08677e-09
-1.68575e-08
-1.91404e-08
-2.38126e-08
-6.14935e-10
-2.13991e-08
1.4465e-08
-2.36552e-08
1.52481e-08
-1.96296e-08
2.57271e-08
3.76207e-08
-5.11573e-09
8.78669e-09
-4.62443e-07
5.22246e-08
-1.12476e-06
1.1604e-07
-1.14639e-06
1.53353e-07
-6.4105e-07
1.43294e-07
-1.64236e-07
9.31313e-08
4.69893e-07
6.54234e-08
4.01985e-07
3.86815e-08
3.66523e-07
-1.96278e-08
7.53583e-07
-5.2922e-08
2.39723e-07
-5.19178e-08
-4.64447e-07
-5.3444e-08
3.90187e-07
-1.02873e-07
7.3418e-07
3.9036e-08
-3.69524e-07
1.8674e-07
-4.76458e-07
1.16166e-07
-1.41553e-07
8.6057e-08
3.04374e-07
6.78747e-08
3.63726e-07
8.11362e-08
2.54218e-07
3.90859e-08
2.70558e-07
3.63606e-08
2.81394e-08
8.50981e-08
1.57536e-07
6.34611e-08
1.50816e-07
3.18411e-08
2.65333e-08
9.23886e-09
3.46185e-09
8.12412e-09
4.98826e-10
7.36773e-09
1.52203e-08
-1.48296e-10
2.27615e-08
-9.2121e-09
3.47907e-08
4.04504e-08
-1.20415e-08
1.32267e-08
-4.7567e-07
3.33248e-08
-1.14486e-06
8.81282e-08
-1.2012e-06
1.21778e-07
-6.747e-07
9.10534e-08
-1.33509e-07
4.50596e-08
5.15887e-07
4.04394e-08
4.06605e-07
1.56856e-08
3.90444e-07
1.71111e-09
7.65234e-07
-8.62551e-08
3.29602e-07
-1.33166e-07
-4.17833e-07
-9.44905e-08
3.51128e-07
-1.9841e-07
8.38019e-07
-8.82145e-08
-4.80008e-07
1.02433e-07
-6.68991e-07
3.32294e-08
-7.2568e-08
-5.30601e-08
3.91091e-07
-5.84386e-08
3.69146e-07
4.04312e-08
1.55349e-07
7.10017e-08
2.42006e-07
4.05808e-08
5.8492e-08
8.10054e-08
1.18505e-07
7.44098e-08
1.57774e-07
2.83698e-08
7.25735e-08
6.17838e-09
2.56442e-08
8.9265e-09
-2.25068e-09
5.6929e-09
1.84526e-08
3.13017e-10
2.81414e-08
-1.09003e-08
4.60036e-08
5.18554e-08
-2.23051e-08
2.40582e-09
-4.78076e-07
2.38313e-09
-1.14484e-06
3.86294e-08
-1.23744e-06
8.43214e-08
-7.20377e-07
5.33866e-08
-9.05105e-08
-5.19971e-08
5.43505e-07
-1.84808e-07
5.39663e-07
-8.11821e-08
2.66704e-07
7.32688e-09
6.76401e-07
-1.36036e-07
4.69546e-07
-1.63204e-07
-3.98346e-07
-1.36756e-07
3.31668e-07
-2.19387e-07
9.21585e-07
-1.66547e-07
-5.33168e-07
-4.93089e-08
-7.85931e-07
-8.03375e-08
-4.17899e-08
-1.80794e-07
4.91592e-07
-1.1152e-07
2.99916e-07
6.02367e-08
-1.68246e-08
1.08719e-07
1.94047e-07
5.6938e-08
1.10355e-07
4.16762e-08
1.34638e-07
3.53014e-08
1.64206e-07
-3.92263e-09
1.11799e-07
-1.39279e-08
3.56516e-08
-1.62918e-08
1.15348e-10
-1.70415e-08
1.92043e-08
-1.20953e-08
2.31988e-08
-1.25104e-08
4.64185e-08
5.54521e-08
-1.61077e-08
2.6796e-08
-5.04872e-07
-3.50092e-08
-1.08303e-06
-1.08086e-08
-1.26163e-06
5.25826e-08
-3.7007e-07
6.57245e-09
-7.61986e-09
-2.25276e-07
2.87819e-07
-4.357e-07
7.24244e-07
-2.00928e-07
1.45599e-08
-4.23873e-08
5.18383e-07
-1.71974e-07
6.03521e-07
-2.77198e-07
-2.93389e-07
-2.75281e-07
3.29436e-07
-1.82114e-07
8.28327e-07
-1.64522e-07
-5.5084e-07
-1.67462e-07
-7.82064e-07
-1.35473e-07
-7.44523e-08
-1.2966e-07
4.85753e-07
-5.91304e-08
2.29425e-07
1.56986e-08
-9.1692e-08
-4.45676e-09
2.14153e-07
-5.75285e-08
1.64315e-07
-2.07336e-09
7.91812e-08
2.25815e-08
1.39548e-07
-2.09844e-08
1.55356e-07
-3.35431e-08
4.82112e-08
-3.049e-08
-2.93774e-09
-2.2804e-08
1.15182e-08
-1.6544e-08
1.69386e-08
-8.90958e-09
3.87846e-08
4.75396e-08
-9.97244e-10
-4.09904e-08
-4.63881e-07
-6.11615e-08
-1.06278e-06
-5.21177e-09
-6.863e-07
-2.9407e-08
-2.60698e-08
-2.43292e-07
2.39451e-09
-4.45111e-07
1.22943e-07
-3.96495e-07
5.65717e-07
-3.42569e-07
-4.79867e-08
-1.54368e-07
3.30176e-07
-1.46734e-07
5.95917e-07
-3.70964e-07
-6.91798e-08
-3.01208e-07
2.58159e-07
-1.03788e-07
6.28967e-07
-1.72852e-07
-4.81764e-07
-2.97691e-07
-6.57159e-07
-2.53741e-07
-1.18228e-07
-1.18231e-07
3.4698e-07
-1.01633e-07
2.1243e-07
-1.26429e-07
-6.71362e-08
-9.8937e-08
1.86754e-07
-7.20815e-08
1.37459e-07
-3.02074e-11
7.1285e-09
4.41969e-08
9.53189e-08
1.44969e-08
1.85051e-07
-6.23782e-09
6.89433e-08
-1.84927e-08
9.31709e-09
-1.96734e-08
1.26988e-08
-1.88742e-08
1.61392e-08
-9.05284e-09
2.89629e-08
3.54308e-08
3.05595e-09
-2.99094e-08
-4.33864e-07
7.24893e-08
-1.13506e-06
-7.20023e-09
-6.61136e-08
-3.07701e-08
-4.15745e-10
-2.42107e-07
-8.98389e-09
-4.79397e-07
-2.29865e-08
-5.28235e-07
3.99126e-07
-5.75176e-07
-4.05974e-08
-2.9712e-07
4.2965e-08
-1.76855e-07
4.7568e-07
-4.1768e-07
1.72323e-07
-2.10927e-07
5.00687e-08
2.53665e-08
3.90893e-07
-1.74865e-07
-2.8156e-07
-3.6567e-07
-4.66375e-07
-3.27484e-07
-1.56581e-07
-1.30498e-07
1.50474e-07
-1.17818e-07
1.99449e-07
-1.44223e-07
-4.07305e-08
-8.1126e-08
1.23656e-07
-3.4172e-08
9.05045e-08
-4.90777e-08
2.20339e-08
-1.15172e-08
5.77579e-08
5.05131e-08
1.2302e-07
5.94536e-08
6.00027e-08
2.82293e-08
4.05414e-08
-1.78289e-09
4.27111e-08
-1.49104e-08
2.92668e-08
-1.16221e-08
2.56747e-08
2.42659e-08
-4.57162e-10
-1.40724e-07
-2.62432e-07
6.37825e-08
-3.58217e-07
-8.87828e-10
-4.64672e-09
9.24142e-11
4.18964e-10
-2.62836e-08
-1.58802e-09
-4.02676e-07
-8.99651e-09
-6.02715e-07
2.07444e-07
-6.82801e-07
-8.15425e-08
-4.751e-07
-1.87739e-07
-2.65951e-07
2.6656e-07
-3.70944e-07
2.77341e-07
-2.28076e-07
-9.27774e-08
-2.9985e-09
1.67028e-07
-1.4018e-07
-1.44401e-07
-3.35735e-07
-2.70819e-07
-3.76074e-07
-1.13959e-07
-1.68697e-07
-5.39387e-08
-7.46533e-08
1.05756e-07
-9.89231e-08
-1.26474e-08
-1.73402e-08
4.20738e-08
5.13655e-08
1.20649e-08
1.15277e-08
3.58541e-08
-3.25133e-09
4.2743e-08
5.37473e-08
4.00216e-08
5.89452e-08
2.81864e-08
4.36085e-08
2.92992e-08
3.41045e-08
2.57231e-08
1.82132e-08
2.16718e-08
6.76434e-09
1.70368e-08
1.29752e-08
6.01878e-10
3.96027e-07
-4.94774e-07
3.89636e-09
-2.78777e-08
1.39222e-10
-4.28598e-10
5.52312e-10
-2.73145e-11
-1.171e-09
4.9292e-11
-1.01054e-07
-6.51214e-10
-2.74129e-07
-3.52125e-09
-5.25297e-07
-3.29575e-08
-5.90091e-07
-2.42466e-07
-3.76577e-07
4.00151e-08
-3.35606e-07
2.36824e-07
-3.81485e-07
-5.76276e-08
-1.74095e-07
-3.62652e-08
-1.29443e-07
-9.07465e-08
-1.98373e-07
-3.58514e-08
-1.80588e-07
-1.31613e-08
-1.66087e-07
-3.12874e-10
-1.99144e-08
-1.75088e-10
5.78882e-09
-1.24252e-10
3.61837e-08
-1.95808e-12
2.1072e-08
5.86769e-11
2.18831e-08
1.31599e-10
2.92602e-08
-1.96412e-11
2.8955e-08
2.41608e-10
1.92177e-08
7.06882e-11
1.77988e-08
-1.70568e-10
1.74242e-08
-5.63528e-11
1.615e-08
1.1859e-11
1.20192e-08
-2.50375e-11
6.07482e-09
-8.71592e-11
2.32151e-08
-2.82046e-08
4.9509e-08
-2.65674e-08
8.98542e-08
-4.07767e-08
1.24978e-07
-3.57675e-08
1.53507e-07
-2.86749e-08
1.67577e-07
-1.42305e-08
1.88363e-07
-2.09644e-08
2.28682e-07
-4.05128e-08
1.77213e-07
5.36943e-08
5.98307e-08
1.17513e-07
-1.35862e-09
6.11217e-08
-1.61093e-08
1.47507e-08
-5.13185e-09
-1.09775e-08
2.94273e-08
-3.44113e-08
4.99437e-08
-2.05071e-08
4.63402e-08
3.60346e-09
3.62578e-08
1.00824e-08
2.88317e-08
7.4262e-09
1.34471e-08
1.53846e-08
3.71334e-09
9.73376e-09
-1.35644e-08
1.72778e-08
-2.96798e-08
1.61154e-08
-4.61938e-08
1.6514e-08
-6.33789e-08
1.71851e-08
-8.40898e-08
2.0711e-08
-9.12514e-08
7.16163e-09
-8.8248e-08
-3.00334e-09
-6.6782e-08
-2.14661e-08
-3.35706e-08
-3.32114e-08
-3.35706e-08
2.75197e-08
-5.83334e-08
5.96958e-08
-5.87433e-08
9.56516e-08
-7.67321e-08
1.43381e-07
-8.34964e-08
1.94052e-07
-7.95707e-08
2.41072e-07
-6.1263e-08
2.78694e-07
-5.85278e-08
3.21917e-07
-8.36036e-08
3.12497e-07
6.3634e-08
2.01684e-07
2.28379e-07
8.1461e-08
1.8139e-07
2.81459e-08
6.80778e-08
3.70456e-08
-1.99139e-08
4.67124e-08
-4.39598e-08
4.84184e-08
-2.21856e-08
3.42505e-08
1.77714e-08
-1.22061e-10
4.44551e-08
-1.22649e-08
1.95691e-08
-4.0219e-08
4.33388e-08
-5.49883e-08
2.4503e-08
-7.81984e-08
4.04881e-08
-9.80319e-08
3.59489e-08
-1.11981e-07
3.04631e-08
-1.25628e-07
3.08327e-08
-1.38033e-07
3.31156e-08
-1.33265e-07
2.39367e-09
-1.16506e-07
-1.97622e-08
-7.75012e-08
-6.04711e-08
-3.17253e-08
-7.89873e-08
-6.52958e-08
1.77905e-08
-8.17065e-08
3.99118e-08
-8.08645e-08
6.25843e-08
-9.93543e-08
1.07918e-07
-1.28736e-07
1.64198e-07
-1.35853e-07
2.15344e-07
-1.12438e-07
2.50199e-07
-9.34171e-08
2.88653e-07
-1.22477e-07
3.04138e-07
4.81856e-08
2.56566e-07
2.76088e-07
1.58255e-07
2.79714e-07
8.4557e-08
1.4179e-07
5.68787e-08
7.59249e-09
2.37579e-08
-1.09046e-08
1.1649e-08
-1.00611e-08
-4.00772e-09
3.34281e-08
-4.14908e-08
8.19382e-08
-4.42257e-08
2.23041e-08
-7.13365e-08
7.04497e-08
-8.24465e-08
3.5613e-08
-1.00076e-07
5.81177e-08
-1.18058e-07
5.39309e-08
-1.25744e-07
3.81489e-08
-1.35574e-07
4.06625e-08
-1.43233e-07
4.07753e-08
-1.3466e-07
-6.17982e-09
-1.14722e-07
-3.96999e-08
-7.26418e-08
-1.02551e-07
-2.64338e-08
-1.25195e-07
-9.17296e-08
3.27588e-09
-9.6123e-08
2.65804e-08
-1.04115e-07
6.07268e-08
-1.33538e-07
9.35037e-08
-1.6147e-07
1.2433e-07
-1.66889e-07
1.62919e-07
-1.5107e-07
2.07535e-07
-1.38078e-07
2.27229e-07
-1.42216e-07
2.48686e-07
2.66793e-08
2.47542e-07
2.77263e-07
1.932e-07
3.34069e-07
1.24461e-07
2.10542e-07
6.72837e-08
6.47583e-08
2.78112e-09
5.36278e-08
-1.85115e-08
1.12322e-08
-3.6151e-08
5.10676e-08
-7.07628e-08
1.1655e-07
-5.87595e-08
1.03009e-08
-7.85586e-08
9.02488e-08
-9.06812e-08
4.77356e-08
-1.03496e-07
7.09324e-08
-1.21691e-07
7.21263e-08
-1.26721e-07
4.3179e-08
-1.35667e-07
4.96083e-08
-1.42588e-07
4.76964e-08
-1.33524e-07
-1.52439e-08
-1.1317e-07
-6.00543e-08
-7.06507e-08
-1.4507e-07
-2.44949e-08
-1.71351e-07
-1.16225e-07
-1.65157e-08
-9.65443e-08
-7.4929e-09
-1.13095e-07
-1.65004e-09
-1.39558e-07
-4.35012e-09
-1.59369e-07
5.08877e-09
-1.76292e-07
3.58747e-08
-1.8209e-07
8.4754e-08
-1.87152e-07
1.19083e-07
-1.76974e-07
1.53612e-07
-8.03406e-09
1.79409e-07
2.51364e-07
1.76549e-07
3.36688e-07
1.32984e-07
2.54141e-07
6.12164e-08
1.36497e-07
-2.00598e-08
1.34904e-07
-4.45176e-08
3.569e-08
-5.77629e-08
6.4313e-08
-9.0607e-08
1.49394e-07
-6.48529e-08
-1.54532e-08
-7.33225e-08
9.87185e-08
-9.31761e-08
6.75892e-08
-1.03029e-07
8.07857e-08
-1.22521e-07
9.16184e-08
-1.26604e-07
4.72617e-08
-1.35466e-07
5.84699e-08
-1.42668e-07
5.48985e-08
-1.33668e-07
-2.42433e-08
-1.13126e-07
-8.05963e-08
-7.02917e-08
-1.87905e-07
-2.39186e-08
-2.17724e-07
-1.40143e-07
-2.65564e-08
-8.86034e-08
-4.15802e-08
-9.81743e-08
-7.19264e-08
-1.09367e-07
-9.46395e-08
-1.36642e-07
-9.38353e-08
-1.77058e-07
-6.12958e-08
-2.14544e-07
-8.18855e-09
-2.40154e-07
3.56291e-08
-2.20672e-07
7.68399e-08
-4.93145e-08
1.09887e-07
2.1821e-07
1.23454e-07
3.23002e-07
9.82089e-08
2.80095e-07
2.63742e-08
2.08332e-07
-5.10141e-08
2.12292e-07
-6.99603e-08
5.46363e-08
-6.99637e-08
6.43165e-08
-9.61513e-08
1.75582e-07
-6.65099e-08
-4.50946e-08
-6.47537e-08
9.69624e-08
-9.40553e-08
9.68908e-08
-1.02767e-07
8.94972e-08
-1.23114e-07
1.11965e-07
-1.26778e-07
5.09259e-08
-1.3553e-07
6.72217e-08
-1.43203e-07
6.25723e-08
-1.34316e-07
-3.31307e-08
-1.13521e-07
-1.01391e-07
-7.0285e-08
-2.31141e-07
-2.36346e-08
-2.64374e-07
-1.63778e-07
-3.93901e-08
-6.39035e-08
-7.16641e-08
-6.59001e-08
-9.92566e-08
-8.17745e-08
-1.14639e-07
-1.21243e-07
-1.20275e-07
-1.71233e-07
-1.10403e-07
-2.24447e-07
-8.17232e-08
-2.6887e-07
-6.02933e-08
-2.42072e-07
-1.28743e-08
-9.66583e-08
4.42736e-08
1.61595e-07
7.73424e-08
2.91161e-07
5.16526e-08
3.06194e-07
-1.72993e-08
2.7728e-07
-7.44675e-08
2.69461e-07
-8.9685e-08
6.98538e-08
-6.59619e-08
4.05934e-08
-7.60388e-08
1.85659e-07
-6.53731e-08
-5.57603e-08
-5.98499e-08
9.14393e-08
-9.46845e-08
1.31725e-07
-1.03484e-07
9.82972e-08
-1.2366e-07
1.32141e-07
-1.27174e-07
5.44406e-08
-1.35662e-07
7.57096e-08
-1.43921e-07
7.08309e-08
-1.35163e-07
-4.1888e-08
-1.14047e-07
-1.22507e-07
-7.03213e-08
-2.74867e-07
-2.33581e-08
-3.11338e-07
-1.87136e-07
-3.03314e-08
-3.61525e-08
-6.18771e-08
-3.43543e-08
-8.8165e-08
-5.54866e-08
-1.08216e-07
-1.01192e-07
-1.26556e-07
-1.52992e-07
-1.4103e-07
-2.10114e-07
-1.43193e-07
-2.66741e-07
-1.43505e-07
-2.41801e-07
-1.05101e-07
-1.3507e-07
-3.03734e-08
8.69139e-08
6.55169e-09
2.5428e-07
-2.18536e-09
3.1492e-07
-3.99721e-08
3.1507e-07
-6.82978e-08
2.97786e-07
-8.62306e-08
8.77867e-08
-4.26064e-08
-3.03086e-09
-3.9228e-08
1.8228e-07
-6.32959e-08
-3.16924e-08
-6.11785e-08
8.9322e-08
-9.57902e-08
1.66337e-07
-1.05296e-07
1.07803e-07
-1.24086e-07
1.50931e-07
-1.27715e-07
5.80692e-08
-1.35805e-07
8.37998e-08
-1.44767e-07
7.97932e-08
-1.36168e-07
-5.04874e-08
-1.14663e-07
-1.44012e-07
-7.03525e-08
-3.19178e-07
-2.3029e-08
-3.58661e-07
-2.10165e-07
-1.88489e-08
-1.30642e-08
-4.5757e-08
-7.44607e-09
-7.27221e-08
-2.85205e-08
-9.44408e-08
-7.94723e-08
-1.17018e-07
-1.30415e-07
-1.39791e-07
-1.87342e-07
-1.67217e-07
-2.39481e-07
-1.84524e-07
-2.24572e-07
-1.81246e-07
-1.38431e-07
-1.32425e-07
3.79067e-08
-9.00565e-08
2.11912e-07
-5.22436e-08
2.77108e-07
-4.58199e-08
3.08647e-07
-4.32412e-08
2.95207e-07
-4.81141e-08
9.26596e-08
-1.52683e-08
-3.58766e-08
-1.80468e-08
1.85059e-07
-6.68252e-08
1.7086e-08
-6.8287e-08
9.0784e-08
-9.63574e-08
1.94407e-07
-1.08308e-07
1.19753e-07
-1.24368e-07
1.66991e-07
-1.283e-07
6.20013e-08
-1.35962e-07
9.14624e-08
-1.45734e-07
8.9565e-08
-1.37332e-07
-5.8889e-08
-1.15364e-07
-1.6598e-07
-7.03706e-08
-3.64171e-07
-2.26338e-08
-4.06398e-07
-2.32799e-07
-1.0796e-08
1.62544e-09
-2.87605e-08
1.05187e-08
-4.93062e-08
-7.97402e-09
-7.23931e-08
-5.63863e-08
-9.5201e-08
-1.07608e-07
-1.2081e-07
-1.61733e-07
-1.52015e-07
-2.08276e-07
-1.75845e-07
-2.00761e-07
-2.04169e-07
-1.10188e-07
-1.87177e-07
2.07499e-08
-1.38169e-07
1.62844e-07
-7.99071e-08
2.18845e-07
-6.28216e-08
2.91561e-07
-3.50508e-08
2.67437e-07
-1.75434e-08
7.51523e-08
-1.99505e-09
-5.1425e-08
-1.54293e-08
1.98493e-07
-7.37189e-08
7.53756e-08
-7.70257e-08
9.40908e-08
-9.44637e-08
2.11845e-07
-1.11742e-07
1.37032e-07
-1.24794e-07
1.80042e-07
-1.2881e-07
6.60175e-08
-1.36149e-07
9.88016e-08
-1.46819e-07
1.00235e-07
-1.38664e-07
-6.70435e-08
-1.16149e-07
-1.88496e-07
-7.03719e-08
-4.09948e-07
-2.21672e-08
-4.54603e-07
-2.54966e-07
-1.61215e-09
9.91142e-09
-1.40845e-08
2.29914e-08
-3.69291e-08
1.48713e-08
-6.69179e-08
-2.63983e-08
-8.70311e-08
-8.74973e-08
-1.10164e-07
-1.386e-07
-1.35584e-07
-1.82856e-07
-1.45933e-07
-1.90412e-07
-1.62701e-07
-9.34212e-08
-1.6216e-07
2.01928e-08
-1.30319e-07
1.30958e-07
-8.82969e-08
1.76824e-07
-7.40856e-08
2.7735e-07
-3.61702e-08
2.29521e-07
-1.13662e-08
5.03483e-08
-8.49269e-09
-5.42984e-08
-2.07603e-08
2.10761e-07
-7.49871e-08
1.29602e-07
-8.31223e-08
1.02226e-07
-9.04574e-08
2.19181e-07
-1.14565e-07
1.61139e-07
-1.25672e-07
1.91149e-07
-1.29244e-07
6.95905e-08
-1.36355e-07
1.05912e-07
-1.48026e-07
1.11906e-07
-1.40173e-07
-7.48963e-08
-1.17015e-07
-2.11654e-07
-7.03525e-08
-4.5661e-07
-2.16246e-08
-5.0333e-07
-2.7659e-07
7.34094e-10
1.90737e-08
-1.62497e-08
3.99736e-08
-3.35961e-08
3.22177e-08
-5.68417e-08
-3.15297e-09
-8.16716e-08
-6.26697e-08
-1.0674e-07
-1.13532e-07
-1.32666e-07
-1.5693e-07
-1.46737e-07
-1.76341e-07
-1.43746e-07
-9.64114e-08
-1.29756e-07
6.20216e-09
-1.13018e-07
1.1423e-07
-9.32968e-08
1.57103e-07
-6.82744e-08
2.52328e-07
-3.44522e-08
1.95699e-07
-2.49242e-08
4.08204e-08
-2.59553e-08
-5.32674e-08
-3.00334e-08
2.14839e-07
-6.972e-08
1.69289e-07
-8.51778e-08
1.17684e-07
-8.78303e-08
2.21833e-07
-1.16281e-07
1.8959e-07
-1.27045e-07
2.01913e-07
-1.29687e-07
7.22332e-08
-1.3656e-07
1.12785e-07
-1.49358e-07
1.24703e-07
-1.41866e-07
-8.2388e-08
-1.17959e-07
-2.35561e-07
-7.03078e-08
-5.04262e-07
-2.10011e-08
-5.52637e-07
-2.97592e-07
1.33566e-08
2.28166e-08
-1.29212e-08
6.62491e-08
-4.00531e-08
5.93496e-08
-5.8758e-08
1.55518e-08
-7.30217e-08
-4.8406e-08
-8.70441e-08
-9.95093e-08
-1.03205e-07
-1.40769e-07
-1.3423e-07
-1.45317e-07
-1.41359e-07
-8.92824e-08
-1.20682e-07
-1.44746e-08
-1.11828e-07
1.05376e-07
-8.68273e-08
1.32102e-07
-4.90764e-08
2.14577e-07
-3.94025e-08
1.86025e-07
-4.11298e-08
4.25476e-08
-4.47464e-08
-4.96507e-08
-4.31244e-08
2.13217e-07
-6.59541e-08
1.92119e-07
-8.53884e-08
1.37118e-07
-8.71158e-08
2.23561e-07
-1.17804e-07
2.20278e-07
-1.28613e-07
2.12722e-07
-1.30222e-07
7.38426e-08
-1.36751e-07
1.19314e-07
-1.50815e-07
1.38768e-07
-1.43755e-07
-8.94484e-08
-1.18966e-07
-2.6035e-07
-7.02328e-08
-5.52995e-07
-2.02913e-08
-6.02579e-07
-3.17883e-07
3.43835e-08
1.20952e-08
3.11969e-08
6.94337e-08
4.27724e-09
8.62698e-08
-2.02259e-08
4.00518e-08
-4.85505e-08
-2.00807e-08
-6.4471e-08
-8.35888e-08
-7.66057e-08
-1.28634e-07
-1.07084e-07
-1.14838e-07
-1.28664e-07
-6.77021e-08
-1.22557e-07
-2.05819e-08
-1.11295e-07
9.41138e-08
-8.79475e-08
1.08754e-07
-5.60846e-08
1.82714e-07
-4.97505e-08
1.79691e-07
-4.76808e-08
4.04779e-08
-5.08371e-08
-4.64943e-08
-4.80922e-08
2.10472e-07
-6.66415e-08
2.10668e-07
-8.4614e-08
1.55091e-07
-8.75379e-08
2.26485e-07
-1.19509e-07
2.52249e-07
-1.30409e-07
2.23621e-07
-1.30797e-07
7.42311e-08
-1.36926e-07
1.25443e-07
-1.52396e-07
1.54239e-07
-1.45847e-07
-9.59977e-08
-1.20021e-07
-2.86175e-07
-7.01203e-08
-6.02896e-07
-1.94888e-08
-6.5321e-07
-3.37372e-07
1.77304e-08
3.7972e-09
2.78207e-08
5.93402e-08
2.63211e-08
8.77595e-08
9.1249e-09
5.72419e-08
-2.22188e-08
1.12622e-08
-3.8402e-08
-6.74056e-08
-6.5029e-08
-1.02007e-07
-9.0429e-08
-8.94385e-08
-9.89733e-08
-5.91578e-08
-1.04367e-07
-1.51882e-08
-9.86073e-08
8.83539e-08
-7.63273e-08
8.64742e-08
-7.35353e-08
1.79922e-07
-6.06959e-08
1.66852e-07
-3.69267e-08
1.67086e-08
-7.21415e-08
-1.12795e-08
-6.87239e-08
2.07055e-07
-7.03512e-08
2.12295e-07
-8.43618e-08
1.69102e-07
-8.61922e-08
2.28315e-07
-1.22151e-07
2.88208e-07
-1.32509e-07
2.33979e-07
-1.31404e-07
7.31257e-08
-1.37061e-07
1.311e-07
-1.54106e-07
1.71284e-07
-1.48153e-07
-1.01951e-07
-1.21139e-07
-3.13189e-07
-6.99616e-08
-6.54073e-07
-1.85863e-08
-7.04585e-07
-3.55958e-07
-2.96307e-08
2.97703e-09
-2.17312e-08
5.14408e-08
-2.54269e-08
9.14544e-08
-4.59822e-08
7.77943e-08
-4.9498e-08
1.47783e-08
-4.61312e-08
-7.07693e-08
-7.72375e-08
-7.09003e-08
-1.05009e-07
-6.16673e-08
-1.04332e-07
-5.98342e-08
-9.6674e-08
-2.28467e-08
-1.10342e-07
1.02021e-07
-1.01871e-07
7.8004e-08
-9.27541e-08
1.70805e-07
-7.80426e-08
1.5214e-07
-2.93115e-08
-3.20225e-08
-2.24074e-08
-1.81835e-08
-3.89553e-08
2.23603e-07
-8.27096e-08
2.5605e-07
-8.39992e-08
1.70391e-07
-8.38831e-08
2.28199e-07
-1.24642e-07
3.28967e-07
-1.35322e-07
2.4466e-07
-1.32032e-07
6.98351e-08
-1.37122e-07
1.3619e-07
-1.5595e-07
1.90112e-07
-1.50685e-07
-1.07216e-07
-1.22351e-07
-3.41523e-07
-6.97473e-08
-7.06678e-07
-1.7576e-08
-7.56757e-07
-3.73534e-07
-5.01501e-08
1.7253e-08
-5.17299e-08
5.30203e-08
-4.96944e-08
8.94185e-08
-4.82526e-08
7.6357e-08
-2.41735e-08
-9.30051e-09
-1.01848e-08
-8.47585e-08
-3.52579e-08
-4.5826e-08
-7.2554e-08
-2.43712e-08
-7.34606e-08
-5.89275e-08
-5.69914e-08
-3.93159e-08
-8.1463e-08
1.26493e-07
-1.3924e-07
1.35781e-07
-1.36246e-07
1.67811e-07
-8.47444e-08
1.00638e-07
-6.33291e-08
-5.34379e-08
-6.0122e-08
-2.13906e-08
-2.51971e-08
1.88678e-07
-6.85608e-08
2.99414e-07
-8.90472e-08
1.90878e-07
-7.93144e-08
2.18466e-07
-1.27377e-07
3.7703e-07
-1.38819e-07
2.56101e-07
-1.32813e-07
6.38294e-08
-1.37052e-07
1.40428e-07
-1.57921e-07
2.10981e-07
-1.53459e-07
-1.11677e-07
-1.23675e-07
-3.71307e-07
-6.94661e-08
-7.60887e-07
-1.64479e-08
-8.09775e-07
-3.89982e-07
-2.52238e-08
4.88676e-08
-3.96425e-08
6.74492e-08
-3.12795e-08
8.10628e-08
-9.32167e-09
5.43993e-08
2.35054e-08
-4.21274e-08
2.46284e-08
-8.58819e-08
2.98704e-09
-2.4185e-08
-4.70848e-08
2.56974e-08
-5.41083e-08
-5.18884e-08
-3.47828e-08
-5.86065e-08
-5.71308e-08
1.48841e-07
-9.93932e-08
1.78043e-07
-1.0244e-07
1.70858e-07
-8.47267e-08
8.29251e-08
-4.03144e-08
-9.78501e-08
-2.68012e-08
-3.49038e-08
-5.0222e-08
2.12099e-07
-9.99992e-08
3.49191e-07
-9.41857e-08
1.85064e-07
-7.71283e-08
2.01409e-07
-1.26873e-07
4.26775e-07
-1.42586e-07
2.71814e-07
-1.33756e-07
5.49988e-08
-1.36826e-07
1.43498e-07
-1.5998e-07
2.34136e-07
-1.56489e-07
-1.15169e-07
-1.25108e-07
-4.02688e-07
-6.90993e-08
-8.16895e-07
-1.51928e-08
-8.63681e-07
-4.05175e-07
2.20148e-09
7.10902e-08
-1.33147e-09
7.09824e-08
1.66092e-08
6.31223e-08
4.34264e-08
2.75821e-08
6.774e-08
-6.64437e-08
5.32105e-08
-7.13527e-08
1.93261e-08
9.70268e-09
-4.90727e-08
9.41982e-08
-6.60706e-08
-3.41255e-08
-7.50306e-08
-5.00821e-08
-1.03404e-07
1.77215e-07
-8.49821e-08
1.59621e-07
-7.85659e-08
1.64442e-07
-7.84021e-08
8.27613e-08
-4.17583e-08
-1.34494e-07
1.16367e-08
-8.82988e-08
5.49769e-08
1.68759e-07
-1.00166e-08
4.14184e-07
-7.53307e-08
2.50378e-07
-9.6223e-08
2.22301e-07
-1.34537e-07
4.65089e-07
-1.46851e-07
2.84129e-07
-1.34779e-07
4.29261e-08
-1.36264e-07
1.44984e-07
-1.61974e-07
2.59845e-07
-1.59733e-07
-1.1741e-07
-1.26611e-07
-4.3581e-07
-6.85968e-08
-8.74909e-07
-1.38055e-08
-9.18472e-07
-4.1898e-07
9.99684e-09
7.38285e-08
2.21841e-08
5.87927e-08
4.98075e-08
3.54957e-08
7.5239e-08
2.14771e-09
6.26348e-08
-5.38428e-08
1.10981e-08
-1.98164e-08
-5.45487e-08
7.535e-08
-9.56222e-08
1.35772e-07
-7.25568e-08
-5.7247e-08
-1.06429e-07
-1.72955e-08
-1.3072e-07
2.01505e-07
-9.71092e-08
1.26011e-07
-8.55709e-08
1.52903e-07
-6.66624e-08
6.38528e-08
-3.96282e-08
-1.61528e-07
-3.35963e-08
-9.43309e-08
-5.68411e-08
1.92004e-07
-1.3156e-07
4.88904e-07
-9.29136e-08
2.11731e-07
-4.27928e-08
1.7218e-07
-1.12877e-07
5.35173e-07
-1.52618e-07
3.2387e-07
-1.34326e-07
2.46339e-08
-1.35179e-07
1.45837e-07
-1.63279e-07
2.87946e-07
-1.62908e-07
-1.17781e-07
-1.28021e-07
-4.70697e-07
-6.77979e-08
-9.35133e-07
-1.23039e-08
-9.73966e-07
-4.31284e-07
1.72763e-08
5.65957e-08
3.54732e-08
4.05922e-08
4.94738e-08
2.14978e-08
4.45649e-08
7.05682e-09
-9.09374e-10
-8.36863e-09
-4.57841e-08
2.50583e-08
-6.87989e-08
9.83648e-08
-1.23329e-08
8.02e-08
-1.99229e-08
-4.9713e-08
-6.38697e-08
2.56879e-08
-4.58048e-08
1.8344e-07
-3.30412e-08
1.13247e-07
-4.52289e-08
1.65091e-07
-7.64498e-08
9.50738e-08
-6.06325e-08
-1.77345e-07
-2.88996e-08
-1.26064e-07
-4.82859e-08
2.1139e-07
-7.34546e-08
5.14072e-07
-9.38549e-08
2.32132e-07
-1.43614e-07
2.2194e-07
-1.80928e-07
5.72487e-07
-1.45839e-07
2.88781e-07
-1.31468e-07
1.02622e-08
-1.31464e-07
1.45834e-07
-1.61966e-07
3.18447e-07
-1.64867e-07
-1.1488e-07
-1.28701e-07
-5.06863e-07
-6.61948e-08
-9.97639e-07
-1.0794e-08
-1.02937e-06
-4.42078e-07
1.04291e-08
4.1053e-08
1.36125e-08
3.74118e-08
-2.9681e-10
3.54072e-08
-3.03636e-08
3.71233e-08
-5.95382e-08
2.08059e-08
-8.47573e-08
5.02773e-08
-9.38542e-08
1.07518e-07
-2.32597e-08
1.04042e-08
-2.86424e-08
-4.43864e-08
-6.28396e-08
5.97687e-08
-4.46063e-08
1.63297e-07
-2.57014e-08
9.37815e-08
-1.27887e-08
1.52151e-07
-9.32317e-08
1.75517e-07
-5.33642e-08
-2.16575e-07
1.25311e-08
-1.91959e-07
-1.52895e-09
2.2545e-07
-3.11896e-08
5.43733e-07
-5.2359e-08
2.53301e-07
-7.60957e-09
1.77191e-07
-7.07338e-08
6.35612e-07
-1.24062e-07
3.42109e-07
-1.09363e-07
-4.43693e-09
-1.19329e-07
1.558e-07
-1.52399e-07
3.51517e-07
-1.62228e-07
-1.05051e-07
-1.26559e-07
-5.42533e-07
-6.24139e-08
-1.06178e-06
-9.66218e-09
-1.08212e-06
-4.5174e-07
-1.34711e-08
4.24829e-08
-2.19857e-08
4.59263e-08
-3.72505e-08
5.0672e-08
-5.6903e-08
5.67757e-08
-6.52039e-08
2.91068e-08
-8.1302e-08
6.63755e-08
-9.46695e-08
1.20907e-07
-1.01179e-07
1.70752e-08
-1.41882e-07
-2.24393e-09
-1.77779e-07
9.55906e-08
-1.28363e-07
1.13363e-07
-4.3349e-08
7.22638e-09
-4.02453e-08
1.4902e-07
-1.0446e-07
2.39966e-07
-2.7435e-08
-2.92375e-07
5.31944e-08
-2.72586e-07
1.87575e-08
2.59887e-07
-6.17598e-08
6.24245e-07
-9.68299e-08
2.88371e-07
-5.99584e-08
1.40319e-07
-1.00012e-07
6.75666e-07
-9.39012e-08
3.35998e-07
-5.06376e-08
-4.77006e-08
-8.29479e-08
1.88111e-07
-1.2359e-07
3.92159e-07
-1.48008e-07
-8.06319e-08
-1.16227e-07
-5.74314e-07
-5.34717e-08
-1.12454e-06
-8.90522e-09
-1.12669e-06
-4.60646e-07
-3.07325e-08
5.09105e-08
-3.83021e-08
5.34948e-08
-4.30432e-08
5.54105e-08
-4.61437e-08
5.98741e-08
-3.81804e-08
2.11377e-08
-4.88571e-08
7.70533e-08
-6.23274e-08
1.34393e-07
-4.64054e-08
1.15319e-09
-5.86623e-08
1.05589e-08
-1.08052e-07
1.46656e-07
-6.21003e-08
6.77822e-08
1.22274e-08
-6.72396e-08
-5.38272e-08
2.1505e-07
-1.0219e-07
2.89101e-07
-7.2394e-08
-3.22695e-07
-2.80066e-09
-3.41495e-07
-2.85099e-08
2.85596e-07
-3.74209e-08
6.33269e-07
2.97819e-08
2.19707e-07
-5.13243e-08
2.21408e-07
-2.30756e-08
6.47417e-07
6.07426e-08
2.51606e-07
2.76523e-08
-1.44923e-08
-7.9615e-09
2.23724e-07
-6.68453e-08
4.51043e-07
-1.15724e-07
-3.17533e-08
-8.84724e-08
-6.01565e-07
-3.47175e-08
-1.17829e-06
-1.33121e-08
-1.14809e-06
-4.73958e-07
-2.07803e-08
5.55832e-08
-2.44961e-08
5.72115e-08
-2.6892e-08
5.78061e-08
-2.30286e-08
5.60086e-08
-6.30465e-09
4.41144e-09
-1.77975e-08
8.85427e-08
-5.1808e-08
1.68403e-07
-1.20054e-08
-3.86494e-08
1.91814e-08
-2.0628e-08
-3.47382e-08
2.01022e-07
-3.04771e-08
6.36232e-08
2.33842e-08
-1.20937e-07
1.60674e-08
2.2238e-07
-4.90057e-08
3.5474e-07
-1.13732e-07
-2.58492e-07
-3.30691e-08
-4.21774e-07
-4.18424e-08
2.94369e-07
-1.82632e-08
6.0839e-07
9.01252e-08
1.10572e-07
-3.77855e-08
3.49004e-07
1.42983e-07
4.64218e-07
4.13257e-07
-2.24554e-08
2.48099e-07
1.53472e-07
1.78622e-08
4.54032e-07
-2.72026e-08
4.94961e-07
-8.08232e-08
1.82077e-08
-3.86551e-08
-6.43728e-07
-3.66781e-09
-1.21328e-06
-2.74972e-09
-1.14901e-06
-4.76708e-07
3.25037e-09
5.13357e-08
9.07039e-09
5.13925e-08
1.09002e-08
5.59825e-08
1.06134e-08
5.63029e-08
2.8512e-08
-1.34859e-08
3.87598e-08
7.82906e-08
1.54701e-08
1.91693e-07
6.66238e-09
-2.98425e-08
3.94745e-08
-5.34401e-08
7.61964e-08
1.64214e-07
2.39838e-08
1.15622e-07
-1.99943e-08
-7.71686e-08
2.3299e-10
2.02159e-07
2.94782e-08
3.23443e-07
6.2409e-09
-2.36123e-07
1.3383e-07
-5.51079e-07
1.305e-07
2.97697e-07
6.71198e-08
6.69358e-07
1.48145e-07
3.03507e-08
9.44859e-08
4.0354e-07
2.90962e-07
2.69433e-07
4.82063e-07
-2.13229e-07
5.34222e-07
9.48416e-08
3.50422e-07
6.31837e-07
2.89024e-08
4.73346e-07
-6.42645e-08
2.09976e-08
1.31496e-08
-3.71637e-07
3.40321e-08
-1.23414e-06
-2.67416e-08
-1.08823e-06
-5.03449e-07
1.36426e-08
4.07486e-08
2.49869e-08
4.0048e-08
3.81344e-08
4.28345e-08
4.88281e-08
4.56094e-08
5.09876e-08
-1.56454e-08
7.09504e-08
5.83242e-08
8.0991e-08
1.81648e-07
4.62314e-08
4.91738e-09
1.82815e-08
-2.54902e-08
8.08532e-08
1.01642e-07
9.52655e-08
1.01192e-07
6.68929e-08
-4.92133e-08
6.37028e-08
2.05376e-07
1.35978e-07
2.49104e-07
1.82924e-07
-2.83712e-07
1.93589e-07
-5.61747e-07
1.4296e-07
3.48323e-07
1.8606e-07
6.25154e-07
2.44311e-07
-2.73434e-08
2.60177e-07
3.88227e-07
5.5786e-07
-2.82904e-08
5.11085e-07
-1.6693e-07
3.68522e-07
2.37552e-07
5.46599e-07
3.75347e-07
2.34085e-07
3.54828e-07
3.30892e-08
1.25065e-08
1.63311e-08
-4.53531e-08
6.9134e-08
-5.22536e-07
4.20412e-08
-1.0596e-06
-4.61404e-07
1.40478e-08
2.62437e-08
2.77992e-08
2.62965e-08
4.14236e-08
2.92101e-08
4.06559e-08
4.63771e-08
-4.35998e-09
2.93704e-08
3.03976e-09
5.09244e-08
8.219e-08
1.02498e-07
7.13409e-08
1.57666e-08
8.14547e-09
3.77052e-08
3.80172e-08
7.17703e-08
7.02758e-08
6.89333e-08
4.4305e-08
-2.34509e-08
1.02251e-07
1.46976e-07
2.76698e-07
7.47725e-08
2.71608e-07
-2.777e-07
7.04509e-08
-3.6063e-07
8.04457e-08
3.37874e-07
3.45349e-07
3.61975e-07
3.48133e-07
-2.98316e-08
3.85457e-07
3.51013e-07
6.62793e-07
-3.05502e-07
6.89852e-07
-1.9382e-07
5.75318e-07
3.52248e-07
5.30597e-07
3.27792e-07
3.28462e-07
1.57995e-07
6.72583e-08
-1.54985e-07
1.25004e-08
-7.83408e-10
-3.20917e-08
-3.42513e-09
3.0493e-08
-1.09056e-06
-4.30751e-07
-1.06969e-09
1.12098e-08
-6.51513e-09
1.29581e-08
-1.69263e-08
1.68166e-08
-1.7568e-08
1.86541e-08
-4.02372e-08
2.28369e-08
-3.66106e-08
1.7902e-08
1.61748e-08
2.02715e-08
-2.6499e-08
2.66601e-08
-4.77006e-08
2.75968e-08
-8.95573e-09
1.30249e-08
1.93939e-08
2.58169e-08
2.02249e-08
-1.34243e-08
1.61537e-07
5.1974e-09
3.42156e-07
-8.72203e-08
2.60238e-07
-1.73521e-07
5.62806e-08
-1.56714e-07
1.56147e-07
2.37611e-07
4.30278e-07
8.79594e-08
4.36066e-07
-3.55198e-08
5.34075e-07
2.53116e-07
7.04626e-07
-4.75931e-07
7.10946e-07
-1.9463e-07
7.5421e-07
2.77124e-07
6.25902e-07
2.57282e-07
1.81389e-07
6.53241e-08
7.49607e-10
-1.40437e-08
-1.71647e-10
1.48752e-10
-5.3407e-08
-5.00857e-09
1.4159e-07
-3.45562e-07
-2.56492e-07
-1.37327e-09
-1.03998e-10
-7.94503e-09
-2.4495e-11
-9.97785e-09
1.24913e-10
-8.94035e-09
-3.72643e-12
-4.82939e-09
-1.02475e-10
-1.00427e-08
7.21877e-11
-1.47519e-08
1.10905e-10
-1.16008e-08
-9.16295e-11
-1.32026e-08
2.18784e-11
-2.65507e-08
8.63267e-11
-1.47642e-08
-3.72964e-13
4.6923e-09
-2.49753e-13
9.34759e-08
-3.58953e-13
1.30178e-07
-5.73516e-13
1.37634e-07
-2.82949e-14
1.32692e-07
-1.3257e-08
3.02795e-07
6.71118e-08
4.05829e-07
-3.72764e-08
4.4301e-07
-4.15128e-08
6.03311e-07
9.89254e-08
3.17988e-07
-1.70787e-07
2.02834e-07
-1.18664e-08
3.66422e-07
7.68295e-09
3.04221e-07
6.78492e-09
2.46046e-08
-2.04921e-09
-1.42547e-10
-3.31011e-10
-4.67145e-11
1.23851e-11
-4.70454e-09
-3.34386e-10
-3.82252e-07
-2.84351e-08
-4.79788e-07
1.27398e-08
-6.68438e-12
1.31441e-10
-7.68199e-13
1.54862e-11
-2.0316e-10
1.3819e-11
-2.47494e-11
-5.96032e-12
1.76376e-13
-6.86162e-10
5.82257e-12
-4.43823e-09
-2.70079e-11
-5.24528e-08
-3.4527e-09
-2.57627e-07
-9.79986e-08
-1.982e-07
-4.10201e-08
-6.94975e-08
1.27029e-07
-1.25689e-07
-1.00752e-09
-4.47817e-08
-1.77491e-08
-1.34255e-08
-3.90236e-12
-6.10737e-09
-1.38878e-12
-7.24676e-12
-1.01676e-11
-3.0812e-12
-3.23483e-10
-4.04281e-13
-1.83155e-10
1.32628e-12
-1.30199e-10
1.30845e-12
-5.6211e-12
6.56843e-11
-9.04363e-12
1.18765e-10
-1.85888e-13
6.05168e-12
-7.84315e-13
2.44957e-10
3.07488e-13
3.15876e-10
2.39577e-12
1.50825e-10
-2.58518e-12
9.45286e-11
-8.3617e-13
1.02746e-10
-5.1074e-13
7.19742e-11
-1.55982e-12
-2.00921e-12
-1.36087e-11
-4.70968e-14
-9.16535e-12
1.20698e-13
-2.84618e-12
2.04665e-11
-1.52581e-13
1.37408e-12
-2.2894e-12
1.54355e-13
5.13613e-13
-2.25984e-11
5.65143e-13
-1.22844e-10
1.01126e-11
-3.53061e-09
-4.46163e-11
-1.15441e-07
-6.07481e-09
-1.9038e-07
-2.37175e-08
-2.7021e-09
-1.68301e-08
-6.5135e-10
-1.3859e-11
-2.249e-12
-6.69625e-11
-1.32727e-12
-5.58612e-12
-1.20546e-12
-2.12722e-12
-5.66299e-12
-6.32987e-12
8.94214e-11
-5.14701e-11
1.90535e-10
-5.11349e-11
8.6893e-12
-6.76929e-11
1.11762e-12
1.50526e-12
1.83915e-12
1.23227e-15
2.28146e-12
9.8291e-14
2.7672e-13
-9.12339e-14
7.67603e-13
-1.4375e-13
3.32094e-12
3.88471e-15
9.53051e-13
-2.98002e-14
1.30403e-13
-1.4722e-14
-4.68385e-13
-2.28388e-14
-2.23323e-12
-2.95656e-14
1.94647e-13
-5.06119e-12
-1.98356e-13
-2.3037e-11
1.28826e-13
-2.02497e-11
1.05214e-14
-7.74128e-14
6.5744e-13
-2.43851e-13
8.4036e-14
1.22303e-12
-3.46123e-13
2.02899e-13
-1.3267e-12
-7.71644e-14
-4.59457e-11
-9.316e-17
-6.1207e-09
-6.74604e-14
-3.04641e-08
-1.58682e-13
-1.00769e-10
-1.23983e-12
4.01983e-11
-1.77061e-12
-1.23882e-11
-1.514e-11
-5.24994e-12
-1.35494e-11
-6.22984e-12
-1.52018e-11
-1.48274e-12
-3.6686e-11
-3.27944e-12
-7.24832e-11
-5.71991e-12
-3.92999e-11
-2.30067e-12
-7.08583e-12
4.28619e-14
-2.90739e-14
4.13562e-14
-4.23099e-15
5.75152e-14
9.33709e-14
3.63649e-14
-3.75481e-15
5.91077e-15
-2.12812e-16
1.23351e-14
6.22527e-15
-6.29578e-15
3.12962e-15
-2.27012e-14
1.79791e-15
-8.02741e-14
4.20447e-15
-2.84558e-13
9.9458e-15
4.1562e-14
-5.32715e-13
-8.57061e-13
-2.41505e-11
-8.55647e-16
-2.05839e-11
-6.11194e-14
-7.01529e-14
5.46823e-13
3.12252e-13
1.08091e-13
1.77465e-12
1.35599e-14
3.75532e-13
-1.3967e-16
-1.32352e-13
-1.01475e-15
-1.0275e-16
-3.33498e-15
-6.59272e-14
-2.14634e-14
-1.43521e-13
-1.2415e-14
-1.25245e-12
-1.26427e-12
-5.10899e-13
-1.67713e-11
4.48123e-13
-4.1842e-11
-1.73558e-11
-3.50359e-11
-1.937e-11
-2.3012e-11
-4.58936e-11
-1.69476e-11
-5.18733e-11
-8.53393e-13
-3.82992e-12
-1.44572e-14
-4.41756e-14
-3.42042e-14
-1.99609e-14
-3.33265e-16
-1.50725e-14
-9.39352e-15
1.17874e-13
-3.56577e-15
8.0846e-14
-5.69305e-15
6.8076e-15
-4.00036e-15
4.73694e-15
-2.05363e-15
3.0484e-15
-3.532e-15
1.8829e-15
-8.69749e-15
3.7213e-15
-2.39803e-14
6.11759e-15
2.77779e-14
-4.3465e-14
-7.90973e-13
-2.14355e-11
-1.66463e-14
-2.13521e-11
-2.72921e-15
-1.41121e-13
4.32445e-13
2.53328e-14
4.61494e-13
3.23518e-12
1.70226e-13
1.48376e-12
-2.71046e-16
1.11044e-14
-3.46269e-15
2.16137e-16
-3.08737e-13
-1.11363e-13
-6.0881e-13
-3.28002e-13
-2.52052e-13
-4.91041e-13
1.81035e-12
-3.58075e-13
-3.44628e-11
1.07806e-11
-4.58439e-11
-3.15794e-12
-4.90844e-11
-1.27488e-11
-3.27123e-11
-2.83339e-11
-2.04287e-12
-8.4347e-12
-3.25076e-14
-1.50523e-13
-1.81189e-14
-7.31109e-14
-3.06199e-14
-1.97234e-14
-1.4856e-13
-4.86756e-14
-1.55917e-13
2.29563e-13
-8.60768e-15
2.76416e-14
-3.62206e-15
1.56771e-15
-2.38436e-15
3.22829e-15
-2.40525e-15
2.93647e-15
-2.68529e-15
2.16145e-15
-2.71753e-15
3.29256e-15
-4.91005e-15
6.93498e-15
3.86573e-14
-1.8178e-14
-4.65353e-13
-2.81451e-14
-5.63462e-14
-1.77815e-11
-2.10676e-16
-3.37482e-13
1.17867e-14
2.37882e-15
5.80662e-13
3.0933e-12
1.52199e-13
2.18893e-13
1.69582e-15
3.52641e-14
-2.00721e-15
9.74092e-16
-1.14423e-12
5.59713e-14
-1.175e-12
8.57242e-16
-9.27996e-13
3.51554e-13
-2.59942e-12
-3.65506e-14
-1.84452e-13
1.55787e-13
-3.28309e-12
-1.00393e-13
-3.24983e-12
-1.23961e-13
-8.9308e-13
-3.28917e-13
-2.30166e-13
-5.3883e-13
-8.22286e-14
-3.31334e-13
-2.2072e-14
-1.48291e-13
-3.19417e-14
-2.31532e-14
-1.51436e-13
-6.20661e-15
-5.23415e-14
-2.28482e-16
-2.84802e-15
2.36946e-15
-3.39232e-15
1.90513e-15
-3.34706e-15
2.99186e-15
-3.4304e-15
2.86729e-15
-4.11796e-15
2.73841e-15
-5.74961e-15
4.8425e-15
-1.44847e-13
1.45596e-13
5.52886e-13
-8.24252e-13
-2.8145e-14
-9.4543e-21
-2.83327e-14
-1.39075e-14
-2.09169e-16
-6.53484e-13
7.47957e-16
5.86872e-17
5.91956e-13
2.96488e-12
1.07404e-14
-9.25407e-14
2.29112e-15
1.20424e-16
3.02342e-15
1.61184e-16
-8.41299e-13
8.01133e-13
-1.36931e-12
1.14556e-12
-1.21614e-13
4.77904e-13
-2.47728e-13
-3.54467e-14
-1.65384e-13
-4.39859e-14
-1.90076e-13
-1.199e-13
-2.2429e-13
-1.29876e-13
-3.60909e-13
-2.31234e-13
-9.78918e-13
-7.07651e-13
-2.30028e-12
-2.72284e-12
-2.00249e-13
-6.81764e-12
-6.72201e-15
-2.13946e-13
-7.24209e-15
-3.41666e-15
-5.1223e-15
-8.12677e-16
-4.90342e-15
3.42588e-15
-4.51349e-15
2.6652e-15
-4.66175e-15
2.98334e-15
-5.42166e-15
3.51813e-15
-9.10826e-15
6.30354e-15
-3.69231e-14
3.14275e-14
-1.88699e-12
5.28961e-13
9.74837e-13
-2.21256e-12
4.39295e-23
-8.89248e-20
-1.0241e-14
-3.66721e-15
-1.16443e-18
-2.92382e-13
3.48637e-17
-1.60855e-19
1.40555e-13
2.60061e-15
4.9912e-16
-3.29936e-15
3.54935e-16
1.51998e-16
3.33167e-16
1.56613e-16
-1.10059e-12
1.60847e-12
-2.58096e-12
7.52386e-12
-1.69022e-13
-1.12757e-12
-2.5611e-13
-8.60797e-14
-5.316e-13
3.23104e-13
-5.22387e-13
-3.46078e-14
-1.67983e-13
-1.01745e-14
-3.93524e-13
-7.28699e-14
-3.05015e-12
-2.25135e-13
-5.84928e-12
-1.61254e-12
-2.04831e-12
-7.84404e-12
-5.07311e-14
-3.16723e-12
-2.71857e-14
-2.42682e-14
-6.92534e-15
2.98123e-14
-2.1009e-14
1.89831e-14
-1.79043e-14
1.79981e-14
-6.85113e-15
1.85698e-14
-8.04074e-15
4.45942e-15
-2.75077e-14
2.40701e-14
-4.45155e-14
4.41888e-14
-2.48695e-12
1.41056e-13
8.11914e-13
-2.50362e-12
1.26327e-21
-1.67818e-19
-1.3713e-15
-1.12368e-15
-1.29247e-18
-1.82295e-17
3.57937e-19
-3.27701e-18
2.5235e-15
5.73963e-17
1.24131e-16
-2.55444e-16
2.33565e-16
5.22807e-16
1.81864e-16
1.84965e-16
-1.23201e-12
1.51406e-12
-7.53321e-12
1.47557e-11
-1.91649e-12
-3.1763e-12
-3.75746e-13
-8.87263e-14
-6.56605e-13
4.57608e-13
-6.69216e-13
8.06553e-14
-3.54635e-13
2.64426e-14
-4.81698e-13
-8.3138e-14
-3.07771e-12
2.20815e-12
-6.3665e-12
3.0822e-12
-5.38694e-12
-5.86557e-12
-1.49363e-12
-4.27116e-12
-4.05778e-13
-4.4587e-14
-2.39215e-13
8.20902e-14
-4.07998e-14
6.39083e-14
-2.87302e-14
2.48341e-14
-1.31391e-14
3.18235e-14
-1.18115e-13
7.24497e-14
-2.13321e-13
1.20282e-13
-3.81691e-13
1.86312e-13
-3.88077e-13
-1.15937e-14
3.23314e-14
-2.41247e-13
4.00503e-21
-2.86442e-19
-3.74871e-19
-2.25702e-16
-2.63122e-18
-2.04305e-17
-4.94976e-17
-3.41766e-18
1.28817e-16
-2.14135e-16
5.07098e-17
3.78717e-16
1.66172e-16
2.77689e-16
1.43601e-16
1.83315e-16
1.01045e-13
2.88072e-13
-5.17133e-12
2.04306e-11
-8.49488e-12
4.19935e-13
-3.96626e-13
-2.32523e-13
-5.18163e-13
4.18727e-13
-4.76183e-13
2.80786e-13
-1.40952e-12
1.13165e-13
-3.46217e-12
-1.00689e-11
-1.01491e-11
-7.93994e-12
-5.60378e-12
-1.49599e-11
-3.69941e-12
-1.20112e-13
-5.0994e-13
-9.22479e-14
-4.24816e-13
-4.3083e-14
-4.22191e-13
3.6468e-14
-2.6118e-13
1.28761e-13
-1.33109e-13
1.08328e-13
-3.34719e-13
1.47756e-13
-4.18927e-13
1.50085e-13
-4.66088e-13
1.26038e-13
-4.34217e-13
7.73819e-14
-7.20502e-14
3.7487e-14
-8.42463e-16
-3.81273e-14
9.62186e-21
-4.44878e-19
-3.04542e-19
-2.51896e-17
-1.93684e-18
-2.69562e-17
-1.99052e-17
-2.4716e-18
1.13049e-17
2.18805e-16
1.03917e-17
2.53635e-16
1.43354e-16
1.3575e-16
1.60135e-16
1.40317e-16
2.79587e-13
8.62749e-15
-4.52209e-12
3.85492e-13
-1.00654e-11
6.22461e-12
-8.51082e-12
4.11451e-14
-9.54111e-13
1.00611e-11
1.35093e-12
1.06824e-12
-1.69453e-12
-1.73556e-13
-7.33422e-11
-5.36016e-11
-9.75344e-11
-2.34361e-10
-5.70709e-13
-2.74253e-10
-4.86486e-14
-6.51924e-13
-1.03392e-13
-4.6085e-14
-1.87675e-13
-1.61998e-14
-4.93119e-13
3.11305e-14
-2.59347e-13
1.39551e-13
-1.37673e-13
2.19156e-14
-4.84679e-13
6.66614e-14
-4.49987e-13
1.38142e-13
-2.7708e-13
1.01199e-13
-7.06384e-14
5.88318e-15
-4.66899e-14
1.8543e-14
1.6232e-14
-7.99598e-14
1.91824e-20
-6.29426e-19
-2.33157e-19
-2.16378e-17
-1.27613e-18
-3.49362e-17
-1.04723e-17
-2.13988e-18
1.57912e-18
7.93968e-17
2.7738e-18
1.83166e-16
1.88031e-16
1.74929e-18
2.33259e-16
7.14785e-17
7.37177e-15
1.47956e-15
-1.8787e-13
7.0136e-15
-6.56871e-12
-3.92179e-14
-8.53123e-12
3.14751e-12
-6.48698e-12
9.08583e-12
5.07009e-13
1.87762e-12
7.1903e-12
-8.83703e-14
5.0071e-12
-3.91257e-11
2.23437e-11
-2.4989e-10
-9.47345e-12
-2.38814e-10
-4.21937e-14
-1.00933e-11
-5.95583e-14
-3.82679e-14
-7.49189e-14
-9.16695e-15
-1.50724e-13
1.01277e-14
-1.02734e-13
5.73312e-16
-1.57353e-13
-6.85798e-16
-1.78032e-13
3.31683e-16
-1.03708e-13
3.08433e-16
-8.7967e-14
2.79797e-15
-1.6772e-13
2.70116e-14
-3.61543e-13
5.61918e-14
5.0253e-14
-3.9526e-13
3.27275e-20
-8.06336e-19
-6.04873e-20
-2.64034e-17
-1.11267e-18
-4.00379e-17
-5.1579e-18
-2.43754e-18
2.231e-19
3.15388e-17
9.42327e-18
1.45435e-16
1.53473e-16
-9.02995e-17
2.43209e-16
-1.27719e-18
5.62104e-16
1.19474e-15
5.11805e-15
1.99351e-15
-3.87358e-14
3.23093e-15
-3.41196e-12
1.69856e-13
-1.93639e-12
9.29224e-12
-2.2813e-13
6.67924e-13
-3.36621e-13
-1.04921e-14
-4.58353e-13
-1.09319e-12
-1.13725e-11
-8.26442e-11
-2.58729e-11
-2.21681e-10
-1.59759e-13
-1.42379e-11
-1.44648e-13
-6.32212e-14
-1.23589e-14
-5.57488e-15
-2.71406e-15
3.27943e-16
-2.38291e-15
1.93818e-16
-2.60153e-15
-2.08546e-16
-2.79919e-15
3.22582e-16
-5.73658e-15
5.29787e-16
-3.78153e-13
2.7656e-14
-4.26888e-13
7.19054e-14
-4.28071e-13
5.62303e-14
4.11927e-14
-4.19656e-13
4.81433e-20
-9.15966e-19
1.28236e-19
-2.92268e-17
-1.33567e-18
-4.06212e-17
-2.69844e-18
-2.32429e-18
2.88883e-20
1.40686e-17
1.4663e-17
1.10166e-16
7.91797e-17
-8.80168e-17
3.27062e-16
-2.80802e-16
2.53413e-16
1.17594e-15
8.28866e-16
1.35719e-15
3.16195e-15
6.08778e-16
1.37465e-13
1.15667e-14
1.47385e-13
1.09226e-11
-2.5289e-14
3.90335e-13
-5.12381e-14
-9.26587e-15
-3.54193e-13
-8.20259e-13
-8.51021e-11
-9.19702e-11
-1.35612e-10
-1.69811e-10
-2.04378e-12
-7.55841e-11
-2.57238e-13
-1.69548e-12
-6.12028e-16
1.5338e-14
-6.87587e-16
2.4036e-16
-7.82316e-16
2.95197e-16
-9.38027e-16
2.9546e-16
-8.69648e-16
2.97969e-16
-1.04156e-15
3.21458e-16
-5.67927e-14
1.46408e-16
-4.27106e-13
1.32249e-14
-4.21348e-13
4.74001e-14
3.24922e-14
-4.13813e-13
6.02725e-20
-8.83974e-19
3.53594e-19
-2.88958e-17
-1.37396e-18
-3.60969e-17
-1.43054e-18
-1.75314e-18
-2.4351e-19
6.44921e-18
1.1856e-17
7.01117e-17
3.82664e-17
-4.31503e-17
4.22218e-16
-4.47561e-16
3.3409e-16
1.21739e-15
3.02302e-16
1.34421e-15
2.84178e-16
5.64322e-16
1.15691e-14
2.30684e-16
2.51014e-12
6.00369e-14
3.40306e-14
7.64572e-14
7.46065e-15
1.45375e-16
-7.09004e-13
-1.19322e-13
-1.15428e-10
-7.68704e-11
-1.48437e-10
-1.35453e-10
-4.26188e-11
-1.58087e-10
-6.38488e-13
-4.2966e-11
-4.25253e-16
6.98739e-15
-5.21901e-16
3.17064e-16
-5.95477e-16
3.52661e-16
-7.36388e-16
4.18504e-16
-8.08907e-16
2.9188e-16
-8.05763e-16
2.36668e-16
-4.59845e-15
4.41182e-16
-4.01211e-14
7.89822e-16
-4.42767e-14
3.19164e-15
2.22237e-15
-2.7717e-14
7.15977e-20
-6.84476e-19
4.94311e-19
-2.44902e-17
-1.1244e-18
-2.72837e-17
-6.76126e-19
-1.14881e-18
-3.94623e-19
2.62848e-18
6.79915e-18
3.37249e-17
8.87645e-18
-1.55726e-17
2.33892e-16
-4.17422e-16
3.96639e-16
1.04958e-15
3.62157e-16
1.27365e-15
3.46281e-16
5.10975e-16
4.73809e-16
4.59465e-17
5.74293e-14
2.98628e-15
1.2522e-14
-1.35121e-15
2.58147e-14
8.97904e-17
-9.03663e-14
-7.78656e-16
-1.06508e-10
-5.58979e-12
-1.91184e-10
-4.74006e-11
-1.99905e-10
-1.44834e-10
-2.85224e-12
-2.11899e-10
-9.89115e-16
-2.84423e-12
-2.99118e-15
2.29706e-15
-4.1832e-15
7.36834e-15
-5.34432e-16
1.91306e-14
-5.91991e-16
3.21411e-16
-6.49507e-16
2.53812e-16
-7.74065e-16
4.99029e-16
-7.69314e-16
6.76684e-16
-5.93061e-16
3.00257e-15
2.12026e-15
-4.5447e-16
4.94966e-20
-3.77056e-19
4.53574e-19
-1.57595e-17
-8.03034e-19
-1.70343e-17
-2.75214e-19
-7.27034e-19
-2.51872e-19
9.1017e-19
2.89572e-18
1.16137e-17
8.02694e-18
-6.43459e-18
1.82024e-16
-4.05059e-16
4.80616e-16
8.70176e-16
4.25852e-16
1.32997e-15
3.65437e-16
6.54678e-16
6.29562e-16
-8.02505e-17
3.15885e-15
3.4001e-16
9.36986e-16
7.56919e-16
2.37909e-15
1.18917e-15
3.36116e-15
8.48603e-16
-5.58089e-12
-3.23444e-15
-7.44808e-11
-5.18603e-12
-1.14041e-10
-1.00368e-10
-4.31155e-11
-2.784e-10
-9.34281e-13
-6.87624e-11
-3.0908e-14
1.22358e-12
-7.72159e-14
5.99389e-14
-8.25235e-13
2.66388e-13
-1.80889e-12
2.20815e-12
-3.41013e-12
2.16426e-12
-1.73395e-13
2.48213e-12
-2.4278e-13
1.94299e-13
-5.35556e-13
9.65169e-14
2.22015e-13
-4.55845e-13
2.75451e-20
-1.25827e-19
2.70941e-19
-7.58645e-18
-5.48185e-19
-8.50826e-18
-1.01775e-19
-3.71427e-19
-9.28465e-20
2.78546e-19
8.66252e-19
2.85069e-18
5.15529e-18
-2.84108e-18
9.83249e-17
-3.33723e-16
5.70991e-16
1.03929e-15
4.92353e-16
1.62341e-15
2.90119e-16
9.80558e-16
3.32207e-16
-1.99125e-16
4.78487e-16
4.06877e-17
8.83507e-16
3.03474e-16
1.18922e-14
2.79668e-15
2.72428e-14
1.719e-14
9.41546e-14
2.0363e-15
-1.8109e-11
4.72991e-13
-1.15955e-10
-5.91337e-12
-1.72974e-10
-2.15906e-10
-9.36996e-13
-2.09228e-10
4.28906e-15
1.33436e-12
1.33375e-15
1.00668e-12
-1.77189e-13
2.7077e-13
3.33803e-14
6.13904e-13
-5.34387e-13
1.4844e-12
-3.4274e-12
1.86323e-12
-4.737e-12
2.94068e-12
-5.06787e-12
1.72337e-12
1.17241e-12
-4.84814e-12
9.15546e-21
-3.53552e-20
9.69191e-20
-2.70515e-18
-2.94003e-19
-3.38602e-18
-3.59163e-20
-1.53568e-19
-2.37637e-20
7.75092e-20
1.82412e-19
5.08285e-19
1.90045e-18
-9.77997e-19
3.94597e-17
-2.35677e-16
1.15714e-15
1.06009e-15
6.30871e-16
2.36231e-15
3.3578e-16
1.28775e-15
2.92902e-16
-3.35254e-16
4.00655e-16
-1.63717e-16
4.13745e-16
2.11832e-16
2.00097e-15
4.10075e-16
2.83646e-14
2.52762e-14
2.14871e-14
6.57646e-15
4.91192e-13
4.7523e-16
2.76999e-11
4.62037e-13
-9.15156e-11
-2.18423e-13
-7.37413e-11
-1.93392e-10
2.61646e-12
-4.04736e-11
2.72369e-13
3.14346e-12
1.18281e-13
2.35569e-13
1.55578e-13
1.85231e-13
2.07353e-13
4.32508e-13
1.35799e-13
5.90975e-13
3.56795e-14
1.83239e-12
-2.88219e-13
9.82083e-13
6.39032e-12
-7.62109e-13
2.54677e-21
-6.13587e-21
1.83117e-20
-8.86756e-19
-1.22245e-19
-1.0761e-18
-1.18482e-20
-5.20493e-20
-4.67842e-21
1.85592e-20
2.71111e-20
6.49779e-20
4.20159e-19
-1.857e-19
-1.478e-16
-8.03302e-17
3.68e-16
3.66291e-16
7.03786e-16
2.8669e-15
6.22114e-16
1.27464e-15
4.43894e-16
-4.72731e-16
4.84866e-16
-3.76886e-16
4.27903e-16
1.45214e-16
4.59143e-16
3.55631e-16
5.08052e-15
6.11429e-16
5.13483e-15
3.20102e-16
2.42958e-15
6.36697e-16
3.68074e-13
9.4737e-14
2.17044e-13
-6.04035e-14
8.00368e-12
-2.86612e-12
4.98777e-11
-1.68841e-11
9.98766e-13
1.87825e-11
4.5681e-13
5.7281e-13
1.74597e-13
2.46723e-13
1.29538e-13
2.4555e-13
1.02927e-11
1.27104e-11
3.42845e-11
3.26284e-11
2.37889e-11
2.73251e-11
1.68997e-11
1.22934e-11
4.37568e-22
-7.27972e-22
-8.34622e-23
-1.35435e-19
-3.9573e-20
-2.89024e-19
-3.44329e-21
-1.62579e-20
-6.53099e-22
3.3121e-21
2.65623e-21
5.23319e-21
4.9581e-20
-1.44748e-20
-1.30171e-16
-1.00764e-17
-5.63147e-17
7.52655e-17
7.0671e-16
1.99851e-15
7.58313e-16
7.56226e-16
7.10459e-16
-7.9848e-16
1.03285e-15
-8.85738e-16
3.64132e-16
1.00792e-16
3.99479e-16
3.52036e-16
5.3028e-16
5.10474e-16
4.90357e-16
3.75055e-16
9.11386e-16
2.22583e-16
9.15362e-14
4.08715e-15
1.68768e-12
1.31608e-12
1.55111e-12
-2.31701e-14
1.86579e-11
-1.55534e-12
7.54148e-12
2.76403e-12
7.79405e-13
1.14187e-12
4.69424e-13
2.79445e-13
3.82155e-11
1.73789e-11
4.41463e-11
5.95248e-11
3.9997e-11
3.56785e-11
4.4432e-11
2.21309e-11
1.10057e-11
4.94194e-11
5.15078e-23
-5.67212e-23
-7.30729e-22
-1.11437e-20
-1.12205e-20
-6.00687e-20
-8.32527e-22
-3.82053e-21
-6.22576e-23
2.82396e-22
1.73739e-22
2.34655e-22
2.6781e-21
-7.86237e-22
-3.0813e-17
-5.65864e-19
-8.96703e-17
1.26979e-17
4.66612e-16
7.66646e-16
4.61756e-16
8.34215e-17
1.71324e-14
-1.80768e-14
4.92341e-14
-3.39189e-14
1.07563e-15
4.82194e-14
3.93698e-16
1.08289e-15
3.87858e-16
5.61146e-16
3.54217e-16
4.35037e-16
3.0177e-16
2.95676e-16
4.12395e-15
2.83845e-16
7.98256e-12
3.35785e-12
1.05178e-11
3.23875e-12
4.23012e-12
-7.34194e-13
2.31645e-12
-3.07285e-14
5.50835e-13
2.98402e-13
2.55707e-13
2.61911e-13
5.33534e-11
2.68246e-12
9.43718e-11
3.54522e-11
1.08436e-10
2.04679e-11
1.17258e-10
1.23745e-11
2.55874e-12
1.24867e-10
3.97885e-24
-2.83361e-24
-2.27876e-22
-4.83016e-22
-2.29325e-21
-8.72796e-21
-1.5038e-22
-5.96398e-22
-6.10054e-24
-6.57015e-24
1.14232e-23
4.46938e-24
9.24845e-23
-1.64077e-22
-2.93404e-18
-2.98872e-20
-2.2537e-17
1.69255e-18
1.20712e-16
8.32442e-17
1.93213e-16
-3.96877e-19
1.48212e-12
-3.99408e-13
3.24199e-12
-3.01946e-12
3.68474e-13
1.26621e-12
2.59389e-15
3.67123e-13
1.73044e-13
4.32434e-13
1.22652e-13
1.76513e-12
3.4527e-13
4.87964e-13
4.34945e-12
5.51934e-13
4.34212e-12
1.45324e-12
1.70415e-12
-5.93644e-14
4.91764e-14
-7.72251e-15
1.92602e-14
-7.44373e-16
2.17857e-13
9.51849e-15
1.70079e-12
3.08063e-13
9.51334e-12
6.48088e-14
3.77441e-11
1.5016e-13
3.16721e-11
1.94281e-14
1.71306e-11
-1.48019e-13
-7.17125e-14
7.13591e-12
1.95772e-25
-8.9302e-26
-3.50235e-23
-1.0332e-23
-3.01085e-22
-7.46224e-22
-1.80577e-23
-5.28077e-23
-1.37335e-24
-1.45288e-24
1.63047e-24
-5.97173e-25
8.42693e-24
-8.84785e-23
-1.55724e-19
-1.56894e-20
-1.172e-18
8.23863e-20
9.43425e-18
-2.29532e-18
9.7492e-18
-1.29316e-17
3.34038e-12
-3.21713e-12
2.2245e-12
-1.8029e-12
2.13969e-14
6.80938e-12
1.41805e-13
3.61286e-12
4.62528e-13
3.58888e-12
2.99504e-13
2.16593e-12
-5.7052e-14
7.015e-13
5.91202e-13
7.97998e-13
7.04419e-14
-1.27028e-14
8.828e-15
6.20894e-16
1.07226e-15
-5.76213e-17
1.05876e-15
-3.15949e-16
1.00898e-14
3.38341e-16
1.22357e-13
-1.64732e-14
7.0778e-14
-8.90369e-15
2.8986e-13
-4.0496e-14
3.1076e-13
-4.62913e-15
1.60439e-13
1.14535e-15
1.22235e-15
8.70423e-14
5.9866e-27
-1.75952e-27
-2.38034e-24
-8.42576e-26
-2.18213e-23
-3.24037e-23
-1.21625e-24
-2.28732e-24
-4.0396e-25
-8.45681e-26
2.59182e-25
-1.95507e-25
-1.18733e-22
-3.42293e-23
-4.81341e-20
-2.44226e-20
-1.34251e-18
7.96023e-21
6.0295e-18
-4.58322e-17
2.28178e-15
-2.30181e-15
-2.2047e-12
-2.65813e-12
-7.03863e-12
3.13998e-12
-6.58051e-12
6.4495e-12
-2.29122e-12
1.94107e-12
-5.09535e-13
8.97117e-13
1.72032e-15
4.67005e-15
1.08518e-14
1.06721e-15
1.42697e-14
1.79198e-16
5.14641e-16
5.56478e-16
4.69192e-16
5.49826e-16
1.82753e-16
1.80514e-16
1.75725e-16
1.47606e-16
1.8211e-16
1.05523e-16
5.20402e-15
3.66116e-15
1.58712e-14
1.17135e-13
1.56206e-14
2.94307e-14
5.24937e-15
2.88128e-15
4.89164e-15
1.46332e-15
1.74528e-15
4.34615e-15
1.11247e-28
-2.15238e-29
-7.08039e-26
-2.75543e-28
-7.53598e-25
-6.16308e-25
-3.94168e-26
-4.09789e-26
-6.03836e-26
-1.76403e-27
1.18491e-26
-2.73794e-26
-7.95756e-22
-4.01341e-24
-2.864e-19
-3.61637e-21
-1.26428e-17
3.37688e-20
-2.82976e-16
-1.2998e-17
-2.44184e-15
-1.56507e-16
-5.39294e-12
-2.78296e-13
-7.14079e-12
5.0062e-12
-1.76701e-12
3.69141e-13
-1.26371e-13
5.22817e-15
-4.83062e-15
2.02585e-16
-6.55243e-16
2.53362e-16
1.8092e-16
1.30368e-16
2.0762e-16
-2.38556e-16
1.42565e-16
2.40316e-16
1.54595e-16
1.83678e-16
1.41448e-16
1.30485e-16
1.52439e-16
1.16745e-16
1.58877e-16
8.99311e-17
3.11222e-13
7.32329e-14
1.84178e-13
2.67841e-13
8.585e-15
1.89921e-13
3.77292e-15
7.36559e-15
3.21406e-15
1.99169e-15
1.92524e-15
3.01502e-15
1.21915e-30
-1.64512e-31
-1.02078e-28
-5.16993e-31
-1.04087e-26
-4.1488e-27
-5.31628e-28
-2.3656e-28
-5.65159e-27
-1.37171e-29
-3.66318e-25
-1.26314e-27
-2.32918e-22
-1.73224e-25
-6.62997e-20
-1.95528e-22
-4.03827e-18
2.39477e-20
-2.04444e-16
-4.08658e-19
-5.54737e-16
2.3289e-17
-1.39969e-12
-7.09618e-15
-2.29961e-13
7.35622e-15
-6.23228e-15
5.03056e-16
-7.26577e-16
-1.99994e-16
-7.60882e-17
-2.79158e-16
-2.14069e-17
1.30441e-16
2.42585e-19
8.87933e-17
3.83882e-17
9.98115e-17
3.10966e-16
6.63413e-16
9.91939e-17
4.07351e-16
1.15163e-16
1.24928e-16
9.93382e-17
9.55615e-17
9.2358e-17
8.70859e-17
2.18406e-13
2.52123e-13
2.17179e-13
2.74279e-13
1.29846e-13
2.82077e-13
3.31849e-15
1.26579e-13
1.96509e-15
3.30978e-15
2.2982e-15
1.56592e-15
7.56723e-33
-8.11382e-34
1.70392e-33
-4.63481e-34
-4.37632e-29
-7.73293e-30
-2.72662e-30
-3.1407e-31
-1.88713e-28
-4.87939e-32
-4.17032e-26
-1.79883e-29
-1.88045e-23
-3.08876e-27
-5.35468e-21
-4.77859e-24
-3.10632e-19
3.80053e-21
-1.03749e-17
-7.41774e-21
-1.14108e-16
7.4966e-18
-7.37941e-15
7.91476e-17
-4.70987e-16
1.23317e-16
-4.13999e-17
3.57952e-16
-3.76926e-17
6.26197e-17
-2.16318e-17
6.61736e-17
-1.58947e-17
5.08702e-17
-3.77108e-18
5.47393e-17
2.02122e-18
2.96637e-17
1.01228e-16
5.07653e-16
2.06886e-15
4.08769e-15
2.96354e-15
4.72428e-15
1.77973e-16
2.67362e-16
1.63163e-16
9.17695e-17
1.19509e-13
2.58202e-13
5.89358e-14
3.40864e-13
-1.65722e-14
3.63009e-13
3.79596e-14
2.98737e-13
1.10001e-14
2.99257e-14
2.70557e-12
-9.4498e-12
2.43952e-35
-2.88397e-36
2.32825e-36
-4.64289e-37
-3.70627e-32
-4.20328e-33
-5.67089e-33
-6.6646e-35
-1.73725e-30
-1.94035e-35
-8.781e-28
-3.01369e-32
-5.26766e-25
-1.22747e-29
-2.07603e-22
-4.08819e-26
-1.69108e-20
2.67434e-22
-9.08738e-19
7.48948e-21
-1.06533e-17
1.29823e-18
-4.03879e-17
1.33505e-17
-3.96164e-17
7.23529e-17
-6.69786e-18
8.01989e-17
-6.50361e-18
1.59292e-17
-1.53485e-17
1.49696e-17
-5.01393e-17
3.58577e-17
-5.29679e-16
1.13898e-16
-1.82499e-15
1.19382e-15
-2.33522e-15
9.07127e-15
-6.67771e-17
8.8255e-15
9.48186e-16
3.09841e-15
7.83745e-17
1.44263e-16
2.63032e-14
1.6526e-15
1.95197e-13
7.65964e-15
2.05355e-13
9.55929e-14
2.53045e-13
3.21527e-13
2.24117e-13
3.31825e-13
2.29645e-13
1.61566e-13
1.15024e-13
2.82698e-12
2.65044e-38
1.37435e-39
-2.8901e-36
-7.29608e-37
-1.06708e-33
-2.0984e-30
-3.1133e-27
-2.76501e-24
-3.71111e-22
-3.73372e-20
-6.90518e-19
-4.64025e-18
-2.76265e-18
-4.80718e-19
-6.09449e-19
-2.00103e-18
-1.86355e-18
-4.78269e-18
4.10835e-17
7.09646e-16
1.13548e-15
6.66407e-16
3.1561e-16
9.12077e-16
6.90322e-15
7.37309e-14
2.53482e-13
3.54131e-13
5.07616e-13
5.30371e-13
-1.18337e-10
3.89407e-12
-1.56926e-10
7.61304e-12
-5.44228e-11
6.2866e-12
-6.37803e-11
6.70527e-13
-1.6709e-10
-1.37549e-12
-1.12987e-10
6.81777e-12
-1.14716e-11
8.85952e-13
-1.01715e-10
-1.05017e-12
-8.35309e-11
2.35824e-12
-1.67386e-14
-6.04675e-13
6.09016e-15
-3.7554e-13
3.0976e-14
-2.08202e-13
6.06377e-14
-2.31566e-13
7.94541e-14
-4.58311e-13
3.26171e-14
1.27326e-14
1.09529e-08
-5.97798e-14
9.37569e-08
4.26771e-10
3.83693e-08
-1.16342e-09
4.45422e-08
-2.00881e-11
1.57463e-07
1.01318e-08
1.19662e-08
-9.5734e-09
1.80285e-10
-8.62663e-11
1.94329e-09
2.46598e-11
2.41381e-09
-1.25092e-11
3.21712e-10
-1.12944e-11
-4.7482e-12
-4.04508e-12
-4.68213e-12
-2.37143e-12
-1.77472e-10
-1.68736e-10
-1.19854e-08
-8.81754e-13
-8.23555e-12
-6.41316e-12
5.14306e-13
-4.73843e-12
5.25304e-13
-7.09685e-13
4.13167e-13
-1.13172e-12
1.33144e-13
-5.53599e-12
2.57251e-13
-1.33068e-12
-6.34922e-14
-1.88486e-13
-7.26832e-15
-4.7015e-13
-1.83832e-13
5.42198e-13
2.21345e-14
6.8707e-13
-3.4851e-13
5.26869e-14
-2.77629e-13
5.52515e-14
-2.19466e-13
1.15071e-13
-2.10158e-13
1.64326e-13
-4.38793e-13
4.2951e-14
1.06368e-13
5.70324e-14
-1.03209e-13
1.18391e-09
-1.79202e-14
2.06014e-11
-1.81944e-13
4.90505e-13
-5.30556e-14
9.64244e-09
1.94424e-11
8.84505e-11
-1.94722e-11
2.4048e-12
-2.31208e-13
2.69304e-11
1.24106e-13
1.47494e-11
-7.42608e-14
2.10034e-12
-7.07473e-14
-1.35901e-12
-3.72995e-13
-2.35182e-11
4.25299e-12
-1.28039e-13
-1.25788e-13
5.04608e-14
-3.16858e-12
-1.09751e-11
-4.56115e-13
2.57287e-14
-2.32348e-13
1.15881e-13
-8.00958e-14
1.88487e-13
-1.05124e-13
5.48873e-14
-1.41494e-13
4.825e-14
-3.45819e-13
-3.14061e-14
-9.73785e-14
-1.53345e-13
-2.55788e-15
-1.03155e-15
2.07906e-14
-7.97155e-16
1.45096e-13
-7.73506e-16
1.55387e-13
-2.92347e-15
2.36012e-13
-3.80792e-15
3.71576e-13
-2.70559e-15
3.36971e-13
-2.4755e-14
1.551e-13
3.9322e-13
6.62441e-14
-7.93607e-14
3.65583e-14
-5.91053e-14
4.71121e-14
-2.70631e-13
5.93013e-14
-1.47422e-13
1.96601e-11
-1.96459e-13
2.32688e-13
-4.07404e-14
1.80703e-15
-3.46682e-16
1.30128e-13
6.75435e-16
1.04656e-13
-7.86265e-15
1.62996e-15
-5.19368e-15
-5.12593e-13
1.64416e-14
-2.30905e-14
-9.76527e-13
-1.07121e-13
-9.12518e-14
1.94377e-13
-1.22226e-11
-2.53292e-11
-5.36357e-14
2.69539e-14
-7.03533e-14
1.61171e-13
-7.60748e-14
1.83803e-13
-1.52563e-13
4.87032e-14
-4.2632e-13
7.5912e-14
-5.46736e-14
6.67501e-14
-4.57071e-16
-7.73867e-16
-1.31947e-17
-1.26788e-15
8.16697e-16
-1.13442e-15
1.6149e-15
-1.51028e-15
2.34074e-15
-3.60697e-15
2.85028e-15
-4.3001e-15
2.87875e-15
-2.74574e-15
5.83898e-14
-7.11607e-16
2.65986e-13
2.92997e-13
1.45851e-13
-6.78902e-14
7.41618e-14
-4.75643e-14
2.5255e-13
-3.6876e-13
2.83435e-13
-2.58768e-13
3.46097e-14
-3.44585e-14
3.90184e-16
-6.5505e-15
1.01565e-16
-1.18043e-16
6.26064e-16
2.09171e-16
-1.96883e-15
-3.22533e-15
-5.00935e-15
-1.88553e-15
-7.57218e-14
3.27031e-16
-3.56973e-15
-6.84678e-14
3.61846e-15
-1.51706e-13
8.48226e-13
-2.04703e-11
-2.62331e-11
-2.21472e-13
2.29354e-13
-3.83683e-13
6.08195e-13
-5.40067e-13
6.12739e-13
-8.13607e-13
6.74498e-13
-3.04406e-13
2.5828e-13
-8.08086e-16
-1.48578e-16
-5.15739e-16
-1.07439e-15
-9.43729e-17
-1.7397e-15
1.22099e-15
-9.7872e-16
1.73587e-15
-1.89228e-15
2.52279e-15
-4.33438e-15
3.02969e-15
-4.9097e-15
2.98872e-15
-2.83462e-15
2.22674e-15
1.56295e-17
1.15318e-13
8.97149e-15
5.94336e-14
-3.85161e-15
1.91141e-13
-1.95789e-13
2.92211e-13
-3.02169e-13
3.37472e-13
-1.18405e-13
6.11754e-15
-1.27267e-15
1.08352e-16
-5.02477e-16
1.17459e-17
-2.86641e-17
-7.4742e-17
2.5717e-16
-3.01222e-15
-2.01864e-16
-6.21418e-15
3.52149e-15
-7.65999e-14
3.54212e-14
1.54388e-14
8.43729e-14
2.66232e-14
-2.90662e-13
7.5904e-13
-1.94238e-11
-2.55139e-11
-1.40956e-12
8.95088e-13
-1.66949e-12
9.69215e-13
-1.84409e-12
8.97538e-13
-1.48372e-12
4.34819e-13
-1.30157e-15
5.82909e-14
-1.02948e-15
-4.34738e-16
-7.86671e-16
-1.3534e-15
-2.62608e-16
-2.20037e-15
1.01887e-15
-8.21376e-16
1.69299e-15
-2.40322e-15
3.83293e-15
-6.70488e-15
4.92362e-15
-7.73045e-15
2.89688e-15
-3.05379e-15
2.17329e-15
5.94687e-16
4.98659e-15
5.97967e-15
9.27593e-15
3.97003e-16
1.39354e-13
-1.80211e-13
1.19412e-13
-3.35017e-14
1.29423e-15
-2.70273e-16
9.41713e-17
-4.06486e-17
2.09673e-17
-1.15386e-16
-8.52096e-17
7.81286e-17
-1.40383e-16
2.75484e-16
-2.19577e-15
7.79281e-16
-3.86009e-15
5.18933e-16
-6.87656e-15
1.02135e-15
2.17928e-14
-1.79738e-14
7.53719e-14
-1.08385e-12
3.35313e-13
-4.23936e-14
-6.73432e-18
-2.1404e-12
9.22501e-13
-1.93139e-12
8.70011e-13
-1.14914e-12
4.17499e-13
-1.66028e-13
1.96875e-14
-1.62371e-15
3.85798e-16
-1.3889e-15
-6.85801e-16
-1.0775e-15
-1.65399e-15
-4.99605e-16
-2.63576e-15
8.06245e-16
-7.18123e-15
3.04735e-15
-4.6076e-15
2.71882e-14
-3.78947e-14
2.36776e-14
-1.28681e-14
4.55871e-15
-1.99444e-14
2.56418e-15
1.10106e-15
4.35564e-15
3.93287e-15
1.1379e-14
1.51097e-14
3.30871e-14
-4.47506e-14
1.33076e-16
-5.47409e-16
4.25468e-17
-1.57039e-16
4.11108e-17
-1.6366e-17
-6.0758e-17
7.95997e-18
-1.43905e-16
1.62521e-16
-1.61019e-16
2.35137e-16
-1.89839e-16
3.54971e-16
-2.43016e-16
3.75286e-16
-2.97933e-16
6.03456e-16
-2.28833e-14
6.27832e-16
3.59194e-14
-1.06045e-12
7.00819e-18
-6.438e-15
-2.50596e-21
-2.07382e-12
3.55944e-13
-5.12236e-13
1.83042e-14
-2.17523e-14
5.80058e-15
-2.54694e-15
6.11615e-16
-1.9356e-15
-1.90675e-16
-1.70583e-15
-9.22584e-16
-1.44787e-15
-1.99758e-15
-7.5273e-16
-3.10146e-15
-1.74309e-17
-8.98232e-15
3.89599e-14
-1.58283e-13
4.60086e-13
-5.74874e-12
5.47741e-13
-4.64343e-12
2.94896e-15
-7.14882e-14
1.6323e-15
1.89156e-15
1.01166e-15
4.2795e-15
-1.23835e-14
1.51022e-14
-1.5268e-15
-2.20603e-16
-2.80479e-19
-2.05733e-15
1.64369e-17
-1.42459e-16
-2.46653e-17
3.36046e-17
-1.20244e-16
1.09914e-16
-1.82384e-16
2.23123e-16
-1.58665e-16
1.90231e-16
-1.08511e-16
2.2134e-16
-8.47835e-17
2.2215e-16
-5.59989e-17
4.62061e-16
5.71182e-16
2.49753e-16
3.04298e-14
-1.00655e-12
-6.98003e-22
-1.62866e-14
-7.46792e-21
-2.70625e-14
1.8106e-14
-7.40792e-15
-5.43314e-16
-3.17925e-15
2.1924e-15
-3.2655e-15
1.23049e-15
-2.76655e-15
-2.37873e-16
-2.26085e-15
-1.42e-15
-1.7455e-15
-2.57571e-15
-7.683e-16
-3.92416e-15
1.54736e-14
-3.27512e-14
-3.55296e-14
-1.83878e-12
4.44238e-13
-6.22781e-12
5.86089e-13
-4.82846e-12
7.04052e-16
-1.02797e-13
3.49307e-16
1.94229e-15
-4.35574e-16
4.77175e-15
-1.99524e-15
8.03151e-15
-9.15513e-15
3.37599e-17
-3.34083e-17
-1.08601e-13
-1.318e-17
-1.2825e-16
-7.33963e-17
9.25075e-17
-1.59517e-16
1.94293e-16
-1.90226e-16
2.48306e-16
-1.28199e-16
1.15474e-16
-5.72573e-17
1.0689e-16
-4.81061e-17
1.53087e-16
-2.25362e-18
2.76164e-16
2.112e-16
1.05417e-17
1.75791e-14
-6.98643e-17
-2.71296e-20
-1.94449e-14
-4.23868e-20
-2.57533e-14
1.09738e-14
-3.2071e-14
1.20804e-14
-9.76445e-14
1.3848e-14
-1.37091e-13
3.9821e-16
-9.62576e-14
-4.36315e-14
-1.04401e-14
-5.33279e-14
-3.8211e-15
-9.10271e-15
-4.7124e-15
-3.05272e-15
-9.00599e-14
-3.4906e-14
-9.62103e-13
-3.93232e-12
-7.19064e-13
-6.47125e-12
-1.92946e-13
-5.35417e-12
-1.03737e-15
-3.5816e-13
-1.16186e-15
1.78525e-15
-2.2663e-15
5.55862e-15
-5.50105e-14
6.04248e-14
-1.259e-13
-6.62277e-14
-3.04632e-17
-2.71359e-13
-4.41959e-17
-1.08381e-16
-1.10343e-16
1.59885e-16
-1.71121e-16
2.5351e-16
-1.54422e-16
2.29047e-16
-6.76806e-17
2.44817e-17
-2.10672e-17
1.96743e-17
-2.66976e-17
9.88063e-17
-4.49942e-19
1.86579e-16
8.47061e-19
2.97977e-18
2.61302e-19
-1.32094e-17
-1.14908e-20
-8.22277e-15
-1.81928e-19
-3.00779e-13
3.80346e-14
-3.3242e-13
3.99187e-14
-3.43899e-13
2.19233e-14
-3.35426e-13
-1.27361e-14
-3.17099e-13
-6.52902e-14
-1.79238e-13
-1.33767e-13
-1.60929e-14
-1.21697e-13
-4.51577e-15
-1.55018e-14
2.09202e-14
-6.27687e-14
-1.93581e-12
-1.99156e-12
-1.49131e-12
-6.91624e-12
-1.67111e-12
-5.19601e-12
-8.57258e-15
-3.62942e-13
-9.36436e-15
2.27346e-15
-1.03848e-13
1.0703e-13
-5.58739e-13
3.16681e-13
-1.8342e-13
-1.94308e-13
-9.18864e-17
-1.53226e-15
-7.43104e-17
-1.19649e-16
-1.3356e-16
2.26123e-16
-1.57179e-16
2.82621e-16
-9.05714e-17
1.74229e-16
-1.62091e-17
-2.16404e-17
-6.04405e-18
-3.28798e-18
-1.35077e-17
5.34088e-17
4.29485e-19
1.27774e-16
8.38035e-19
2.13198e-18
1.5018e-19
-2.90893e-17
-6.54427e-21
-5.54036e-18
-3.82057e-19
-3.98194e-13
3.92076e-14
-3.89636e-13
2.75042e-14
-3.78046e-13
5.35541e-15
-3.64651e-13
-3.13011e-14
-3.54705e-13
-8.05686e-14
-3.40043e-13
-1.53297e-13
-1.85997e-13
-2.09548e-13
-4.95692e-14
-7.98991e-14
-7.14347e-14
-5.8937e-14
-2.54818e-12
-4.69094e-13
-3.07828e-12
-6.40724e-12
-3.48842e-12
-4.81178e-12
-1.85949e-13
-3.92887e-13
-1.90631e-13
6.58905e-15
-6.84104e-13
3.27987e-13
-5.30961e-13
4.70178e-13
-3.54771e-16
-5.04483e-16
-9.64649e-17
-1.67983e-15
-1.04767e-16
1.15348e-17
-1.46713e-16
2.86278e-16
-1.38743e-16
2.88256e-16
-5.65916e-17
1.12712e-16
-6.87146e-18
-4.97897e-17
-3.09425e-18
-5.94777e-18
-5.62788e-18
2.41261e-17
3.32102e-18
7.21478e-17
8.56942e-19
1.74876e-18
1.70841e-19
-5.10789e-17
-1.72673e-20
-2.50594e-17
-5.66501e-19
-4.11266e-13
2.97369e-14
-4.02121e-13
1.55533e-14
-3.81281e-13
-7.35177e-15
-3.77491e-13
-3.93398e-14
-3.74186e-13
-8.66748e-14
-3.77854e-13
-1.5491e-13
-3.48741e-13
-2.42365e-13
-1.1576e-13
-1.82495e-13
-1.29033e-13
-7.12883e-14
-9.55844e-13
-2.86537e-13
-5.13916e-12
-6.21739e-12
-5.39387e-12
-4.17699e-12
-1.96689e-13
-5.8318e-13
-2.8512e-13
9.08847e-14
-5.52233e-13
2.05524e-13
-7.25787e-16
7.59559e-14
-6.78715e-16
-9.17279e-16
-2.50816e-16
-2.88834e-15
-1.35128e-16
2.22957e-16
-1.55601e-16
3.39527e-16
-1.26896e-16
2.79742e-16
-4.05153e-17
5.28318e-17
-4.28673e-18
-5.79036e-17
-2.09395e-18
-5.13638e-18
-2.04597e-18
1.00693e-17
2.51686e-18
3.08402e-17
3.9077e-18
1.05045e-17
3.75096e-20
-5.49617e-17
-3.04476e-20
-3.12233e-17
-7.53089e-19
-4.06418e-13
1.96124e-14
-3.97112e-13
4.4509e-15
-3.41631e-13
-5.45047e-15
-3.69487e-13
-3.8599e-14
-3.81241e-13
-7.77188e-14
-3.97155e-13
-1.41652e-13
-4.21176e-13
-2.2128e-13
-2.79038e-13
-3.13834e-13
4.2596e-15
-1.48869e-13
-9.28165e-13
-8.68978e-14
-7.31406e-12
-3.69792e-12
-8.06914e-12
-3.22539e-12
-8.22744e-12
8.26565e-14
-2.28813e-12
4.50979e-12
-7.60487e-14
1.38537e-13
-1.31226e-15
2.38711e-16
-1.40527e-15
-1.60065e-15
-3.70189e-16
-2.65247e-15
-1.61381e-16
3.86625e-16
-1.62792e-16
3.85422e-16
-1.14724e-16
2.56463e-16
-2.14306e-17
-1.88412e-17
-2.75276e-18
-4.64759e-17
-1.28266e-18
-3.01977e-18
-7.18789e-19
4.46993e-18
1.28243e-18
1.04971e-17
8.21756e-18
1.38874e-17
-3.14212e-19
-4.94624e-17
-4.60364e-20
-3.3021e-17
-8.91675e-19
-7.11347e-15
3.26739e-16
-1.86377e-15
-1.92013e-18
-7.08525e-15
-1.34876e-16
-1.18033e-13
-4.23424e-16
-2.68422e-13
-3.48255e-15
-3.76346e-13
-3.67396e-14
-4.935e-13
-1.07248e-13
-5.1388e-13
-3.03433e-13
8.2795e-14
-1.03035e-13
-2.65189e-14
-1.45251e-14
-7.27202e-12
-4.80997e-13
-9.34973e-12
-9.13042e-13
-9.53877e-12
9.68921e-13
-1.36739e-13
1.66962e-12
-2.19198e-15
3.08954e-15
-2.41583e-15
-4.19782e-16
-1.941e-15
-5.54869e-15
-7.23808e-16
-1.89623e-15
-1.89943e-16
4.05708e-16
-1.97086e-16
4.5389e-16
-1.54711e-16
2.49034e-16
-7.16332e-18
-1.35647e-16
-1.63871e-18
-2.61874e-17
-7.07014e-19
-1.2914e-18
-2.87642e-19
1.99488e-18
4.39109e-19
3.54369e-18
2.10226e-18
3.39653e-18
-6.42294e-19
-4.44527e-17
-5.96738e-20
-3.08787e-17
-9.00641e-19
-4.06822e-16
3.24459e-16
-3.32721e-16
-1.6737e-17
-2.73329e-16
-9.14124e-17
-3.73938e-16
-2.99291e-16
-3.80193e-15
-4.44567e-17
-4.30046e-14
-5.9374e-17
-1.89619e-13
-4.05512e-16
-1.9273e-13
-1.05704e-14
-3.45565e-14
-2.64734e-14
-7.08561e-14
-2.74922e-14
-6.02573e-13
-1.16163e-14
-3.48193e-12
-1.80493e-14
-3.3409e-12
-8.96976e-17
-5.85125e-15
2.83116e-14
-3.34372e-15
5.2692e-16
-3.5004e-15
-3.02961e-15
-8.59394e-16
-4.62014e-15
-3.98847e-16
-4.19876e-16
-2.20666e-16
4.3805e-16
-2.3618e-16
5.5327e-16
-1.24189e-16
2.06021e-16
-1.04471e-18
-1.39341e-16
-6.80184e-19
-8.48355e-18
-3.09189e-19
-3.49719e-19
-1.53142e-19
7.2321e-19
2.06029e-19
1.48571e-18
1.08134e-18
1.63663e-18
-8.13383e-19
-3.41538e-17
-7.38207e-20
-2.37865e-17
-7.3393e-19
-3.10527e-15
6.17788e-15
-1.73325e-15
-1.2995e-15
-2.02814e-15
2.74439e-16
-1.96115e-16
-2.12212e-15
-1.8914e-16
-3.97868e-17
-2.11368e-16
-4.63751e-17
-5.65732e-16
-6.11418e-17
-1.10606e-14
-9.04505e-17
-3.56745e-14
-2.41782e-15
-7.06684e-15
-5.48706e-15
-7.01042e-15
-6.96793e-15
-2.60515e-14
1.8232e-16
-3.10102e-14
4.57881e-15
-6.42648e-15
3.71297e-15
-8.36946e-15
8.14481e-16
-2.55931e-15
-3.31941e-15
-8.36422e-16
-5.94554e-16
-3.9567e-16
-7.37086e-16
-2.11384e-16
4.42229e-16
-1.87998e-16
5.80578e-16
-6.32325e-17
1.00361e-16
-6.84728e-19
-3.54738e-16
-1.71072e-19
-1.7359e-18
-9.93114e-20
-5.6977e-20
-9.6034e-20
1.87705e-19
1.0978e-19
7.03416e-19
7.89307e-19
1.07085e-18
-7.06837e-19
-2.11273e-17
-5.37232e-20
-1.40611e-17
-4.19082e-19
-3.65514e-13
5.51326e-14
-2.38054e-13
-1.28676e-13
-2.80999e-13
-4.21576e-14
-7.83457e-16
-7.42914e-14
-1.49871e-16
-6.84227e-16
-1.75294e-16
-3.31387e-17
-2.45446e-16
-3.78933e-17
7.22416e-17
-4.07314e-17
-7.45384e-15
-1.06225e-16
-2.94392e-14
-7.71936e-16
-2.19986e-14
1.48952e-16
-7.23284e-15
3.3013e-15
-5.67054e-15
2.75808e-15
-3.85718e-15
1.66685e-15
-3.31627e-15
1.67811e-17
-2.68805e-16
-1.24746e-15
-8.00528e-16
-4.37771e-16
-9.4049e-16
-6.98834e-16
-1.38214e-16
1.97398e-15
-1.04416e-16
4.47047e-16
-9.48214e-17
3.83549e-17
-3.98755e-19
-6.83418e-16
-2.56737e-20
-9.95911e-19
-2.59007e-20
-8.53497e-21
-5.72217e-20
3.73555e-20
5.50252e-20
3.01631e-19
4.95667e-19
5.61092e-19
-4.28078e-19
-1.00034e-17
-3.10915e-20
-6.05921e-18
-1.37918e-19
-1.42959e-12
1.37615e-12
-2.83853e-12
4.16463e-13
-3.51285e-12
1.00036e-13
-1.70779e-13
3.46998e-15
-1.54454e-16
-1.71316e-13
-1.12995e-16
-7.97453e-17
-1.44105e-16
-1.81724e-17
-2.27514e-16
-1.53818e-17
9.52485e-17
-1.00731e-18
-6.7489e-15
3.71928e-17
-2.48557e-14
1.12491e-15
-2.37568e-14
7.33668e-15
-1.3944e-14
9.52569e-15
-7.10842e-16
3.1084e-15
-1.71088e-16
-7.74261e-16
-1.66014e-16
-3.49254e-16
-8.48129e-16
-1.57292e-16
-1.9815e-15
-1.76011e-16
-2.44704e-16
2.61875e-15
-1.23015e-15
3.58664e-15
-6.33452e-17
7.75922e-16
-2.6505e-19
-9.61549e-16
-3.2815e-21
-4.85324e-19
-7.23156e-21
-1.91556e-21
-2.91176e-20
7.2033e-21
2.3536e-20
1.01872e-19
2.45692e-19
2.05304e-19
-1.72726e-19
-3.64654e-18
-1.02712e-20
-1.90809e-18
-3.78182e-20
4.09319e-12
6.01877e-12
3.31717e-13
2.85224e-12
1.18759e-12
-4.38677e-12
5.07783e-14
-4.01231e-13
2.20013e-16
3.79802e-15
-3.01977e-17
1.67067e-16
-8.14923e-17
2.39547e-17
-1.0498e-16
2.59332e-17
-1.4294e-16
2.89515e-17
-4.10356e-16
4.74264e-17
-1.71003e-15
1.70966e-16
-8.1157e-15
-5.72137e-18
-1.04498e-14
2.61943e-15
-6.97376e-15
2.87939e-15
-8.5738e-16
-7.93576e-16
-5.16795e-17
-5.99899e-16
-2.50485e-16
-8.61919e-17
-1.21884e-15
-5.00772e-17
-1.49807e-15
1.69892e-15
-1.87448e-16
8.94461e-15
5.48256e-16
-2.96982e-17
-9.80674e-20
-3.99078e-16
-5.92971e-22
-5.0159e-20
-2.19821e-21
-4.11698e-22
-1.18401e-20
1.23566e-21
8.048e-21
2.28387e-20
9.55372e-20
4.43869e-20
-4.94455e-20
-1.17478e-18
-2.82158e-21
-6.17586e-19
-6.44215e-21
5.01798e-11
4.50717e-12
5.2976e-11
-9.82525e-13
4.75799e-11
-1.19503e-13
3.52114e-13
1.70742e-12
-8.32618e-14
5.82084e-14
-1.52697e-15
2.85889e-14
9.77005e-17
1.27941e-15
-4.17151e-17
1.98428e-16
-8.44989e-17
8.37705e-17
-7.05333e-17
8.3743e-17
-5.77064e-17
5.88417e-17
-3.8792e-16
4.78024e-17
-8.14791e-16
3.24873e-16
-3.17129e-16
5.00983e-16
-1.04589e-16
-3.71792e-17
-3.0408e-17
-4.81886e-17
-8.8045e-17
-8.34117e-18
-6.06372e-16
-3.37467e-18
-1.67309e-15
5.24579e-16
7.98052e-16
6.81362e-15
5.84795e-16
-3.51342e-17
-6.70959e-21
-5.29051e-17
-9.99938e-23
-7.42972e-21
-5.72099e-22
-6.34354e-23
-3.69009e-21
7.41014e-23
2.0976e-21
1.74452e-21
3.04571e-20
2.10302e-22
-1.52257e-20
-3.14455e-19
-4.82741e-22
-1.0138e-19
-7.48552e-22
1.24543e-10
3.966e-12
2.07915e-11
3.85288e-12
-2.26031e-13
-4.15814e-14
1.13411e-12
2.62473e-13
-1.00632e-13
3.26974e-13
-1.57349e-16
7.84286e-14
1.29265e-16
1.7727e-15
-4.93158e-16
1.23523e-15
-4.28168e-16
1.50764e-15
-1.74304e-17
5.95766e-16
-1.62245e-17
1.82363e-17
-3.61121e-17
1.53926e-17
-6.26497e-17
3.16041e-17
-2.64787e-17
3.2974e-17
-1.24948e-17
-2.00184e-18
-3.92151e-18
-2.93311e-18
-7.58651e-18
-1.19952e-18
-7.71945e-17
-2.25302e-19
-2.72488e-16
5.22361e-17
2.48705e-16
9.90552e-16
1.03894e-16
-4.67151e-18
-6.33978e-22
-3.10878e-18
-1.20672e-23
-3.12836e-22
-1.16781e-22
-7.12022e-24
-8.87736e-22
-6.69554e-24
4.15886e-22
-1.74582e-22
8.16991e-21
-1.06702e-21
-2.65766e-21
-6.53955e-20
-5.64915e-23
-9.40771e-21
-5.71395e-23
3.41111e-12
-3.2143e-14
6.01772e-14
-3.93484e-14
1.3571e-14
3.24412e-15
3.04518e-14
-6.18582e-15
1.85562e-14
9.32869e-14
3.82578e-15
1.66818e-13
-1.27863e-16
1.79255e-15
-9.6848e-16
1.36222e-15
-5.61344e-16
2.94692e-15
-1.07462e-17
8.74885e-16
-1.20982e-17
1.18147e-17
-1.0827e-17
1.00916e-17
-7.61943e-18
7.99908e-18
-3.25314e-18
2.05017e-18
-1.75574e-18
-1.15635e-18
-8.7891e-19
-2.04483e-18
-6.27226e-19
-9.00335e-19
-5.76463e-18
-6.3726e-20
-3.39937e-17
2.28039e-18
3.60866e-17
9.16716e-17
7.96896e-18
-2.59445e-19
-1.85705e-23
-8.2039e-20
-1.0786e-24
-3.28626e-24
-1.79018e-23
-6.75043e-25
-1.6421e-22
-1.71665e-24
6.14974e-23
-5.52385e-23
1.57382e-21
-3.15997e-22
-2.92462e-22
-9.58166e-21
-4.33961e-24
-4.50006e-22
-2.79608e-24
5.21504e-14
2.56874e-15
9.1393e-15
3.32997e-15
9.96236e-15
2.36885e-15
5.42274e-14
2.98257e-13
1.82532e-14
5.76447e-14
3.71925e-15
2.06513e-13
-4.76702e-16
1.03228e-15
-1.80501e-15
2.3769e-15
-6.10188e-16
3.75174e-15
-1.28521e-16
7.95657e-16
-1.13835e-16
6.06917e-16
-2.43099e-16
4.14629e-16
-5.92312e-18
8.40665e-17
-4.30858e-18
5.1273e-19
-2.69384e-18
-1.26176e-18
-1.05411e-18
-1.95471e-18
-1.84644e-19
-7.9812e-19
-2.52195e-19
-5.93494e-20
-2.49979e-18
1.05687e-20
2.00655e-18
3.31375e-18
2.70036e-19
-5.02675e-21
-1.7282e-25
-6.46076e-22
-8.34237e-26
-2.4387e-25
-1.77147e-24
-4.732e-26
-1.98675e-23
-1.63469e-25
5.64253e-24
-6.28956e-24
1.93675e-22
-3.95198e-23
-1.75049e-23
-8.39124e-22
-2.12341e-25
-1.03333e-23
-8.64972e-26
4.00881e-15
2.88879e-15
4.41022e-15
2.90063e-15
4.43969e-15
2.32517e-15
3.79672e-12
4.22328e-12
7.43093e-13
1.10039e-11
-5.28519e-17
5.91013e-13
-3.50465e-16
4.82923e-16
-1.13722e-15
9.90289e-16
-4.40993e-15
3.18839e-15
-5.48891e-15
4.57722e-15
-5.85626e-15
3.96963e-15
-9.21667e-17
1.72966e-15
-9.20143e-18
1.86703e-18
-7.35839e-18
-1.68335e-20
-4.42863e-18
-1.73735e-18
-1.3275e-18
-2.26852e-18
-1.46251e-19
-7.46355e-19
-1.28239e-20
-6.37088e-20
-7.10023e-20
-1.88736e-21
2.64591e-20
2.08816e-21
2.71757e-21
-1.66901e-23
-1.44054e-26
-1.12438e-24
-4.87443e-27
-1.82315e-26
-9.7329e-26
-2.27644e-27
-1.3225e-24
-6.50647e-27
2.60708e-25
-2.97418e-25
1.30514e-23
-2.14445e-24
-5.02434e-25
-3.77502e-23
-6.4748e-27
-9.93552e-26
-1.6795e-27
2.50839e-15
3.37976e-15
1.87715e-15
3.51855e-15
6.37793e-16
3.54955e-15
-2.17007e-12
2.83281e-11
-9.63069e-14
1.749e-11
-1.01579e-13
2.99911e-13
-2.2137e-15
7.33584e-14
-2.10044e-15
8.02459e-16
-1.68067e-15
2.01172e-15
-6.13184e-15
3.2034e-15
-1.13793e-14
2.19573e-15
-1.64719e-17
1.49052e-15
-1.318e-17
3.02388e-19
-1.03406e-17
-9.28738e-19
-6.37435e-18
-2.54179e-18
-1.42618e-18
-2.80928e-18
-1.21829e-19
-6.65347e-19
-5.1138e-21
-5.86528e-20
-1.54484e-22
-1.82018e-21
-1.51747e-25
-3.95709e-23
3.50349e-24
-1.64784e-24
-1.31723e-27
-6.48633e-26
-1.97737e-28
-1.10279e-27
-2.52889e-27
-8.54092e-29
-4.14089e-26
-9.6483e-29
4.84071e-27
-5.24037e-27
4.12049e-25
-4.52033e-26
-5.7952e-27
-7.5134e-25
-1.2061e-28
-2.57536e-28
-2.03494e-29
1.7329e-12
7.77635e-12
-6.39913e-13
1.71614e-11
-6.61327e-12
3.66012e-11
-4.15732e-12
1.81126e-11
-4.09971e-14
6.24914e-12
-8.24131e-14
2.04834e-13
-3.67432e-16
3.37981e-13
-6.8038e-16
1.07405e-15
-1.05609e-15
2.34175e-15
-1.47343e-15
3.56929e-15
-1.62601e-15
1.13699e-15
-4.91543e-15
3.16139e-15
-1.06673e-17
-6.16754e-15
-1.07306e-17
-8.25771e-19
-7.17038e-18
-3.68455e-18
-1.17313e-18
-3.45954e-18
-8.43506e-20
-6.2822e-19
-2.35658e-21
-3.6444e-20
-3.99966e-23
-9.01602e-22
-2.36312e-25
-1.30558e-23
5.41094e-26
-1.79647e-25
-9.10132e-29
-3.12096e-27
-6.18685e-30
-3.14184e-29
-2.5467e-29
-1.47697e-30
-5.01794e-28
-4.19795e-31
1.8448e-29
-2.80149e-29
5.11275e-27
-3.15058e-28
-1.66768e-29
-5.70463e-27
-1.33423e-30
-8.16376e-32
-1.54129e-31
-2.87139e-11
2.61049e-11
-3.65345e-11
3.17228e-11
-2.8299e-11
3.48335e-11
-5.3103e-12
1.09427e-11
-3.01419e-13
1.10623e-12
-5.62889e-13
3.17999e-13
-1.09415e-12
7.04545e-13
-1.39553e-11
8.21679e-12
-4.12381e-11
2.03677e-11
-9.07274e-14
7.45786e-12
-1.18655e-13
2.77548e-14
-8.84773e-14
-1.98891e-14
-4.24472e-18
-3.59393e-16
-1.07194e-17
-7.61757e-20
-6.92277e-18
-5.86304e-18
-8.8644e-19
-5.3024e-18
-3.84176e-20
-4.28285e-19
-7.31615e-22
-1.15243e-20
-6.92953e-24
-1.54511e-22
-3.40444e-26
-1.20838e-24
-7.28417e-29
-6.55368e-27
-2.58385e-30
-4.41163e-29
-8.42875e-32
-2.12119e-31
-7.39391e-32
-5.14203e-33
-1.8124e-30
-3.19861e-34
-2.11972e-30
-2.84449e-32
2.04738e-29
-4.93806e-31
-5.15347e-33
-1.20691e-29
-8.39757e-33
-1.17546e-34
-7.58814e-34
1.49242e-11
1.1848e-12
8.15469e-12
1.15443e-11
5.48965e-12
4.45e-11
-1.81111e-12
4.15413e-11
-5.15163e-12
2.10628e-11
-6.36129e-13
8.98987e-12
-3.09104e-12
3.08834e-12
-2.54947e-11
8.72475e-12
-2.81886e-11
2.72973e-11
-3.97695e-11
2.34961e-11
-3.99993e-11
1.28766e-11
-1.61303e-12
7.66363e-13
-1.17173e-17
-1.61339e-12
-1.17945e-17
-1.65357e-20
-7.39065e-18
-5.86577e-18
-4.12155e-19
-6.5428e-18
-7.83752e-21
-2.19419e-19
-7.45068e-23
-2.58048e-21
-3.70744e-25
-9.15992e-24
-9.79466e-28
-1.04976e-26
-1.48423e-30
-8.90742e-30
-1.34671e-32
-1.14996e-32
-1.96002e-34
-1.40363e-35
-3.3545e-35
-9.59231e-38
-1.11708e-33
-9.56893e-39
-6.43252e-33
-2.61389e-36
1.71198e-32
-1.27323e-34
-5.64523e-36
-7.83924e-33
-2.793e-35
-3.60581e-37
-2.6888e-36
1.54957e-12
1.0295e-11
3.97245e-11
2.98274e-11
3.8686e-11
3.21049e-11
1.92253e-11
1.06153e-11
1.90739e-11
1.32739e-11
3.19185e-12
-4.69359e-12
-1.74009e-18
-1.75666e-18
-1.61486e-18
-4.4634e-20
-4.36171e-22
-1.24267e-24
-9.99703e-28
-4.96717e-31
-1.80101e-34
-3.53582e-37
-1.26123e-39
-3.43726e-40
-3.59244e-38
-1.06253e-36
1.41786e-36
-6.56789e-39
-3.28783e-38
)
;

boundaryField
{
    leftWall
    {
        type            calculated;
        value           uniform 0;
    }
    rightWall
    {
        type            calculated;
        value           uniform 0;
    }
    lowerWall
    {
        type            calculated;
        value           uniform 0;
    }
    atmosphere
    {
        type            calculated;
        value           nonuniform List<scalar> 
120
(
3.0296e-07
4.1438e-13
2.06368e-12
2.53458e-12
1.03723e-12
1.49986e-14
0
0
0
0
0
0
0
0
0
0
0
0
0
0
0
0
0
0
0
0
0
0
0
0
0
0
0
0
0
0
0
0
8.26513e-24
5.57039e-22
1.17478e-19
1.90419e-18
1.74713e-17
1.32542e-17
3.00414e-18
3.96509e-18
1.55692e-17
2.01925e-17
3.47472e-16
1.84519e-15
1.26175e-15
3.95142e-16
1.28003e-16
2.7294e-16
4.96007e-16
5.27685e-15
3.89777e-14
6.36304e-14
7.44477e-14
9.38151e-14
1.70861e-13
6.52876e-13
7.18802e-12
1.29693e-11
2.03753e-11
2.46285e-11
2.766e-11
1.54699e-11
1.54852e-11
2.35897e-11
2.81929e-11
9.23282e-12
0
0
0
0
0
0
0
0
0
0
0
0
0
0
0
0
0
0
3.03244e-07
4.66793e-13
2.43034e-12
2.78719e-12
1.16101e-12
3.16091e-14
0
0
0
0
0
0
0
0
0
0
0
0
0
0
0
0
0
0
0
0
0
0
0
0
)
;
    }
    defaultFaces
    {
        type            empty;
        value           nonuniform 0();
    }
}


// ************************************************************************* //
