/*--------------------------------*- C++ -*----------------------------------*\
| =========                 |                                                 |
| \\      /  F ield         | OpenFOAM: The Open Source CFD Toolbox           |
|  \\    /   O peration     | Version:  2.4.0                                 |
|   \\  /    A nd           | Web:      www.OpenFOAM.org                      |
|    \\/     M anipulation  |                                                 |
\*---------------------------------------------------------------------------*/
FoamFile
{
    version     2.0;
    format      ascii;
    class       surfaceScalarField;
    location    "0.2";
    object      phiAlpha;
}
// * * * * * * * * * * * * * * * * * * * * * * * * * * * * * * * * * * * * * //

dimensions      [0 3 -1 0 0 0 0];

internalField   nonuniform List<scalar> 
4700
(
-1.64841e-11
1.64841e-11
-3.28579e-11
1.64065e-11
-4.90538e-11
1.62244e-11
-6.49719e-11
1.59457e-11
-8.05158e-11
1.55702e-11
-9.55872e-11
1.50964e-11
-1.10086e-10
1.45227e-11
-1.23913e-10
1.38481e-11
-1.36964e-10
1.30721e-11
-1.49142e-10
1.21955e-11
-1.60348e-10
1.12211e-11
-1.70489e-10
1.01537e-11
-1.79479e-10
9.0006e-12
-1.87244e-10
7.7721e-12
-1.93718e-10
6.4811e-12
-1.98854e-10
5.14317e-12
-2.02622e-10
3.77608e-12
-2.05011e-10
2.3993e-12
-2.0603e-10
1.03296e-12
-3.05798e-13
-2.05706e-10
-1.65403e-11
3.30582e-11
-3.29768e-11
3.28982e-11
-4.92332e-11
3.253e-11
-6.52116e-11
3.19709e-11
-8.08156e-11
3.12185e-11
-9.59469e-11
3.02695e-11
-1.10505e-10
2.91203e-11
-1.2439e-10
2.77684e-11
-1.37499e-10
2.62129e-11
-1.49732e-10
2.44557e-11
-1.6099e-10
2.25022e-11
-1.7118e-10
2.03624e-11
-1.80215e-10
1.80513e-11
-1.88019e-10
1.55896e-11
-1.94526e-10
1.30031e-11
-1.99689e-10
1.03229e-11
-2.03476e-10
7.58474e-12
-2.05876e-10
4.82756e-12
-2.06899e-10
2.09249e-12
-5.79152e-13
-2.06573e-10
-1.65849e-11
4.96717e-11
-3.30689e-11
4.94281e-11
-4.93731e-11
4.88747e-11
-6.53999e-11
4.80365e-11
-8.1053e-11
4.69089e-11
-9.62344e-11
4.54863e-11
-1.10844e-10
4.37631e-11
-1.24779e-10
4.17351e-11
-1.37939e-10
3.94007e-11
-1.50221e-10
3.67623e-11
-1.61526e-10
3.38282e-11
-1.71758e-10
3.06133e-11
-1.80831e-10
2.71399e-11
-1.88666e-10
2.34389e-11
-1.95197e-10
1.95492e-11
-2.00374e-10
1.55175e-11
-2.04166e-10
1.13974e-11
-2.0656e-10
7.24803e-12
-2.07568e-10
3.13182e-12
-8.88281e-13
-2.07214e-10
-1.66526e-11
6.63493e-11
-3.32073e-11
6.6023e-11
-4.95827e-11
6.52858e-11
-6.56818e-11
6.41703e-11
-8.14087e-11
6.26695e-11
-9.66652e-11
6.07755e-11
-1.11351e-10
5.84801e-11
-1.25363e-10
5.5777e-11
-1.38598e-10
5.26637e-11
-1.50954e-10
4.9143e-11
-1.62329e-10
4.52255e-11
-1.72627e-10
4.09306e-11
-1.81756e-10
3.6288e-11
-1.89638e-10
3.13385e-11
-1.96204e-10
2.61339e-11
-2.01404e-10
2.07367e-11
-2.05203e-10
1.52192e-11
-2.07589e-10
9.66073e-12
-2.08572e-10
4.14576e-12
-1.24201e-12
-2.08178e-10
-1.67432e-11
8.31148e-11
-3.33916e-11
8.27069e-11
-4.98616e-11
8.17875e-11
-6.6057e-11
8.0397e-11
-8.18823e-11
7.8526e-11
-9.72391e-11
7.61632e-11
-1.12026e-10
7.32978e-11
-1.26141e-10
6.99211e-11
-1.39479e-10
6.60288e-11
-1.51934e-10
6.16241e-11
-1.63403e-10
5.67191e-11
-1.73787e-10
5.13377e-11
-1.82994e-10
4.55164e-11
-1.90939e-10
3.93058e-11
-1.97554e-10
3.27706e-11
-2.02783e-10
2.59895e-11
-2.06592e-10
1.90536e-11
-2.08968e-10
1.20636e-11
-2.09919e-10
5.1266e-12
-1.65322e-12
-2.0947e-10
-1.68567e-11
9.99911e-11
-3.36215e-11
9.95026e-11
-5.02092e-11
9.84034e-11
-6.65248e-11
9.6741e-11
-8.2473e-11
9.4503e-11
-9.79554e-11
9.16749e-11
-1.12871e-10
8.82424e-11
-1.27114e-10
8.41936e-11
-1.4058e-10
7.95225e-11
-1.5316e-10
7.42315e-11
-1.64748e-10
6.83342e-11
-1.75243e-10
6.1858e-11
-1.84546e-10
5.4846e-11
-1.92573e-10
4.73583e-11
-1.99249e-10
3.94726e-11
-2.04517e-10
3.12842e-11
-2.0834e-10
2.29036e-11
-2.10702e-10
1.44537e-11
-2.11611e-10
6.06449e-12
-2.13349e-12
-2.11097e-10
-1.69926e-11
1.17001e-10
-3.38963e-11
1.16433e-10
-5.06249e-11
1.15157e-10
-6.70843e-11
1.13226e-10
-8.318e-11
1.10625e-10
-9.88136e-11
1.07336e-10
-1.13883e-10
1.0334e-10
-1.28282e-10
9.8621e-11
-1.41903e-10
9.31713e-11
-1.54634e-10
8.69915e-11
-1.66368e-10
8.00961e-11
-1.76996e-10
7.25153e-11
-1.86418e-10
6.4298e-11
-1.94544e-10
5.55138e-11
-2.01296e-10
4.62535e-11
-2.06612e-10
3.66291e-11
-2.10452e-10
2.67719e-11
-2.12799e-10
1.68279e-11
-2.1366e-10
6.95175e-12
-2.7001e-12
-2.13065e-10
-1.71506e-11
1.34166e-10
-3.42155e-11
1.33521e-10
-5.11076e-11
1.3207e-10
-6.77346e-11
1.29876e-10
-8.40024e-11
1.26917e-10
-9.98128e-11
1.23171e-10
-1.15063e-10
1.18616e-10
-1.29645e-10
1.1323e-10
-1.43448e-10
1.07002e-10
-1.56358e-10
9.99312e-11
-1.68263e-10
9.20308e-11
-1.7905e-10
8.33338e-11
-1.88614e-10
7.38942e-11
-1.96859e-10
6.37905e-11
-2.03702e-10
5.31268e-11
-2.09076e-10
4.20326e-11
-2.12938e-10
3.06609e-11
-2.15268e-10
1.91828e-11
-2.16073e-10
7.77904e-12
-3.36833e-12
-2.15381e-10
-1.73304e-11
1.51508e-10
-3.45782e-11
1.50788e-10
-5.16563e-11
1.49167e-10
-6.84743e-11
1.46714e-10
-8.49389e-11
1.43403e-10
-1.00952e-10
1.39207e-10
-1.16409e-10
1.34097e-10
-1.31202e-10
1.28048e-10
-1.45215e-10
1.21044e-10
-1.58333e-10
1.13078e-10
-1.70437e-10
1.04165e-10
-1.8141e-10
9.43387e-11
-1.9114e-10
8.36571e-11
-1.99525e-10
7.22075e-11
-2.06475e-10
6.0107e-11
-2.11919e-10
4.75037e-11
-2.15807e-10
3.45737e-11
-2.18119e-10
2.15152e-11
-2.18859e-10
8.53717e-12
-4.15244e-12
-2.18059e-10
-1.75314e-11
1.6905e-10
-3.49835e-11
1.68257e-10
-5.22698e-11
1.6647e-10
-6.9302e-11
1.63763e-10
-8.59879e-11
1.60108e-10
-1.02229e-10
1.55469e-10
-1.17921e-10
1.49812e-10
-1.32953e-10
1.43104e-10
-1.47207e-10
1.35323e-10
-1.60562e-10
1.26461e-10
-1.72894e-10
1.16527e-10
-1.8408e-10
1.05556e-10
-1.94003e-10
9.36106e-11
-2.0255e-10
8.0785e-11
-2.09626e-10
6.721e-11
-2.15151e-10
5.30526e-11
-2.19072e-10
3.8514e-11
-2.21363e-10
2.38223e-11
-2.22031e-10
9.21735e-12
-5.06756e-12
-2.21107e-10
-1.77532e-11
1.86812e-10
-3.54302e-11
1.85948e-10
-5.29465e-11
1.84e-10
-7.02159e-11
1.81048e-10
-8.71477e-11
1.77057e-10
-1.03644e-10
1.71984e-10
-1.19599e-10
1.65786e-10
-1.34898e-10
1.58425e-10
-1.49423e-10
1.49871e-10
-1.63045e-10
1.4011e-10
-1.75636e-10
1.29146e-10
-1.87067e-10
1.17015e-10
-1.97209e-10
1.0378e-10
-2.05944e-10
8.95455e-11
-2.13165e-10
7.44536e-11
-2.18785e-10
5.86915e-11
-2.22744e-10
4.24871e-11
-2.25014e-10
2.61021e-11
-2.25602e-10
9.81148e-12
-6.12811e-12
-2.24541e-10
-1.79952e-11
2.04815e-10
-3.59173e-11
2.03883e-10
-5.36846e-11
2.0178e-10
-7.1214e-11
1.98591e-10
-8.84161e-11
1.94273e-10
-1.05193e-10
1.88776e-10
-1.21439e-10
1.82049e-10
-1.37037e-10
1.74042e-10
-1.51863e-10
1.64718e-10
-1.65786e-10
1.54055e-10
-1.78669e-10
1.42053e-10
-1.90375e-10
1.28744e-10
-2.00768e-10
1.14195e-10
-2.09717e-10
9.85145e-11
-2.17105e-10
8.18588e-11
-2.22836e-10
6.44352e-11
-2.2684e-10
4.64999e-11
-2.29086e-10
2.83533e-11
-2.29587e-10
1.03124e-11
-7.34708e-12
-2.28374e-10
-1.82565e-11
2.23078e-10
-3.64431e-11
2.22081e-10
-5.44819e-11
2.19831e-10
-7.22936e-11
2.16415e-10
-8.97905e-11
2.11783e-10
-1.06875e-10
2.05874e-10
-1.23441e-10
1.98628e-10
-1.39368e-10
1.89984e-10
-1.54529e-10
1.79895e-10
-1.68786e-10
1.6833e-10
-1.81997e-10
1.55282e-10
-1.94013e-10
1.40778e-10
-2.04688e-10
1.24886e-10
-2.1388e-10
1.07721e-10
-2.21461e-10
8.94502e-11
-2.2732e-10
7.03018e-11
-2.31376e-10
5.05613e-11
-2.33596e-10
3.05743e-11
-2.34001e-10
1.07138e-11
-8.73547e-12
-2.32625e-10
-1.85367e-11
2.41621e-10
-3.70059e-11
2.40561e-10
-5.5336e-11
2.38171e-10
-7.34518e-11
2.34541e-10
-9.12678e-11
2.29609e-10
-1.08687e-10
2.23304e-10
-1.25602e-10
2.15552e-10
-1.4189e-10
2.06284e-10
-1.57421e-10
1.95437e-10
-1.72049e-10
1.8297e-10
-1.85623e-10
1.68868e-10
-1.97985e-10
1.53152e-10
-2.08979e-10
1.3589e-10
-2.18448e-10
1.17199e-10
-2.26248e-10
9.72565e-11
-2.32255e-10
7.6313e-11
-2.36373e-10
5.46816e-11
-2.3856e-10
3.27613e-11
-2.38863e-10
1.10098e-11
-1.0302e-11
-2.37311e-10
-1.88351e-11
2.60462e-10
-3.76035e-11
2.59339e-10
-5.62436e-11
2.5682e-10
-7.4685e-11
2.52991e-10
-9.28442e-11
2.47776e-10
-1.10625e-10
2.41092e-10
-1.27919e-10
2.32853e-10
-1.44602e-10
2.22973e-10
-1.60538e-10
2.11378e-10
-1.75574e-10
1.98013e-10
-1.89552e-10
1.82852e-10
-2.02301e-10
1.65908e-10
-2.13652e-10
1.47246e-10
-2.23433e-10
1.26986e-10
-2.31483e-10
1.05311e-10
-2.37662e-10
8.24945e-11
-2.41852e-10
5.88727e-11
-2.43998e-10
3.49048e-11
-2.4419e-10
1.11948e-11
-1.20526e-11
-2.42454e-10
-1.91519e-11
2.79619e-10
-3.82334e-11
2.78429e-10
-5.7201e-11
2.75795e-10
-7.59889e-11
2.71785e-10
-9.45154e-11
2.66308e-10
-1.12685e-10
2.59266e-10
-1.30389e-10
2.50559e-10
-1.47501e-10
2.40087e-10
-1.63879e-10
2.27758e-10
-1.79365e-10
2.13501e-10
-1.93788e-10
1.97277e-10
-2.06967e-10
1.79091e-10
-2.18717e-10
1.59e-10
-2.28852e-10
1.37124e-10
-2.37187e-10
1.13649e-10
-2.43567e-10
8.88768e-11
-2.47843e-10
6.31494e-11
-2.49924e-10
3.6983e-11
-2.5e-10
1.12633e-11
-1.39868e-11
-2.4808e-10
-1.94884e-11
2.99112e-10
-3.88919e-11
2.97839e-10
-5.82037e-11
2.95113e-10
-7.73587e-11
2.90944e-10
-9.62762e-11
2.85227e-10
-1.14862e-10
2.77853e-10
-1.33008e-10
2.68704e-10
-1.50584e-10
2.57662e-10
-1.67444e-10
2.44617e-10
-1.83421e-10
2.29479e-10
-1.98335e-10
2.12192e-10
-2.1199e-10
1.92748e-10
-2.24186e-10
1.71199e-10
-2.34721e-10
1.47663e-10
-2.4338e-10
1.22312e-10
-2.49999e-10
9.54977e-11
-2.54385e-10
6.75349e-11
-2.56358e-10
3.89525e-11
-2.56417e-10
1.1316e-11
-1.61945e-11
-2.54222e-10
-1.98389e-11
3.18955e-10
-3.95697e-11
3.17574e-10
-5.92402e-11
3.14786e-10
-7.87806e-11
3.10486e-10
-9.81107e-11
3.04557e-10
-1.17139e-10
2.96879e-10
-1.35756e-10
2.87318e-10
-1.53831e-10
2.75735e-10
-1.71213e-10
2.61996e-10
-1.87726e-10
2.45991e-10
-2.03177e-10
2.27643e-10
-2.17357e-10
2.0693e-10
-2.30048e-10
1.83893e-10
-2.41034e-10
1.58652e-10
-2.50053e-10
1.31334e-10
-2.5695e-10
1.02396e-10
-2.61456e-10
7.20403e-11
-2.63071e-10
4.05634e-11
-2.62701e-10
1.09409e-11
-1.78234e-11
-2.61081e-10
-2.03156e-11
3.39274e-10
-4.0319e-11
3.37579e-10
-6.03797e-11
3.34847e-10
-8.03417e-11
3.30448e-10
-1.00119e-10
3.24333e-10
-1.19623e-10
3.16379e-10
-1.38743e-10
3.06435e-10
-1.57349e-10
2.94337e-10
-1.75281e-10
2.79926e-10
-1.92356e-10
2.63066e-10
-2.08369e-10
2.43657e-10
-2.23094e-10
2.21657e-10
-2.36298e-10
1.97099e-10
-2.47758e-10
1.70115e-10
-2.57145e-10
1.40723e-10
-2.64387e-10
1.09638e-10
-2.69179e-10
7.68318e-11
-2.70321e-10
4.17035e-11
-2.69326e-10
9.94389e-12
-1.91699e-11
-2.67983e-10
-2.67297e-11
3.66003e-10
-5.36257e-11
3.64475e-10
-8.05334e-11
3.61754e-10
-1.07363e-10
3.57275e-10
-1.34064e-10
3.51029e-10
-1.60551e-10
3.42862e-10
-1.86706e-10
3.32584e-10
-2.12369e-10
3.19996e-10
-2.37341e-10
3.04895e-10
-2.61379e-10
2.87103e-10
-2.84202e-10
2.6648e-10
-3.05491e-10
2.42948e-10
-3.24904e-10
2.16516e-10
-3.42174e-10
1.87389e-10
-3.56656e-10
1.55208e-10
-3.68251e-10
1.21235e-10
-3.76798e-10
8.53798e-11
-3.81869e-10
4.67751e-11
-3.83691e-10
1.1769e-11
-3.81847e-10
-3.36161e-12
-2.05038e-10
-6.37755e-13
-2.04056e-10
-9.48142e-13
-2.02764e-10
-1.25412e-12
-2.01177e-10
-1.54686e-12
-1.99303e-10
-1.82877e-12
-1.97155e-10
-2.09867e-12
-1.94746e-10
-2.35595e-12
-1.92091e-10
-2.5995e-12
-1.89202e-10
-2.83025e-12
-1.86096e-10
-3.04476e-12
-1.8279e-10
-3.24396e-12
-1.79295e-10
-3.43086e-12
-1.75633e-10
-3.59877e-12
-1.71817e-10
-3.75267e-12
-1.67863e-10
-3.89235e-12
-1.63791e-10
-4.01527e-12
-1.59612e-10
-4.12501e-12
-1.55342e-10
-4.21931e-12
-1.50996e-10
-4.29828e-12
-4.36086e-12
-1.4659e-10
-2.05899e-10
-1.24929e-12
-2.04906e-10
-1.87317e-12
-2.03608e-10
-2.479e-12
-2.0201e-10
-3.06436e-12
-2.00124e-10
-3.6275e-12
-1.97963e-10
-4.16695e-12
-1.9554e-10
-4.68109e-12
-1.92869e-10
-5.16873e-12
-1.89965e-10
-5.62789e-12
-1.86842e-10
-6.05935e-12
-1.83515e-10
-6.46079e-12
-1.80003e-10
-6.83232e-12
-1.7632e-10
-7.17358e-12
-1.72484e-10
-7.4849e-12
-1.68512e-10
-7.76553e-12
-1.64417e-10
-8.01745e-12
-1.60216e-10
-8.23846e-12
-1.55924e-10
-8.42948e-12
-1.51554e-10
-8.59121e-12
-8.72574e-12
-1.47129e-10
-2.06523e-10
-1.88829e-12
-2.05513e-10
-2.82786e-12
-2.04194e-10
-3.73922e-12
-2.02574e-10
-4.62048e-12
-2.00664e-10
-5.4684e-12
-1.98478e-10
-6.28052e-12
-1.96028e-10
-7.05437e-12
-1.9333e-10
-7.78797e-12
-1.90396e-10
-8.47939e-12
-1.87243e-10
-9.12762e-12
-1.83888e-10
-9.73144e-12
-1.80345e-10
-1.02901e-11
-1.76632e-10
-1.08034e-11
-1.72766e-10
-1.12713e-11
-1.68763e-10
-1.16929e-11
-1.64638e-10
-1.20699e-11
-1.60408e-10
-1.24006e-11
-1.56086e-10
-1.26864e-11
-1.51688e-10
-1.29288e-11
-1.31307e-11
-1.47238e-10
-2.07463e-10
-2.55616e-12
-2.06425e-10
-3.81647e-12
-2.05075e-10
-5.03756e-12
-2.03422e-10
-6.21912e-12
-2.01476e-10
-7.35585e-12
-1.99252e-10
-8.44426e-12
-1.96762e-10
-9.48102e-12
-1.94021e-10
-1.04634e-11
-1.91044e-10
-1.13891e-11
-1.87847e-10
-1.22563e-11
-1.84446e-10
-1.30637e-11
-1.80858e-10
-1.38103e-11
-1.771e-10
-1.44958e-11
-1.73188e-10
-1.51196e-11
-1.69139e-10
-1.56806e-11
-1.64969e-10
-1.61814e-11
-1.60693e-10
-1.66199e-11
-1.56328e-10
-1.69986e-11
-1.5189e-10
-1.73198e-11
-1.75859e-11
-1.474e-10
-2.08723e-10
-3.26104e-12
-2.07647e-10
-4.84954e-12
-2.06257e-10
-6.38467e-12
-2.04558e-10
-7.87237e-12
-2.02565e-10
-9.30296e-12
-2.00289e-10
-1.06722e-11
-1.97744e-10
-1.19759e-11
-1.94947e-10
-1.32107e-11
-1.91911e-10
-1.43735e-11
-1.88654e-10
-1.54621e-11
-1.85193e-10
-1.64747e-11
-1.81544e-10
-1.74101e-11
-1.77724e-10
-1.82675e-11
-1.7375e-10
-1.90462e-11
-1.69639e-10
-1.97456e-11
-1.65407e-10
-2.03677e-11
-1.61072e-10
-2.09121e-11
-1.5665e-10
-2.13816e-11
-1.52156e-10
-2.17781e-11
-2.21039e-11
-1.4761e-10
-2.10307e-10
-4.01519e-12
-2.09188e-10
-5.93298e-12
-2.07744e-10
-7.79379e-12
-2.05989e-10
-9.59302e-12
-2.03934e-10
-1.13232e-11
-2.01592e-10
-1.29786e-11
-1.98979e-10
-1.45541e-11
-1.9611e-10
-1.60454e-11
-1.93e-10
-1.74488e-11
-1.89667e-10
-1.87615e-11
-1.86128e-10
-1.99811e-11
-1.82401e-10
-2.11059e-11
-1.78503e-10
-2.21349e-11
-1.7445e-10
-2.30674e-11
-1.7026e-10
-2.39035e-11
-1.65952e-10
-2.46447e-11
-1.61541e-10
-2.52925e-11
-1.57046e-10
-2.5849e-11
-1.52481e-10
-2.63162e-11
-2.66968e-11
-1.47865e-10
-2.12226e-10
-4.82453e-12
-2.1105e-10
-7.08167e-12
-2.09543e-10
-9.27451e-12
-2.07719e-10
-1.13932e-11
-2.05589e-10
-1.34298e-11
-2.03168e-10
-1.53776e-11
-2.00471e-10
-1.72304e-11
-1.97513e-10
-1.8983e-11
-1.94312e-10
-2.06309e-11
-1.90887e-10
-2.21704e-11
-1.87253e-10
-2.35987e-11
-1.8343e-10
-2.49136e-11
-1.79435e-10
-2.61138e-11
-1.75286e-10
-2.7199e-11
-1.71001e-10
-2.81697e-11
-1.66599e-10
-2.90277e-11
-1.62098e-10
-2.97755e-11
-1.57513e-10
-3.04145e-11
-1.52861e-10
-3.09474e-11
-3.13785e-11
-1.48161e-10
-2.14486e-10
-5.69766e-12
-2.13243e-10
-8.30644e-12
-2.11662e-10
-1.08395e-11
-2.09756e-10
-1.32861e-11
-2.07537e-10
-1.56371e-11
-2.05021e-10
-1.78844e-11
-2.02223e-10
-2.00206e-11
-1.99161e-10
-2.20396e-11
-1.95852e-10
-2.39365e-11
-1.92315e-10
-2.57053e-11
-1.88568e-10
-2.73442e-11
-1.84631e-10
-2.88499e-11
-1.8052e-10
-3.02213e-11
-1.76257e-10
-3.14583e-11
-1.71859e-10
-3.25619e-11
-1.67347e-10
-3.35329e-11
-1.62737e-10
-3.43774e-11
-1.58046e-10
-3.50941e-11
-1.53292e-10
-3.56884e-11
-3.61661e-11
-1.48494e-10
-2.17096e-10
-6.64669e-12
-2.15776e-10
-9.61782e-12
-2.14109e-10
-1.25019e-11
-2.12107e-10
-1.52864e-11
-2.09784e-10
-1.79608e-11
-2.07157e-10
-2.05156e-11
-2.04242e-10
-2.29421e-11
-2.01057e-10
-2.52332e-11
-1.97621e-10
-2.73837e-11
-1.93954e-10
-2.9385e-11
-1.90074e-10
-3.12364e-11
-1.86002e-10
-3.29339e-11
-1.81757e-10
-3.44763e-11
-1.77361e-10
-3.5864e-11
-1.72832e-10
-3.70981e-11
-1.6819e-10
-3.81798e-11
-1.63454e-10
-3.9116e-11
-1.58641e-10
-3.99062e-11
-1.5377e-10
-4.05577e-11
-4.10772e-11
-1.4886e-10
-2.20068e-10
-7.68168e-12
-2.1866e-10
-1.10281e-11
-2.16893e-10
-1.42754e-11
-2.14781e-10
-1.74093e-11
-2.12339e-10
-2.04175e-11
-2.09584e-10
-2.32889e-11
-2.06533e-10
-2.60136e-11
-2.03207e-10
-2.85833e-11
-1.99624e-10
-3.09913e-11
-1.95805e-10
-3.32294e-11
-1.91772e-10
-3.52953e-11
-1.87544e-10
-3.71854e-11
-1.83145e-10
-3.88986e-11
-1.78595e-10
-4.04353e-11
-1.73915e-10
-4.1797e-11
-1.69124e-10
-4.29866e-11
-1.64244e-10
-4.40091e-11
-1.59292e-10
-4.48686e-11
-1.54289e-10
-4.55722e-11
-4.6126e-11
-1.49251e-10
-2.23416e-10
-8.81258e-12
-2.21907e-10
-1.25491e-11
-2.20027e-10
-1.61738e-11
-2.17789e-10
-1.96701e-11
-2.1521e-10
-2.30237e-11
-2.12308e-10
-2.62218e-11
-2.09103e-10
-2.9253e-11
-2.05614e-10
-3.21081e-11
-2.01863e-10
-3.4779e-11
-1.97871e-10
-3.72577e-11
-1.93662e-10
-3.95405e-11
-1.89258e-10
-4.1624e-11
-1.84682e-10
-4.35071e-11
-1.79957e-10
-4.51905e-11
-1.75105e-10
-4.66764e-11
-1.70146e-10
-4.79689e-11
-1.65103e-10
-4.90736e-11
-1.59996e-10
-4.99966e-11
-1.54843e-10
-5.07448e-11
-5.13237e-11
-1.49658e-10
-2.27153e-10
-1.00485e-11
-2.25532e-10
-1.41916e-11
-2.23523e-10
-1.82096e-11
-2.21143e-10
-2.20827e-11
-2.18408e-10
-2.57944e-11
-2.1534e-10
-2.93304e-11
-2.11958e-10
-3.26772e-11
-2.08284e-10
-3.58253e-11
-2.04342e-10
-3.87654e-11
-2.00154e-10
-4.14891e-11
-1.95745e-10
-4.39917e-11
-1.91141e-10
-4.62695e-11
-1.86365e-10
-4.83215e-11
-1.81443e-10
-5.01488e-11
-1.76397e-10
-5.17549e-11
-1.71251e-10
-5.31452e-11
-1.66026e-10
-5.43263e-11
-1.60744e-10
-5.53052e-11
-1.55422e-10
-5.60884e-11
-5.66831e-11
-1.50074e-10
-2.31296e-10
-1.13973e-11
-2.2955e-10
-1.59649e-11
-2.27396e-10
-2.03943e-11
-2.24854e-10
-2.46606e-11
-2.21944e-10
-2.87443e-11
-2.18687e-10
-3.26314e-11
-2.15106e-10
-3.63035e-11
-2.11224e-10
-3.97535e-11
-2.07066e-10
-4.29705e-11
-2.02657e-10
-4.59449e-11
-1.98023e-10
-4.86709e-11
-1.93193e-10
-5.11446e-11
-1.88193e-10
-5.33644e-11
-1.83049e-10
-5.53326e-11
-1.77788e-10
-5.70545e-11
-1.72432e-10
-5.85368e-11
-1.67005e-10
-5.9787e-11
-1.61527e-10
-6.08125e-11
-1.56016e-10
-6.1621e-11
-6.22225e-11
-1.5049e-10
-2.35864e-10
-1.28668e-11
-2.33979e-10
-1.78773e-11
-2.31663e-10
-2.27413e-11
-2.28938e-10
-2.74201e-11
-2.25831e-10
-3.18901e-11
-2.22359e-10
-3.61462e-11
-2.18556e-10
-4.01519e-11
-2.14441e-10
-4.39146e-11
-2.10041e-10
-4.74182e-11
-2.05383e-10
-5.065e-11
-2.00497e-10
-5.36041e-11
-1.95413e-10
-5.62753e-11
-1.90161e-10
-5.86614e-11
-1.84771e-10
-6.07661e-11
-1.7927e-10
-6.25981e-11
-1.73682e-10
-6.41653e-11
-1.68031e-10
-6.5476e-11
-1.62336e-10
-6.65382e-11
-1.56618e-10
-6.73622e-11
-6.7961e-11
-1.50897e-10
-2.40874e-10
-1.44679e-11
-2.38837e-10
-1.99385e-11
-2.3634e-10
-2.52669e-11
-2.33413e-10
-3.03791e-11
-2.3008e-10
-3.52588e-11
-2.26374e-10
-3.98905e-11
-2.22318e-10
-4.42504e-11
-2.17945e-10
-4.83323e-11
-2.13272e-10
-5.2136e-11
-2.08337e-10
-5.56315e-11
-2.03168e-10
-5.88188e-11
-1.97799e-10
-6.16899e-11
-1.92266e-10
-6.42384e-11
-1.86603e-10
-6.6472e-11
-1.80837e-10
-6.84058e-11
-1.74993e-10
-7.00487e-11
-1.69093e-10
-7.14102e-11
-1.6316e-10
-7.24989e-11
-1.57217e-10
-7.33281e-11
-7.39124e-11
-1.51283e-10
-2.46341e-10
-1.62245e-11
-2.44169e-10
-2.21321e-11
-2.41453e-10
-2.80078e-11
-2.38292e-10
-3.35669e-11
-2.34712e-10
-3.88706e-11
-2.30734e-10
-4.39015e-11
-2.264e-10
-4.86208e-11
-2.2175e-10
-5.30202e-11
-2.16768e-10
-5.71561e-11
-2.11524e-10
-6.09151e-11
-2.0604e-10
-6.43423e-11
-2.00346e-10
-6.74223e-11
-1.94501e-10
-7.01213e-11
-1.88535e-10
-7.24747e-11
-1.8248e-10
-7.44956e-11
-1.76354e-10
-7.62051e-11
-1.70182e-10
-7.76086e-11
-1.63989e-10
-7.87128e-11
-1.57801e-10
-7.95348e-11
-8.00902e-11
-1.51635e-10
-2.52368e-10
-1.80925e-11
-2.49883e-10
-2.4635e-11
-2.46985e-10
-3.09251e-11
-2.43572e-10
-3.70011e-11
-2.39712e-10
-4.27531e-11
-2.35458e-10
-4.81802e-11
-2.30817e-10
-5.32864e-11
-2.2581e-10
-5.80535e-11
-2.20506e-10
-6.24867e-11
-2.14944e-10
-6.65045e-11
-2.09124e-10
-7.01893e-11
-2.03034e-10
-7.35392e-11
-1.96854e-10
-7.63288e-11
-1.90555e-10
-7.88e-11
-1.84189e-10
-8.08865e-11
-1.77758e-10
-8.26575e-11
-1.71286e-10
-8.40978e-11
-1.64811e-10
-8.52028e-11
-1.58358e-10
-8.60011e-11
-8.65123e-11
-1.51942e-10
-2.59063e-10
-2.0121e-11
-2.56415e-10
-2.72931e-11
-2.53202e-10
-3.41494e-11
-2.49508e-10
-4.07066e-11
-2.45349e-10
-4.69239e-11
-2.40723e-10
-5.28176e-11
-2.35748e-10
-5.82748e-11
-2.30421e-10
-6.33927e-11
-2.24792e-10
-6.81297e-11
-2.18801e-10
-7.2509e-11
-2.12484e-10
-7.65209e-11
-2.06038e-10
-8.00009e-11
-1.99381e-10
-8.30015e-11
-1.9271e-10
-8.54872e-11
-1.85991e-10
-8.762e-11
-1.79207e-10
-8.94531e-11
-1.72406e-10
-9.09103e-11
-1.65628e-10
-9.19886e-11
-1.58892e-10
-9.27415e-11
-9.31909e-11
-1.52214e-10
-2.65704e-10
-2.24003e-11
-2.62764e-10
-3.02329e-11
-2.59278e-10
-3.76343e-11
-2.5525e-10
-4.47345e-11
-2.50719e-10
-5.14551e-11
-2.45765e-10
-5.77727e-11
-2.40363e-10
-6.36775e-11
-2.34644e-10
-6.91143e-11
-2.2868e-10
-7.40958e-11
-2.2235e-10
-7.88422e-11
-2.15568e-10
-8.33069e-11
-2.08496e-10
-8.70776e-11
-2.01426e-10
-9.00775e-11
-1.94419e-10
-9.25006e-11
-1.87431e-10
-9.46136e-11
-1.80313e-10
-9.65765e-11
-1.73139e-10
-9.80907e-11
-1.66028e-10
-9.91044e-11
-1.58978e-10
-9.97936e-11
-1.00148e-10
-1.52023e-10
-3.79417e-10
-3.9711e-12
-3.7617e-10
-5.35388e-12
-3.72355e-10
-6.62901e-12
-3.6773e-10
-7.89473e-12
-3.6241e-10
-9.08154e-12
-3.56454e-10
-1.01941e-11
-3.49866e-10
-1.12403e-11
-3.42794e-10
-1.21879e-11
-3.35576e-10
-1.30084e-11
-3.27865e-10
-1.38471e-11
-3.19167e-10
-2.53666e-16
-3.09954e-10
-3.95015e-22
-3.00684e-10
-2.435e-22
-2.91755e-10
-9.54897e-23
-2.83065e-10
-1.75953e-23
-2.73835e-10
-5.58013e-26
-2.6437e-10
-1.52065e-64
-2.55152e-10
-5.88909e-54
-2.45954e-10
-3.79457e-51
-2.36809e-10
-1.02667e-52
-1.37681e-10
-8.87716e-12
-1.28666e-10
-8.98447e-12
-1.19641e-10
-8.99854e-12
-1.10688e-10
-8.93085e-12
-1.01874e-10
-8.79379e-12
-9.32568e-11
-8.6e-12
-8.48794e-11
-8.36198e-12
-7.67742e-11
-8.09157e-12
-6.8962e-11
-7.79956e-12
-6.14535e-11
-7.4957e-12
-5.42503e-11
-7.18912e-12
-4.7346e-11
-6.88842e-12
-4.07268e-11
-6.60179e-12
-3.43722e-11
-6.33674e-12
-2.82552e-11
-6.09923e-12
-2.23437e-11
-5.89387e-12
-1.66011e-11
-5.72461e-12
-1.09886e-11
-5.59466e-12
-5.46573e-12
-5.5054e-12
-5.44838e-12
-1.38178e-10
-1.77791e-11
-1.29121e-10
-1.79962e-11
-1.20057e-10
-1.8024e-11
-1.11065e-10
-1.78876e-11
-1.02216e-10
-1.76123e-11
-9.35643e-11
-1.72235e-11
-8.51552e-11
-1.67458e-11
-7.70203e-11
-1.62022e-11
-6.91803e-11
-1.56146e-11
-6.16457e-11
-1.50032e-11
-5.4418e-11
-1.43869e-11
-4.74909e-11
-1.37837e-11
-4.08505e-11
-1.32096e-11
-3.44758e-11
-1.26787e-11
-2.83397e-11
-1.22028e-11
-2.24099e-11
-1.17913e-11
-1.66499e-11
-1.14522e-11
-1.10203e-11
-1.1192e-11
-5.47825e-12
-1.10151e-11
-1.09112e-11
-1.38233e-10
-2.67473e-11
-1.29129e-10
-2.70654e-11
-1.20023e-10
-2.70984e-11
-1.10997e-10
-2.6885e-11
-1.02119e-10
-2.64637e-11
-9.34452e-11
-2.58725e-11
-8.50197e-11
-2.5148e-11
-7.68737e-11
-2.43251e-11
-6.90277e-11
-2.34365e-11
-6.14919e-11
-2.2513e-11
-5.42674e-11
-2.15834e-11
-4.73476e-11
-2.06745e-11
-4.07179e-11
-1.98102e-11
-3.4357e-11
-1.9011e-11
-2.8237e-11
-1.82942e-11
-2.23252e-11
-1.76744e-11
-1.65849e-11
-1.71637e-11
-1.09761e-11
-1.6772e-11
-5.45548e-12
-1.65059e-11
-1.63512e-11
-1.38313e-10
-3.58047e-11
-1.29137e-10
-3.62115e-11
-1.1997e-10
-3.62382e-11
-1.10891e-10
-3.59368e-11
-1.01971e-10
-3.53589e-11
-9.32641e-11
-3.45551e-11
-8.48139e-11
-3.35743e-11
-7.66516e-11
-3.24632e-11
-6.87968e-11
-3.12658e-11
-6.12595e-11
-3.00234e-11
-5.40402e-11
-2.87747e-11
-4.71315e-11
-2.7555e-11
-4.05182e-11
-2.63958e-11
-3.41778e-11
-2.5324e-11
-2.80821e-11
-2.43627e-11
-2.21976e-11
-2.35313e-11
-1.6487e-11
-2.28463e-11
-1.09096e-11
-2.23207e-11
-5.42167e-12
-2.1964e-11
-2.17575e-11
-1.38414e-10
-4.49753e-11
-1.29144e-10
-4.54561e-11
-1.19894e-10
-4.54627e-11
-1.10747e-10
-4.50597e-11
-1.0177e-10
-4.43117e-11
-9.3019e-11
-4.32822e-11
-8.45362e-11
-4.20328e-11
-7.63522e-11
-4.06221e-11
-6.84863e-11
-3.91056e-11
-6.09473e-11
-3.75353e-11
-5.37353e-11
-3.59595e-11
-4.68417e-11
-3.44218e-11
-4.02502e-11
-3.29611e-11
-3.39375e-11
-3.16107e-11
-2.78743e-11
-3.03996e-11
-2.20263e-11
-2.93522e-11
-1.63556e-11
-2.84893e-11
-1.08204e-11
-2.78273e-11
-5.37655e-12
-2.73785e-11
-2.71199e-11
-1.38534e-10
-5.42837e-11
-1.29145e-10
-5.48228e-11
-1.19793e-10
-5.47929e-11
-1.1056e-10
-5.42716e-11
-1.01513e-10
-5.33369e-11
-9.27066e-11
-5.20657e-11
-8.41835e-11
-5.05324e-11
-7.59731e-11
-4.8808e-11
-6.80937e-11
-4.69597e-11
-6.05534e-11
-4.50502e-11
-5.33509e-11
-4.31369e-11
-4.64766e-11
-4.12718e-11
-3.99127e-11
-3.9501e-11
-3.36347e-11
-3.78645e-11
-2.76124e-11
-3.63969e-11
-2.18106e-11
-3.51281e-11
-1.61901e-11
-3.40831e-11
-1.07082e-11
-3.32817e-11
-5.32009e-12
-3.27392e-11
-3.2428e-11
-1.38669e-10
-6.37583e-11
-1.29138e-10
-6.4337e-11
-1.19663e-10
-6.42509e-11
-1.10326e-10
-6.35911e-11
-1.01195e-10
-6.24496e-11
-9.23233e-11
-6.09173e-11
-8.37524e-11
-5.90818e-11
-7.55111e-11
-5.7027e-11
-6.76164e-11
-5.48319e-11
-6.00751e-11
-5.25692e-11
-5.28847e-11
-5.03057e-11
-4.60339e-11
-4.81016e-11
-3.95036e-11
-4.60101e-11
-3.32679e-11
-4.40781e-11
-2.72953e-11
-4.23463e-11
-2.15494e-11
-4.08497e-11
-1.59898e-11
-3.96176e-11
-1.05726e-11
-3.86735e-11
-5.25217e-12
-3.80356e-11
-3.76707e-11
-1.38814e-10
-7.34296e-11
-1.29116e-10
-7.40249e-11
-1.19498e-10
-7.38583e-11
-1.10041e-10
-7.30356e-11
-1.00812e-10
-7.16638e-11
-9.18644e-11
-6.98478e-11
-8.32387e-11
-6.76891e-11
-7.49623e-11
-6.52844e-11
-6.70508e-11
-6.27244e-11
-5.95093e-11
-6.00923e-11
-5.23337e-11
-5.74637e-11
-4.55111e-11
-5.49067e-11
-3.90207e-11
-5.24823e-11
-3.2835e-11
-5.02441e-11
-2.69211e-11
-4.82389e-11
-2.12414e-11
-4.65072e-11
-1.57538e-11
-4.50824e-11
-1.04131e-11
-4.39917e-11
-5.17254e-12
-4.32562e-11
-4.28357e-11
-1.38963e-10
-8.33267e-11
-1.29075e-10
-8.39102e-11
-1.19292e-10
-8.36345e-11
-1.09698e-10
-8.26212e-11
-1.00358e-10
-8.09921e-11
-9.13248e-11
-7.88669e-11
-8.26376e-11
-7.6361e-11
-7.43223e-11
-7.35841e-11
-6.63928e-11
-7.06389e-11
-5.88522e-11
-6.76185e-11
-5.16945e-11
-6.46073e-11
-4.4905e-11
-6.16819e-11
-3.84612e-11
-5.89106e-11
-3.23338e-11
-5.63542e-11
-2.64883e-11
-5.40656e-11
-2.08853e-11
-5.20906e-11
-1.54811e-11
-5.04669e-11
-1.02292e-11
-4.92252e-11
-5.08075e-12
-4.83887e-11
-4.79103e-11
-1.39108e-10
-9.34742e-11
-1.29006e-10
-9.40137e-11
-1.19039e-10
-9.35975e-11
-1.09291e-10
-9.23627e-11
-9.98265e-11
-9.04464e-11
-9.06983e-11
-8.79835e-11
-8.19434e-11
-8.51032e-11
-7.35861e-11
-8.19289e-11
-6.56377e-11
-7.85751e-11
-5.80994e-11
-7.51452e-11
-5.09632e-11
-7.17321e-11
-4.42123e-11
-6.84207e-11
-3.78221e-11
-6.52873e-11
-3.17617e-11
-6.23996e-11
-2.59945e-11
-5.98168e-11
-2.04794e-11
-5.75896e-11
-1.51707e-11
-5.57599e-11
-1.00201e-11
-5.43618e-11
-4.9762e-12
-5.34201e-11
-5.28811e-11
-1.39243e-10
-1.03895e-10
-1.28902e-10
-1.04356e-10
-1.1873e-10
-1.03766e-10
-1.08812e-10
-1.02276e-10
-9.92108e-11
-1.00039e-10
-8.99783e-11
-9.72061e-11
-8.11499e-11
-9.3921e-11
-7.27477e-11
-9.03205e-11
-6.47803e-11
-8.65321e-11
-5.72462e-11
-8.26691e-11
-5.01354e-11
-7.88323e-11
-4.3429e-11
-7.51157e-11
-3.71003e-11
-7.16036e-11
-3.11161e-11
-6.83707e-11
-2.54378e-11
-6.54819e-11
-2.0022e-11
-6.29927e-11
-1.48212e-11
-6.09492e-11
-9.78472e-12
-5.93883e-11
-4.85822e-12
-5.83363e-11
-5.77345e-11
-1.39359e-10
-1.14614e-10
-1.28754e-10
-1.14962e-10
-1.18358e-10
-1.1416e-10
-1.08252e-10
-1.12376e-10
-9.85025e-11
-1.09782e-10
-8.9157e-11
-1.06543e-10
-8.02498e-11
-1.02819e-10
-7.18006e-11
-9.87597e-11
-6.38146e-11
-9.45078e-11
-5.62871e-11
-9.01857e-11
-4.92064e-11
-8.59015e-11
-4.25511e-11
-8.17585e-11
-3.62922e-11
-7.78498e-11
-3.0394e-11
-7.42564e-11
-2.48156e-11
-7.1049e-11
-1.95112e-11
-6.82872e-11
-1.44311e-11
-6.60209e-11
-9.52177e-12
-6.42899e-11
-4.72624e-12
-6.31227e-11
-6.24563e-11
-1.39446e-10
-1.25665e-10
-1.28553e-10
-1.25858e-10
-1.17912e-10
-1.24801e-10
-1.07604e-10
-1.22681e-10
-9.76928e-11
-1.19688e-10
-8.82259e-11
-1.16003e-10
-7.92352e-11
-1.11801e-10
-7.07377e-11
-1.07247e-10
-6.27342e-11
-1.025e-10
-5.52162e-11
-9.76915e-11
-4.81707e-11
-9.29338e-11
-4.1574e-11
-8.83415e-11
-3.53939e-11
-8.40164e-11
-2.95922e-11
-8.00459e-11
-2.41252e-11
-7.65057e-11
-1.89447e-11
-7.34594e-11
-1.39984e-11
-7.09601e-11
-9.23e-12
-6.9051e-11
-4.57983e-12
-6.77635e-11
-6.70314e-11
-1.39494e-10
-1.37078e-10
-1.28289e-10
-1.3707e-10
-1.17382e-10
-1.3571e-10
-1.06855e-10
-1.33208e-10
-9.67716e-11
-1.29769e-10
-8.71754e-11
-1.25594e-10
-7.80969e-11
-1.20872e-10
-6.95511e-11
-1.15784e-10
-6.15321e-11
-1.10509e-10
-5.40269e-11
-1.05185e-10
-4.70228e-11
-9.99251e-11
-4.04929e-11
-9.48583e-11
-3.44014e-11
-9.00955e-11
-2.87072e-11
-8.57295e-11
-2.33637e-11
-8.18405e-11
-1.832e-11
-7.84959e-11
-1.35212e-11
-7.57521e-11
-8.9082e-12
-7.36558e-11
-4.41869e-12
-7.22434e-11
-7.14451e-11
-1.39492e-10
-1.4888e-10
-1.27949e-10
-1.48619e-10
-1.16756e-10
-1.46907e-10
-1.05996e-10
-1.4397e-10
-9.57279e-11
-1.40037e-10
-8.59949e-11
-1.35325e-10
-7.6825e-11
-1.30038e-10
-6.82324e-11
-1.24371e-10
-6.02012e-11
-1.18532e-10
-5.2712e-11
-1.12666e-10
-4.57562e-11
-1.06872e-10
-3.93023e-11
-1.01303e-10
-3.33101e-11
-9.60796e-11
-2.77351e-11
-9.12976e-11
-2.25277e-11
-8.70421e-11
-1.76341e-11
-8.33837e-11
-1.29972e-11
-8.03825e-11
-8.55516e-12
-7.80895e-11
-4.2427e-12
-7.65464e-11
-7.56827e-11
-1.39427e-10
-1.61096e-10
-1.27521e-10
-1.6053e-10
-1.16022e-10
-1.58408e-10
-1.05013e-10
-1.54982e-10
-9.455e-11
-1.50502e-10
-8.46731e-11
-1.45203e-10
-7.54083e-11
-1.39302e-10
-6.6773e-11
-1.33003e-10
-5.87346e-11
-1.26567e-10
-5.12637e-11
-1.20132e-10
-4.43643e-11
-1.13767e-10
-3.79966e-11
-1.07667e-10
-3.21147e-11
-1.01958e-10
-2.66714e-11
-9.67376e-11
-2.16132e-11
-9.20964e-11
-1.68839e-11
-8.81081e-11
-1.24241e-11
-8.48358e-11
-8.16946e-12
-8.23363e-11
-4.05205e-12
-8.06549e-11
-7.97304e-11
-1.39285e-10
-1.73757e-10
-1.2699e-10
-1.72829e-10
-1.15166e-10
-1.70235e-10
-1.03892e-10
-1.66257e-10
-9.32252e-11
-1.6117e-10
-8.31978e-11
-1.55231e-10
-7.38337e-11
-1.48666e-10
-6.5164e-11
-1.41672e-10
-5.71257e-11
-1.34604e-10
-4.96723e-11
-1.27584e-10
-4.28393e-11
-1.20599e-10
-3.65694e-11
-1.13936e-10
-3.08097e-11
-1.07717e-10
-2.55111e-11
-1.02035e-10
-2.06161e-11
-9.69883e-11
-1.60658e-11
-9.26536e-11
-1.17992e-11
-8.90963e-11
-7.74922e-12
-8.63796e-11
-3.84878e-12
-8.4548e-11
-8.35766e-11
-1.39084e-10
-1.86888e-10
-1.26376e-10
-1.85539e-10
-1.14209e-10
-1.82404e-10
-1.0266e-10
-1.77806e-10
-9.1781e-11
-1.7205e-10
-8.15976e-11
-1.65415e-10
-7.21264e-11
-1.58137e-10
-6.3438e-11
-1.50362e-10
-5.5409e-11
-1.42635e-10
-4.79625e-11
-1.35034e-10
-4.12092e-11
-1.27355e-10
-3.50476e-11
-1.20101e-10
-2.94191e-11
-1.13348e-10
-2.4276e-11
-1.07179e-10
-1.95553e-11
-1.01708e-10
-1.51954e-11
-9.70104e-11
-1.11345e-11
-9.31531e-11
-7.3001e-12
-9.02093e-11
-3.62515e-12
-8.82177e-11
-8.72011e-11
-1.38384e-10
-2.00527e-10
-1.25237e-10
-1.98686e-10
-1.12716e-10
-1.94924e-10
-1.00894e-10
-1.89628e-10
-8.98142e-11
-1.83129e-10
-7.9494e-11
-1.75734e-10
-6.99241e-11
-1.67706e-10
-6.1276e-11
-1.5901e-10
-5.32943e-11
-1.50618e-10
-4.58512e-11
-1.42478e-10
-3.92355e-11
-1.33973e-10
-3.32196e-11
-1.26117e-10
-2.77557e-11
-1.18811e-10
-2.28071e-11
-1.12125e-10
-1.8298e-11
-1.06213e-10
-1.4166e-11
-1.01139e-10
-1.03517e-11
-9.69643e-11
-6.78172e-12
-9.37762e-11
-3.45819e-12
-9.15404e-11
-9.06611e-11
-2.18669e-10
-1.59452e-54
-2.00963e-10
-9.61943e-57
-1.83869e-10
-1.15364e-59
-1.67464e-10
-7.14624e-63
-1.51806e-10
-3.58015e-66
-1.36914e-10
-1.06487e-69
-1.22728e-10
-1.98209e-73
-1.09696e-10
-2.3811e-77
-9.74061e-11
-1.97987e-81
-8.54538e-11
-1.16756e-85
-7.45602e-11
-4.97241e-90
-6.43422e-11
-1.57418e-94
-5.47531e-11
-3.79857e-99
-4.57617e-11
-7.17109e-104
-3.72817e-11
-1.08605e-108
-2.92437e-11
-1.35969e-113
-2.15849e-11
-1.41227e-118
-1.41981e-11
-1.214e-123
-7.02851e-12
-8.1697e-129
-7.94105e-142
-3.79884e-14
-8.62619e-19
-7.60357e-14
-8.03797e-19
-1.13632e-13
-7.70254e-19
-1.50409e-13
-7.41573e-19
-1.8592e-13
-7.20046e-19
-2.19582e-13
-7.09402e-19
-2.50667e-13
-7.14161e-19
-2.7831e-13
-7.39377e-19
-3.01535e-13
-7.90313e-19
-3.193e-13
-8.7173e-19
-3.30569e-13
-9.86441e-19
-3.34393e-13
-1.13196e-18
-3.30168e-13
-1.29281e-18
-3.17198e-13
-1.41841e-18
-2.95235e-13
-1.36197e-18
-2.66216e-13
-7.31151e-19
-2.29026e-13
1.83723e-18
-1.84675e-13
4.22942e-17
-1.41435e-13
-1.22125e-16
-8.3053e-17
-1.05548e-13
-3.97287e-19
7.61364e-19
-7.92741e-19
7.68794e-19
-1.17722e-18
7.62149e-19
-1.54323e-18
7.50481e-19
-1.88069e-18
7.32603e-19
-2.17677e-18
7.0693e-19
-2.41622e-18
6.71861e-19
-2.58237e-18
6.26092e-19
-2.65889e-18
5.68978e-19
-2.63222e-18
5.0091e-19
-2.49469e-18
4.2365e-19
-2.24764e-18
3.40521e-19
-1.90454e-18
2.56325e-19
-1.49034e-18
1.76916e-19
-1.04347e-18
1.08161e-19
-6.10259e-19
5.50631e-20
-2.56833e-19
2.03007e-20
-8.67453e-20
3.58874e-21
-2.6352e-20
-5.89955e-26
-1.78198e-25
-4.89887e-20
-3.4421e-23
9.87911e-23
-6.88952e-23
1.00607e-22
-1.02949e-22
1.00198e-22
-1.35951e-22
9.94053e-23
-1.66871e-22
9.78831e-23
-1.94319e-22
9.52714e-23
-2.16254e-22
9.12426e-23
-2.30944e-22
8.53959e-23
-2.36267e-22
7.76927e-23
-2.30751e-22
6.81049e-23
-2.13929e-22
5.69591e-23
-1.86802e-22
4.49034e-23
-1.51823e-22
3.28583e-23
-1.1361e-22
2.18314e-23
-7.69969e-23
1.28218e-23
-4.65643e-23
6.35881e-24
-2.51411e-23
2.45182e-24
-1.39959e-23
5.76067e-25
-7.99681e-24
-4.61722e-30
-9.97768e-30
-8.33682e-24
-3.40094e-27
1.2992e-26
-6.8455e-27
1.33619e-26
-1.03368e-26
1.33967e-26
-1.38259e-26
1.34467e-26
-1.72023e-26
1.34284e-26
-2.03055e-26
1.32667e-26
-2.2825e-26
1.28978e-26
-2.45687e-26
1.22112e-26
-2.51988e-26
1.12159e-26
-2.44926e-26
9.87433e-27
-2.2387e-26
8.23555e-27
-1.90533e-26
6.4163e-27
-1.48457e-26
4.58957e-27
-1.05118e-26
2.934e-27
-6.63608e-27
1.63819e-27
-3.6659e-27
7.61677e-28
-1.72877e-27
2.70969e-28
-7.13494e-28
5.68988e-29
-3.02984e-28
-2.75989e-34
-5.14543e-34
-2.60489e-28
-3.66179e-31
1.76685e-30
-7.43398e-31
1.83836e-30
-1.14064e-30
1.86145e-30
-1.55653e-30
1.90078e-30
-1.98045e-30
1.93895e-30
-2.39384e-30
1.96095e-30
-2.74704e-30
1.95436e-30
-3.01633e-30
1.89099e-30
-3.14069e-30
1.77396e-30
-3.07684e-30
1.58773e-30
-2.80694e-30
1.33715e-30
-2.35415e-30
1.04227e-30
-1.77139e-30
7.37076e-31
-1.18957e-30
4.57113e-31
-6.93195e-31
2.43655e-31
-3.39244e-31
1.05627e-31
-1.31733e-31
3.38912e-32
-3.86132e-32
6.16127e-33
-1.19027e-32
-1.48631e-38
-9.79519e-38
-7.98168e-33
-4.09711e-35
2.47216e-34
-8.42806e-35
2.60807e-34
-1.32372e-34
2.6789e-34
-1.86087e-34
2.80226e-34
-2.44933e-34
2.94628e-34
-3.07327e-34
3.08377e-34
-3.65387e-34
3.19044e-34
-4.15996e-34
3.19776e-34
-4.474e-34
3.11098e-34
-4.4972e-34
2.8763e-34
-4.16879e-34
2.48748e-34
-3.50557e-34
1.97368e-34
-2.58689e-34
1.40398e-34
-1.66852e-34
8.58522e-35
-9.03574e-35
4.43436e-35
-3.90835e-35
1.81363e-35
-1.23422e-35
5.29505e-36
-2.49371e-36
8.50949e-37
-1.88955e-36
1.04717e-39
-2.69505e-33
-1.80943e-33
-4.46112e-39
3.50063e-38
-9.359e-39
3.75498e-38
-1.52052e-38
3.93539e-38
-2.23346e-38
4.25433e-38
-3.09434e-38
4.66278e-38
-4.10938e-38
5.11986e-38
-5.17129e-38
5.58646e-38
-6.24999e-38
5.9026e-38
-7.11109e-38
6.06777e-38
-7.52085e-38
5.91607e-38
-7.26908e-38
5.37059e-38
-6.29115e-38
4.44043e-38
-4.67223e-38
3.25585e-38
-2.96786e-38
2.01369e-38
-1.52853e-38
1.03479e-38
-5.9666e-39
4.1036e-39
-8.3909e-39
1.12432e-39
-1.87483e-35
8.94485e-40
-4.77253e-32
3.91527e-37
-5.84743e-29
-5.71085e-29
-4.16511e-43
4.88554e-42
-9.01948e-43
5.34692e-42
-1.54804e-42
5.76345e-42
-2.43453e-42
6.50762e-42
-3.65047e-42
7.53738e-42
-5.29418e-42
8.82705e-42
-7.28536e-42
1.03491e-41
-9.67257e-42
1.17809e-41
-1.20763e-41
1.31001e-41
-1.39486e-41
1.38182e-41
-1.46021e-41
1.35343e-41
-1.35126e-41
1.20075e-41
-1.05036e-41
9.37014e-42
-6.85414e-42
6.07092e-42
-4.8893e-41
3.23079e-42
-1.25645e-37
1.80976e-41
-2.96439e-34
3.40547e-38
-6.07046e-31
5.06041e-35
-1.1033e-27
4.00559e-32
-6.04535e-25
-1.22532e-24
-2.11427e-47
6.46811e-46
-4.89416e-47
7.24887e-46
-9.39126e-47
8.10534e-46
-1.72118e-46
9.69295e-46
-3.04771e-46
1.20593e-45
-5.25352e-46
1.53621e-45
-8.57273e-46
1.97861e-45
-1.34426e-45
2.48709e-45
-1.97174e-45
3.07656e-45
-2.64842e-45
3.61631e-45
-3.18722e-45
3.94872e-45
-3.39679e-45
3.8955e-45
-2.59793e-43
3.42064e-45
-9.58144e-40
2.14866e-43
-2.75834e-36
6.45179e-40
-6.20088e-33
1.47925e-36
-1.10258e-29
2.53668e-33
-1.57414e-26
3.13964e-30
-1.84024e-23
2.46215e-27
1.00107e-25
-1.81089e-20
3.0413e-51
7.66142e-50
6.4686e-51
8.83684e-50
9.64127e-51
1.0369e-49
1.27163e-50
1.33275e-49
1.40179e-50
1.81527e-49
9.20369e-51
2.57649e-49
-1.34742e-50
3.74431e-49
-7.50623e-50
5.33966e-49
-1.93531e-49
7.56761e-49
-3.9448e-49
1.02468e-48
-2.05461e-46
1.33626e-48
-1.98982e-42
4.91008e-46
-1.2422e-38
3.54449e-42
-5.16895e-35
1.70091e-38
-1.47182e-31
5.53574e-35
-2.92474e-28
1.23655e-31
-4.11879e-25
1.90374e-28
-4.15911e-22
1.98233e-25
-3.04756e-19
1.32585e-22
4.70783e-17
-1.79424e-16
1.11912e-54
7.38693e-54
2.56406e-54
8.82883e-54
4.43858e-54
1.10255e-53
7.39805e-54
1.55514e-53
1.20547e-53
2.37787e-53
1.92969e-53
3.85995e-53
2.98816e-53
6.50867e-53
4.20333e-53
1.08795e-52
5.27209e-53
1.8243e-52
5.01318e-53
2.94408e-52
1.42809e-53
4.48708e-52
-4.43149e-39
1.26773e-42
-1.14281e-34
4.17755e-38
-9.75851e-31
4.50676e-34
-3.95396e-27
2.32154e-30
-8.56203e-24
6.48084e-27
-1.03362e-20
1.02657e-23
-6.94677e-18
9.12535e-21
-1.18001e-15
1.14324e-17
6.37485e-13
-1.16881e-12
1.82269e-58
4.88186e-58
4.38393e-58
6.1069e-58
8.25482e-58
8.2989e-58
1.56518e-57
1.32248e-57
3.00375e-57
2.35953e-57
5.85984e-57
4.54878e-57
1.14987e-56
9.23306e-57
2.17672e-56
1.87017e-56
4.03007e-56
3.8405e-56
6.99147e-56
7.61856e-56
1.10551e-55
1.43341e-55
7.5978e-47
1.24618e-46
2.87219e-42
6.69787e-42
2.47014e-38
1.10261e-37
-2.26311e-26
1.10844e-29
-2.69167e-21
2.90781e-24
-7.83676e-18
1.4391e-20
-2.25714e-17
1.55677e-17
-1.57592e-12
3.45913e-14
6.5622e-12
-1.15362e-09
1.67787e-62
1.35436e-62
4.25899e-62
1.82075e-62
8.79328e-62
2.92215e-62
1.90397e-61
5.75782e-62
4.34928e-61
1.31319e-61
1.03274e-60
3.27744e-61
2.52284e-60
8.544e-61
6.02706e-60
2.22455e-60
1.44796e-59
5.81838e-60
3.33975e-59
1.46112e-59
7.30975e-59
3.43634e-59
5.42181e-50
2.67169e-50
3.67083e-45
1.81773e-45
7.82738e-41
3.65379e-41
3.41175e-33
1.37811e-33
3.41949e-27
9.78172e-28
2.15733e-23
5.83084e-24
1.80705e-19
1.30781e-20
2.21429e-14
3.70228e-17
8.27534e-13
4.90092e-10
5.56968e-67
-0
1.52469e-66
-0
3.76588e-66
-0
1.02169e-65
-0
3.03033e-65
3.94609e-67
9.50008e-65
4.72041e-66
3.03373e-64
2.50397e-65
9.5297e-64
1.0591e-64
2.97659e-63
4.12557e-64
8.8533e-63
1.46448e-63
2.45257e-62
4.61594e-63
1.66839e-53
3.42783e-54
1.38603e-48
2.97054e-49
3.37104e-44
7.10226e-45
1.23072e-36
2.35607e-37
1.49627e-30
2.56757e-31
1.38659e-26
9.0911e-28
1.13002e-20
2.24028e-23
2.35726e-13
-1.00248e-11
6.65774e-16
5.98891e-15
0
0
0
0
0
0
0
0
8.32605e-71
-0
1.38101e-69
-0
9.3618e-69
-0
4.76356e-68
-0
2.18529e-67
1.26746e-69
8.85681e-67
5.497e-68
3.09751e-66
3.71878e-67
1.87051e-57
3.466e-58
1.7324e-52
4.58763e-53
4.12723e-48
1.5522e-48
9.81553e-41
5.5223e-41
1.14842e-34
1.13323e-34
1.461e-31
5.66083e-31
-5.84612e-15
5.84872e-15
-1.54116e-11
4.644e-12
2.08473e-08
-6.92771e-06
0
0
0
0
0
0
0
0
0
0
0
0
0
0
0
0
7.59571e-73
-0
5.16027e-71
-0
4.36324e-70
-0
3.71173e-61
-0
5.79342e-56
9.09056e-58
2.23267e-51
1.43755e-52
6.92462e-44
9.5262e-45
2.0932e-37
5.17783e-38
1.13813e-33
7.66685e-34
7.07006e-19
4.96661e-22
-1.18218e-10
1.2251e-10
4.42168e-08
-1.08218e-05
0
0
0
0
0
0
0
0
0
0
0
0
0
0
0
0
0
0
0
0
0
0
0
0
6.99514e-61
-0
1.22418e-55
5.8007e-57
6.8475e-48
1.53066e-48
5.64722e-41
2.14505e-41
1.35075e-36
1.33109e-36
4.97285e-22
3.33283e-25
2.75513e-11
4.41251e-13
9.46777e-11
-9.29657e-09
0
0
0
0
0
0
0
0
0
0
0
0
0
0
0
0
0
0
0
0
0
0
0
0
0
0
1.85332e-59
-0
5.13548e-51
-0
3.83115e-25
-2.41849e-24
3.8616e-20
-1.71183e-19
1.28254e-17
-6.98808e-22
3.60715e-13
-6.81507e-20
1.9217e-14
9.48545e-11
0
0
0
0
0
0
0
0
0
0
0
0
0
0
0
0
0
0
0
0
0
0
0
0
0
0
0
0
0
0
1.87052e-23
-3.25071e-27
1.75662e-18
-8.72491e-20
1.18228e-19
-2.0031e-22
7.93923e-17
-1.55728e-18
-9.79035e-11
9.79634e-11
0
0
0
0
0
0
0
0
0
0
0
0
0
0
0
3.13459e-27
6.69607e-20
1.68719e-22
3.09547e-16
1.36446e-09
-8.98815e-14
-7.61424e-17
-7.58203e-14
-4.99399e-17
-6.28722e-14
-3.43128e-17
-5.0901e-14
-2.52995e-17
-4.00713e-14
-2.20599e-17
-3.00614e-14
-1.90373e-17
-2.1067e-14
-1.73306e-17
-1.31043e-14
-1.49193e-17
-4.96986e-15
-1.04411e-17
-5.0815e-20
-7.4967e-19
-1.16152e-25
-4.78756e-22
-5.69548e-26
-4.13339e-22
-1.8802e-26
-2.48978e-22
-3.05403e-27
-9.62723e-23
-9.28139e-30
-1.76007e-23
-9.01067e-61
-5.58106e-26
-8.98345e-58
-4.30614e-57
-5.52511e-55
-5.34283e-54
-1.4292e-56
-3.79791e-51
-1.02972e-52
-1.05502e-58
-3.07212e-20
-1.48204e-25
-2.0815e-20
-1.40823e-25
-1.55376e-20
-1.26514e-25
-1.40992e-20
-1.08443e-25
-1.30629e-20
-8.85608e-26
-1.34382e-20
-7.39261e-26
-1.41356e-20
-5.40894e-26
-1.41542e-20
-3.69529e-26
-1.48497e-20
-2.33253e-26
-1.67545e-20
-1.33477e-26
-1.3653e-20
-6.79365e-27
-7.78973e-21
-3.02093e-27
-2.86715e-21
-1.06788e-27
-5.00813e-22
-2.58496e-28
-1.52212e-24
-2.50089e-29
-1.12885e-55
-2.1533e-32
-1.34977e-52
-4.26688e-52
-9.2677e-50
-6.06923e-49
-2.43178e-51
-5.01272e-46
-1.23269e-47
-1.84562e-53
-6.35461e-24
-6.91249e-30
-4.77279e-24
-5.61423e-30
-3.52029e-24
-4.28175e-30
-2.529e-24
-3.09337e-30
-1.88137e-24
-2.11411e-30
-1.24198e-24
-1.43046e-30
-7.74502e-25
-8.58142e-31
-4.503e-25
-4.82623e-31
-2.39232e-25
-2.51137e-31
-1.13793e-25
-1.17331e-31
-4.75117e-26
-4.79117e-32
-1.58471e-26
-1.64622e-32
-3.63416e-27
-4.32146e-33
-3.34406e-28
-6.95866e-34
-2.74821e-31
-3.68469e-35
-5.2123e-51
-8.62463e-39
-7.11552e-48
-1.86221e-47
-5.65236e-45
-3.11568e-44
-1.33966e-46
-3.06882e-41
-6.74968e-43
-8.93756e-49
-1.68629e-28
-2.83205e-34
-1.06917e-28
-1.94814e-34
-6.60637e-29
-1.25117e-34
-3.94099e-29
-7.73704e-35
-2.36509e-29
-4.96565e-35
-1.27454e-29
-2.93239e-35
-6.51398e-30
-1.48342e-35
-3.10957e-30
-6.98381e-36
-1.34052e-30
-3.22095e-36
-5.08255e-31
-1.61979e-36
-1.63145e-31
-3.62635e-37
-4.02176e-32
-1.05649e-37
-6.10612e-33
-7.63527e-37
-3.06011e-34
-3.10549e-36
-6.80533e-38
-7.6328e-37
-1.39872e-46
-8.94202e-41
-2.23449e-43
-4.68136e-43
-2.10621e-40
-9.58154e-40
-4.4421e-42
-1.16736e-36
-2.26234e-38
-2.55914e-44
-4.34934e-33
-7.90281e-35
-2.30675e-33
-5.04629e-36
-1.21196e-33
-1.51432e-33
-6.7433e-34
-4.76171e-32
-3.50736e-34
-1.53482e-31
-1.58331e-34
-1.12763e-31
-6.71065e-35
-5.12981e-32
-2.8067e-35
-2.07493e-32
-1.29206e-35
-1.09802e-32
-2.66221e-36
-9.35277e-33
-7.17693e-37
-7.60944e-35
-4.82675e-36
-1.29283e-34
-1.83543e-35
-1.50773e-32
-4.23823e-36
-6.02936e-32
-4.68128e-40
-1.78759e-32
-2.31645e-42
-2.28915e-36
-4.49812e-39
-7.33662e-39
-5.21233e-36
-1.94608e-35
-9.62533e-38
-3.07187e-32
-5.15513e-34
-4.69841e-40
-9.01405e-35
-2.88473e-30
-2.20549e-32
-1.173e-31
-5.81292e-31
-3.21047e-29
-1.60479e-30
-7.3175e-28
-1.02585e-30
-2.25618e-27
-4.10293e-31
-1.53516e-27
-1.47007e-31
-6.77191e-28
-6.95336e-32
-2.59613e-28
-5.32084e-32
-1.13658e-28
-3.9095e-34
-8.69003e-29
-6.03193e-34
-8.4484e-31
-6.42105e-32
-1.7152e-30
-2.35732e-31
-1.9913e-28
-6.45804e-32
-7.70351e-28
-7.69951e-36
-2.8966e-28
-2.30965e-38
-4.17964e-32
-5.76774e-35
-7.51349e-35
-8.59738e-32
-2.77864e-31
-1.36445e-33
-5.93396e-28
-8.4266e-30
-5.52145e-36
-1.77667e-30
-6.56942e-26
-3.88057e-28
-1.59492e-27
-7.27197e-27
-3.99682e-25
-1.88256e-26
-6.10593e-24
-1.08917e-26
-1.86142e-23
-4.11906e-27
-1.18292e-23
-1.35936e-27
-5.14591e-24
-5.13313e-28
-1.89884e-24
-3.38277e-28
-6.50544e-25
-2.82655e-30
-4.25474e-25
-4.89098e-30
-5.52348e-27
-4.7883e-28
-1.46932e-26
-1.55761e-27
-1.68904e-24
-5.0014e-28
-6.44721e-24
-6.45957e-32
-3.31541e-24
-1.11541e-34
-5.64376e-28
-4.3536e-31
-5.79425e-31
-9.56957e-28
-3.00217e-27
-1.35802e-29
-8.85305e-24
-1.02905e-25
-4.54649e-32
-2.17696e-26
-9.24834e-22
-4.22654e-24
-1.17095e-23
-5.17491e-23
-2.7413e-21
-1.28677e-22
-2.46091e-20
-6.73909e-23
-7.89031e-20
-2.42228e-23
-4.74756e-20
-7.35228e-24
-2.08435e-20
-2.05222e-24
-7.56877e-21
-1.07397e-24
-1.83343e-21
-1.0844e-26
-8.78721e-22
-2.19194e-26
-1.91415e-23
-1.89788e-24
-7.63538e-23
-5.38169e-24
-8.58856e-21
-1.99924e-24
-3.41362e-20
-2.26517e-28
-2.80209e-20
-1.44679e-31
-6.3985e-24
1.2283e-32
-7.4103e-27
5.24032e-28
-3.92559e-23
3.48928e-24
-1.15583e-19
-9.82595e-22
5.32049e-26
-1.57108e-22
-7.91402e-18
-2.71843e-20
-4.0092e-20
-1.87611e-19
-9.41957e-18
-4.68139e-19
-3.72975e-17
-2.18452e-19
-1.50336e-16
-7.28833e-20
-8.8446e-17
-1.91242e-20
-4.09291e-17
-2.97051e-21
-1.52741e-17
-6.26168e-22
-2.11706e-18
2.22525e-22
-2.70771e-19
2.51377e-23
-3.15726e-20
1.94925e-22
-2.5298e-19
3.35848e-20
-2.63591e-17
1.77811e-19
-1.12841e-16
1.61874e-19
-1.53072e-16
3.33544e-23
5.98952e-24
-3.72174e-23
4.28901e-26
-4.09399e-19
6.95584e-23
-4.10962e-21
-9.56663e-17
-6.59502e-18
-7.00935e-24
-5.70505e-19
-1.68078e-16
-9.52359e-17
-3.23386e-17
-2.6554e-16
1.47598e-16
-8.07656e-16
4.66305e-16
-3.59882e-16
-7.34408e-16
-1.23444e-16
-4.07229e-16
-3.22999e-17
-1.63902e-16
-2.78323e-18
-5.53951e-17
-1.59788e-19
-8.3392e-18
1.64652e-20
-5.52697e-18
1.82341e-20
-1.23477e-17
2.33949e-19
-1.23661e-16
3.52952e-17
-8.18106e-17
2.43958e-16
-4.65593e-16
1.5379e-15
-1.66163e-15
5.21137e-23
2.06285e-19
2.00577e-18
-3.13675e-16
7.49792e-23
1.30676e-22
1.7512e-14
-1.75812e-14
-3.67205e-16
4.67314e-17
-1.96627e-15
-1.18593e-12
-4.11323e-13
4.09147e-13
-8.49644e-13
4.31416e-13
-2.69112e-12
1.83978e-12
-9.62634e-13
-1.78099e-12
-2.08316e-13
-7.01432e-13
-3.47413e-14
-1.89561e-13
4.31882e-15
-4.51755e-14
3.22572e-15
-7.58385e-15
1.61364e-17
-3.23835e-15
6.64356e-16
2.03832e-15
2.59784e-14
-2.49783e-14
2.87441e-12
-2.57314e-12
2.87281e-11
-2.73612e-11
4.06843e-10
-3.96221e-10
1.00672e-13
-2.01183e-12
-8.37157e-12
7.69096e-12
-3.65906e-10
7.41632e-11
-6.80472e-12
-3.63625e-10
-6.60785e-12
-2.05388e-13
-1.70414e-11
-1.20736e-09
-2.71224e-09
2.64556e-09
-1.21466e-09
-1.51039e-09
-2.37048e-09
1.16299e-09
-9.22071e-10
-1.50858e-09
-2.6056e-10
-6.98688e-10
-4.88009e-11
-2.31769e-10
1.35851e-12
-5.85113e-11
1.80038e-13
1.51974e-12
-1.11699e-15
2.12877e-13
1.68566e-13
2.34261e-12
2.09513e-12
-2.13323e-12
3.95382e-10
-4.29814e-10
7.86287e-09
-7.80529e-09
8.19875e-08
-7.83754e-08
9.51172e-10
7.63753e-08
-4.35404e-10
1.39143e-09
-5.35051e-08
5.3007e-08
-6.20706e-10
-5.79794e-08
-8.75832e-10
1.16581e-10
1.12289e-06
-8.51251e-06
8.46622e-09
1.11746e-06
9.80722e-07
-9.98725e-06
2.89354e-07
-6.83743e-07
3.61887e-07
-1.27485e-05
9.7413e-08
-8.82059e-06
2.29035e-08
-6.84644e-06
-2.31213e-09
-3.46559e-06
-6.68412e-13
5.69506e-08
-2.03813e-11
2.24064e-10
-3.43539e-09
3.41916e-09
-3.33064e-07
3.29531e-07
-3.26484e-07
-7.3974e-06
-4.64155e-06
-1.04446e-05
-2.57649e-06
-2.80124e-05
-4.08414e-05
4.87556e-07
4.07256e-05
1.72124e-05
-4.58591e-07
-1.96576e-06
7.00739e-07
-1.51498e-05
-6.24396e-06
2.31671e-07
4.53619e-06
3.7362e-06
3.70303e-05
5.87804e-06
2.89443e-05
1.17979e-06
2.70977e-05
1.16286e-06
1.4562e-05
-2.12813e-07
6.32256e-06
-5.81114e-07
2.35337e-07
-7.5921e-07
-2.55524e-06
-6.75016e-07
-1.80525e-06
-5.21803e-07
2.9519e-06
-3.9351e-07
9.89072e-06
-5.22587e-07
1.7309e-05
-7.97875e-07
9.34951e-06
-1.84984e-06
-3.04757e-06
-1.63066e-06
-2.8032e-05
-3.02794e-06
-2.64485e-05
-4.95731e-07
-1.39488e-05
4.71332e-06
-1.58561e-05
-5.84764e-08
-3.14452e-05
4.39384e-07
2.34898e-06
-2.8278e-09
-4.17512e-06
9.848e-07
-2.08105e-08
1.72387e-06
9.85832e-07
1.73152e-07
2.00957e-06
1.39119e-07
2.06633e-06
-2.69575e-07
1.87589e-06
-3.90669e-07
1.52421e-06
-4.07529e-07
1.21175e-06
-3.62561e-07
1.00049e-06
-3.1054e-07
8.86592e-07
-2.79614e-07
6.7771e-07
-3.13705e-07
2.80216e-07
-4.00381e-07
-7.90617e-07
-7.7901e-07
-1.65933e-06
-7.61941e-07
-3.59662e-06
-1.09065e-06
-3.66246e-06
-4.29888e-07
7.6133e-07
2.89532e-07
9.3083e-07
-2.27974e-07
1.31003e-06
6.02184e-08
7.5374e-07
2.90534e-06
-6.54769e-06
-3.28919e-06
-3.45454e-06
-1.36928e-06
-1.98733e-06
-1.29405e-06
3.47947e-08
-1.88301e-06
4.73898e-07
-7.08678e-07
9.6115e-07
-8.77922e-07
8.24561e-07
-2.7094e-07
5.16177e-07
-5.41769e-08
1.4836e-07
5.72769e-08
-1.86173e-07
5.49192e-08
-4.38373e-07
-6.15047e-08
-5.31842e-07
-3.06912e-07
-4.23649e-07
-8.87204e-07
-4.15871e-07
-7.69718e-07
-9.47076e-08
-1.41182e-06
-2.31559e-07
-2.93035e-07
-2.70291e-06
2.76089e-06
6.10007e-07
-3.54089e-06
2.9066e-06
-2.23631e-06
-4.20759e-07
4.08131e-06
2.1383e-06
-4.60168e-06
3.27151e-06
-2.18396e-06
3.46745e-06
-1.48998e-06
4.27965e-06
-2.69522e-06
3.66331e-06
-9.21423e-08
3.97636e-06
-1.19097e-06
3.18786e-06
5.17563e-07
2.34134e-06
7.92338e-07
1.36226e-06
1.03636e-06
4.21748e-07
9.95434e-07
-3.17272e-07
6.77516e-07
-8.82584e-07
2.58399e-07
-3.6701e-07
-1.40278e-06
-5.99989e-07
-5.36739e-07
-5.39409e-07
-1.47241e-06
-1.56656e-07
-6.75786e-07
-7.9532e-06
1.05574e-05
-1.31546e-06
-1.01785e-05
3.20197e-06
-6.57375e-06
-4.82687e-07
2.87895e-06
4.32529e-05
1.8224e-06
-9.31757e-06
9.13301e-06
-1.65833e-05
8.36676e-06
1.81293e-05
-4.39777e-07
1.47491e-05
6.0602e-06
2.47981e-05
-3.17513e-06
1.45779e-05
1.07378e-05
7.48846e-06
7.88173e-06
-3.8683e-07
8.91165e-06
-8.40899e-06
9.0176e-06
-1.55527e-05
7.82125e-06
-2.47449e-05
9.45061e-06
-1.07947e-05
-4.22949e-06
-2.47693e-06
-2.00678e-06
3.42522e-05
-4.33385e-11
2.63474e-05
9.58928e-06
-4.68097e-05
2.27492e-05
-1.4913e-05
-4.86341e-07
3.72095e-05
-6.65869e-11
-4.00421e-09
7.96215e-08
2.55218e-06
3.48713e-08
7.29894e-07
1.12033e-07
4.38876e-07
5.55762e-09
2.40344e-09
-3.27939e-09
3.91088e-07
3.14393e-09
5.63684e-08
-3.80084e-08
4.32923e-08
8.44842e-09
-1.78983e-08
1.281e-08
4.27385e-09
1.63852e-10
3.30886e-08
8.22024e-11
1.61629e-08
1.34574e-08
7.82774e-09
1.34269e-09
-8.01211e-08
-2.79851e-09
-1.46212e-13
-2.29488e-11
3.1923e-13
-9.12463e-12
6.82626e-07
1.34657e-09
4.84786e-07
9.00084e-08
-7.49324e-13
-1.55508e-09
-5.67637e-11
-3.81516e-12
-7.79983e-12
-4.05403e-09
1.18693e-08
-4.97991e-10
3.73667e-10
-3.10201e-09
-4.95079e-10
-1.47776e-09
-5.47155e-10
-9.70105e-12
1.54152e-10
2.3636e-10
1.479e-09
2.82169e-09
2.31752e-11
2.26393e-13
-8.89824e-12
1.33767e-09
4.11208e-09
-1.1315e-11
-4.87391e-13
-8.28722e-12
-5.71857e-61
-1.59798e-54
-6.1352e-64
-9.62392e-57
-3.37895e-67
-1.15394e-59
-1.49544e-70
-7.14775e-63
-3.90455e-74
-3.58065e-66
-6.33875e-78
-1.06497e-69
-6.59743e-82
-1.98224e-73
-4.71966e-86
-2.38124e-77
-2.37664e-90
-1.97997e-81
-8.57626e-95
-1.16761e-85
-2.28096e-99
-4.9726e-90
-4.57642e-104
-1.57423e-94
-7.09306e-109
-3.79867e-99
-8.67648e-114
-7.17127e-104
-8.5764e-119
-1.08607e-108
-6.79585e-124
-1.35972e-113
-4.20792e-129
-1.4123e-118
-1.82464e-134
-1.21401e-123
-7.0016e-140
-8.16982e-129
-2.583e-134
-1.05308e-55
-1.68675e-49
-1.20216e-58
-1.03367e-51
-7.11744e-62
-1.25799e-54
-3.41884e-65
-7.98806e-58
-9.77509e-69
-4.22866e-61
-1.75197e-72
-1.34476e-64
-2.02815e-76
-2.69957e-68
-1.62492e-80
-3.52076e-72
-9.25046e-85
-3.20002e-76
-3.79641e-89
-2.08048e-80
-1.15059e-93
-9.82483e-85
-2.63878e-98
-3.45196e-89
-4.6817e-103
-9.21806e-94
-6.53988e-108
-1.91488e-98
-7.33282e-113
-3.15953e-103
-6.50955e-118
-4.26125e-108
-4.43071e-123
-4.70157e-113
-2.05863e-128
-4.22384e-118
-3.37974e-134
-2.92932e-123
-9.5881e-129
-5.13854e-51
-8.00217e-45
-5.89176e-54
-4.97901e-47
-3.53587e-57
-6.13384e-50
-1.77318e-60
-3.98082e-53
-5.3504e-64
-2.22784e-56
-1.02005e-67
-7.58756e-60
-1.26367e-71
-1.64689e-63
-1.0903e-75
-2.33935e-67
-6.71831e-80
-2.33249e-71
-2.99739e-84
-1.67269e-75
-9.89636e-89
-8.74902e-80
-2.46289e-93
-3.41362e-84
-4.70813e-98
-1.00832e-88
-7.01233e-103
-2.29934e-93
-8.28936e-108
-4.11492e-98
-7.65791e-113
-5.93769e-103
-5.34875e-118
-6.89555e-108
-2.52324e-123
-6.39995e-113
-4.24856e-129
-4.51774e-118
-1.51859e-123
-1.47764e-46
-2.28097e-40
-1.6946e-49
-1.44365e-42
-1.02571e-52
-1.80468e-45
-5.3584e-56
-1.19945e-48
-1.70368e-59
-7.14354e-52
-3.44975e-63
-2.62932e-55
-4.56475e-67
-6.23698e-59
-4.22963e-71
-9.76541e-63
-2.80893e-75
-1.08118e-66
-1.35383e-79
-8.65336e-71
-4.83381e-84
-5.06927e-75
-1.29402e-88
-2.22423e-79
-2.63811e-93
-7.36152e-84
-4.13892e-98
-1.86642e-88
-5.08695e-103
-3.66593e-93
-4.81446e-108
-5.7142e-98
-3.38944e-113
-7.03028e-103
-1.59142e-118
-6.75176e-108
-2.68193e-124
-4.83339e-113
-1.66235e-118
-2.71666e-42
-4.32676e-36
-3.1017e-45
-2.79404e-38
-1.87859e-48
-3.5641e-41
-1.0159e-51
-2.43704e-44
-3.37908e-55
-1.56096e-47
-7.1985e-59
-6.30076e-51
-1.00399e-62
-1.66225e-54
-9.79695e-67
-2.92573e-58
-6.81585e-71
-3.66829e-62
-3.40851e-75
-3.34014e-66
-1.24677e-79
-2.23324e-70
-3.33371e-84
-1.12705e-74
-6.54663e-89
-4.28108e-79
-9.39764e-94
-1.23743e-83
-9.89805e-99
-2.7371e-88
-7.32451e-104
-4.71791e-93
-3.51625e-109
-6.27527e-98
-8.63975e-115
-6.32512e-103
3.29719e-116
-4.61364e-108
-1.63327e-113
-3.19267e-38
-5.71844e-32
-3.59173e-41
-3.77222e-34
-2.12207e-44
-4.95395e-37
-1.1489e-47
-3.51013e-40
-3.81322e-51
-2.45487e-43
-7.94425e-55
-1.11114e-46
-1.03327e-58
-3.34975e-50
-8.44209e-63
-6.83219e-54
-3.64183e-67
-9.98963e-58
2.94012e-68
-1.06374e-61
2.43199e-71
-8.32269e-66
2.28082e-75
-4.83881e-70
1.22226e-79
-2.10582e-74
4.36975e-84
-6.91203e-79
1.09237e-88
-1.71475e-83
1.94735e-93
-3.2442e-88
2.40825e-98
-4.6197e-93
1.92529e-103
-4.84398e-98
8.05102e-109
-3.59911e-103
-1.28446e-108
-2.49893e-34
-5.39078e-28
-2.42742e-37
-3.60124e-30
-1.1374e-40
-4.9305e-33
-4.32423e-44
-3.66653e-36
-4.17881e-48
-2.86558e-39
9.63036e-48
-1.50704e-42
6.90733e-51
-5.33641e-46
2.22859e-54
-1.28353e-49
4.48178e-58
-2.20496e-53
6.08626e-62
-2.72332e-57
5.77492e-66
-2.4497e-61
3.93037e-70
-1.625e-65
1.94272e-74
-7.9938e-70
7.0173e-79
-2.92721e-74
1.84054e-83
-7.93089e-79
3.49377e-88
-1.61103e-83
4.5948e-93
-2.37384e-88
3.84097e-98
-2.45861e-93
1.64381e-103
-1.85198e-98
-6.35629e-104
1.50384e-28
-3.41454e-24
9.65961e-31
-2.24368e-26
1.41373e-33
-3.30786e-29
1.28962e-36
-2.66989e-32
1.29706e-39
-2.44306e-35
8.64606e-43
-1.54506e-38
3.78471e-46
-6.5678e-42
1.1003e-49
-1.88344e-45
2.24018e-53
-3.79253e-49
3.22814e-57
-5.40114e-53
3.36145e-61
-5.53163e-57
2.5482e-65
-4.09302e-61
1.41739e-69
-2.20026e-65
5.79985e-74
-8.57252e-70
1.73303e-78
-2.32599e-74
3.76455e-83
-4.4558e-79
5.59894e-88
-4.72485e-84
5.15001e-93
2.56827e-95
2.47498e-98
5.7507e-99
5.29849e-104
-3.12122e-26
-1.34244e-20
-1.72507e-29
-9.62269e-23
5.38038e-30
-1.74159e-25
1.47897e-32
-1.55495e-28
1.98542e-35
-1.61763e-31
1.58891e-38
-1.23841e-34
8.07753e-42
-6.31839e-38
2.72053e-45
-2.15341e-41
6.39636e-49
-5.06196e-45
1.06509e-52
-8.21176e-49
1.27376e-56
-9.24535e-53
1.11122e-60
-7.2364e-57
7.13949e-65
-3.8074e-61
3.40757e-69
-1.27406e-65
1.17906e-73
-8.76337e-71
3.15887e-78
2.89843e-79
6.04328e-83
1.43814e-83
7.18331e-88
3.66524e-88
4.1301e-93
4.8049e-93
3.06008e-98
3.13704e-20
-3.4581e-18
1.58521e-22
-5.046e-20
2.35921e-25
-1.93779e-22
2.06809e-28
-2.9901e-25
2.25243e-31
-5.70088e-28
1.92256e-34
-6.52879e-31
1.14764e-37
-4.48283e-34
4.64749e-41
-1.89755e-37
1.30511e-44
-5.20891e-41
2.56408e-48
-9.26959e-45
3.57566e-52
-1.0508e-48
3.62769e-56
-7.12873e-53
2.7025e-60
-9.81829e-58
1.59666e-64
1.2221e-65
7.14303e-69
1.34379e-69
2.42358e-73
7.51169e-74
5.87943e-78
2.96656e-78
9.08561e-83
7.96285e-83
6.7696e-88
1.25679e-87
9.65681e-93
-9.69906e-19
-2.05393e-13
-7.63512e-22
4.12286e-17
2.28194e-22
-7.98653e-19
8.97608e-25
-1.27603e-21
2.03553e-27
-2.60124e-24
2.45935e-30
-3.04733e-27
1.75296e-33
-2.08923e-30
7.90178e-37
-8.58413e-34
2.42657e-40
-2.14831e-37
5.24249e-44
-2.54029e-41
8.20977e-48
1.96103e-49
9.90102e-52
8.21804e-53
9.30982e-56
1.35881e-56
6.77181e-60
1.66878e-60
3.81757e-64
1.3292e-64
1.62902e-68
8.02594e-69
4.99023e-73
3.62962e-73
9.8098e-78
1.16517e-77
9.34255e-83
2.29401e-82
2.20677e-87
1.05045e-13
-1.19569e-10
-2.50482e-16
1.24935e-15
2.35754e-19
3.55422e-19
-9.79508e-25
-6.47347e-19
-2.58266e-27
-6.70133e-21
-1.37722e-30
-1.91742e-23
7.59187e-31
-2.68985e-26
1.89824e-33
-2.10364e-29
1.37625e-36
-9.5768e-33
5.06925e-40
-2.34523e-36
9.86079e-44
-9.5015e-41
1.40937e-47
1.47457e-48
1.67579e-51
3.30942e-52
1.62044e-55
4.96194e-56
1.22516e-59
5.49138e-60
7.01569e-64
4.35763e-64
2.84263e-68
2.6151e-68
7.37572e-73
1.06475e-72
9.18493e-78
2.74151e-77
3.38579e-82
7.57854e-12
1.60405e-09
8.25735e-15
7.34715e-12
3.52182e-17
7.51169e-15
2.46545e-17
9.45962e-18
9.94344e-20
3.28371e-20
2.00609e-22
5.67282e-23
2.40314e-25
5.83238e-26
1.8481e-28
3.97007e-29
9.60396e-32
1.96309e-32
3.50637e-35
7.59281e-36
9.37474e-39
2.27306e-39
1.88007e-42
5.35672e-43
2.84641e-46
9.99058e-47
3.27796e-50
1.46161e-50
2.86745e-54
1.66013e-54
1.86121e-58
1.43732e-58
8.61175e-63
9.29812e-63
2.55504e-67
4.28437e-67
3.66725e-72
1.26283e-71
1.80021e-76
-7.29431e-12
-1.21961e-09
-8.23816e-15
-1.48498e-12
-1.00559e-19
-7.98103e-16
-1.40144e-22
-6.78533e-19
-1.13197e-25
-4.95973e-22
-5.39543e-29
-2.61418e-25
-1.57191e-32
-1.015e-28
-2.66534e-36
-2.86065e-32
-5.85728e-41
-5.13633e-36
4.33897e-40
-1.37149e-40
2.38179e-43
5.22413e-44
7.67144e-47
2.55474e-47
1.73995e-50
7.62692e-51
2.89621e-54
1.62015e-54
3.56908e-58
2.528e-58
3.17819e-62
2.95185e-62
1.94533e-66
2.51258e-66
7.40806e-71
1.46931e-70
1.33129e-75
5.38068e-75
9.34881e-80
-1.26917e-11
-4.76919e-09
-8.47994e-16
-1.49797e-11
3.03892e-17
-8.22415e-15
6.66349e-19
-5.84025e-18
6.57215e-22
-1.02642e-20
4.67588e-25
-1.0638e-23
2.55331e-28
-7.16401e-27
1.10124e-31
-2.6411e-30
3.76252e-35
6.97131e-37
1.07108e-38
1.28075e-39
2.52531e-42
5.64669e-43
4.90695e-46
1.61922e-46
7.76083e-50
3.53371e-50
9.91499e-54
5.87981e-54
9.99608e-58
7.79732e-58
7.70972e-62
7.99018e-62
4.31972e-66
6.19397e-66
1.56934e-70
3.46847e-70
2.78094e-75
1.25302e-74
2.20085e-79
1.75587e-11
-6.81141e-09
9.4317e-15
-7.20971e-13
2.90209e-17
-1.28433e-15
1.36131e-17
-2.3366e-18
3.01025e-20
-2.98993e-21
4.37863e-23
-2.06269e-24
4.53425e-26
1.00752e-27
3.42775e-29
4.50737e-30
1.94757e-32
4.37445e-33
8.38203e-36
2.57969e-36
2.77229e-39
1.09081e-39
7.10869e-43
3.48152e-43
1.42424e-46
8.57703e-47
2.21614e-50
1.65701e-50
2.65e-54
2.49459e-54
2.37335e-58
2.89302e-58
1.51181e-62
2.52255e-62
6.1597e-67
1.57087e-66
1.21407e-71
6.27758e-71
1.21576e-75
-2.71106e-10
-6.40401e-10
-3.24475e-14
-2.72515e-10
3.62479e-16
-6.37531e-13
1.93952e-18
-2.03978e-15
5.07798e-21
-6.17044e-18
9.49263e-24
-1.25079e-20
5.0143e-27
7.40518e-28
2.96445e-30
9.10101e-31
1.62098e-33
6.63387e-34
7.56816e-37
3.78065e-37
2.90873e-40
1.71729e-40
9.00857e-44
6.24938e-44
2.20778e-47
1.81202e-47
4.20409e-51
4.1388e-51
6.083e-55
7.34179e-55
6.46963e-59
9.92622e-59
4.80089e-63
9.9094e-63
2.23358e-67
6.97471e-67
4.93503e-72
3.10447e-71
6.6071e-76
9.17414e-10
6.33907e-08
4.82135e-12
6.61783e-10
1.43155e-14
3.85913e-12
1.84769e-16
1.0798e-14
1.29442e-16
5.46109e-17
7.47663e-19
3.22735e-19
2.30609e-21
1.04199e-21
4.22745e-24
2.05263e-24
4.86028e-27
2.61306e-27
3.62453e-30
2.2187e-30
1.80222e-33
1.28264e-33
6.12892e-37
5.16555e-37
1.45993e-40
1.478e-40
2.48274e-44
3.06144e-44
3.04334e-48
4.65142e-48
2.66327e-52
5.2177e-52
1.60002e-56
4.25072e-56
5.97771e-61
2.41978e-60
1.06416e-65
8.66477e-65
1.49527e-69
-5.42315e-10
5.76565e-11
-3.51059e-12
7.49575e-13
-5.95623e-15
1.92952e-15
-3.01829e-19
2.30085e-17
-6.03507e-22
9.08293e-20
-8.62898e-25
3.31717e-22
-6.69429e-28
7.52855e-25
-1.94656e-31
1.12257e-27
1.40722e-31
1.13659e-30
2.68082e-34
8.56147e-34
2.0215e-37
4.81874e-37
8.95128e-41
1.9554e-40
2.56847e-44
5.73514e-44
4.98851e-48
1.22137e-47
6.69291e-52
1.89615e-51
6.21609e-56
2.1528e-55
3.87353e-60
1.76133e-59
1.48649e-64
1.00189e-63
2.66686e-69
3.59244e-68
6.15881e-73
-3.56026e-14
-1.36317e-15
-1.2136e-19
-1.84541e-22
-2.44849e-25
-1.54815e-28
4.031e-30
9.17574e-32
1.12043e-34
7.66101e-38
3.49422e-41
1.11731e-44
2.59138e-48
4.39893e-52
5.38315e-56
4.67729e-60
2.73981e-64
1.00171e-68
1.75175e-73
)
;

boundaryField
{
    leftWall
    {
        type            calculated;
        value           uniform 0;
    }
    rightWall
    {
        type            calculated;
        value           uniform 0;
    }
    lowerWall
    {
        type            calculated;
        value           uniform 0;
    }
    atmosphere
    {
        type            calculated;
        value           nonuniform List<scalar> 
60
(
0
0
0
0
0
0
0
0
0
0
0
0
0
0
0
0
0
0
0
0
2.50353e-08
7.41465e-08
4.71152e-09
0
5.62559e-10
0
4.92354e-10
1.13143e-10
0
0
3.78874e-11
0
0
0
0
0
8.64426e-08
0
0
0
0
0
0
0
5.69366e-24
1.15084e-25
3.20569e-28
4.78246e-31
4.78321e-34
3.36267e-37
1.7121e-40
6.23302e-44
1.64558e-47
3.18912e-51
4.56915e-55
4.84465e-59
3.74549e-63
2.02991e-67
7.01951e-72
1.1737e-76
)
;
    }
    defaultFaces
    {
        type            empty;
        value           nonuniform 0();
    }
}


// ************************************************************************* //
