/*--------------------------------*- C++ -*----------------------------------*\
| =========                 |                                                 |
| \\      /  F ield         | OpenFOAM: The Open Source CFD Toolbox           |
|  \\    /   O peration     | Version:  2.4.0                                 |
|   \\  /    A nd           | Web:      www.OpenFOAM.org                      |
|    \\/     M anipulation  |                                                 |
\*---------------------------------------------------------------------------*/
FoamFile
{
    version     2.0;
    format      ascii;
    class       surfaceScalarField;
    location    "0.044";
    object      phi;
}
// * * * * * * * * * * * * * * * * * * * * * * * * * * * * * * * * * * * * * //

dimensions      [0 3 -1 0 0 0 0];

internalField   nonuniform List<scalar> 
7080
(
-5.89896e-09
5.89896e-09
-1.22604e-08
6.3614e-09
-1.88185e-08
6.55811e-09
-2.52027e-08
6.38424e-09
-3.00439e-08
4.84118e-09
-3.25539e-08
2.51004e-09
-3.12555e-08
-1.29839e-09
-2.45224e-08
-6.73312e-09
-1.04803e-08
-1.40421e-08
1.2131e-08
-2.26114e-08
4.22778e-08
-3.01468e-08
7.91285e-08
-3.68507e-08
1.20855e-07
-4.17267e-08
1.6435e-07
-4.34951e-08
2.10276e-07
-4.59259e-08
2.53712e-07
-4.34359e-08
2.80312e-07
-2.65996e-08
1.31365e-07
1.48946e-07
-2.66748e-07
3.98114e-07
-6.53683e-07
3.86935e-07
-4.2097e-07
-2.32713e-07
3.76911e-07
-7.97882e-07
7.40107e-07
-3.63196e-07
6.58643e-07
8.14637e-08
4.48094e-07
2.10549e-07
3.12902e-07
1.35192e-07
2.77327e-07
3.55758e-08
2.25471e-07
5.18552e-08
1.06579e-07
1.18893e-07
1.08724e-07
-2.14537e-09
-7.34172e-09
1.32407e-08
-1.54521e-08
1.44718e-08
-2.42809e-08
1.53869e-08
-3.35551e-08
1.56585e-08
-4.18227e-08
1.31088e-08
-4.83916e-08
9.07897e-09
-5.17985e-08
2.10856e-09
-5.04248e-08
-8.10695e-09
-4.22845e-08
-2.21823e-08
-2.5378e-08
-3.95179e-08
2.37547e-10
-5.57622e-08
3.13023e-08
-6.79155e-08
6.63424e-08
-7.67668e-08
1.01018e-07
-7.81705e-08
1.33368e-07
-7.82766e-08
1.52604e-07
-6.26712e-08
1.45149e-07
-1.91447e-08
4.05945e-08
2.53501e-07
-1.92679e-07
6.31387e-07
-3.97245e-07
5.91501e-07
-2.43986e-07
-3.85971e-07
4.48498e-08
-1.08672e-06
3.34555e-07
-6.52901e-07
3.79716e-07
3.63028e-08
3.28979e-07
2.61286e-07
2.88832e-07
1.75339e-07
2.86103e-07
3.83052e-08
2.43785e-07
9.41731e-08
1.56021e-07
2.06656e-07
2.65689e-07
-9.43564e-10
-7.4939e-09
2.07346e-08
-1.58129e-08
2.27908e-08
-2.49535e-08
2.45275e-08
-3.46927e-08
2.53977e-08
-4.36043e-08
2.20203e-08
-5.10673e-08
1.6542e-08
-5.56858e-08
6.72707e-09
-5.59064e-08
-7.88637e-09
-4.97226e-08
-2.8366e-08
-3.50752e-08
-5.41654e-08
-1.23334e-08
-7.8504e-08
1.66037e-08
-9.68526e-08
4.77336e-08
-1.07897e-07
7.69847e-08
-1.07422e-07
9.96563e-08
-1.00948e-07
1.03676e-07
-6.66911e-08
8.16257e-08
2.90591e-09
3.08835e-08
3.04243e-07
-6.10122e-08
7.23283e-07
-1.52535e-07
6.83023e-07
-4.49891e-08
-4.93517e-07
-3.31502e-08
-1.09856e-06
1.06925e-07
-7.92976e-07
2.0407e-07
-6.0842e-08
1.69931e-07
2.95425e-07
1.29179e-07
2.1609e-07
1.2866e-07
3.88244e-08
9.66856e-08
1.26148e-07
5.82133e-08
2.45128e-07
3.24228e-07
-3.25623e-10
-7.49199e-09
2.82266e-08
-1.58256e-08
3.11244e-08
-2.50026e-08
3.37045e-08
-3.48203e-08
3.52153e-08
-4.38486e-08
3.10486e-08
-5.15026e-08
2.4196e-08
-5.64195e-08
1.1644e-08
-5.70782e-08
-7.22776e-09
-5.14355e-08
-3.40086e-08
-3.73281e-08
-6.82729e-08
-1.50725e-08
-1.0076e-07
1.33998e-08
-1.25325e-07
4.38816e-08
-1.38378e-07
7.22404e-08
-1.3578e-07
9.29683e-08
-1.21676e-07
9.75862e-08
-7.13089e-08
8.40798e-08
1.64123e-08
7.79655e-08
3.10357e-07
1.19946e-07
6.81303e-07
7.56793e-08
7.2729e-07
1.91306e-07
-6.09144e-07
2.00637e-07
-1.10789e-06
1.68845e-07
-7.61183e-07
1.5564e-07
-4.76375e-08
4.82725e-08
4.02793e-07
-2.67541e-08
2.91117e-07
-8.23252e-08
9.43955e-08
-7.62715e-08
1.20094e-07
-8.09379e-08
2.49795e-07
2.42155e-07
1.13474e-09
-7.46907e-09
3.56956e-08
-1.57946e-08
3.94499e-08
-2.49772e-08
4.28871e-08
-3.48337e-08
4.50718e-08
-4.39189e-08
4.01338e-08
-5.1683e-08
3.19602e-08
-5.67937e-08
1.67547e-08
-5.77651e-08
-6.25633e-09
-5.25064e-08
-3.92673e-08
-3.87047e-08
-8.20746e-08
-1.65764e-08
-1.22888e-07
1.20248e-08
-1.53926e-07
4.29456e-08
-1.69299e-07
7.19503e-08
-1.64785e-07
9.44923e-08
-1.44218e-07
1.05928e-07
-8.27445e-08
1.08642e-07
1.36985e-08
1.43048e-07
2.75951e-07
2.93103e-07
5.31247e-07
3.96575e-07
6.23818e-07
3.74034e-07
-5.86602e-07
3.8991e-07
-1.12376e-06
3.05254e-07
-6.76528e-07
2.73642e-07
-1.60255e-08
1.48672e-07
5.27763e-07
4.82498e-09
4.34964e-07
-1.36727e-07
2.35948e-07
-1.54779e-07
1.38146e-07
-9.96126e-08
1.94629e-07
1.39032e-07
3.5109e-09
-7.43818e-09
4.31338e-08
-1.57506e-08
4.77624e-08
-2.49356e-08
5.20721e-08
-3.48337e-08
5.49699e-08
-4.39784e-08
4.92786e-08
-5.18622e-08
3.98439e-08
-5.71896e-08
2.20821e-08
-5.85193e-08
-4.92663e-09
-5.37056e-08
-4.40809e-08
-4.02358e-08
-9.55445e-08
-1.81939e-08
-1.4493e-07
1.07481e-08
-1.82868e-07
4.22896e-08
-2.00841e-07
7.30682e-08
-1.95563e-07
9.96222e-08
-1.70772e-07
1.23112e-07
-1.06234e-07
1.47431e-07
-1.06203e-08
2.1849e-07
2.04893e-07
4.03149e-07
3.46587e-07
5.46143e-07
4.80824e-07
5.45218e-07
-5.85676e-07
5.73377e-07
-1.15192e-06
4.32876e-07
-5.36027e-07
2.74066e-07
1.42785e-07
2.67602e-07
5.34227e-07
2.59549e-07
4.43017e-07
1.29376e-07
3.6612e-07
3.71664e-08
2.30356e-07
5.12127e-08
1.80582e-07
1.98495e-07
-8.25032e-09
-7.40036e-09
5.05341e-08
-1.56962e-08
5.60582e-08
-2.48824e-08
6.12583e-08
-3.48294e-08
6.49169e-08
-4.40424e-08
5.84916e-08
-5.20646e-08
4.78661e-08
-5.76457e-08
2.76632e-08
-5.94026e-08
-3.16974e-09
-5.51269e-08
-4.83565e-08
-4.20561e-08
-1.08615e-07
-2.0114e-08
-1.66872e-07
9.20455e-09
-2.12187e-07
4.15488e-08
-2.33185e-07
7.38917e-08
-2.27906e-07
1.03711e-07
-2.00592e-07
1.35607e-07
-1.3813e-07
1.7037e-07
-4.53836e-08
2.78577e-07
9.66858e-08
4.39305e-07
1.85859e-07
5.05328e-07
4.14801e-07
5.66671e-07
-6.4702e-07
4.53455e-07
-1.03871e-06
3.83281e-07
-4.65853e-07
2.98822e-07
2.27244e-07
3.37049e-07
4.96e-07
3.56946e-07
4.2312e-07
2.3536e-07
4.87706e-07
8.29469e-08
3.82769e-07
3.61123e-08
2.27417e-07
2.06883e-07
2.77242e-08
-7.35567e-09
5.78898e-08
-1.56315e-08
6.43341e-08
-2.48177e-08
7.04444e-08
-3.4821e-08
7.49202e-08
-4.41111e-08
6.77817e-08
-5.22902e-08
5.60452e-08
-5.81623e-08
3.35353e-08
-6.04191e-08
-9.12901e-10
-5.67828e-08
-5.19927e-08
-4.41892e-08
-1.21209e-07
-2.23738e-08
-1.88687e-07
7.39915e-09
-2.4196e-07
4.06548e-08
-2.66441e-07
7.48563e-08
-2.62108e-07
1.08831e-07
-2.34566e-07
1.49761e-07
-1.7906e-07
1.90893e-07
-8.65159e-08
3.24074e-07
-3.64949e-08
4.98065e-07
1.18678e-08
4.7613e-07
4.36736e-07
5.76918e-07
-7.47808e-07
5.03482e-07
-9.65271e-07
4.61412e-07
-4.23783e-07
5.0897e-07
1.79687e-07
5.80152e-07
4.24818e-07
5.01393e-07
5.01878e-07
4.02874e-07
5.86226e-07
2.9666e-07
4.88982e-07
1.23221e-07
4.00856e-07
3.57159e-07
-2.70555e-08
-7.3041e-09
6.51939e-08
-1.55564e-08
7.25864e-08
-2.4741e-08
7.96291e-08
-3.48081e-08
8.49872e-08
-4.41835e-08
7.71572e-08
-5.2537e-08
6.43987e-08
-5.87356e-08
3.97339e-08
-6.15676e-08
1.91906e-09
-5.86768e-08
-5.48835e-08
-4.66479e-08
-1.33238e-07
-2.50006e-08
-2.10334e-07
5.27577e-09
-2.72236e-07
3.94012e-08
-3.00566e-07
7.52346e-08
-2.97941e-07
1.11846e-07
-2.71178e-07
1.56504e-07
-2.23718e-07
2.0782e-07
-1.37832e-07
3.32795e-07
-1.6147e-07
5.48138e-07
-2.03476e-07
6.34761e-07
3.50113e-07
6.69286e-07
-7.82334e-07
5.65509e-07
-8.61493e-07
4.14916e-07
-2.7319e-07
4.93554e-07
1.01048e-07
7.46039e-07
1.72334e-07
5.56357e-07
6.9156e-07
3.89639e-07
7.52944e-07
2.91607e-07
5.87013e-07
1.14583e-07
5.77881e-07
4.65546e-07
6.19662e-09
-7.24561e-09
7.24395e-08
-1.54708e-08
8.08116e-08
-2.4652e-08
8.88103e-08
-3.47903e-08
9.51255e-08
-4.42585e-08
8.66254e-08
-5.28019e-08
7.29422e-08
-5.93599e-08
4.62919e-08
-6.28438e-08
5.40301e-09
-6.08127e-08
-5.69146e-08
-4.94433e-08
-1.44607e-07
-2.80167e-08
-2.31761e-07
2.69397e-09
-3.02946e-07
3.81059e-08
-3.35978e-07
7.52525e-08
-3.35088e-07
1.14665e-07
-3.1059e-07
1.60194e-07
-2.69247e-07
2.27057e-07
-2.04695e-07
3.14127e-07
-2.4854e-07
4.79119e-07
-3.68467e-07
7.81051e-07
4.81812e-08
7.54575e-07
-7.55858e-07
5.73191e-07
-6.8011e-07
5.26142e-07
-2.2614e-07
7.4658e-07
-1.1939e-07
1.00526e-06
-8.63442e-08
5.38293e-07
1.15853e-06
5.94863e-07
6.96374e-07
2.82899e-07
8.98978e-07
1.54076e-07
7.06703e-07
6.13795e-07
5.82723e-09
-7.18017e-09
7.96197e-08
-1.53746e-08
8.90061e-08
-2.45503e-08
9.7986e-08
-3.4767e-08
1.05342e-07
-4.43346e-08
9.61931e-08
-5.30819e-08
8.16895e-08
-6.00296e-08
5.32396e-08
-6.42436e-08
9.61706e-09
-6.31944e-08
-5.79638e-08
-5.25894e-08
-1.55212e-07
-3.14517e-08
-2.52899e-07
-4.35666e-10
-3.33963e-07
3.60949e-08
-3.72509e-07
7.46416e-08
-3.73634e-07
1.15677e-07
-3.51626e-07
1.59311e-07
-3.12881e-07
2.41798e-07
-2.87182e-07
2.78108e-07
-2.84849e-07
3.98301e-07
-4.88661e-07
7.6688e-07
-3.20398e-07
8.09494e-07
-7.98471e-07
7.23845e-07
-5.94461e-07
7.11917e-07
-2.14212e-07
8.54276e-07
-2.61749e-07
7.61615e-07
6.31742e-09
1.01628e-06
9.03864e-07
6.71724e-07
1.04093e-06
5.57735e-07
1.01297e-06
3.59944e-07
9.04496e-07
1.00737e-06
-3.363e-08
-7.10775e-09
8.67274e-08
-1.52677e-08
9.7166e-08
-2.44359e-08
1.07154e-07
-3.47377e-08
1.15644e-07
-4.44106e-08
1.05866e-07
-5.33733e-08
9.06522e-08
-6.07378e-08
6.06041e-08
-6.57614e-08
1.46406e-08
-6.58241e-08
-5.79011e-08
-5.61006e-08
-1.64936e-07
-3.53219e-08
-2.73677e-07
-3.90584e-09
-3.65379e-07
3.39877e-08
-4.10402e-07
7.35581e-08
-4.13205e-07
1.15295e-07
-3.93363e-07
1.57535e-07
-3.55121e-07
2.38546e-07
-3.68193e-07
2.89824e-07
-3.36127e-07
3.41562e-07
-5.40399e-07
6.92449e-07
-6.71284e-07
6.68809e-07
-7.74832e-07
7.84999e-07
-7.10651e-07
1.06067e-06
-4.89882e-07
9.06553e-07
-1.07633e-07
6.19598e-07
2.93274e-07
8.70429e-07
6.53036e-07
8.89936e-07
1.02142e-06
8.0409e-07
1.09882e-06
4.19423e-07
1.28916e-06
1.41444e-06
1.23514e-08
-7.0283e-09
9.37557e-08
-1.51499e-08
1.05288e-07
-2.43109e-08
1.16315e-07
-3.47017e-08
1.26035e-07
-4.44847e-08
1.15649e-07
-5.36723e-08
9.98398e-08
-6.14765e-08
6.84084e-08
-6.73925e-08
2.05566e-08
-6.87046e-08
-5.6589e-08
-5.99931e-08
-1.73647e-07
-3.96503e-08
-2.9402e-07
-7.70145e-09
-3.97327e-07
3.14256e-08
-4.49529e-07
7.20297e-08
-4.53809e-07
1.13778e-07
-4.35111e-07
1.55207e-07
-3.9655e-07
2.2578e-07
-4.38766e-07
3.0933e-07
-4.19677e-07
3.17643e-07
-5.48712e-07
5.69568e-07
-9.23209e-07
6.05807e-07
-8.11071e-07
8.69306e-07
-9.7415e-07
2.80848e-06
-2.42905e-06
2.33075e-06
3.70093e-07
2.01698e-06
6.07045e-07
1.66553e-06
1.00449e-06
1.17208e-06
1.51486e-06
6.58224e-07
1.61268e-06
2.54476e-07
1.69291e-06
1.65209e-06
1.68305e-08
-6.94178e-09
1.00697e-07
-1.50211e-08
1.13367e-07
-2.41752e-08
1.25469e-07
-3.46586e-08
1.36518e-07
-4.45556e-08
1.25546e-07
-5.39746e-08
1.09259e-07
-6.22355e-08
7.66692e-08
-6.91242e-08
2.74454e-08
-7.18426e-08
-5.38706e-08
-6.42841e-08
-1.81206e-07
-4.44688e-08
-3.13835e-07
-1.19276e-08
-4.29869e-07
2.84039e-08
-4.89861e-07
7.01209e-08
-4.95526e-07
1.10769e-07
-4.7576e-07
1.49807e-07
-4.35587e-07
2.11115e-07
-5.00075e-07
2.95083e-07
-5.03645e-07
3.50389e-07
-6.04018e-07
5.36189e-07
-1.10901e-06
6.88075e-07
-9.62957e-07
4.09255e-07
-6.95331e-07
8.1393e-09
-2.02793e-06
8.33842e-07
-4.55608e-07
8.25863e-07
6.15025e-07
8.20859e-07
1.0095e-06
6.73374e-07
1.66235e-06
4.07861e-07
1.87819e-06
1.86178e-07
1.9146e-06
1.81933e-06
1.89348e-08
-6.84815e-09
1.07546e-07
-1.4881e-08
1.214e-07
-2.40287e-08
1.34617e-07
-3.46075e-08
1.47097e-07
-4.46215e-08
1.3556e-07
-5.42758e-08
1.18913e-07
-6.30037e-08
8.53971e-08
-7.09502e-08
3.53919e-08
-7.52374e-08
-4.95833e-08
-6.89924e-08
-1.87451e-07
-4.98067e-08
-3.33021e-07
-1.66172e-08
-4.63058e-07
2.51783e-08
-5.31656e-07
6.80336e-08
-5.38381e-07
1.0737e-07
-5.15096e-07
1.43766e-07
-4.71983e-07
1.9276e-07
-5.49069e-07
2.86124e-07
-5.97009e-07
4.00024e-07
-7.17918e-07
4.22074e-07
-1.13106e-06
5.10475e-07
-1.05136e-06
2.25044e-06
-2.43529e-06
4.50655e-07
-2.28151e-07
-1.64302e-07
1.59354e-07
-1.89706e-08
4.6969e-07
1.04544e-07
8.85982e-07
1.86441e-07
1.58045e-06
1.51742e-07
1.91289e-06
9.32899e-08
1.97305e-06
1.88838e-06
2.42427e-08
-6.74735e-09
1.14293e-07
-1.47293e-08
1.29382e-07
-2.38707e-08
1.43758e-07
-3.45478e-08
1.57774e-07
-4.46808e-08
1.45693e-07
-5.45711e-08
1.28803e-07
-6.37671e-08
9.4593e-08
-7.28509e-08
4.44758e-08
-7.88954e-08
-4.35389e-08
-7.41402e-08
-1.92206e-07
-5.5706e-08
-3.51455e-07
-2.18133e-08
-4.96951e-07
2.15642e-08
-5.75034e-07
6.56933e-08
-5.8251e-07
1.02827e-07
-5.5223e-07
1.33782e-07
-5.02938e-07
1.77567e-07
-5.92854e-07
2.41265e-07
-6.60707e-07
4.49928e-07
-9.26581e-07
3.66894e-07
-1.04802e-06
-6.38288e-07
-4.61761e-08
-1.00837e-06
-2.06521e-06
-7.27146e-07
-5.09375e-07
-5.6764e-07
-1.54005e-10
-4.27973e-07
3.30021e-07
-3.57974e-07
8.15985e-07
-2.49748e-07
1.47223e-06
-1.62739e-07
1.82588e-06
-6.3449e-08
1.87376e-06
1.79306e-06
3.18732e-08
-6.63932e-09
1.20932e-07
-1.45659e-08
1.37308e-07
-2.37007e-08
1.52893e-07
-3.44789e-08
1.68552e-07
-4.47319e-08
1.55946e-07
-5.48557e-08
1.38927e-07
-6.45095e-08
1.04247e-07
-7.48062e-08
5.47725e-08
-8.28161e-08
-3.55289e-08
-7.97502e-08
-1.95272e-07
-6.22006e-08
-3.69005e-07
-2.75261e-08
-5.31625e-07
1.80043e-08
-6.20564e-07
6.3867e-08
-6.28373e-07
9.91446e-08
-5.87507e-07
1.2391e-07
-5.27703e-07
1.6285e-07
-6.31794e-07
2.23881e-07
-7.21739e-07
4.36775e-07
-1.13947e-06
1.86084e-07
-7.97333e-07
1.48505e-07
-8.59681e-09
-7.18956e-07
-1.19775e-06
-8.03117e-07
-4.25217e-07
-7.55087e-07
-4.81816e-08
-7.08005e-07
2.82941e-07
-6.47081e-07
7.55062e-07
-5.13741e-07
1.33889e-06
-3.07267e-07
1.61941e-06
-1.0654e-07
1.67304e-06
1.65788e-06
2.86427e-08
-6.52403e-09
1.27456e-07
-1.43903e-08
1.45175e-07
-2.35184e-08
1.62021e-07
-3.43998e-08
1.79434e-07
-4.47731e-08
1.66319e-07
-5.51247e-08
1.49279e-07
-6.5211e-08
1.14333e-07
-7.67694e-08
6.63309e-08
-8.70033e-08
-2.52951e-08
-8.58542e-08
-1.96421e-07
-6.9386e-08
-3.85473e-07
-3.40094e-08
-5.67001e-07
1.33793e-08
-6.67953e-07
6.10827e-08
-6.76076e-07
9.38599e-08
-6.20285e-07
1.08903e-07
-5.42747e-07
1.41194e-07
-6.64085e-07
2.27348e-07
-8.07892e-07
3.51336e-07
-1.26346e-06
3.39132e-07
-7.85129e-07
1.01248e-07
2.29287e-07
-4.75345e-07
-6.21157e-07
-7.37047e-07
-1.63511e-07
-7.94803e-07
9.57516e-09
-7.99938e-07
2.88075e-07
-7.35306e-07
6.90431e-07
-5.62666e-07
1.16625e-06
-3.34017e-07
1.39076e-06
-1.33983e-07
1.473e-06
1.47221e-06
5.16875e-08
-6.40141e-09
1.33858e-07
-1.42018e-08
1.52975e-07
-2.33231e-08
1.71143e-07
-3.43098e-08
1.9042e-07
-4.4803e-08
1.76813e-07
-5.53737e-08
1.59849e-07
-6.58475e-08
1.24807e-07
-7.8714e-08
7.91975e-08
-9.1454e-08
-1.25551e-08
-9.24485e-08
-1.95426e-07
-7.71384e-08
-4.00784e-07
-4.05816e-08
-6.03558e-07
9.81642e-09
-7.18351e-07
6.03904e-08
-7.2665e-07
9.2491e-08
-6.52385e-07
1.03274e-07
-5.5353e-07
1.27104e-07
-6.87915e-07
2.55538e-07
-9.36327e-07
2.34327e-07
-1.24225e-06
-9.00747e-08
-4.60728e-07
-1.60999e-07
3.00212e-07
-4.57717e-07
-3.2444e-07
-6.35326e-07
1.41012e-08
-7.46465e-07
1.20715e-07
-7.80063e-07
3.21673e-07
-7.15852e-07
6.2622e-07
-4.95832e-07
9.46233e-07
-3.24653e-07
1.21958e-06
-1.67232e-07
1.31558e-06
1.29852e-06
6.45509e-09
-6.27143e-09
1.40129e-07
-1.39997e-08
1.60703e-07
-2.31144e-08
1.80257e-07
-3.42082e-08
2.01514e-07
-4.48209e-08
1.87425e-07
-5.55985e-08
1.70627e-07
-6.63959e-08
1.35604e-07
-8.07092e-08
9.35108e-08
-9.6184e-08
2.91962e-09
-9.96788e-08
-1.91932e-07
-8.61494e-08
-4.14313e-07
-4.97757e-08
-6.39932e-07
7.74723e-10
-7.68902e-07
5.32776e-08
-7.79153e-07
8.96781e-08
-6.88786e-07
9.82413e-08
-5.62093e-07
8.22851e-08
-6.71958e-07
2.90445e-07
-1.14449e-06
1.6207e-07
-1.11387e-06
3.30647e-07
-6.29306e-07
-1.07138e-07
7.38001e-07
-4.53869e-07
2.22886e-08
-5.64781e-07
1.25011e-07
-6.64999e-07
2.20933e-07
-7.14015e-07
3.70694e-07
-6.73579e-07
5.85786e-07
-5.37831e-07
8.10487e-07
-3.85772e-07
1.06753e-06
-2.19122e-07
1.14893e-06
1.11044e-06
-3.10348e-08
-6.13405e-09
1.46263e-07
-1.37831e-08
1.68352e-07
-2.28919e-08
1.89366e-07
-3.4094e-08
2.12716e-07
-4.48293e-08
1.98161e-07
-5.57954e-08
1.81593e-07
-6.68628e-08
1.46672e-07
-8.27713e-08
1.09419e-07
-1.01149e-07
2.12969e-08
-1.07245e-07
-1.85835e-07
-9.50092e-08
-4.26549e-07
-5.78531e-08
-6.77088e-07
-7.07297e-09
-8.19682e-07
4.15059e-08
-8.27732e-07
8.78621e-08
-7.35142e-07
1.26127e-07
-6.00358e-07
9.82448e-08
-6.44076e-07
3.23195e-07
-1.36944e-06
1.96093e-07
-9.86772e-07
3.4072e-07
-7.73933e-07
1.85621e-07
8.93103e-07
-3.64746e-07
5.72653e-07
-4.85111e-07
2.45376e-07
-5.68748e-07
3.04568e-07
-6.20125e-07
4.22076e-07
-6.17735e-07
5.83396e-07
-5.53299e-07
7.46051e-07
-4.01457e-07
9.15687e-07
-2.23147e-07
9.70626e-07
9.26526e-07
-3.9232e-08
-5.98924e-09
1.52252e-07
-1.35512e-08
1.75914e-07
-2.26552e-08
1.9847e-07
-3.39663e-08
2.24027e-07
-4.48303e-08
2.09025e-07
-5.59607e-08
1.92724e-07
-6.72392e-08
1.5795e-07
-8.48871e-08
1.27067e-07
-1.06464e-07
4.2874e-08
-1.16088e-07
-1.76212e-07
-1.07999e-07
-4.34638e-07
-7.7796e-08
-7.07291e-07
-3.98829e-08
-8.57595e-07
-4.44654e-09
-8.63168e-07
6.67422e-08
-8.06331e-07
1.69311e-07
-7.02927e-07
2.01064e-07
-6.7583e-07
2.85688e-07
-1.45406e-06
-1.51333e-07
-5.49751e-07
-7.85733e-07
-1.39532e-07
-4.22139e-07
5.29508e-07
-4.0966e-07
5.60175e-07
-4.41573e-07
2.77289e-07
-4.77382e-07
3.40375e-07
-5.1097e-07
4.55666e-07
-5.12412e-07
5.84835e-07
-4.62114e-07
6.95752e-07
-3.3921e-07
7.92782e-07
-1.89289e-07
8.20704e-07
7.80435e-07
-4.31945e-08
-5.837e-09
1.58089e-07
-1.33026e-08
1.8338e-07
-2.24038e-08
2.07571e-07
-3.3824e-08
2.35448e-07
-4.48263e-08
2.20027e-07
-5.60917e-08
2.03989e-07
-6.75086e-08
1.69367e-07
-8.70188e-08
1.46578e-07
-1.11827e-07
6.76818e-08
-1.24212e-07
-1.63826e-07
-1.18116e-07
-4.40735e-07
-9.33956e-08
-7.32011e-07
-5.94125e-08
-8.91578e-07
9.03266e-09
-9.31614e-07
1.59796e-07
-9.57094e-07
2.17151e-07
-7.60282e-07
2.96643e-07
-7.55322e-07
2.24564e-07
-1.38198e-06
2.91813e-07
-6.17001e-07
-3.85397e-07
5.37676e-07
-4.58039e-07
6.02148e-07
-3.41538e-07
4.43674e-07
-3.70942e-07
3.06694e-07
-3.83029e-07
3.5246e-07
-4.03458e-07
4.76097e-07
-3.97959e-07
5.79336e-07
-3.55799e-07
6.53596e-07
-2.65643e-07
7.02629e-07
-1.50663e-07
7.05724e-07
6.65726e-07
-3.59509e-08
-5.67727e-09
1.63767e-07
-1.30363e-08
1.90739e-07
-2.21375e-08
2.16673e-07
-3.36655e-08
2.46975e-07
-4.48186e-08
2.3118e-07
-5.61816e-08
2.15352e-07
-6.76353e-08
1.80821e-07
-8.91523e-08
1.68095e-07
-1.17967e-07
9.64961e-08
-1.36847e-07
-1.44945e-07
-1.43584e-07
-4.33997e-07
-1.40466e-07
-7.35129e-07
-1.24527e-07
-9.07516e-07
-5.8142e-08
-9.97999e-07
-5.95731e-09
-1.00928e-06
6.87104e-08
-8.3495e-07
2.68456e-07
-9.55068e-07
-1.88387e-07
-9.25139e-07
1.69598e-07
-9.74986e-07
2.65767e-07
4.41507e-07
1.22926e-07
7.44987e-07
-1.01748e-07
6.68345e-07
-2.47454e-07
4.52401e-07
-2.84229e-07
3.89234e-07
-3.06813e-07
4.98682e-07
-3.00229e-07
5.72753e-07
-2.64382e-07
6.17752e-07
-1.97429e-07
6.35679e-07
-1.13614e-07
6.2191e-07
5.81514e-07
-2.94019e-08
-5.51007e-09
1.69277e-07
-1.2751e-08
1.9798e-07
-2.18563e-08
2.25778e-07
-3.34896e-08
2.58609e-07
-4.48125e-08
2.42503e-07
-5.62363e-08
2.26776e-07
-6.76254e-08
1.9221e-07
-9.12001e-08
1.91669e-07
-1.23083e-07
1.28379e-07
-1.42069e-07
-1.25959e-07
-1.41238e-07
-4.34829e-07
-1.04934e-07
-7.71433e-07
-2.84514e-08
-9.84e-07
7.80344e-08
-1.10448e-06
1.48664e-07
-1.07991e-06
2.0512e-07
-8.91406e-07
3.38702e-07
-1.08865e-06
-7.55351e-08
-5.10902e-07
3.83415e-07
-1.43394e-06
5.42009e-07
2.82913e-07
3.24004e-07
9.6299e-07
1.7855e-07
8.13796e-07
-4.44827e-08
6.75433e-07
-1.64063e-07
5.08811e-07
-2.1859e-07
5.53207e-07
-2.21725e-07
5.75886e-07
-1.94856e-07
5.90883e-07
-1.45837e-07
5.86661e-07
-8.5789e-08
5.61863e-07
5.21004e-07
-2.52789e-08
-5.33536e-09
1.74612e-07
-1.2445e-08
2.05089e-07
-2.15581e-08
2.34891e-07
-3.32888e-08
2.70339e-07
-4.4798e-08
2.54012e-07
-5.62182e-08
2.38196e-07
-6.73787e-08
2.0337e-07
-9.32819e-08
2.17572e-07
-1.31255e-07
1.66352e-07
-1.67069e-07
-9.01445e-08
-2.0215e-07
-3.99748e-07
-2.11634e-07
-7.61948e-07
-1.79882e-07
-1.01575e-06
-1.46863e-07
-1.1375e-06
-2.98966e-08
-1.19687e-06
8.56572e-08
-1.00696e-06
1.98416e-07
-1.20141e-06
6.34479e-07
-9.46965e-07
1.09027e-06
-1.88973e-06
4.72252e-07
9.00932e-07
4.31577e-07
1.00366e-06
3.60652e-07
8.84716e-07
3.07028e-08
1.00538e-06
-1.02576e-07
6.42089e-07
-1.60356e-07
6.10983e-07
-1.66409e-07
5.81938e-07
-1.46226e-07
5.70701e-07
-1.09887e-07
5.50323e-07
-6.63451e-08
5.18322e-07
4.77326e-07
-2.26668e-08
-5.15634e-09
1.79768e-07
-1.21195e-08
2.12053e-07
-2.12478e-08
2.44019e-07
-3.30757e-08
2.82167e-07
-4.48144e-08
2.65751e-07
-5.62011e-08
2.49583e-07
-6.7008e-08
2.14177e-07
-9.50564e-08
2.45621e-07
-1.34519e-07
2.05814e-07
-1.57993e-07
-6.66701e-08
-1.46488e-07
-4.11253e-07
-8.77675e-08
-8.20669e-07
-2.98568e-08
-1.07366e-06
7.76881e-09
-1.17513e-06
8.42853e-08
-1.27339e-06
1.45318e-07
-1.06799e-06
-2.06414e-07
-8.49676e-07
-1.25131e-06
9.79313e-08
-1.03967e-06
-2.10137e-06
-4.40463e-07
3.01725e-07
2.98463e-07
2.64739e-07
3.97433e-08
1.14343e-06
-3.86499e-08
1.08378e-06
-1.1064e-07
7.14078e-07
-1.35452e-07
6.35791e-07
-1.33883e-07
5.80371e-07
-1.15031e-07
5.51848e-07
-8.60875e-08
5.2138e-07
-5.31379e-08
4.85372e-07
4.4482e-07
-2.06322e-08
-5.00826e-09
1.84777e-07
-1.17633e-08
2.18808e-07
-2.09046e-08
2.53161e-07
-3.28063e-08
2.94069e-07
-4.47607e-08
2.77705e-07
-5.60025e-08
2.60824e-07
-6.62338e-08
2.24409e-07
-9.6268e-08
2.75655e-07
-1.41374e-07
2.5092e-07
-1.85183e-07
-2.28612e-08
-2.21598e-07
-3.74837e-07
-2.22738e-07
-8.1953e-07
-1.58901e-07
-1.1375e-06
-6.00859e-08
-1.27395e-06
1.35605e-07
-1.46908e-06
2.41032e-07
-1.17342e-06
2.66902e-07
-8.75545e-07
9.66652e-07
-6.01819e-07
3.72863e-08
-1.17201e-06
-7.8092e-08
4.171e-07
-3.4076e-07
5.27406e-07
-2.66835e-07
1.0695e-06
-8.01214e-08
8.97062e-07
-1.32036e-07
7.6599e-07
-1.26227e-07
6.2998e-07
-1.15808e-07
5.69952e-07
-9.56198e-08
5.31658e-07
-7.06251e-08
4.96383e-07
-4.42229e-08
4.5897e-07
4.19456e-07
-1.88612e-08
-5.44974e-09
1.90226e-07
-1.14199e-08
2.24778e-07
-2.0634e-08
2.62375e-07
-3.27466e-08
3.06182e-07
-4.50478e-08
2.90007e-07
-5.59466e-08
2.71723e-07
-6.52481e-08
2.3371e-07
-1.0069e-07
3.11097e-07
-1.58111e-07
3.08341e-07
-2.09499e-07
2.85262e-08
-2.48677e-07
-3.35659e-07
-2.71165e-07
-7.97042e-07
-2.70577e-07
-1.13809e-06
-2.40355e-07
-1.30417e-06
-6.31498e-08
-1.64629e-06
-9.40995e-08
-1.14247e-06
2.99451e-07
-1.2691e-06
6.54944e-08
-3.67862e-07
-3.31471e-07
-7.75043e-07
5.15153e-08
3.41119e-08
-7.08686e-07
1.28761e-06
-4.15104e-07
7.75917e-07
-1.60485e-07
6.42441e-07
-1.45431e-07
7.50933e-07
-1.1999e-07
6.04536e-07
-1.02011e-07
5.51974e-07
-8.12408e-08
5.10885e-07
-5.92889e-08
4.74429e-07
-3.7579e-08
4.37259e-07
3.99115e-07
-1.72403e-08
-8.72484e-09
1.98951e-07
-9.38249e-09
2.25435e-07
-1.67863e-08
2.69778e-07
-2.7601e-08
3.16996e-07
-4.13933e-08
3.03799e-07
-5.57565e-08
2.86086e-07
-6.65289e-08
2.44483e-07
-9.39645e-08
3.38533e-07
-1.37046e-07
3.51423e-07
-1.91182e-07
8.26626e-08
-2.28061e-07
-2.98779e-07
-2.30282e-07
-7.94821e-07
-2.09776e-07
-1.15859e-06
-1.35753e-07
-1.37819e-06
-2.76296e-08
-1.75441e-06
1.07189e-07
-1.27729e-06
8.93812e-07
-2.05572e-06
1.67317e-06
-1.14722e-06
1.2349e-06
-3.36769e-07
2.98163e-07
9.70845e-07
-4.03601e-07
1.98937e-06
-3.13506e-07
6.85821e-07
-1.88714e-07
5.17644e-07
-1.22472e-07
6.84689e-07
-9.90743e-08
5.81136e-07
-8.14574e-08
5.34357e-07
-6.46867e-08
4.94113e-07
-4.75853e-08
4.57324e-07
-3.10115e-08
4.20683e-07
-1.56056e-08
3.83706e-07
-1.09902e-07
1.07757e-07
-2.27587e-07
1.17685e-07
-2.78807e-07
5.12207e-08
-3.13204e-07
3.43968e-08
-4.48198e-07
1.34994e-07
-6.59541e-07
2.11343e-07
-7.41398e-07
8.18569e-08
-3.78438e-07
-3.62961e-07
4.20139e-07
-7.98576e-07
6.53723e-07
-2.33584e-07
2.66398e-07
3.87325e-07
-1.31601e-07
3.98e-07
-2.803e-07
1.48699e-07
-2.53647e-07
-2.66528e-08
-2.10239e-07
-4.34083e-08
-1.64313e-07
-4.59262e-08
-1.20824e-07
-4.34885e-08
-7.91082e-08
-4.1716e-08
-4.22688e-08
-3.68394e-08
-1.2138e-08
-3.01307e-08
1.04529e-08
-2.2591e-08
2.44802e-08
-1.40272e-08
3.12036e-08
-6.72348e-09
3.2505e-08
-1.30142e-09
3.00166e-08
2.48848e-09
2.51863e-08
4.83029e-09
1.88259e-08
6.36043e-09
1.22587e-08
6.56716e-09
5.90316e-09
6.35556e-09
5.90316e-09
-1.58143e-07
2.64956e-07
-2.4599e-07
2.05532e-07
-2.87786e-07
9.30171e-08
-2.90207e-07
3.68175e-08
-3.30301e-07
1.75088e-07
-3.80881e-07
2.61923e-07
-3.35879e-07
3.68556e-08
-4.68886e-08
-6.51951e-07
2.42138e-07
-1.0876e-06
3.9647e-07
-3.87916e-07
1.91636e-07
5.92159e-07
-4.11908e-08
6.30826e-07
-1.4534e-07
2.52848e-07
-1.52644e-07
-1.93491e-08
-1.33357e-07
-6.26947e-08
-1.00983e-07
-7.83011e-08
-6.63053e-08
-7.81658e-08
-3.12715e-08
-7.67497e-08
-2.13684e-10
-6.78972e-08
2.53767e-08
-5.5721e-08
4.22581e-08
-3.94724e-08
5.03797e-08
-2.21488e-08
5.1742e-08
-8.08583e-09
4.83387e-08
2.10194e-09
4.17935e-08
9.0337e-09
3.35355e-08
1.30883e-08
2.42892e-08
1.56067e-08
1.54499e-08
1.54065e-08
7.34617e-09
1.44593e-08
1.32493e-08
-5.87115e-08
3.23342e-07
-9.71882e-08
2.44009e-07
-1.30202e-07
1.26031e-07
-1.30595e-07
3.72099e-08
-1.70686e-07
2.15179e-07
-2.04523e-07
2.9576e-07
-1.07429e-07
-6.02383e-08
3.28045e-08
-7.92184e-07
4.33909e-08
-1.09819e-06
1.51185e-07
-4.9571e-07
5.98817e-08
6.83462e-07
-3.15715e-08
7.22279e-07
-8.1945e-08
3.03222e-07
-1.03808e-07
2.51443e-09
-9.9679e-08
-6.68242e-08
-7.69624e-08
-1.01018e-07
-4.76979e-08
-1.0743e-07
-1.65716e-08
-1.07876e-07
1.2356e-08
-9.68249e-08
3.50762e-08
-7.84412e-08
4.96971e-08
-5.40934e-08
5.58611e-08
-2.83128e-08
5.56284e-08
-7.85312e-09
5.10135e-08
6.71678e-09
4.35748e-08
1.64724e-08
3.46728e-08
2.19905e-08
2.4962e-08
2.53174e-08
1.58105e-08
2.4558e-08
7.4983e-09
2.27715e-08
2.07476e-08
8.34813e-08
2.40995e-07
7.63808e-08
2.51109e-07
8.06272e-08
1.21785e-07
2.52524e-08
9.25848e-08
-4.85766e-08
2.89008e-07
-1.54978e-07
4.02162e-07
-1.67003e-07
-4.82142e-08
-1.99811e-07
-7.59376e-07
-1.91883e-07
-1.10612e-06
-7.7132e-08
-6.10461e-07
-1.2137e-07
7.277e-07
-7.86096e-08
6.79519e-07
-8.44497e-08
3.09062e-07
-9.77458e-08
1.58105e-08
-9.3005e-08
-7.1565e-08
-7.222e-08
-1.21803e-07
-4.38462e-08
-1.35804e-07
-1.33699e-08
-1.38352e-07
1.50961e-08
-1.25291e-07
3.73297e-08
-1.00675e-07
5.141e-08
-6.81738e-08
5.70325e-08
-3.39353e-08
5.63617e-08
-7.18232e-09
5.14484e-08
1.16301e-08
4.38191e-08
2.41016e-08
3.48005e-08
3.10092e-08
2.50117e-08
3.51061e-08
1.58232e-08
3.37466e-08
7.49639e-09
3.10983e-08
2.8244e-08
1.05206e-07
1.393e-07
1.55265e-07
2.0105e-07
1.36963e-07
1.40087e-07
-3.71621e-09
2.33264e-07
-1.47776e-07
4.33068e-07
-2.72961e-07
5.27347e-07
-3.03795e-07
-1.73806e-08
-3.88214e-07
-6.74957e-07
-3.74133e-07
-1.1202e-06
-3.9677e-07
-5.87823e-07
-2.94147e-07
6.25076e-07
-1.43496e-07
5.28869e-07
-1.08984e-07
2.7455e-07
-1.06066e-07
1.28919e-08
-9.45212e-08
-8.31097e-08
-7.19235e-08
-1.444e-07
-4.29062e-08
-1.64822e-07
-1.19834e-08
-1.69275e-07
1.66016e-08
-1.53876e-07
3.87067e-08
-1.2278e-07
5.24805e-08
-8.19476e-08
5.77186e-08
-3.91734e-08
5.67348e-08
-6.19853e-09
5.1628e-08
1.67369e-08
4.38895e-08
3.18402e-08
3.48141e-08
4.00846e-08
2.49872e-08
4.4933e-08
1.57921e-08
4.29417e-08
7.47347e-09
3.94169e-08
3.57175e-08
-6.30069e-08
1.94057e-07
-3.8982e-08
1.77025e-07
-1.26917e-07
2.28022e-07
-2.56394e-07
3.62741e-07
-2.66415e-07
4.43089e-07
-2.70555e-07
5.31487e-07
-4.2916e-07
1.41225e-07
-5.73831e-07
-5.30286e-07
-5.45916e-07
-1.14811e-06
-5.45826e-07
-5.87914e-07
-4.04076e-07
4.83326e-07
-2.18634e-07
3.43426e-07
-1.47651e-07
2.03568e-07
-1.23197e-07
-1.15624e-08
-9.96258e-08
-1.06681e-07
-7.30319e-08
-1.70994e-07
-4.22458e-08
-1.95608e-07
-1.07108e-08
-2.0081e-07
1.82205e-08
-1.82807e-07
4.02381e-08
-1.44797e-07
5.3679e-08
-9.53886e-08
5.84715e-08
-4.39659e-08
5.71297e-08
-4.85668e-09
5.18063e-08
2.20603e-08
4.39491e-08
3.96974e-08
3.48145e-08
4.92192e-08
2.49466e-08
5.48009e-08
1.5748e-08
5.21403e-08
7.44259e-09
4.77222e-08
4.31601e-08
5.8077e-09
2.15973e-07
-6.32017e-08
2.46035e-07
-2.27838e-07
3.92658e-07
-3.52448e-07
4.87352e-07
-3.31118e-07
4.21759e-07
-3.02916e-07
5.03284e-07
-3.84497e-07
2.22806e-07
-4.54915e-07
-4.59868e-07
-5.65998e-07
-1.03703e-06
-5.05038e-07
-6.48874e-07
-4.39856e-07
4.18145e-07
-2.78395e-07
1.81965e-07
-1.70423e-07
9.55962e-08
-1.35612e-07
-4.63743e-08
-1.03683e-07
-1.3861e-07
-7.38413e-08
-2.00835e-07
-4.14996e-08
-2.27949e-07
-9.16514e-09
-2.33144e-07
2.01421e-08
-2.12115e-07
4.20589e-08
-1.66714e-07
5.50996e-08
-1.08429e-07
5.93536e-08
-4.82199e-08
5.75841e-08
-3.08719e-09
5.20075e-08
2.76368e-08
4.40131e-08
4.76917e-08
3.48105e-08
5.84219e-08
2.48948e-08
6.47166e-08
1.56935e-08
6.13416e-08
7.40477e-09
5.60109e-08
5.05649e-08
-1.61925e-07
3.50843e-07
-3.07476e-07
3.91586e-07
-4.12249e-07
4.97431e-07
-5.04034e-07
5.79137e-07
-5.80886e-07
4.98611e-07
-5.04118e-07
4.26516e-07
-4.66002e-07
1.84691e-07
-5.04243e-07
-4.21627e-07
-5.76572e-07
-9.64701e-07
-4.75354e-07
-7.50092e-07
-4.97595e-07
4.40385e-07
-3.23892e-07
8.26249e-09
-1.90797e-07
-3.74985e-08
-1.49725e-07
-8.7447e-08
-1.08774e-07
-1.7956e-07
-7.47923e-08
-2.34817e-07
-4.05872e-08
-2.62155e-07
-7.35765e-09
-2.66374e-07
2.24033e-08
-2.41876e-07
4.41925e-08
-1.88503e-07
5.67546e-08
-1.20991e-07
6.03687e-08
-5.18341e-08
5.80989e-08
-8.17409e-10
5.22319e-08
3.35039e-08
4.40819e-08
5.58417e-08
3.48025e-08
6.77012e-08
2.48317e-08
7.46874e-08
1.56286e-08
7.05447e-08
7.36008e-09
6.42795e-08
5.7925e-08
-1.10502e-07
4.67541e-07
-2.80888e-07
5.61972e-07
-3.863e-07
6.02842e-07
-5.44782e-07
7.37618e-07
-7.43939e-07
6.97768e-07
-4.92323e-07
1.749e-07
-4.15132e-07
1.075e-07
-5.65515e-07
-2.71244e-07
-6.68804e-07
-8.61412e-07
-6.34191e-07
-7.84705e-07
-5.47083e-07
3.53277e-07
-3.32725e-07
-2.06096e-07
-2.07597e-07
-1.62627e-07
-1.564e-07
-1.38644e-07
-1.11755e-07
-2.24206e-07
-7.51528e-08
-2.71419e-07
-3.93391e-08
-2.97968e-07
-5.23222e-09
-3.0048e-07
2.50316e-08
-2.7214e-07
4.66515e-08
-2.10123e-07
5.86471e-08
-1.32987e-07
6.15158e-08
-5.47028e-08
5.86702e-08
2.02828e-09
5.2477e-08
3.9697e-08
4.41545e-08
6.41642e-08
3.47902e-08
7.70655e-08
2.4757e-08
8.47206e-08
1.55534e-08
7.97482e-08
7.3085e-09
7.25244e-08
6.52335e-08
-1.30125e-07
6.03494e-07
-2.6874e-07
7.00586e-07
-5.88405e-07
9.22508e-07
-5.3811e-07
6.87323e-07
-1.00553e-06
1.16519e-06
-7.51723e-07
-7.89108e-08
-5.2596e-07
-1.18263e-07
-5.70435e-07
-2.2677e-07
-7.53275e-07
-6.78571e-07
-7.81556e-07
-7.56425e-07
-4.77919e-07
4.96402e-08
-3.137e-07
-3.70314e-07
-2.26893e-07
-2.49434e-07
-1.60051e-07
-2.05485e-07
-1.1455e-07
-2.69707e-07
-7.51567e-08
-3.10812e-07
-3.80362e-08
-3.35089e-07
-2.64477e-09
-3.35872e-07
2.80495e-08
-3.02834e-07
4.94477e-08
-2.31521e-07
6.07818e-08
-1.44321e-07
6.27899e-08
-5.6711e-08
5.9292e-08
5.52622e-09
5.27402e-08
4.62488e-08
4.42297e-08
7.26748e-08
3.47731e-08
8.6522e-08
2.46701e-08
9.48236e-08
1.54677e-08
8.89506e-08
7.24998e-09
8.0742e-08
7.24835e-08
-3.68745e-07
9.38609e-07
-5.74605e-07
9.06446e-07
-6.72523e-07
1.02043e-06
-1.02422e-06
1.03902e-06
-7.62844e-07
9.03816e-07
-8.4611e-07
4.35526e-09
-7.09963e-07
-2.5441e-07
-7.16558e-07
-2.20175e-07
-8.05933e-07
-5.89196e-07
-7.67917e-07
-7.94441e-07
-3.97264e-07
-3.21012e-07
-2.77677e-07
-4.89901e-07
-2.4165e-07
-2.85462e-07
-1.59132e-07
-2.88003e-07
-1.15542e-07
-3.13298e-07
-7.45297e-08
-3.51824e-07
-3.60173e-08
-3.73601e-07
4.88997e-10
-3.72378e-07
3.1487e-08
-3.33832e-07
5.25942e-08
-2.52628e-07
6.31625e-08
-1.54889e-07
6.41877e-08
-5.77362e-08
5.99591e-08
9.75493e-09
5.30181e-08
5.31897e-08
4.43061e-08
8.13869e-08
3.47506e-08
9.60774e-08
2.45707e-08
1.05004e-07
1.53714e-08
9.815e-08
7.1845e-09
8.89289e-08
7.9668e-08
-4.69768e-07
1.42073e-06
-8.50795e-07
1.28747e-06
-9.16853e-07
1.08648e-06
-9.17424e-07
1.03959e-06
-7.07955e-07
6.94346e-07
-1.05629e-06
3.52691e-07
-1.08751e-06
-2.23194e-07
-7.7519e-07
-5.32492e-07
-6.66814e-07
-6.97572e-07
-6.92695e-07
-7.6856e-07
-3.41782e-07
-6.71925e-07
-2.89399e-07
-5.42283e-07
-2.38367e-07
-3.36494e-07
-1.57351e-07
-3.69019e-07
-1.15133e-07
-3.55516e-07
-7.34321e-08
-3.93525e-07
-3.38711e-08
-4.13163e-07
3.95565e-09
-4.10205e-07
3.53591e-08
-3.65235e-07
5.61066e-08
-2.73376e-07
6.57904e-08
-1.64573e-07
6.5703e-08
-5.76488e-08
6.06642e-08
1.47938e-08
5.33073e-08
6.05466e-08
4.43823e-08
9.03119e-08
3.47223e-08
1.05737e-07
2.44583e-08
1.15268e-07
1.52643e-08
1.07344e-07
7.11202e-09
9.70811e-08
8.678e-08
-2.65376e-07
1.70294e-06
-7.28291e-07
1.75039e-06
-1.24827e-06
1.60646e-06
-1.69785e-06
1.48918e-06
-2.04606e-06
1.04255e-06
-2.28916e-06
5.95792e-07
-2.69481e-06
1.82455e-07
-8.63133e-07
-2.36417e-06
-6.13716e-07
-9.46989e-07
-5.71192e-07
-8.11084e-07
-3.17662e-07
-9.25456e-07
-3.09016e-07
-5.5093e-07
-2.25626e-07
-4.19884e-07
-1.55012e-07
-4.39633e-07
-1.13592e-07
-3.96936e-07
-7.18857e-08
-4.35231e-07
-3.1336e-08
-4.53712e-07
7.75024e-09
-4.49291e-07
3.96885e-08
-3.97174e-07
6.00011e-08
-2.93688e-07
6.86706e-08
-1.73243e-07
6.73301e-08
-5.63083e-08
6.13993e-08
2.07245e-08
5.36037e-08
6.83422e-08
4.44569e-08
9.94587e-08
3.46876e-08
1.15507e-07
2.43334e-08
1.25622e-07
1.51464e-08
1.16531e-07
7.03249e-09
1.05195e-07
9.38125e-08
-1.3671e-07
1.85858e-06
-3.76677e-07
1.99036e-06
-6.51975e-07
1.88175e-06
-7.87612e-07
1.62482e-06
-7.52263e-07
1.00721e-06
-6.40922e-07
4.84448e-07
1.84235e-07
-6.42705e-07
-5.37969e-07
-1.64196e-06
-7.06477e-07
-7.78481e-07
-5.36746e-07
-9.80814e-07
-3.49521e-07
-1.11268e-06
-2.95043e-07
-6.05407e-07
-2.10873e-07
-5.04054e-07
-1.49614e-07
-5.00892e-07
-1.10558e-07
-4.35992e-07
-6.99665e-08
-4.75822e-07
-2.82941e-08
-4.95385e-07
1.19748e-08
-4.8956e-07
4.45086e-08
-4.29707e-07
6.42938e-08
-3.13473e-07
7.18063e-08
-1.80755e-07
6.90587e-08
-5.35607e-08
6.21543e-08
2.76289e-08
5.39032e-08
7.65934e-08
4.45282e-08
1.08834e-07
3.46458e-08
1.25389e-07
2.41979e-08
1.3607e-07
1.50174e-08
1.25712e-07
6.94587e-09
1.13266e-07
1.00758e-07
-2.58942e-08
1.90872e-06
-9.10894e-08
2.05555e-06
-1.49458e-07
1.94012e-06
-1.06437e-07
1.5818e-06
3.0006e-09
8.97771e-07
5.18471e-08
4.35602e-07
-7.12976e-07
1.22119e-07
-2.34219e-06
-1.27426e-08
-4.72008e-07
-2.64867e-06
-4.20773e-07
-1.03205e-06
-4.00362e-07
-1.13309e-06
-2.85687e-07
-7.20082e-07
-1.92523e-07
-5.97218e-07
-1.43558e-07
-5.49856e-07
-1.07125e-07
-4.72426e-07
-6.78711e-08
-5.15075e-07
-2.50748e-08
-5.38181e-07
1.66615e-08
-5.31296e-07
4.98476e-08
-4.62894e-07
6.90046e-08
-3.3263e-07
7.52002e-08
-1.86951e-07
7.08795e-08
-4.92399e-08
6.29181e-08
3.55904e-08
5.42012e-08
8.53103e-08
4.45948e-08
1.1844e-07
3.45964e-08
1.35387e-07
2.40516e-08
1.46614e-07
1.48772e-08
1.34886e-07
6.85211e-09
1.21292e-07
1.07611e-07
1.22788e-07
1.8178e-06
2.17767e-07
1.96057e-06
2.75606e-07
1.88228e-06
3.52561e-07
1.50484e-06
4.15071e-07
8.35257e-07
5.22339e-07
3.28334e-07
6.38561e-07
5.89777e-09
1.05744e-06
-4.31615e-07
5.78023e-07
-2.16925e-06
-3.76341e-07
-7.76876e-08
-4.48384e-07
-1.06105e-06
-2.40595e-07
-9.27872e-07
-1.77373e-07
-6.6044e-07
-1.33575e-07
-5.93655e-07
-1.02537e-07
-5.03463e-07
-6.55161e-08
-5.52097e-07
-2.14602e-08
-5.82237e-07
2.18534e-08
-5.74609e-07
5.57481e-08
-4.96788e-07
7.41547e-08
-3.51037e-07
7.88535e-08
-1.91649e-07
7.27783e-08
-4.31647e-08
6.36769e-08
4.46918e-08
5.44931e-08
9.44941e-08
4.4655e-08
1.28278e-07
3.45387e-08
1.45504e-07
2.38941e-08
1.57259e-07
1.47256e-08
1.44054e-07
6.75115e-09
1.29266e-07
1.14362e-07
2.01213e-07
1.64523e-06
4.11151e-07
1.75064e-06
5.69003e-07
1.72443e-06
6.69023e-07
1.40482e-06
7.14169e-07
7.90109e-07
7.44251e-07
2.98254e-07
7.8121e-07
-3.10582e-08
6.98236e-07
-3.48646e-07
-2.2795e-07
-1.24306e-06
-1.8489e-07
-1.20748e-07
-4.32312e-07
-8.13627e-07
-2.22724e-07
-1.13746e-06
-1.62792e-07
-7.20372e-07
-1.23711e-07
-6.32736e-07
-9.87976e-08
-5.28377e-07
-6.36664e-08
-5.87228e-07
-1.78991e-08
-6.28004e-07
2.75595e-08
-6.20068e-07
6.22429e-08
-5.31472e-07
7.97686e-08
-3.68563e-07
8.27715e-08
-1.94652e-07
7.47297e-08
-3.51229e-08
6.4414e-08
5.50076e-08
5.47738e-08
1.04134e-07
4.47073e-08
1.38345e-07
3.44722e-08
1.55739e-07
2.37248e-08
1.68006e-07
1.45622e-08
1.53217e-07
6.64295e-09
1.37185e-07
1.21005e-07
2.24843e-07
1.47208e-06
4.33158e-07
1.54232e-06
6.44228e-07
1.51336e-06
7.80156e-07
1.26889e-06
8.23614e-07
7.46649e-07
8.0358e-07
3.18287e-07
7.48102e-07
2.44213e-08
5.40454e-07
-1.41002e-07
-9.11764e-09
-6.9349e-07
-2.34282e-07
1.04414e-07
-3.41307e-07
-7.06602e-07
-2.26408e-07
-1.25236e-06
-1.41385e-07
-8.05395e-07
-1.08777e-07
-6.65344e-07
-9.34153e-08
-5.43739e-07
-6.08827e-08
-6.1976e-07
-1.3252e-08
-6.75635e-07
3.4034e-08
-6.67354e-07
6.94291e-08
-5.66867e-07
8.58773e-08
-3.85011e-07
8.69567e-08
-1.95732e-07
7.66879e-08
-2.48541e-08
6.51095e-08
6.65859e-08
5.50387e-08
1.14205e-07
4.47501e-08
1.48633e-07
3.4396e-08
1.66093e-07
2.35432e-08
1.78859e-07
1.43867e-08
1.62374e-07
6.52744e-09
1.45044e-07
1.27532e-07
1.69652e-07
1.30888e-06
3.30663e-07
1.38131e-06
5.30006e-07
1.31401e-06
7.45807e-07
1.05309e-06
8.01288e-07
6.91167e-07
7.60399e-07
3.59175e-07
6.49806e-07
1.35015e-07
4.75534e-07
3.32657e-08
1.55406e-07
-3.73359e-07
3.48746e-08
2.24944e-07
-2.32231e-07
-4.39497e-07
-2.57013e-07
-1.22758e-06
-1.27449e-07
-9.34958e-07
-1.03248e-07
-6.89545e-07
-9.19522e-08
-5.55035e-07
-6.01923e-08
-6.5152e-07
-9.70114e-09
-7.26126e-07
4.0594e-08
-7.17649e-07
7.71816e-08
-6.03454e-07
9.24762e-08
-4.00305e-07
9.14046e-08
-1.9466e-07
7.86266e-08
-1.2076e-08
6.57396e-08
7.9473e-08
5.52832e-08
1.24661e-07
4.47821e-08
1.59134e-07
3.43094e-08
1.76566e-07
2.3349e-08
1.8982e-07
1.41984e-08
1.71524e-07
6.40459e-09
1.52838e-07
1.33937e-07
1.46761e-07
1.13109e-06
3.21671e-07
1.2064e-06
5.00084e-07
1.13559e-06
6.71018e-07
8.82153e-07
7.19335e-07
6.42852e-07
6.71512e-07
4.06998e-07
5.68074e-07
2.38454e-07
4.51225e-07
1.50111e-07
6.82709e-08
9.59771e-09
-3.45593e-07
6.3881e-07
-1.64565e-07
-6.20525e-07
-2.92997e-07
-1.09914e-06
-8.26344e-08
-1.14532e-06
-9.84801e-08
-6.73699e-07
-8.89591e-08
-5.64556e-07
-5.30577e-08
-6.87422e-07
-7.4492e-10
-7.78439e-07
4.97737e-08
-7.68168e-07
8.61948e-08
-6.39875e-07
9.97121e-08
-4.13823e-07
9.61298e-08
-1.91078e-07
8.06117e-08
3.44209e-09
6.62814e-08
9.38034e-08
5.5503e-08
1.3544e-07
4.4802e-08
1.69835e-07
3.42118e-08
1.87156e-07
2.31415e-08
2.0089e-07
1.39967e-08
1.80669e-07
6.27434e-09
1.60561e-07
1.40211e-07
1.43922e-07
9.47933e-07
3.32112e-07
1.01821e-06
5.02737e-07
9.64968e-07
5.92263e-07
7.92627e-07
6.10758e-07
6.24358e-07
5.64941e-07
4.52817e-07
4.7882e-07
3.24575e-07
3.56711e-07
2.72216e-07
-2.15368e-07
5.81678e-07
-3.89619e-07
8.13066e-07
-1.89348e-07
-8.20795e-07
-3.26741e-07
-9.61751e-07
-9.75711e-08
-1.37449e-06
-1.26761e-07
-6.44509e-07
-8.70384e-08
-6.04278e-07
-4.13152e-08
-7.33145e-07
7.16674e-09
-8.26921e-07
5.78345e-08
-8.18835e-07
9.50545e-08
-6.77095e-07
1.07283e-07
-4.26052e-07
1.01093e-07
-1.84887e-07
8.2663e-08
2.18718e-08
6.67419e-08
1.09725e-07
5.56947e-08
1.46487e-07
4.48105e-08
1.8072e-07
3.41024e-08
1.97864e-07
2.29204e-08
2.12072e-07
1.37807e-08
1.89809e-07
6.13667e-09
1.68205e-07
1.46348e-07
1.12123e-07
7.92617e-07
2.79641e-07
8.50692e-07
4.19142e-07
8.2547e-07
4.83669e-07
7.281e-07
4.933e-07
6.14726e-07
4.67098e-07
4.79018e-07
4.37572e-07
3.54103e-07
4.18885e-07
2.90902e-07
3.80996e-07
6.19568e-07
7.2382e-07
4.70247e-07
1.58846e-07
-2.55821e-07
-2.89762e-07
-5.13143e-07
-1.99709e-07
-1.46454e-06
-1.70091e-07
-6.74127e-07
-6.57645e-08
-7.08605e-07
4.8215e-09
-8.03731e-07
4.0004e-08
-8.62104e-07
7.77543e-08
-8.56586e-07
1.08041e-07
-7.07382e-07
1.16137e-07
-4.34148e-07
1.06404e-07
-1.75154e-07
8.47673e-08
4.3508e-08
6.71115e-08
1.2738e-07
5.58543e-08
1.57744e-07
4.48103e-08
1.91764e-07
3.39803e-08
2.08694e-07
2.26852e-08
2.23367e-07
1.35492e-08
1.98945e-07
5.99154e-09
1.75762e-07
1.52339e-07
8.43338e-08
6.72336e-07
2.12179e-07
7.22845e-07
3.13852e-07
7.23794e-07
3.65458e-07
6.76497e-07
3.789e-07
6.01282e-07
3.6691e-07
4.91006e-07
3.69841e-07
3.51175e-07
3.58422e-07
3.02321e-07
4.65206e-07
5.12785e-07
3.37265e-07
5.9819e-07
-4.12962e-07
4.94406e-07
-2.24054e-07
-7.02052e-07
-3.00596e-07
-1.388e-06
-2.17455e-07
-7.57268e-07
-1.58399e-07
-7.6766e-07
-8.88149e-09
-9.53249e-07
5.94557e-08
-9.30441e-07
9.33219e-08
-8.90452e-07
1.18159e-07
-7.32218e-07
1.24283e-07
-4.40272e-07
1.11764e-07
-1.62635e-07
8.6887e-08
6.83852e-08
6.73736e-08
1.46894e-07
5.59792e-08
1.69139e-07
4.48041e-08
2.02939e-07
3.38446e-08
2.19653e-07
2.24358e-08
2.34776e-07
1.33012e-08
2.08079e-07
5.83894e-09
1.83225e-07
1.58178e-07
5.78162e-08
5.85118e-07
1.48483e-07
6.32178e-07
2.21947e-07
6.50325e-07
2.63414e-07
6.35031e-07
2.75192e-07
5.89504e-07
2.58342e-07
5.07854e-07
2.35452e-07
3.74066e-07
1.13168e-07
4.24607e-07
-8.92394e-09
6.34878e-07
-1.50636e-07
7.39901e-07
-3.61854e-07
7.05626e-07
1.53937e-07
-1.21785e-06
-2.76542e-07
-9.57523e-07
-6.72224e-08
-9.66588e-07
6.55728e-09
-8.4144e-07
5.83272e-08
-1.00502e-06
1.2455e-07
-9.96663e-07
1.40355e-07
-9.06258e-07
1.43603e-07
-7.35466e-07
1.3693e-07
-4.33599e-07
1.17894e-07
-1.43599e-07
8.90063e-08
9.72732e-08
6.74923e-08
1.68408e-07
5.60625e-08
1.80568e-07
4.47933e-08
2.14208e-07
3.3694e-08
2.30753e-07
2.21717e-08
2.46298e-07
1.30354e-08
2.17216e-07
5.67879e-09
1.90581e-07
1.63857e-07
3.65085e-08
5.23329e-07
9.95827e-08
5.69105e-07
1.51473e-07
5.98431e-07
1.80014e-07
6.06491e-07
1.75726e-07
5.93793e-07
1.12233e-07
5.71346e-07
-2.60107e-08
5.1231e-07
-2.66332e-07
6.64931e-07
-3.91945e-07
7.60494e-07
-4.24386e-07
7.72339e-07
-1.50216e-07
4.31454e-07
1.11052e-07
-1.47911e-06
-3.31048e-07
-5.15423e-07
-2.01825e-07
-1.09581e-06
-1.47208e-07
-8.96057e-07
-7.84174e-08
-1.07381e-06
2.80876e-08
-1.10317e-06
1.04837e-07
-9.83007e-07
1.41293e-07
-7.71922e-07
1.42198e-07
-4.34505e-07
1.2301e-07
-1.24411e-07
9.10396e-08
1.29243e-07
6.74735e-08
1.91974e-07
5.61103e-08
1.91931e-07
4.47836e-08
2.25535e-07
3.35278e-08
2.42009e-07
2.18927e-08
2.57933e-07
1.27505e-08
2.26358e-07
5.51112e-09
1.97821e-07
1.69368e-07
2.14818e-08
4.79178e-07
6.6158e-08
5.24429e-07
1.03325e-07
5.61261e-07
1.2276e-07
5.87056e-07
1.12172e-07
6.04382e-07
4.04172e-08
6.43101e-07
-1.31976e-07
6.84704e-07
-5.1068e-07
1.04364e-06
-7.67952e-07
1.01777e-06
-6.52468e-07
6.56852e-07
-1.34089e-06
1.11988e-06
-5.4937e-07
-2.27064e-06
-1.92712e-07
-8.72081e-07
-8.3224e-08
-1.2053e-06
3.19123e-08
-1.01119e-06
1.45971e-07
-1.18787e-06
1.79075e-07
-1.13627e-06
2.11176e-07
-1.01511e-06
2.02033e-07
-7.62779e-07
1.67149e-07
-3.99621e-07
1.31146e-07
-8.84073e-08
9.30979e-08
1.67291e-07
6.72165e-08
2.17856e-07
5.60849e-08
2.03063e-07
4.47654e-08
2.36854e-07
3.33391e-08
2.53435e-07
2.15968e-08
2.69676e-07
1.24448e-08
2.3551e-07
5.33588e-09
2.0493e-07
1.74704e-07
1.20437e-08
4.46498e-07
4.54025e-08
4.9107e-07
7.45779e-08
5.32085e-07
9.2863e-08
5.68771e-07
9.21168e-08
6.05129e-07
6.17093e-08
6.73509e-07
-1.99716e-08
7.66386e-07
-1.59709e-07
1.18338e-06
-3.6549e-07
1.22355e-06
2.65012e-07
2.63483e-08
7.28713e-07
6.56179e-07
7.3152e-07
-2.27344e-06
2.11813e-07
-3.52372e-07
-1.46423e-07
-8.47062e-07
-8.0986e-08
-1.07663e-06
-7.66024e-09
-1.26119e-06
2.91099e-08
-1.17304e-06
8.75921e-08
-1.07359e-06
1.46772e-07
-8.21959e-07
1.58347e-07
-4.11196e-07
1.34492e-07
-6.45526e-08
9.48657e-08
2.06918e-07
6.68366e-08
2.45885e-07
5.60602e-08
2.13839e-07
4.4778e-08
2.48136e-07
3.31411e-08
2.65072e-07
2.12891e-08
2.81528e-07
1.21193e-08
2.4468e-07
5.15632e-09
2.11893e-07
1.7986e-07
6.56626e-09
4.21068e-07
3.31547e-08
4.64481e-07
5.83498e-08
5.0689e-07
7.87573e-08
5.48364e-07
9.00023e-08
5.93885e-07
1.00481e-07
6.63033e-07
6.88161e-08
7.98052e-07
3.75686e-07
8.76503e-07
7.04815e-07
8.94422e-07
2.69301e-07
4.61861e-07
2.80119e-07
6.45364e-07
-1.04693e-06
-9.46394e-07
-3.13514e-07
-1.08579e-06
-2.43095e-07
-9.17481e-07
-1.31831e-07
-1.18789e-06
6.07442e-08
-1.45377e-06
1.59274e-07
-1.27157e-06
2.22574e-07
-1.13689e-06
2.21255e-07
-8.2064e-07
1.84981e-07
-3.74922e-07
1.41102e-07
-2.06728e-08
9.60129e-08
2.52006e-07
6.6046e-08
2.75852e-07
5.58532e-08
2.24032e-07
4.47209e-08
2.59269e-07
3.28882e-08
2.76904e-07
2.09491e-08
2.93467e-07
1.17628e-08
2.53866e-07
5.00772e-09
2.18648e-07
1.84868e-07
3.13115e-09
4.00694e-07
2.49349e-08
4.42677e-07
4.70375e-08
4.84789e-07
6.81047e-08
5.27297e-07
8.72095e-08
5.74779e-07
1.15185e-07
6.35059e-07
1.40969e-07
7.72271e-07
3.82214e-07
6.35254e-07
5.51456e-07
7.2518e-07
4.9181e-08
9.64135e-07
4.10119e-07
2.84431e-07
-1.22331e-07
-4.1394e-07
-2.48397e-07
-9.59724e-07
9.66847e-08
-1.26256e-06
6.55882e-08
-1.1568e-06
2.37431e-07
-1.62561e-06
2.67967e-07
-1.30211e-06
2.69439e-07
-1.13836e-06
2.48595e-07
-7.99795e-07
2.10187e-07
-3.36515e-07
1.58253e-07
3.12615e-08
1.00489e-07
3.0977e-07
6.50626e-08
3.11278e-07
5.579e-08
2.33305e-07
4.50042e-08
2.70055e-07
3.28456e-08
2.89063e-07
2.06812e-08
3.05631e-07
1.14187e-08
2.63128e-07
5.44871e-09
2.24618e-07
1.90317e-07
-1.83311e-10
3.8527e-07
1.64609e-08
4.26033e-07
3.37139e-08
4.67537e-07
5.04261e-08
5.10585e-07
6.82518e-08
5.56951e-07
9.08383e-08
6.12472e-07
1.48406e-07
7.14706e-07
2.24419e-07
5.59237e-07
1.34196e-07
8.15404e-07
-7.66725e-07
1.86505e-06
-1.80495e-06
1.32266e-06
-1.86509e-06
-3.53796e-07
-1.31355e-06
-1.51126e-06
-1.21166e-07
-2.45494e-06
3.85256e-08
-1.31649e-06
1.34173e-07
-1.72126e-06
2.07967e-07
-1.3759e-06
2.29295e-07
-1.15969e-06
2.27454e-07
-7.97955e-07
1.91069e-07
-3.00129e-07
1.36832e-07
8.54978e-08
9.35891e-08
3.53013e-07
6.6259e-08
3.38608e-07
5.55638e-08
2.44e-07
4.13607e-08
2.84258e-07
2.77527e-08
3.02671e-07
1.68478e-08
3.16536e-07
9.3592e-09
2.70617e-07
8.70728e-09
2.2527e-07
1.99024e-07
-1.89007e-07
-1.13557e-08
-4.94287e-08
8.58569e-08
-4.47992e-08
2.65149e-07
-4.04226e-08
3.1262e-07
-3.44577e-08
2.97834e-07
-2.91223e-08
2.80751e-07
-3.01322e-08
2.45492e-07
-5.07213e-08
3.59122e-07
-7.72232e-08
3.77924e-07
-1.00788e-07
1.06227e-07
-1.05661e-07
-2.93906e-07
-8.52941e-08
-8.15188e-07
-5.15973e-08
-1.19229e-06
2.32566e-08
-1.45304e-06
1.58702e-07
-1.88986e-06
-2.46746e-07
-8.71842e-07
-1.45179e-07
-2.15729e-06
4.16404e-07
-1.7088e-06
3.78945e-07
-2.99312e-07
4.78626e-08
1.30193e-06
-7.64961e-08
2.11373e-06
-9.64501e-08
7.05775e-07
-7.35371e-08
4.94728e-07
-4.32416e-08
6.54393e-07
-3.47568e-08
5.72649e-07
-2.97375e-08
5.29337e-07
-2.42993e-08
4.88674e-07
-1.85944e-08
4.51615e-07
-1.29131e-08
4.14999e-07
3.78343e-07
-7.55381e-09
-6.52572e-07
-5.42068e-08
-4.23675e-07
-1.4304e-07
-2.44914e-07
8.63874e-08
-2.07463e-07
2.75169e-07
-1.53766e-07
2.44137e-07
-1.0552e-07
2.32505e-07
-5.29522e-08
1.92924e-07
-5.66508e-08
3.6282e-07
-9.54125e-08
4.16686e-07
-1.0262e-07
1.13435e-07
-1.02604e-07
-2.93922e-07
-7.86046e-08
-8.39187e-07
-2.23035e-08
-1.24859e-06
2.55113e-08
-1.50086e-06
1.82148e-07
-2.04649e-06
1.66276e-07
-8.55969e-07
6.34183e-07
-2.62519e-06
6.22111e-07
-1.69673e-06
2.78954e-07
4.3846e-08
3.12145e-08
1.54967e-06
-1.69736e-08
2.16192e-06
-5.87932e-08
7.47595e-07
-5.81724e-08
4.94105e-07
-3.05872e-08
6.26807e-07
-2.51191e-08
5.67179e-07
-2.25041e-08
5.2672e-07
-1.92811e-08
4.8545e-07
-1.5582e-08
4.47912e-07
-1.16641e-08
4.11078e-07
3.74534e-07
-7.85663e-09
-2.60312e-06
-1.34242e-07
-1.38043e-06
-1.36573e-06
-9.07709e-07
-3.86332e-07
-7.52141e-07
1.19601e-07
-5.17885e-07
9.88043e-09
-3.65544e-07
8.01646e-08
-2.29763e-07
5.71441e-08
-8.67619e-08
2.19819e-07
-9.18269e-08
4.21751e-07
-1.5377e-07
1.75377e-07
-1.55989e-07
-2.91703e-07
-1.23957e-07
-8.7122e-07
-5.2482e-08
-1.32007e-06
-2.81196e-08
-1.52522e-06
-2.90954e-07
-1.78366e-06
1.14421e-06
-2.29114e-06
1.6152e-06
-3.09619e-06
7.61319e-07
-8.42853e-07
2.23009e-07
5.82159e-07
1.04628e-08
1.76221e-06
9.41873e-09
2.16296e-06
-2.60766e-08
7.83091e-07
-4.17987e-08
5.09825e-07
-1.73736e-08
6.02381e-07
-1.3381e-08
5.63187e-07
-1.28178e-08
5.26155e-07
-1.2264e-08
4.84895e-07
-1.11823e-08
4.46827e-07
-9.61379e-09
4.09508e-07
3.72801e-07
-7.88115e-09
-2.18107e-06
-7.41758e-07
-1.30854e-06
-2.23827e-06
-1.13061e-06
-5.64263e-07
-1.10145e-06
9.04407e-08
-8.79696e-07
-2.11868e-07
-7.12481e-07
-8.70508e-08
-5.44023e-07
-1.11314e-07
-2.31339e-07
-9.28643e-08
-7.58294e-08
2.66241e-07
-1.99142e-07
2.98689e-07
-2.62635e-07
-2.28209e-07
-2.41011e-07
-8.92843e-07
-1.6121e-07
-1.39987e-06
-8.83356e-08
-1.59809e-06
2.73765e-07
-2.14576e-06
1.2715e-06
-3.28887e-06
6.59796e-07
-2.48448e-06
9.64457e-07
-1.14751e-06
3.05748e-07
1.24087e-06
9.31977e-10
2.06703e-06
2.40689e-08
2.13983e-06
-1.36869e-09
8.08526e-07
-3.15034e-08
5.39957e-07
-1.08454e-08
5.81723e-07
-9.95252e-10
5.53338e-07
-1.22072e-09
5.26379e-07
-3.51869e-09
4.87192e-07
-5.53357e-09
4.4884e-07
-6.79375e-09
4.10766e-07
3.73587e-07
-7.58197e-09
-2.48294e-06
-7.88022e-07
-1.25e-06
-3.47121e-06
-7.37264e-07
-1.077e-06
-1.16719e-06
5.20368e-07
-1.08335e-06
-2.95705e-07
-1.00363e-06
-1.66771e-07
-8.15344e-07
-2.99604e-07
-5.04046e-07
-4.04162e-07
-1.61732e-07
-7.60729e-08
-1.61479e-07
2.98436e-07
-3.12387e-07
-7.7301e-08
-3.28575e-07
-8.76656e-07
-2.41243e-07
-1.4872e-06
-7.63352e-08
-1.763e-06
-1.00488e-06
-1.21722e-06
3.2321e-07
-4.61695e-06
7.52951e-07
-2.91422e-06
5.94127e-07
-9.88681e-07
2.66373e-07
1.56862e-06
-2.46565e-09
2.33587e-06
5.0124e-08
2.08724e-06
3.06667e-08
8.2798e-07
-6.72497e-09
5.77348e-07
4.35004e-09
5.70648e-07
1.1855e-08
5.45834e-07
1.08488e-08
5.27384e-07
5.75936e-09
4.92281e-07
7.2079e-10
4.53878e-07
-3.4582e-09
4.14944e-07
3.77031e-07
-6.90349e-09
-2.56626e-06
-6.36355e-07
-9.89958e-07
-5.04751e-06
-2.9737e-07
-1.76959e-06
-1.3281e-06
1.5511e-06
-1.45393e-06
-1.69876e-07
-1.23404e-06
-3.86666e-07
-1.03663e-06
-4.97017e-07
-7.82714e-07
-6.58074e-07
-3.9173e-07
-4.67057e-07
-1.36972e-07
4.36785e-08
-2.10881e-07
-3.39192e-09
-2.94817e-07
-7.9272e-07
-2.31034e-07
-1.55098e-06
2.04911e-09
-1.99609e-06
2.03732e-06
-3.25248e-06
3.06335e-06
-5.64299e-06
2.10772e-06
-1.9586e-06
7.13116e-07
4.05929e-07
2.99514e-07
1.98222e-06
1.40418e-08
2.62134e-06
5.68553e-08
2.04442e-06
3.7643e-08
8.4719e-07
1.53081e-08
5.99683e-07
2.34052e-08
5.62551e-07
2.35987e-08
5.45642e-07
2.04916e-08
5.30491e-07
1.35285e-08
4.99244e-07
6.2328e-09
4.61173e-07
-2.55279e-10
4.21431e-07
3.82649e-07
-5.87414e-09
-2.46285e-06
-5.56805e-07
-8.57217e-07
-6.65314e-06
-1.96298e-07
-2.43051e-06
-1.614e-06
2.9688e-06
-2.29641e-06
5.12537e-07
-2.08961e-06
-5.93466e-07
-1.19472e-06
-1.39191e-06
-9.50767e-07
-9.02029e-07
-6.10296e-07
-8.07528e-07
-2.63795e-07
-3.02822e-07
-1.23987e-07
-1.43199e-07
-1.90971e-07
-7.25737e-07
-2.46584e-07
-1.49537e-06
-2.8392e-08
-2.21428e-06
-2.33449e-07
-3.04743e-06
-2.6791e-07
-5.60853e-06
8.58316e-07
-3.08483e-06
5.63292e-07
7.0095e-07
2.43173e-07
2.30235e-06
8.97052e-09
2.85554e-06
4.3252e-08
2.01014e-06
2.36611e-08
8.66779e-07
1.37646e-08
6.09581e-07
2.35492e-08
5.52766e-07
2.55194e-08
5.43672e-07
2.27374e-08
5.33272e-07
1.6277e-08
5.05704e-07
8.83389e-09
4.68616e-07
1.76238e-09
4.28502e-07
3.88997e-07
-4.58512e-09
-2.22161e-06
-7.49127e-07
-8.41789e-07
-8.03296e-06
-3.36958e-07
-2.93534e-06
-1.58448e-06
4.21633e-06
-2.3097e-06
1.23775e-06
-1.56681e-06
-1.33636e-06
-9.78856e-07
-1.97986e-06
-1.20013e-06
-6.80758e-07
-8.79468e-07
-1.12819e-06
-4.83563e-07
-6.98727e-07
-2.0102e-07
-4.25742e-07
-1.60632e-07
-7.66125e-07
-2.49927e-07
-1.40607e-06
1.94569e-07
-2.65877e-06
1.36545e-06
-4.2183e-06
1.98592e-07
-4.44167e-06
-1.06788e-07
-2.77945e-06
3.16362e-08
5.62524e-07
-1.46581e-07
2.48056e-06
-1.58134e-07
2.86709e-06
-1.14826e-08
1.86348e-06
-1.49531e-08
8.70247e-07
-9.796e-09
6.04425e-07
2.53999e-09
5.40431e-07
1.04409e-08
5.35771e-07
1.27812e-08
5.30931e-07
1.05739e-08
5.07909e-07
6.26706e-09
4.72921e-07
1.45228e-09
4.33316e-07
3.93606e-07
-3.15705e-09
-1.8989e-06
-1.34817e-06
-8.56074e-07
-9.07579e-06
-5.89449e-07
-3.20196e-06
-1.48044e-06
5.10732e-06
-2.17282e-06
1.93013e-06
-1.93696e-06
-1.57222e-06
-1.44956e-06
-2.46725e-06
-1.41022e-06
-7.20103e-07
-1.03173e-06
-1.50668e-06
-6.66654e-07
-1.0638e-06
-4.1923e-07
-6.73167e-07
-2.77152e-07
-9.08202e-07
8.08521e-08
-1.76408e-06
1.28038e-06
-3.8583e-06
3.70163e-06
-6.63956e-06
2.38944e-06
-3.12948e-06
4.55379e-07
-8.45385e-07
-1.63176e-07
1.18108e-06
-5.05709e-07
2.8231e-06
-3.6126e-07
2.72264e-06
-6.63492e-08
1.56857e-06
-4.95455e-08
8.53441e-07
-4.41154e-08
5.98996e-07
-3.13619e-08
5.27679e-07
-1.88163e-08
5.23226e-07
-9.46551e-09
5.21579e-07
-4.3667e-09
5.02808e-07
-2.23086e-09
4.70782e-07
-1.68735e-09
4.32771e-07
3.93607e-07
-1.68797e-09
-1.55801e-06
-2.46996e-06
-7.10142e-07
-9.92365e-06
-7.54879e-07
-3.15722e-06
-1.27934e-06
5.63178e-06
-1.75566e-06
2.40644e-06
-1.63683e-06
-1.69105e-06
-1.79658e-06
-2.3075e-06
-2.1089e-06
-4.07788e-07
-1.27111e-06
-2.34447e-06
-9.35078e-07
-1.39983e-06
-6.4246e-07
-9.65785e-07
-5.48183e-07
-1.00248e-06
7.44135e-07
-3.0564e-06
2.47551e-06
-5.58967e-06
2.26219e-06
-6.42624e-06
9.57683e-07
-1.82498e-06
-1.3326e-07
2.4556e-07
-4.2911e-07
1.47693e-06
-5.86325e-07
2.98031e-06
-4.05562e-07
2.54187e-06
-5.27126e-08
1.21572e-06
-3.63899e-08
8.37117e-07
-5.244e-08
6.15046e-07
-5.77458e-08
5.32985e-07
-5.02644e-08
5.15744e-07
-3.71971e-08
5.0851e-07
-2.47678e-08
4.90376e-07
-1.47462e-08
4.60758e-07
-6.8113e-09
4.24835e-07
3.86978e-07
-1.83013e-10
-1.22746e-06
-3.69716e-06
-5.32898e-07
-1.06182e-05
-7.67691e-07
-2.92243e-06
-9.91416e-07
5.85551e-06
-1.26674e-06
2.68177e-06
-1.41011e-06
-1.54768e-06
-1.99979e-06
-1.71782e-06
-1.42936e-06
-9.78222e-07
-1.17653e-06
-2.5973e-06
-9.63608e-07
-1.61275e-06
-8.59443e-07
-1.06995e-06
-9.61376e-07
-9.00547e-07
-2.21427e-06
-1.8035e-06
-1.75698e-06
-6.04696e-06
-9.32524e-07
-7.2507e-06
-4.14413e-08
-2.71606e-06
-6.25432e-07
8.29552e-07
-8.25842e-07
1.67734e-06
-5.27702e-07
2.68217e-06
-1.32889e-07
2.14706e-06
1.553e-07
9.27534e-07
1.43171e-07
8.49247e-07
2.79866e-08
7.30232e-07
-4.0075e-08
6.01047e-07
-6.13809e-08
5.37049e-07
-5.59252e-08
5.03052e-07
-4.1146e-08
4.75595e-07
-2.54398e-08
4.4505e-07
-1.11929e-08
4.10586e-07
3.74312e-07
1.47363e-09
-7.3476e-07
-4.49714e-06
-5.71844e-07
-1.07811e-05
-7.21503e-07
-2.77277e-06
-6.61747e-07
5.79575e-06
-6.88965e-07
2.70899e-06
-6.88485e-07
-1.54816e-06
-8.0725e-07
-1.59906e-06
-8.22114e-07
-9.63358e-07
-8.32592e-07
-2.58682e-06
-8.57069e-07
-1.58828e-06
-1.00944e-06
-9.17578e-07
8.46285e-08
-1.99462e-06
-6.49328e-07
-1.06955e-06
-3.08971e-07
-6.38731e-06
-1.12041e-06
-6.43926e-06
-1.55811e-06
-2.27835e-06
-9.01016e-07
1.72462e-07
-9.76861e-07
1.75319e-06
-3.79726e-07
2.08504e-06
2.55213e-07
1.51211e-06
4.12504e-07
7.70243e-07
3.60618e-07
9.01134e-07
1.82055e-07
9.08796e-07
3.59588e-08
7.47143e-07
-3.51898e-08
6.08196e-07
-5.09031e-08
5.18764e-07
-4.23219e-08
4.67012e-07
-2.69285e-08
4.29655e-07
-1.11323e-08
3.94788e-07
3.59674e-07
3.50644e-09
-2.2698e-07
-4.59393e-06
-5.5223e-07
-1.04559e-05
-6.80026e-07
-2.64498e-06
-3.65118e-07
5.48084e-06
-1.96954e-07
2.54082e-06
-2.7235e-07
-1.47276e-06
-3.93868e-07
-1.47754e-06
-8.46081e-07
-5.11146e-07
-1.05049e-06
-2.38241e-06
-7.74508e-07
-1.86426e-06
-1.10444e-06
-5.87644e-07
-5.16117e-07
-2.58294e-06
9.38494e-07
-2.52416e-06
2.51428e-07
-5.70025e-06
-1.27442e-06
-4.91342e-06
-1.36642e-06
-2.18635e-06
-4.52261e-07
-7.41696e-07
-1.96205e-07
1.49713e-06
8.02822e-08
1.80855e-06
5.46693e-07
1.0457e-06
5.13377e-07
8.03559e-07
4.35592e-07
9.78919e-07
2.7902e-07
1.06537e-06
1.14677e-07
9.11486e-07
2.48493e-08
6.98023e-07
-9.78601e-09
5.53399e-07
-1.60413e-08
4.73268e-07
-1.09712e-08
4.24583e-07
-2.47546e-09
3.8629e-07
3.50852e-07
6.34743e-09
2.11167e-07
-4.37853e-06
-4.5627e-07
-9.78845e-06
-6.42184e-07
-2.45906e-06
-1.58244e-07
4.9969e-06
1.45458e-07
2.23712e-06
3.78951e-08
-1.3652e-06
-1.1833e-07
-1.32132e-06
-4.24566e-07
-2.0491e-07
-2.50924e-07
-2.55605e-06
1.64609e-07
-2.2798e-06
9.3334e-08
-5.16367e-07
2.27194e-07
-2.7168e-06
4.61291e-07
-2.75826e-06
-5.98886e-07
-4.64007e-06
-1.3076e-06
-4.20471e-06
-1.1701e-06
-2.32384e-06
-7.13442e-07
-1.19835e-06
-2.31047e-07
1.01473e-06
1.87149e-07
1.39035e-06
4.53346e-07
7.79503e-07
3.38883e-07
9.1802e-07
2.74778e-07
1.04303e-06
2.59663e-07
1.08049e-06
2.15419e-07
9.5573e-07
1.61541e-07
7.519e-07
1.10858e-07
6.04083e-07
7.13444e-08
5.12781e-07
4.37615e-08
4.52165e-07
2.46964e-08
4.05355e-07
3.65234e-07
1.03168e-08
3.37611e-07
-3.96132e-06
-4.72908e-07
-8.97793e-06
-6.11296e-07
-2.32067e-06
-4.56505e-08
4.43125e-06
3.23075e-07
1.8684e-06
1.8393e-07
-1.22606e-06
1.73657e-07
-1.31105e-06
2.24661e-07
-2.55914e-07
1.57903e-07
-2.48929e-06
8.97421e-08
-2.21164e-06
6.31073e-07
-1.0577e-06
4.12734e-07
-2.49846e-06
1.71951e-08
-2.36272e-06
-6.29861e-07
-3.99301e-06
-1.20892e-06
-3.62565e-06
-1.39644e-06
-2.13632e-06
-1.39921e-06
-1.19558e-06
-8.96589e-07
5.12116e-07
-3.56463e-07
8.50226e-07
-9.52979e-08
5.18338e-07
3.59023e-08
7.86822e-07
1.03629e-07
9.75302e-07
1.62768e-07
1.02135e-06
2.03848e-07
9.1465e-07
1.8793e-07
7.6782e-07
1.4475e-07
6.47265e-07
1.00211e-07
5.57321e-07
6.38432e-08
4.88532e-07
3.55876e-08
4.3361e-07
3.88288e-07
1.25349e-08
4.05947e-07
-3.52068e-06
-4.33908e-07
-8.13808e-06
-5.72654e-07
-2.18193e-06
4.12033e-09
3.85448e-06
3.87499e-07
1.48502e-06
2.53412e-07
-1.09197e-06
2.65878e-07
-1.32351e-06
4.63161e-07
-4.53197e-07
1.26027e-07
-2.15216e-06
-3.23591e-08
-2.05325e-06
3.51571e-07
-1.44162e-06
3.5794e-07
-2.50483e-06
3.46389e-07
-2.35117e-06
-4.25103e-07
-3.22152e-06
-1.18678e-06
-2.86398e-06
-1.50029e-06
-1.8228e-06
-1.62405e-06
-1.07182e-06
-1.22103e-06
1.09098e-07
-7.63275e-07
3.92464e-07
-6.0142e-07
3.56484e-07
-4.38346e-07
6.23752e-07
-2.69706e-07
8.06665e-07
-1.21299e-07
8.72941e-07
-2.87736e-08
8.22124e-07
8.87539e-09
7.30173e-07
1.79941e-08
6.38149e-07
1.75173e-08
5.57798e-07
1.5322e-08
4.90727e-07
1.34154e-08
4.35517e-07
3.89766e-07
1.19393e-08
4.11264e-07
-3.08329e-06
-4.11216e-07
-7.3156e-06
-5.30451e-07
-2.06269e-06
4.22167e-08
3.28181e-06
3.97587e-07
1.12965e-06
2.87945e-07
-9.82332e-07
2.86211e-07
-1.32178e-06
4.86602e-07
-6.53588e-07
3.05728e-07
-1.97129e-06
4.5013e-07
-2.19765e-06
5.51207e-07
-1.5427e-06
1.54168e-07
-2.10779e-06
3.82927e-08
-2.23529e-06
-4.5137e-07
-2.73185e-06
-1.04038e-06
-2.27496e-06
-1.28313e-06
-1.58004e-06
-1.39657e-06
-9.58379e-07
-1.17136e-06
-1.16111e-07
-9.54439e-07
1.75544e-07
-8.84042e-07
2.8609e-07
-7.47263e-07
4.86978e-07
-5.80184e-07
6.39588e-07
-4.14814e-07
7.0757e-07
-2.85869e-07
6.93179e-07
-1.94811e-07
6.39118e-07
-1.30431e-07
5.73772e-07
-8.29198e-08
5.10285e-07
-4.59691e-08
4.53775e-07
-1.56048e-08
4.05154e-07
3.63545e-07
1.06175e-08
4.07333e-07
-2.66869e-06
-3.79474e-07
-6.52879e-06
-4.85511e-07
-1.95665e-06
6.77903e-08
2.72851e-06
3.88054e-07
8.09383e-07
3.06948e-07
-9.01227e-07
2.88527e-07
-1.30336e-06
4.46471e-07
-8.11532e-07
2.77426e-07
-1.80224e-06
7.86002e-08
-1.99883e-06
1.30735e-07
-1.59483e-06
7.49325e-08
-2.05199e-06
-3.70162e-08
-2.12334e-06
-3.50172e-07
-2.41869e-06
-6.12052e-07
-2.01308e-06
-8.65896e-07
-1.3262e-06
-1.16217e-06
-6.62101e-07
-1.11696e-06
-1.61324e-07
-1.02836e-06
8.6945e-08
-9.78977e-07
2.3671e-07
-8.72784e-07
3.80788e-07
-7.30859e-07
4.97662e-07
-5.75032e-07
5.51741e-07
-4.35756e-07
5.53905e-07
-3.2038e-07
5.23744e-07
-2.27221e-07
4.80614e-07
-1.51867e-07
4.34929e-07
-8.96968e-08
3.91604e-07
-3.68442e-08
3.52303e-07
3.17179e-07
9.52243e-09
3.98955e-07
-2.28208e-06
-3.43578e-07
-5.78626e-06
-4.39295e-07
-1.86094e-06
8.5463e-08
2.20375e-06
3.71567e-07
5.23279e-07
3.18737e-07
-8.48397e-07
2.86734e-07
-1.27136e-06
4.21965e-07
-9.46763e-07
2.93382e-07
-1.67366e-06
2.02296e-07
-1.90774e-06
2.18796e-07
-1.61133e-06
5.39122e-08
-1.8871e-06
-1.73144e-07
-1.89629e-06
-6.41848e-07
-1.94998e-06
-9.64808e-07
-1.69011e-06
-1.13977e-06
-1.15124e-06
-1.18363e-06
-6.18244e-07
-1.06831e-06
-2.76643e-07
-9.83616e-07
2.25584e-09
-9.19635e-07
1.72732e-07
-8.34024e-07
2.95176e-07
-7.184e-07
3.82034e-07
-5.89162e-07
4.22501e-07
-4.64366e-07
4.29112e-07
-3.53325e-07
4.12706e-07
-2.57905e-07
3.85194e-07
-1.76545e-07
3.53566e-07
-1.06563e-07
3.21623e-07
-4.54045e-08
2.91148e-07
2.62829e-07
8.94665e-09
3.88698e-07
-1.9271e-06
-3.03934e-07
-5.09363e-06
-3.92732e-07
-1.77214e-06
9.74456e-08
1.71357e-06
3.51501e-07
2.69222e-07
3.22787e-07
-8.19684e-07
2.85673e-07
-1.23424e-06
3.8319e-07
-1.04428e-06
2.80246e-07
-1.57071e-06
1.73254e-07
-1.80075e-06
1.69108e-07
-1.60718e-06
1.50859e-08
-1.73308e-06
-1.10548e-07
-1.77065e-06
-3.32462e-07
-1.72807e-06
-6.53894e-07
-1.36868e-06
-8.96229e-07
-9.08906e-07
-9.51823e-07
-5.62652e-07
-9.38482e-07
-2.89984e-07
-9.07238e-07
-2.89861e-08
-8.40452e-07
1.05946e-07
-7.57112e-07
2.11834e-07
-6.54026e-07
2.78945e-07
-5.4408e-07
3.12556e-07
-4.36794e-07
3.21829e-07
-3.38537e-07
3.14451e-07
-2.51086e-07
2.97742e-07
-1.74067e-07
2.76545e-07
-1.06101e-07
2.53658e-07
-4.57397e-08
2.3079e-07
2.08806e-07
8.28553e-09
3.76303e-07
-1.60663e-06
-2.61559e-07
-4.45577e-06
-3.46092e-07
-1.68761e-06
1.04584e-07
1.26289e-06
3.28815e-07
4.49898e-08
3.19458e-07
-8.10327e-07
2.82235e-07
-1.19702e-06
3.5274e-07
-1.11478e-06
2.76251e-07
-1.49422e-06
1.52923e-07
-1.67743e-06
1.01875e-07
-1.55614e-06
-3.68174e-08
-1.59439e-06
-2.58353e-07
-1.54912e-06
-5.56835e-07
-1.42959e-06
-7.37196e-07
-1.18832e-06
-7.83741e-07
-8.62362e-07
-8.28365e-07
-5.1803e-07
-8.47807e-07
-2.70543e-07
-8.01357e-07
-7.54354e-08
-7.45455e-07
5.0043e-08
-6.72085e-07
1.38462e-07
-5.85848e-07
1.92706e-07
-4.94229e-07
2.20938e-07
-4.03255e-07
2.30858e-07
-3.17481e-07
2.2868e-07
-2.38713e-07
2.18974e-07
-1.67232e-07
2.05063e-07
-1.02771e-07
1.89198e-07
-4.47061e-08
1.72729e-07
1.56496e-07
7.60762e-09
3.61375e-07
-1.3228e-06
-2.17877e-07
-3.87652e-06
-2.99665e-07
-1.60582e-06
1.07701e-07
8.55526e-07
3.03979e-07
-1.5129e-07
3.094e-07
-8.15749e-07
2.76005e-07
-1.16363e-06
3.19161e-07
-1.15794e-06
2.55063e-07
-1.43012e-06
1.41796e-07
-1.56416e-06
7.76943e-08
-1.49204e-06
-5.66186e-08
-1.46008e-06
-2.02323e-07
-1.40341e-06
-3.74261e-07
-1.25765e-06
-5.69475e-07
-9.93105e-07
-7.1452e-07
-7.17318e-07
-7.76621e-07
-4.5593e-07
-7.62173e-07
-2.84991e-07
-7.18629e-07
-1.18979e-07
-6.58018e-07
-1.05684e-08
-5.85648e-07
6.60905e-08
-5.07115e-07
1.14171e-07
-4.27502e-07
1.41328e-07
-3.50154e-07
1.53514e-07
-2.77058e-07
1.55586e-07
-2.09262e-07
1.51178e-07
-1.47117e-07
1.42917e-07
-9.05251e-08
1.32607e-07
-3.92348e-08
1.21442e-07
1.10165e-07
7.10046e-09
3.43436e-07
-1.07667e-06
-1.74461e-07
-3.35862e-06
-2.53895e-07
-1.52639e-06
1.07339e-07
4.9429e-07
2.77355e-07
-3.21307e-07
2.93476e-07
-8.31871e-07
2.65756e-07
-1.1359e-06
2.87547e-07
-1.17973e-06
2.3051e-07
-1.37308e-06
1.23452e-07
-1.4571e-06
3.95032e-08
-1.40809e-06
-8.6714e-08
-1.33386e-06
-2.4738e-07
-1.24275e-06
-4.21328e-07
-1.0837e-06
-5.42658e-07
-8.71774e-07
-6.09061e-07
-6.50917e-07
-6.21209e-07
-4.43783e-07
-6.32543e-07
-2.73656e-07
-6.05606e-07
-1.45915e-07
-5.61009e-07
-5.5166e-08
-5.03273e-07
8.3529e-09
-4.3885e-07
4.97485e-08
-3.72125e-07
7.46051e-08
-3.06053e-07
8.74451e-08
-2.42809e-07
9.23444e-08
-1.83662e-07
9.20311e-08
-1.29263e-07
8.85171e-08
-7.95598e-08
8.29031e-08
-3.4493e-08
7.63767e-08
6.94687e-08
6.20535e-09
3.21963e-07
-8.68393e-07
-1.32868e-07
-2.90379e-06
-2.09492e-07
-1.44977e-06
1.03984e-07
1.80813e-07
2.49264e-07
-4.66588e-07
2.72306e-07
-8.54914e-07
2.50936e-07
-1.11453e-06
2.55929e-07
-1.18472e-06
2.0137e-07
-1.31852e-06
1.0688e-07
-1.36261e-06
1.7125e-08
-1.31834e-06
-9.38435e-08
-1.22289e-06
-2.23262e-07
-1.11333e-06
-3.50377e-07
-9.56582e-07
-4.54767e-07
-7.67384e-07
-5.24411e-07
-5.81274e-07
-5.56229e-07
-4.11965e-07
-5.4908e-07
-2.80804e-07
-5.19675e-07
-1.75319e-07
-4.7678e-07
-9.80617e-08
-4.25276e-07
-4.31536e-08
-3.69548e-07
-5.98119e-09
-3.12894e-07
1.79522e-08
-2.57614e-07
3.21662e-08
-2.04885e-07
3.9617e-08
-1.55436e-07
4.25828e-08
-1.09562e-07
4.26419e-08
-6.75468e-08
4.08869e-08
-2.92126e-08
3.80424e-08
3.4737e-08
5.51973e-09
2.95874e-07
-6.96969e-07
-9.4965e-08
-2.51295e-06
-1.67461e-07
-1.37728e-06
9.80362e-08
-8.46859e-08
2.19779e-07
-5.88331e-07
2.46493e-07
-8.81629e-07
2.30974e-07
-1.09901e-06
2.23833e-07
-1.17758e-06
1.71865e-07
-1.26656e-06
8.95706e-08
-1.28032e-06
-1.40957e-09
-1.22737e-06
-1.00245e-07
-1.12405e-06
-2.11255e-07
-1.00232e-06
-3.14399e-07
-8.53437e-07
-3.91533e-07
-6.90251e-07
-4.38162e-07
-5.34646e-07
-4.52635e-07
-3.97492e-07
-4.48577e-07
-2.84859e-07
-4.26059e-07
-1.97837e-07
-3.91759e-07
-1.32364e-07
-3.50134e-07
-8.4783e-08
-3.04788e-07
-5.13303e-08
-2.58291e-07
-2.85463e-08
-2.1256e-07
-1.35639e-08
-1.68843e-07
-4.09813e-09
-1.27842e-07
1.58195e-09
-9.0032e-08
4.83205e-09
-5.53057e-08
6.16006e-09
-2.37766e-08
6.51282e-09
6.28706e-09
4.67319e-09
2.6393e-07
-5.60598e-07
-6.21136e-08
-2.18691e-06
-1.28283e-07
-1.31111e-06
8.91687e-08
-3.02139e-07
1.88546e-07
-6.87707e-07
2.16192e-07
-9.09276e-07
2.05394e-07
-1.08821e-06
1.90858e-07
-1.16304e-06
1.42574e-07
-1.21828e-06
7.10711e-08
-1.20882e-06
-1.16217e-08
-1.14468e-06
-9.68486e-08
-1.03883e-06
-1.85185e-07
-9.13978e-07
-2.63866e-07
-7.74755e-07
-3.22186e-07
-6.31932e-07
-3.572e-07
-4.99633e-07
-3.69802e-07
-3.84891e-07
-3.63321e-07
-2.91339e-07
-3.43723e-07
-2.17437e-07
-3.15119e-07
-1.60971e-07
-2.81096e-07
-1.18811e-07
-2.4445e-07
-8.79804e-08
-2.0718e-07
-6.58172e-08
-1.70656e-07
-5.00874e-08
-1.35747e-07
-3.90053e-08
-1.02956e-07
-3.12075e-08
-7.24284e-08
-2.56946e-08
-4.45017e-08
-2.1766e-08
-1.90711e-08
-1.89176e-08
-1.6807e-08
4.02305e-09
2.24664e-07
-4.56702e-07
-3.59795e-08
-1.92627e-06
-9.33332e-08
-1.25376e-06
7.7099e-08
-4.72574e-07
1.55218e-07
-7.65825e-07
1.81184e-07
-9.35242e-07
1.73733e-07
-1.08076e-06
1.56412e-07
-1.14572e-06
1.13741e-07
-1.17561e-06
5.32979e-08
-1.14837e-06
-1.63135e-08
-1.07507e-06
-8.68132e-08
-9.68325e-07
-1.55249e-07
-8.45541e-07
-2.13682e-07
-7.16322e-07
-2.55536e-07
-5.90079e-07
-2.79352e-07
-4.7582e-07
-2.86527e-07
-3.77719e-07
-2.80498e-07
-2.9737e-07
-2.64667e-07
-2.3327e-07
-2.42242e-07
-1.83399e-07
-2.15838e-07
-1.45219e-07
-1.87482e-07
-1.16339e-07
-1.58686e-07
-9.4613e-08
-1.30499e-07
-7.82738e-08
-1.03598e-07
-6.59045e-08
-7.83847e-08
-5.64187e-08
-5.50608e-08
-4.90167e-08
-3.36984e-08
-4.31272e-08
-1.42699e-08
-3.83453e-08
-3.43846e-08
3.30813e-09
1.76114e-07
-3.82645e-07
-1.76005e-08
-1.73255e-06
-6.29371e-08
-1.20842e-06
6.14388e-08
-5.96951e-07
1.18737e-07
-8.23123e-07
1.40503e-07
-9.57006e-07
1.35663e-07
-1.07592e-06
1.19562e-07
-1.12962e-06
8.50143e-08
-1.14106e-06
3.75776e-08
-1.10094e-06
-1.6261e-08
-1.02123e-06
-6.96943e-08
-9.1489e-07
-1.19208e-07
-7.96025e-07
-1.59872e-07
-6.75659e-07
-1.88226e-07
-5.61728e-07
-2.03874e-07
-4.60176e-07
-2.0785e-07
-3.73744e-07
-2.02651e-07
-3.0257e-07
-1.9063e-07
-2.45291e-07
-1.74055e-07
-1.99975e-07
-1.54752e-07
-1.64521e-07
-1.34178e-07
-1.36913e-07
-1.13381e-07
-1.1541e-07
-9.30933e-08
-9.85608e-08
-7.37854e-08
-8.52114e-08
-5.5729e-08
-7.44741e-08
-3.90547e-08
-6.56902e-08
-2.37977e-08
-5.83836e-08
-9.93182e-09
-5.22107e-08
-4.69233e-08
2.6071e-09
1.15774e-07
-3.36574e-07
-7.52498e-09
-1.60925e-06
-3.68017e-08
-1.17914e-06
4.12557e-08
-6.75009e-07
7.74906e-08
-8.59358e-07
9.28096e-08
-9.72324e-07
9.02583e-08
-1.07337e-06
7.86482e-08
-1.11801e-06
5.51262e-08
-1.11755e-06
2.3569e-08
-1.06938e-06
-1.17461e-08
-9.8591e-07
-4.62745e-08
-8.8036e-07
-7.71164e-08
-7.65183e-07
-1.01675e-07
-6.51103e-07
-1.18381e-07
-5.45025e-07
-1.27209e-07
-4.51351e-07
-1.29093e-07
-3.71862e-07
-1.25508e-07
-3.06153e-07
-1.17835e-07
-2.52961e-07
-1.07404e-07
-2.10403e-07
-9.53404e-08
-1.76584e-07
-8.25206e-08
-1.49732e-07
-6.96033e-08
-1.28328e-07
-5.70415e-08
-1.11123e-07
-4.51231e-08
-9.71305e-08
-3.40073e-08
-8.55906e-08
-2.37618e-08
-7.59363e-08
-1.43953e-08
-6.77506e-08
-5.88197e-09
-6.07245e-08
-5.46276e-08
1.822e-09
4.06038e-08
-3.23034e-09
-1.28184e-08
1.50321e-08
2.82346e-08
3.43753e-08
3.37845e-08
2.94983e-08
2.07621e-08
9.17965e-09
-3.6756e-09
-1.60709e-08
-2.67409e-08
-3.50394e-08
-4.05959e-08
-4.34891e-08
-4.41138e-08
-4.28938e-08
-4.0318e-08
-3.68161e-08
-3.27583e-08
-2.84364e-08
-2.4067e-08
-1.97992e-08
-1.57256e-08
-1.18955e-08
-8.3297e-09
-5.03259e-09
-2.00013e-09
7.72069e-10
-2.16899e-09
3.79883e-07
3.58425e-09
4.20279e-07
9.3895e-09
4.6173e-07
1.50501e-08
5.04926e-07
1.95823e-08
5.52419e-07
2.7567e-08
6.04483e-07
5.12932e-08
6.9098e-07
5.80942e-08
5.52434e-07
-1.32839e-08
8.86785e-07
-2.31585e-07
2.08335e-06
-5.79483e-07
1.67055e-06
-5.93106e-07
-3.40168e-07
1.40488e-08
-2.11841e-06
1.16183e-07
-2.55707e-06
-1.52756e-07
-1.04755e-06
-2.45591e-08
-1.84946e-06
5.03275e-08
-1.45079e-06
8.48398e-08
-1.1942e-06
1.06258e-07
-8.19374e-07
1.01514e-07
-2.95384e-07
7.72532e-08
1.09758e-07
5.06364e-08
3.7963e-07
3.00698e-08
3.59174e-07
2.91335e-08
2.44936e-07
3.43479e-08
2.79043e-07
4.03481e-08
2.96671e-07
4.50014e-08
3.11883e-07
4.9632e-08
2.65986e-07
1.89207e-07
8.56947e-08
-1.12745e-08
-4.00571e-09
3.76031e-07
4.88862e-11
4.16222e-07
3.95172e-09
4.57825e-07
7.60364e-09
5.01274e-07
9.08638e-09
5.50937e-07
1.45206e-08
5.99046e-07
3.46043e-08
6.70897e-07
2.79835e-08
5.59052e-07
-4.08019e-08
9.55572e-07
-1.65254e-07
2.20781e-06
-4.30919e-07
1.93622e-06
-8.6924e-07
9.81563e-08
-9.67638e-07
-2.02002e-06
-3.16053e-07
-3.20866e-06
-1.59941e-07
-1.20366e-06
-2.46676e-08
-1.98473e-06
2.20144e-08
-1.49747e-06
7.8689e-08
-1.25088e-06
1.02858e-07
-8.43543e-07
1.02644e-07
-2.95169e-07
9.49953e-08
1.17407e-07
5.62849e-08
4.18341e-07
5.29132e-08
3.62546e-07
1.06127e-07
1.91722e-07
1.54172e-07
2.30999e-07
2.07307e-07
2.43536e-07
2.45494e-07
2.73695e-07
4.23902e-07
8.75789e-08
6.52933e-07
-1.43337e-07
-5.45848e-08
-6.08641e-09
3.74235e-07
-4.31731e-09
4.14452e-07
-2.93563e-09
4.56442e-07
-2.23422e-09
5.00573e-07
-2.52076e-09
5.51225e-07
1.75204e-09
5.94769e-07
1.68193e-08
6.55831e-07
3.81354e-09
5.72056e-07
-5.01522e-08
1.00954e-06
-1.0209e-07
2.25975e-06
-3.18849e-07
2.15298e-06
-8.34368e-07
6.13678e-07
-1.42657e-06
-1.42782e-06
-1.35766e-06
-3.27756e-06
2.27009e-07
-2.78833e-06
2.98655e-08
-1.78759e-06
5.24822e-08
-1.52009e-06
1.24218e-07
-1.32261e-06
1.54934e-07
-8.74259e-07
1.52621e-07
-2.92857e-07
9.14131e-08
1.78615e-07
8.62391e-08
4.23515e-07
2.29956e-07
2.18829e-07
3.68071e-07
5.36066e-08
5.20709e-07
7.83609e-08
7.52022e-07
1.22226e-08
9.08337e-07
1.1738e-07
1.38189e-06
-3.85974e-07
2.60523e-06
-1.36667e-06
-1.35189e-07
-8.28703e-09
3.74939e-07
-9.27178e-09
4.15437e-07
-1.0812e-08
4.57981e-07
-1.27079e-08
5.0247e-07
-1.23548e-08
5.50873e-07
-6.3099e-09
5.88721e-07
7.36894e-09
6.42153e-07
-2.15313e-08
6.00955e-07
-4.58167e-08
1.03382e-06
-5.2536e-08
2.26647e-06
-3.31746e-07
2.43219e-06
-8.44694e-07
1.12663e-06
-5.24004e-07
-1.74851e-06
-1.07961e-06
-2.72196e-06
-2.79492e-07
-3.58845e-06
8.31875e-08
-2.15027e-06
1.59714e-07
-1.59661e-06
2.4047e-07
-1.40337e-06
2.62743e-07
-8.96532e-07
1.99772e-07
-2.29885e-07
7.72384e-08
3.01148e-07
2.31958e-07
2.68795e-07
5.44896e-07
-9.41083e-08
7.16071e-07
-1.17568e-07
8.82913e-07
-8.84813e-08
1.10449e-06
-2.09353e-07
1.13373e-06
8.81364e-08
1.30196e-06
-5.54207e-07
2.17973e-06
-2.24444e-06
-7.60904e-07
-1.02467e-08
3.78282e-07
-1.40905e-08
4.19282e-07
-1.85613e-08
4.62453e-07
-2.29485e-08
5.06856e-07
-2.3335e-08
5.51261e-07
-1.58294e-08
5.81212e-07
-5.22557e-09
6.3155e-07
-4.666e-08
6.42389e-07
-4.88576e-08
1.03602e-06
-1.10337e-08
2.22864e-06
-2.45818e-07
2.66698e-06
-5.31212e-07
1.41202e-06
-1.04918e-06
-1.23054e-06
-8.55423e-07
-2.91572e-06
7.45878e-07
-5.18975e-06
5.75291e-08
-1.46192e-06
2.37709e-07
-1.7768e-06
3.27368e-07
-1.49303e-06
3.14791e-07
-8.83955e-07
1.63985e-07
-7.90789e-08
1.62925e-07
3.02207e-07
5.05912e-07
-7.41922e-08
8.17477e-07
-4.05673e-07
1.00857e-06
-3.08662e-07
1.08938e-06
-1.69294e-07
1.17362e-06
-2.9359e-07
7.31559e-07
5.30198e-07
1.23296e-06
-1.0556e-06
2.489e-06
-3.50048e-06
-8.31371e-07
-1.13843e-08
3.83793e-07
-1.75149e-08
4.25416e-07
-2.42014e-08
4.69142e-07
-3.03776e-08
5.13032e-07
-3.23121e-08
5.53195e-07
-3.18172e-08
5.80716e-07
-2.18124e-08
6.21546e-07
-5.1679e-08
6.72255e-07
-3.65791e-08
1.02092e-06
1.90304e-08
2.17303e-06
-2.27862e-07
2.91388e-06
-7.52594e-07
1.93675e-06
-2.36683e-06
3.83707e-07
-3.30153e-06
-1.98101e-06
-2.26931e-06
-6.22197e-06
-1.93337e-08
-3.7119e-06
2.29624e-07
-2.02575e-06
2.9426e-07
-1.55766e-06
2.1271e-07
-8.02406e-07
1.37136e-07
-3.50458e-09
3.89501e-07
4.98421e-08
7.84528e-07
-4.69219e-07
1.03914e-06
-6.60282e-07
1.24784e-06
-5.17361e-07
1.45529e-06
-3.76744e-07
1.34671e-06
-1.85017e-07
2.93304e-07
1.58361e-06
9.61534e-07
-1.72383e-06
2.56491e-06
-5.10386e-06
-7.18133e-07
-1.08378e-08
3.90046e-07
-1.76015e-08
4.32183e-07
-2.4534e-08
4.76078e-07
-3.03677e-08
5.18863e-07
-3.24232e-08
5.5525e-07
-3.02763e-08
5.78569e-07
-1.71892e-08
6.08459e-07
-2.30665e-08
6.78131e-07
3.11478e-09
9.94737e-07
8.21263e-08
2.09402e-06
-1.16009e-07
3.11201e-06
-5.08518e-07
2.32927e-06
-7.80854e-07
6.56047e-07
5.0156e-07
-3.26342e-06
5.78439e-07
-6.29885e-06
1.47818e-07
-3.28127e-06
2.53679e-07
-2.13161e-06
1.91401e-07
-1.49539e-06
1.21051e-07
-7.32056e-07
2.60243e-07
-1.42697e-07
6.08404e-07
-2.98319e-07
9.4912e-07
-8.09935e-07
1.20693e-06
-9.18088e-07
2.16543e-06
-1.47587e-06
2.36404e-06
-5.7535e-07
1.66002e-06
5.19002e-07
2.12304e-07
3.03132e-06
8.26605e-07
-2.33814e-06
2.44314e-06
-6.7204e-06
-6.97491e-07
-7.69961e-09
3.9459e-07
-1.23027e-08
4.3679e-07
-1.62358e-08
4.80015e-07
-1.79964e-08
5.20622e-07
-1.49277e-08
5.5218e-07
-5.40737e-09
5.69049e-07
1.23043e-08
5.90747e-07
2.6636e-08
6.63798e-07
5.51215e-08
9.66253e-07
2.4541e-07
1.90373e-06
2.89729e-07
3.06769e-06
4.12669e-08
2.57773e-06
1.52381e-07
5.44924e-07
-8.51635e-07
-2.25941e-06
-2.24461e-06
-4.90588e-06
-3.06978e-07
-5.2189e-06
2.50168e-07
-2.68876e-06
1.62672e-07
-1.40789e-06
1.97856e-07
-7.6724e-07
4.78264e-07
-4.23104e-07
8.77617e-07
-6.97673e-07
1.20353e-06
-1.13585e-06
9.55173e-07
-6.69731e-07
1.56922e-06
-2.08991e-06
2.35075e-06
-1.35688e-06
1.62576e-06
1.24399e-06
3.66886e-07
4.2902e-06
8.11746e-07
-2.783e-06
2.1849e-06
-8.09355e-06
-9.62641e-07
-1.6424e-09
3.94545e-07
-9.42321e-10
4.36092e-07
1.43322e-09
4.77642e-07
7.14405e-09
5.1491e-07
1.79054e-08
5.41417e-07
3.40387e-08
5.52917e-07
5.63796e-08
5.68404e-07
7.58908e-08
6.44284e-07
1.26119e-07
9.16026e-07
4.43499e-07
1.58635e-06
6.38352e-07
2.87284e-06
2.94798e-07
2.92129e-06
-4.23557e-07
1.26328e-06
-2.23695e-06
-4.46008e-07
-3.17512e-06
-3.96769e-06
-1.05145e-06
-7.34257e-06
-5.60043e-08
-3.68421e-06
2.7639e-07
-1.74028e-06
4.16207e-07
-9.07057e-07
6.61922e-07
-6.68819e-07
1.03113e-06
-1.06688e-06
1.41719e-06
-1.52191e-06
1.47788e-06
-7.30421e-07
1.96313e-06
-2.57517e-06
2.20625e-06
-1.6e-06
1.51744e-06
1.9328e-06
6.18464e-07
5.18918e-06
8.26461e-07
-2.99099e-06
1.85677e-06
-9.12386e-06
-1.64199e-06
6.48349e-09
3.87881e-07
1.4565e-08
4.28012e-07
2.50005e-08
4.67208e-07
3.84387e-08
5.01473e-07
5.42082e-08
5.25647e-07
6.82638e-08
5.3886e-07
7.6619e-08
5.60046e-07
7.85544e-08
6.42345e-07
1.38362e-07
8.56217e-07
5.12067e-07
1.21265e-06
7.76495e-07
2.60841e-06
6.14615e-07
3.08317e-06
4.65229e-07
1.41267e-06
-3.27216e-08
5.19432e-08
-1.51214e-06
-2.48828e-06
-2.35057e-06
-6.50414e-06
-7.70206e-07
-5.26458e-06
5.44179e-07
-3.05467e-06
6.40201e-07
-1.00308e-06
9.32404e-07
-9.61021e-07
1.27725e-06
-1.41172e-06
2.01577e-06
-2.26044e-06
1.75378e-06
-4.68435e-07
1.62045e-06
-2.44184e-06
1.78019e-06
-1.75973e-06
1.31193e-06
2.40106e-06
7.71836e-07
5.72927e-06
6.85706e-07
-2.90486e-06
1.53023e-06
-9.96838e-06
-2.81971e-06
1.41931e-08
3.75164e-07
2.8654e-08
4.13552e-07
4.49531e-08
4.50908e-07
6.12782e-08
4.85149e-07
7.05709e-08
5.16356e-07
5.73218e-08
5.52107e-07
3.8912e-09
6.13474e-07
-9.32632e-08
7.39496e-07
-6.33739e-08
8.26325e-07
2.54129e-07
8.95141e-07
6.99974e-07
2.16256e-06
9.82617e-07
2.80053e-06
9.31148e-07
1.46413e-06
7.18423e-07
2.64669e-07
1.12282e-06
-2.89268e-06
1.39803e-06
-6.77934e-06
1.85095e-06
-5.71749e-06
9.59907e-07
-2.16363e-06
8.58529e-07
-9.01701e-07
9.63133e-07
-1.06563e-06
1.24521e-06
-1.6938e-06
1.48932e-06
-2.50455e-06
2.02238e-06
-1.0015e-06
1.41514e-06
-1.8346e-06
1.29065e-06
-1.63524e-06
1.01953e-06
2.67218e-06
7.74192e-07
5.97461e-06
5.35288e-07
-2.66596e-06
1.20986e-06
-1.0643e-05
-4.02188e-06
1.82244e-08
3.60449e-07
3.43215e-08
3.97455e-07
5.04785e-08
4.34749e-07
6.08931e-08
4.74737e-07
4.89161e-08
5.28336e-07
-1.63506e-08
6.1737e-07
-1.56218e-07
7.5334e-07
-3.29323e-07
9.12599e-07
-3.62152e-07
8.59148e-07
-1.92789e-07
7.25779e-07
4.96741e-07
1.47303e-06
1.14984e-06
2.14744e-06
1.01398e-06
1.59998e-06
1.57145e-06
-2.92799e-07
1.13315e-06
-2.45438e-06
3.2388e-07
-5.97007e-06
7.74368e-07
-6.16797e-06
-4.48103e-08
-1.34445e-06
1.00954e-06
-1.95605e-06
8.62662e-07
-9.18751e-07
8.20236e-07
-1.65137e-06
8.2286e-07
-2.50717e-06
8.05241e-07
-9.83876e-07
6.83014e-07
-1.71237e-06
7.06379e-07
-1.6586e-06
6.81311e-07
2.69725e-06
7.24012e-07
5.93191e-06
5.90094e-07
-2.53204e-06
7.13227e-07
-1.07661e-05
-4.74738e-06
1.53614e-08
3.51438e-07
2.45722e-08
3.88245e-07
3.12442e-08
4.28074e-07
2.78711e-08
4.78112e-07
-2.7073e-09
5.58918e-07
-8.9108e-08
7.03768e-07
-2.54262e-07
9.18493e-07
-3.94994e-07
1.05333e-06
-5.0764e-07
9.71789e-07
-5.43846e-07
7.61988e-07
-1.52197e-08
9.44398e-07
3.73337e-07
1.75889e-06
5.62579e-07
1.41074e-06
1.23879e-06
-9.6901e-07
1.1614e-06
-2.37698e-06
-1.27447e-07
-4.68122e-06
-8.54786e-07
-5.44064e-06
4.44039e-07
-2.64328e-06
1.10424e-06
-2.61625e-06
7.42328e-07
-5.56837e-07
1.01805e-06
-1.92709e-06
8.70534e-07
-2.35966e-06
4.02482e-07
-5.15822e-07
2.7132e-07
-1.58121e-06
2.03939e-07
-1.59122e-06
3.72113e-07
2.52907e-06
6.78683e-07
5.62534e-06
5.53914e-07
-2.40727e-06
1.81659e-07
-1.03938e-05
-4.78884e-06
-3.64139e-09
3.654e-07
-2.12653e-08
4.0587e-07
-4.61415e-08
4.52949e-07
-8.15974e-08
5.13569e-07
-1.2731e-07
6.04633e-07
-1.76418e-07
7.52874e-07
-2.16185e-07
9.58259e-07
-2.34748e-07
1.07189e-06
-3.06539e-07
1.04358e-06
-4.22973e-07
8.78424e-07
-1.57833e-07
6.79258e-07
3.07629e-07
1.29343e-06
7.67261e-07
9.51111e-07
1.09141e-06
-1.29316e-06
1.1202e-06
-2.40576e-06
4.89997e-07
-4.05102e-06
-4.36498e-07
-4.51415e-06
-2.24622e-07
-2.85516e-06
-8.25962e-08
-2.75828e-06
-1.5105e-07
-4.88385e-07
2.41582e-07
-2.31973e-06
4.42195e-07
-2.56027e-06
1.32387e-07
-2.06012e-07
-3.87193e-08
-1.4101e-06
-1.50082e-07
-1.47985e-06
1.53068e-07
2.22592e-06
6.3814e-07
5.14027e-06
4.69983e-07
-2.23912e-06
-2.15365e-07
-9.70849e-06
-4.53668e-06
-1.01504e-08
3.88087e-07
-3.71748e-08
4.32896e-07
-7.1313e-08
4.87087e-07
-1.12742e-07
5.54997e-07
-1.52237e-07
6.44128e-07
-1.64352e-07
7.64988e-07
-1.19301e-07
9.13207e-07
-6.63239e-08
1.01891e-06
2.36868e-10
9.77018e-07
1.19673e-07
7.58984e-07
3.62008e-07
4.36929e-07
9.10195e-07
7.45239e-07
1.39787e-06
4.63436e-07
1.36854e-06
-1.26383e-06
1.19841e-06
-2.23563e-06
6.64461e-07
-3.51708e-06
2.20383e-08
-3.87173e-06
-4.25967e-07
-2.40715e-06
-6.33674e-07
-2.55057e-06
-5.48781e-08
-1.06718e-06
-1.50841e-07
-2.22376e-06
-2.24327e-07
-2.48679e-06
-1.67653e-07
-2.62684e-07
-1.85573e-07
-1.39218e-06
-3.36306e-07
-1.32912e-06
3.35074e-08
1.85611e-06
6.05084e-07
4.56869e-06
4.84639e-07
-2.11867e-06
-3.29138e-07
-8.89471e-06
-4.0983e-06
1.05835e-08
3.89443e-07
9.07652e-09
4.34404e-07
7.55578e-09
4.88611e-07
8.03191e-09
5.5452e-07
1.81988e-08
6.33959e-07
5.75367e-08
7.25652e-07
1.51794e-07
8.18949e-07
3.00251e-07
8.70448e-07
4.72622e-07
8.04653e-07
6.31019e-07
6.0058e-07
7.65992e-07
3.01961e-07
1.20738e-06
3.03853e-07
1.60903e-06
6.17808e-08
1.47289e-06
-1.12769e-06
1.12304e-06
-1.88579e-06
3.94297e-07
-2.78833e-06
-3.12168e-07
-3.16526e-06
-3.55573e-07
-2.36375e-06
-3.64714e-07
-2.54144e-06
3.30604e-08
-1.46496e-06
-1.22103e-07
-2.0686e-06
-4.62847e-07
-2.14605e-06
-2.62351e-07
-4.63178e-07
-2.55876e-07
-1.39866e-06
-4.04822e-07
-1.18017e-06
-2.34101e-08
1.4747e-06
5.65965e-07
3.97932e-06
4.4534e-07
-1.99805e-06
-3.9194e-07
-8.05743e-06
-3.64185e-06
3.68239e-08
3.63234e-07
6.71395e-08
4.04088e-07
1.04004e-07
4.51751e-07
1.51354e-07
5.07169e-07
2.1567e-07
5.69639e-07
3.06938e-07
6.34386e-07
4.37253e-07
6.88633e-07
6.04722e-07
7.02974e-07
7.76514e-07
6.32865e-07
9.11409e-07
4.65682e-07
9.67976e-07
2.45394e-07
1.15716e-06
1.14678e-07
1.38014e-06
-1.61205e-07
1.24776e-06
-9.95315e-07
9.77609e-07
-1.61563e-06
4.4325e-07
-2.25397e-06
-2.08252e-08
-2.70118e-06
-1.52284e-07
-2.23229e-06
-5.66319e-07
-2.1274e-06
-4.71403e-07
-1.55987e-06
-3.14318e-07
-2.22569e-06
-4.85203e-07
-1.97516e-06
-2.83113e-07
-6.65266e-07
-2.91849e-07
-1.38992e-06
-4.15899e-07
-1.05612e-06
-6.44518e-08
1.12325e-06
5.23227e-07
3.39164e-06
4.22439e-07
-1.89726e-06
-3.95239e-07
-7.23976e-06
-3.19001e-06
5.58248e-08
3.16928e-07
1.08473e-07
3.51438e-07
1.70281e-07
3.89948e-07
2.45127e-07
4.32324e-07
3.37766e-07
4.76996e-07
4.5297e-07
5.19184e-07
5.92973e-07
5.48629e-07
7.50528e-07
5.45418e-07
8.95415e-07
4.87978e-07
9.99163e-07
3.61938e-07
1.03924e-06
2.05307e-07
1.11e-06
4.39341e-08
1.14694e-06
-1.98155e-07
8.43865e-07
-6.92234e-07
5.82988e-07
-1.35475e-06
3.29849e-07
-2.00084e-06
3.46427e-08
-2.40598e-06
-7.27454e-08
-2.1249e-06
-1.16246e-07
-2.08391e-06
-6.80852e-08
-1.60804e-06
-2.79001e-07
-2.01477e-06
-4.44796e-07
-1.80937e-06
-2.85951e-07
-8.24109e-07
-3.11991e-07
-1.36388e-06
-4.06047e-07
-9.62063e-07
-8.87512e-08
8.05957e-07
4.78124e-07
2.82476e-06
3.89967e-07
-1.80911e-06
-3.91547e-07
-6.45824e-06
-2.76181e-06
6.32423e-08
2.62629e-07
1.24222e-07
2.90454e-07
1.93894e-07
3.2028e-07
2.74815e-07
3.51406e-07
3.69772e-07
3.82035e-07
4.80539e-07
4.08419e-07
6.05582e-07
4.23586e-07
7.3581e-07
4.15191e-07
8.52343e-07
3.71443e-07
9.35669e-07
2.78619e-07
9.92214e-07
1.48759e-07
1.06668e-06
-3.05265e-08
1.17584e-06
-3.07316e-07
1.12948e-06
-6.45875e-07
9.45263e-07
-1.17054e-06
6.3397e-07
-1.68955e-06
1.75758e-07
-1.94777e-06
-5.21112e-08
-1.89703e-06
-2.24367e-07
-1.91165e-06
-2.08598e-07
-1.62381e-06
-2.96803e-07
-1.92656e-06
-4.21794e-07
-1.68438e-06
-2.85066e-07
-9.60836e-07
-3.24722e-07
-1.32423e-06
-3.88764e-07
-8.9802e-07
-1.05171e-07
5.22364e-07
4.31917e-07
2.28767e-06
3.5339e-07
-1.73058e-06
-3.83609e-07
-5.72124e-06
-2.36222e-06
6.22743e-08
2.08637e-07
1.22522e-07
2.30202e-07
1.90296e-07
2.52509e-07
2.67046e-07
2.74659e-07
3.54144e-07
2.94935e-07
4.52048e-07
3.10515e-07
5.59246e-07
3.16386e-07
6.69104e-07
3.05334e-07
7.7169e-07
2.68855e-07
8.52543e-07
1.9777e-07
9.14756e-07
8.65439e-08
9.36708e-07
-5.24787e-08
9.43106e-07
-3.13712e-07
8.84029e-07
-5.86803e-07
6.40528e-07
-9.27035e-07
3.24568e-07
-1.37358e-06
1.08715e-07
-1.73192e-06
-1.44652e-08
-1.77385e-06
-1.71385e-07
-1.75473e-06
-1.75901e-07
-1.61929e-06
-2.8268e-07
-1.81978e-06
-3.83352e-07
-1.58371e-06
-2.85095e-07
-1.05909e-06
-3.29484e-07
-1.27984e-06
-3.67741e-07
-8.59762e-07
-1.15752e-07
2.70375e-07
3.85583e-07
1.78634e-06
3.13031e-07
-1.65803e-06
-3.7381e-07
-5.0344e-06
-1.99506e-06
5.98919e-08
1.56353e-07
1.17862e-07
1.72229e-07
1.82156e-07
1.88215e-07
2.53384e-07
2.03432e-07
3.31805e-07
2.16513e-07
4.17155e-07
2.25165e-07
5.07575e-07
2.25965e-07
5.9861e-07
2.14299e-07
6.83781e-07
1.83681e-07
7.55462e-07
1.26089e-07
8.07045e-07
3.49606e-08
8.48585e-07
-9.40217e-08
8.24719e-07
-2.89845e-07
7.74528e-07
-5.36614e-07
7.25564e-07
-8.78073e-07
5.50471e-07
-1.19849e-06
2.55398e-07
-1.43685e-06
3.77066e-08
-1.55615e-06
-1.03679e-07
-1.61334e-06
-1.5484e-07
-1.56813e-06
-2.78971e-07
-1.69565e-06
-3.54138e-07
-1.50854e-06
-2.82603e-07
-1.13063e-06
-3.26654e-07
-1.23578e-06
-3.4397e-07
-8.42444e-07
-1.21456e-07
4.78613e-08
3.39314e-07
1.32557e-06
2.69952e-07
-1.58867e-06
-3.62022e-07
-4.40243e-06
-1.66323e-06
5.34127e-08
1.10043e-07
1.04627e-07
1.21013e-07
1.61082e-07
1.3176e-07
2.23007e-07
1.41508e-07
2.90485e-07
1.49035e-07
3.63172e-07
1.52477e-07
4.39907e-07
1.4923e-07
5.1866e-07
1.35545e-07
5.95803e-07
1.06537e-07
6.65744e-07
5.61468e-08
7.23424e-07
-2.27188e-08
7.62927e-07
-1.33526e-07
7.73909e-07
-3.00826e-07
7.09977e-07
-4.7268e-07
5.63325e-07
-7.31422e-07
3.68966e-07
-1.00413e-06
1.99657e-07
-1.26754e-06
5.62791e-08
-1.41278e-06
-8.02615e-08
-1.4768e-06
-1.44086e-07
-1.5043e-06
-2.57611e-07
-1.58212e-06
-3.2115e-07
-1.445e-06
-2.77251e-07
-1.17452e-06
-3.1686e-07
-1.19618e-06
-3.17989e-07
-8.41315e-07
-1.23095e-07
-1.47033e-07
2.9335e-07
9.09123e-07
2.25491e-07
-1.52081e-06
-3.47894e-07
-3.82905e-06
-1.36888e-06
4.68842e-08
6.93655e-08
9.1884e-08
7.60135e-08
1.41458e-07
8.21849e-08
1.95647e-07
8.73194e-08
2.54468e-07
9.02144e-08
3.17216e-07
8.97283e-08
3.82679e-07
8.37676e-08
4.48575e-07
6.96486e-08
5.11853e-07
4.326e-08
5.6794e-07
5.96556e-11
6.10394e-07
-6.51708e-08
6.34598e-07
-1.57729e-07
6.20426e-07
-2.86654e-07
6.05218e-07
-4.57469e-07
5.38053e-07
-6.64256e-07
4.17577e-07
-8.83649e-07
2.44777e-07
-1.09473e-06
8.57463e-08
-1.25374e-06
-4.18013e-08
-1.34925e-06
-1.25347e-07
-1.42076e-06
-2.33215e-07
-1.47425e-06
-2.90011e-07
-1.3882e-06
-2.67746e-07
-1.19679e-06
-3.01002e-07
-1.16292e-06
-2.90127e-07
-8.5219e-07
-1.21156e-07
-3.16004e-07
2.48176e-07
5.39791e-07
1.81262e-07
-1.45389e-06
-3.30974e-07
-3.31681e-06
-1.1132e-06
4.02362e-08
3.46499e-08
7.85136e-08
3.77366e-08
1.2043e-07
4.02679e-08
1.66097e-07
4.16529e-08
2.15285e-07
4.10253e-08
2.67588e-07
3.74254e-08
3.22311e-07
2.90444e-08
3.78126e-07
1.38337e-08
4.32738e-07
-1.13503e-08
4.82723e-07
-4.99252e-08
5.23856e-07
-1.06303e-07
5.51184e-07
-1.85054e-07
5.56315e-07
-2.91784e-07
5.22804e-07
-4.23956e-07
4.51929e-07
-5.9338e-07
3.47487e-07
-7.79206e-07
2.20986e-07
-9.68232e-07
9.24716e-08
-1.12523e-06
-1.94976e-08
-1.23728e-06
-1.08576e-07
-1.33168e-06
-2.0401e-07
-1.37882e-06
-2.58513e-07
-1.3337e-06
-2.53499e-07
-1.2018e-06
-2.79648e-07
-1.13677e-06
-2.60789e-07
-8.71049e-07
-1.16242e-07
-4.60551e-07
2.04442e-07
2.19106e-07
1.38908e-07
-1.38836e-06
-3.10589e-07
-2.86731e-06
-8.96466e-07
3.31128e-08
6.21034e-09
6.4603e-08
6.24625e-09
9.91813e-08
5.68925e-09
1.36934e-07
3.89922e-09
1.77679e-07
2.80375e-10
2.21075e-07
-5.9713e-09
2.66279e-07
-1.61597e-08
3.12126e-07
-3.20137e-08
3.56604e-07
-5.5828e-08
3.97127e-07
-9.04477e-08
4.30103e-07
-1.39278e-07
4.51085e-07
-2.06036e-07
4.53614e-07
-2.94313e-07
4.37572e-07
-4.07913e-07
3.89927e-07
-5.45735e-07
3.12422e-07
-7.01701e-07
2.09381e-07
-8.65192e-07
9.8748e-08
-1.0146e-06
-7.4418e-10
-1.13779e-06
-9.12149e-08
-1.24121e-06
-1.74371e-07
-1.29566e-06
-2.26458e-07
-1.28162e-06
-2.33955e-07
-1.1943e-06
-2.53421e-07
-1.11731e-06
-2.29936e-07
-8.94535e-07
-1.08575e-07
-5.81912e-07
1.62953e-07
-5.24222e-08
1.00149e-07
-1.32556e-06
-2.85762e-07
-2.4814e-06
-7.17829e-07
2.71012e-08
-1.6868e-08
5.24798e-08
-1.91327e-08
8.03635e-08
-2.21949e-08
1.10679e-07
-2.64166e-08
1.43268e-07
-3.23095e-08
1.77891e-07
-4.05951e-08
2.14017e-07
-5.22867e-08
2.50759e-07
-6.87556e-08
2.86716e-07
-9.17858e-08
3.19869e-07
-1.23601e-07
3.47457e-07
-1.66867e-07
3.65904e-07
-2.24483e-07
3.71157e-07
-2.99567e-07
3.57418e-07
-3.94175e-07
3.21492e-07
-5.09811e-07
2.62653e-07
-6.42864e-07
1.83805e-07
-7.86344e-07
9.54182e-08
-9.2621e-07
9.81735e-09
-1.05219e-06
-7.288e-08
-1.15851e-06
-1.449e-07
-1.22364e-06
-1.93403e-07
-1.23311e-06
-2.08632e-07
-1.17908e-06
-2.22551e-07
-1.10339e-06
-1.97345e-07
-9.19743e-07
-9.80434e-08
-6.81214e-07
1.24611e-07
-2.75077e-07
6.65232e-08
-1.26747e-06
-2.55338e-07
-2.15954e-06
-5.75489e-07
2.08767e-08
-3.44364e-08
4.02721e-08
-3.85283e-08
6.15699e-08
-4.3493e-08
8.47836e-08
-4.96307e-08
1.09835e-07
-5.7361e-08
1.36507e-07
-6.72686e-08
1.64384e-07
-8.01646e-08
1.9277e-07
-9.71425e-08
2.20605e-07
-1.19621e-07
2.46376e-07
-1.49373e-07
2.68034e-07
-1.88526e-07
2.83007e-07
-2.39457e-07
2.88069e-07
-3.0463e-07
2.80013e-07
-3.8612e-07
2.55426e-07
-4.85225e-07
2.13012e-07
-6.0045e-07
1.54228e-07
-7.27561e-07
8.56078e-08
-8.57591e-07
1.47667e-08
-9.81348e-07
-5.49825e-08
-1.08876e-06
-1.15809e-07
-1.16282e-06
-1.58778e-07
-1.19015e-06
-1.76952e-07
-1.1609e-06
-1.86548e-07
-1.09379e-06
-1.62396e-07
-9.43896e-07
-8.43158e-08
-7.59295e-07
9.03115e-08
-4.49704e-07
3.95269e-08
-1.21669e-06
-2.17682e-07
-1.90233e-06
-4.6701e-07
1.51395e-08
-4.69687e-08
2.89823e-08
-5.23712e-08
4.41934e-08
-5.87043e-08
6.07913e-08
-6.6229e-08
7.87316e-08
-7.53018e-08
9.78735e-08
-8.6411e-08
1.17934e-07
-1.00225e-07
1.38431e-07
-1.17641e-07
1.58625e-07
-1.39816e-07
1.77455e-07
-1.68204e-07
1.93478e-07
-2.0455e-07
2.04869e-07
-2.50849e-07
2.09406e-07
-3.09168e-07
2.04723e-07
-3.81438e-07
1.8846e-07
-4.68963e-07
1.59593e-07
-5.71584e-07
1.18544e-07
-6.86512e-07
6.8787e-08
-8.07834e-07
1.5079e-08
-9.2764e-07
-3.89506e-08
-1.03473e-06
-8.66787e-08
-1.11509e-06
-1.21572e-07
-1.15526e-06
-1.38511e-07
-1.14397e-06
-1.44793e-07
-1.08751e-06
-1.24299e-07
-9.64391e-07
-6.67766e-08
-8.16819e-07
6.08043e-08
-5.77285e-07
2.03625e-08
-1.17625e-06
-1.70924e-07
-1.71104e-06
-3.89678e-07
9.52248e-09
-5.46693e-08
1.80232e-08
-6.0872e-08
2.73637e-08
-6.8045e-08
3.75642e-08
-7.64298e-08
4.86093e-08
-8.63472e-08
6.04234e-08
-9.82255e-08
7.28394e-08
-1.12642e-07
8.5562e-08
-1.30364e-07
9.81321e-08
-1.52386e-07
1.0989e-07
-1.79962e-07
1.19953e-07
-2.14613e-07
1.27205e-07
-2.58101e-07
1.30347e-07
-3.1231e-07
1.28009e-07
-3.791e-07
1.18759e-07
-4.59713e-07
1.01677e-07
-5.54503e-07
7.68292e-08
-6.61664e-07
4.57743e-08
-7.7678e-07
1.10123e-08
-8.92878e-07
-2.44957e-08
-9.99227e-07
-5.62914e-08
-1.08329e-06
-8.00406e-08
-1.13151e-06
-9.22434e-08
-1.13176e-06
-9.56513e-08
-1.0841e-06
-8.11074e-08
-9.78936e-07
-4.46555e-08
-8.53271e-07
3.54372e-08
-6.57378e-07
9.29182e-09
-1.1501e-06
-1.1251e-07
-1.58924e-06
-3.41654e-07
3.54329e-09
6.57211e-09
9.8611e-09
1.34116e-08
1.72156e-08
2.12484e-08
2.54569e-08
2.97456e-08
3.39635e-08
3.78936e-08
4.12445e-08
4.36492e-08
4.46902e-08
4.38878e-08
4.0821e-08
3.5116e-08
2.66929e-08
1.5922e-08
3.44925e-09
-9.46975e-09
-2.11361e-08
-3.00044e-08
-3.4569e-08
-3.53546e-08
-2.95121e-08
-1.62582e-08
1.22943e-08
3.84349e-09
-3.9474e-08
)
;

boundaryField
{
    leftWall
    {
        type            calculated;
        value           uniform 0;
    }
    rightWall
    {
        type            calculated;
        value           uniform 0;
    }
    lowerWall
    {
        type            calculated;
        value           uniform 0;
    }
    atmosphere
    {
        type            calculated;
        value           nonuniform List<scalar> 
120
(
3.99314e-07
6.95423e-07
2.68316e-06
2.78859e-06
2.5292e-06
2.41459e-06
2.3833e-06
2.41393e-06
2.49794e-06
2.6798e-06
2.45466e-06
1.53474e-06
3.23768e-07
-4.26563e-07
-7.54829e-07
-8.46579e-07
-8.48654e-07
-8.21935e-07
-7.85571e-07
-7.43678e-07
-6.96773e-07
-6.45206e-07
-5.89569e-07
-5.30238e-07
-4.67299e-07
-4.00302e-07
-3.28562e-07
-2.50171e-07
-1.61845e-07
-5.70872e-08
-3.20091e-07
-1.56542e-06
-1.16956e-06
-7.02859e-07
-8.72561e-07
-9.78464e-07
-1.07278e-06
-1.11372e-06
-1.10881e-06
-1.0578e-06
-9.73054e-07
-8.67964e-07
-7.54514e-07
-6.42808e-07
-5.39471e-07
-4.48459e-07
-3.71235e-07
-3.07371e-07
-2.55534e-07
-2.13903e-07
-1.80642e-07
-1.54055e-07
-1.32699e-07
-1.15393e-07
-1.01206e-07
-8.94219e-08
-7.95031e-08
-7.10485e-08
-6.37575e-08
-5.74001e-08
-5.74408e-08
-6.3901e-08
-7.13341e-08
-7.99804e-08
-9.01513e-08
-1.02258e-07
-1.1685e-07
-1.34652e-07
-1.56604e-07
-1.83892e-07
-2.17964e-07
-2.60506e-07
-3.13351e-07
-3.78298e-07
-4.56646e-07
-5.48798e-07
-6.53242e-07
-7.66009e-07
-8.80406e-07
-9.86308e-07
-1.07163e-06
-1.12264e-06
-1.1272e-06
-1.08332e-06
-9.84779e-07
-8.66526e-07
-6.8593e-07
-1.14165e-06
-1.54592e-06
-3.24553e-07
3.99506e-07
6.96243e-07
2.68583e-06
2.80545e-06
2.55947e-06
2.45167e-06
2.4225e-06
2.45005e-06
2.53611e-06
2.70795e-06
2.41203e-06
1.43872e-06
2.23121e-07
-4.67524e-07
-7.67525e-07
-8.48386e-07
-8.47083e-07
-8.19744e-07
-7.832e-07
-7.4097e-07
-6.93856e-07
-6.42246e-07
-5.86647e-07
-5.27328e-07
-4.64401e-07
-3.97678e-07
-3.26161e-07
-2.48257e-07
-1.60533e-07
-5.65746e-08
)
;
    }
    defaultFaces
    {
        type            empty;
        value           nonuniform 0();
    }
}


// ************************************************************************* //
