/*--------------------------------*- C++ -*----------------------------------*\
| =========                 |                                                 |
| \\      /  F ield         | OpenFOAM: The Open Source CFD Toolbox           |
|  \\    /   O peration     | Version:  2.4.0                                 |
|   \\  /    A nd           | Web:      www.OpenFOAM.org                      |
|    \\/     M anipulation  |                                                 |
\*---------------------------------------------------------------------------*/
FoamFile
{
    version     2.0;
    format      ascii;
    class       surfaceScalarField;
    location    "0.04";
    object      phi;
}
// * * * * * * * * * * * * * * * * * * * * * * * * * * * * * * * * * * * * * //

dimensions      [0 3 -1 0 0 0 0];

internalField   nonuniform List<scalar> 
7080
(
-6.29842e-08
6.29842e-08
-2.11257e-07
1.48273e-07
-2.12847e-07
1.59007e-09
-4.04743e-07
1.91895e-07
-4.54674e-07
4.99315e-08
-6.68528e-07
2.13854e-07
-7.582e-07
8.96717e-08
-9.83601e-07
2.25401e-07
-1.12005e-06
1.36452e-07
-1.34257e-06
2.22518e-07
-1.49957e-06
1.56999e-07
-1.69495e-06
1.95384e-07
-1.84466e-06
1.49711e-07
-2.00108e-06
1.56412e-07
-2.13885e-06
1.37769e-07
-2.29311e-06
1.54264e-07
-2.48931e-06
1.96196e-07
-2.78872e-06
2.99417e-07
-3.25843e-06
4.69709e-07
-3.88692e-06
6.28492e-07
-4.43353e-06
5.46608e-07
-4.49081e-06
5.72753e-08
-4.10597e-06
-3.84834e-07
-3.73462e-06
-3.71351e-07
-3.5574e-06
-1.77226e-07
-3.22078e-06
-3.36619e-07
-2.63447e-06
-5.86311e-07
-1.8092e-06
-8.25272e-07
-1.03226e-06
-7.76934e-07
-7.42832e-07
-2.8943e-07
-6.45961e-08
1.2758e-07
-2.13548e-07
2.97224e-07
-2.16219e-07
4.261e-09
-4.08903e-07
3.8458e-07
-4.60677e-07
1.01705e-07
-6.76262e-07
4.29439e-07
-7.66123e-07
1.79533e-07
-9.93866e-07
4.53144e-07
-1.12547e-06
2.68051e-07
-1.34481e-06
4.41859e-07
-1.49553e-06
3.0772e-07
-1.69502e-06
3.94873e-07
-1.84475e-06
2.99448e-07
-2.01441e-06
3.26066e-07
-2.15284e-06
2.76202e-07
-2.29871e-06
3.00133e-07
-2.43801e-06
3.35499e-07
-2.58913e-06
4.5054e-07
-2.75434e-06
6.34913e-07
-2.96976e-06
8.43916e-07
-3.3016e-06
8.7845e-07
-3.71822e-06
4.7389e-07
-4.00491e-06
-9.81422e-08
-3.87972e-06
-4.96545e-07
-3.1976e-06
-8.59345e-07
-2.22171e-06
-1.3125e-06
-1.35629e-06
-1.45174e-06
-6.67537e-07
-1.51402e-06
1.14163e-07
-1.55863e-06
-1.28708e-06
6.58415e-07
-6.47795e-08
1.9236e-07
-2.11708e-07
4.44153e-07
-2.14657e-07
7.20992e-09
-4.04488e-07
5.7441e-07
-4.57799e-07
1.55016e-07
-6.71863e-07
6.43503e-07
-7.6026e-07
2.6793e-07
-9.92896e-07
6.8578e-07
-1.13338e-06
4.08533e-07
-1.37579e-06
6.84271e-07
-1.54041e-06
4.7234e-07
-1.75244e-06
6.06899e-07
-1.89894e-06
4.45947e-07
-2.04951e-06
4.76643e-07
-2.14508e-06
3.7177e-07
-2.21362e-06
3.68671e-07
-2.22134e-06
3.43223e-07
-2.15254e-06
3.81735e-07
-1.95161e-06
4.33987e-07
-1.60304e-06
4.95341e-07
-1.17626e-06
4.51676e-07
-9.29292e-07
2.26919e-07
-7.89176e-07
-2.38258e-07
-5.82319e-07
-7.03402e-07
-8.94693e-08
-1.35219e-06
4.15299e-07
-1.81727e-06
6.1235e-07
-1.64879e-06
5.95423e-07
-1.4971e-06
6.02923e-07
-1.56613e-06
-1.20208e-06
5.17919e-07
-6.50401e-08
2.574e-07
-2.08729e-07
5.87842e-07
-2.12252e-07
1.07329e-08
-3.97391e-07
7.59549e-07
-4.53274e-07
2.10899e-07
-6.64379e-07
8.54608e-07
-7.48256e-07
3.51807e-07
-9.76868e-07
9.14392e-07
-1.0946e-06
5.26262e-07
-1.31459e-06
9.04262e-07
-1.44884e-06
6.06591e-07
-1.6607e-06
8.18763e-07
-1.79564e-06
5.80881e-07
-1.98047e-06
6.61474e-07
-2.08231e-06
4.73612e-07
-2.19215e-06
4.78516e-07
-2.20609e-06
3.5716e-07
-2.16495e-06
3.40595e-07
-1.99696e-06
2.65993e-07
-1.71954e-06
2.17926e-07
-1.34227e-06
7.44014e-08
-1.00262e-06
-1.12725e-07
-7.29518e-07
-5.11364e-07
-5.8738e-07
-8.4554e-07
-5.51647e-07
-1.38793e-06
-4.844e-07
-1.88452e-06
-3.63763e-07
-1.76943e-06
-1.35796e-07
-1.72506e-06
-3.70426e-08
-1.66489e-06
-1.33357e-06
9.4449e-08
-6.54987e-08
3.22899e-07
-2.04588e-07
7.26931e-07
-2.09334e-07
1.54792e-08
-3.87551e-07
9.37766e-07
-4.47634e-07
2.70982e-07
-6.54595e-07
1.06157e-06
-7.36972e-07
4.34184e-07
-9.77673e-07
1.15509e-06
-1.11653e-06
6.65118e-07
-1.38443e-06
1.17217e-06
-1.55468e-06
7.76838e-07
-1.79031e-06
1.05439e-06
-1.94135e-06
7.31921e-07
-2.10077e-06
8.20895e-07
-2.18428e-06
5.57116e-07
-2.23862e-06
5.32865e-07
-2.21772e-06
3.36251e-07
-2.14578e-06
2.68665e-07
-2.00625e-06
1.2646e-07
-1.8218e-06
3.34726e-08
-1.6471e-06
-1.00297e-07
-1.52491e-06
-2.34919e-07
-1.57873e-06
-4.57543e-07
-1.60947e-06
-8.14801e-07
-1.56525e-06
-1.43214e-06
-1.37794e-06
-2.07183e-06
-1.07871e-06
-2.06866e-06
-6.15802e-07
-2.18797e-06
-2.12173e-07
-2.06852e-06
-1.81549e-06
2.69745e-07
-6.62794e-08
3.89178e-07
-1.99069e-07
8.59721e-07
-2.06334e-07
2.27438e-08
-3.74547e-07
1.10598e-06
-4.41145e-07
3.3758e-07
-6.4112e-07
1.26154e-06
-7.15362e-07
5.08427e-07
-9.40985e-07
1.38072e-06
-1.03962e-06
7.63757e-07
-1.26113e-06
1.39368e-06
-1.37597e-06
8.91676e-07
-1.60966e-06
1.28808e-06
-1.7376e-06
8.59862e-07
-1.96484e-06
1.04814e-06
-2.06807e-06
6.60347e-07
-2.22616e-06
6.90948e-07
-2.24563e-06
3.55721e-07
-2.2706e-06
2.93638e-07
-2.1769e-06
3.27559e-08
-2.0586e-06
-8.48267e-08
-1.87854e-06
-2.80356e-07
-1.71814e-06
-3.95318e-07
-1.60443e-06
-5.71252e-07
-1.42551e-06
-9.93724e-07
-1.05854e-06
-1.79911e-06
-7.01363e-07
-2.42901e-06
-2.52154e-07
-2.51787e-06
1.95829e-07
-2.63595e-06
4.08451e-07
-2.28114e-06
-2.17227e-06
7.65231e-07
-6.76033e-08
4.56781e-07
-1.91774e-07
9.83892e-07
-2.0419e-07
3.51598e-08
-3.57663e-07
1.25945e-06
-4.34566e-07
4.14482e-07
-6.25997e-07
1.45298e-06
-7.01601e-07
5.84031e-07
-9.53737e-07
1.63285e-06
-1.08996e-06
8.99982e-07
-1.39225e-06
1.69596e-06
-1.57327e-06
1.0727e-06
-1.84355e-06
1.55836e-06
-2.01857e-06
1.03488e-06
-2.20841e-06
1.23798e-06
-2.32823e-06
7.80165e-07
-2.41304e-06
7.75762e-07
-2.4354e-06
3.78071e-07
-2.40901e-06
2.67249e-07
-2.31118e-06
-6.50695e-08
-2.18834e-06
-2.07664e-07
-2.03191e-06
-4.36788e-07
-1.83237e-06
-5.9486e-07
-1.56432e-06
-8.39303e-07
-1.16864e-06
-1.38941e-06
-7.18305e-07
-2.24944e-06
-2.23622e-07
-2.92369e-06
2.54855e-07
-2.99635e-06
4.01478e-07
-2.78257e-06
6.09181e-07
-2.48884e-06
-2.51425e-06
9.51159e-07
-6.98637e-08
5.26645e-07
-1.81761e-07
1.09579e-06
-2.04384e-07
5.7783e-08
-3.35332e-07
1.3904e-06
-4.28495e-07
5.07645e-07
-6.04561e-07
1.62904e-06
-6.67827e-07
6.47297e-07
-8.80111e-07
1.84514e-06
-9.56389e-07
9.76261e-07
-1.17394e-06
1.91351e-06
-1.26737e-06
1.16613e-06
-1.5293e-06
1.82029e-06
-1.6629e-06
1.16848e-06
-1.96112e-06
1.53621e-06
-2.1152e-06
9.34244e-07
-2.38456e-06
1.04512e-06
-2.50124e-06
4.94748e-07
-2.65865e-06
4.24662e-07
-2.68275e-06
-4.09745e-08
-2.63207e-06
-2.58342e-07
-2.38423e-06
-6.84622e-07
-1.97529e-06
-1.00381e-06
-1.41664e-06
-1.39795e-06
-7.18171e-07
-2.08788e-06
-1.1528e-07
-2.85233e-06
1.20423e-06
-4.2432e-06
1.69533e-06
-3.48745e-06
1.79542e-06
-2.88267e-06
2.00594e-06
-2.69935e-06
-2.43064e-06
1.92233e-06
-7.32405e-08
5.99885e-07
-1.68978e-07
1.19153e-06
-2.04665e-07
9.34695e-08
-3.04831e-07
1.49057e-06
-4.25261e-07
6.28074e-07
-5.84517e-07
1.7883e-06
-6.55367e-07
7.18146e-07
-9.22123e-07
2.11189e-06
-1.05641e-06
1.11054e-06
-1.40217e-06
2.25928e-06
-1.59732e-06
1.36128e-06
-1.90986e-06
2.13283e-06
-2.12077e-06
1.37938e-06
-2.35678e-06
1.77223e-06
-2.54671e-06
1.12417e-06
-2.69705e-06
1.19546e-06
-2.82417e-06
6.2187e-07
-2.90566e-06
5.06152e-07
-2.92342e-06
-2.32166e-08
-2.92414e-06
-2.57621e-07
-2.88372e-06
-7.25045e-07
-2.71937e-06
-1.16815e-06
-2.33563e-06
-1.78169e-06
-1.77492e-06
-2.64859e-06
-1.01368e-06
-3.61357e-06
3.16946e-06
-8.42634e-06
3.59014e-06
-3.90812e-06
3.75196e-06
-3.04449e-06
3.52089e-06
-2.46829e-06
-1.96427e-06
3.05452e-06
-7.72844e-08
6.7717e-07
-1.56021e-07
1.27026e-06
-2.01598e-07
1.39046e-07
-2.69281e-07
1.55825e-06
-4.27626e-07
7.8642e-07
-5.50301e-07
1.91097e-06
-6.05336e-07
7.73181e-07
-7.85162e-07
2.29172e-06
-8.35525e-07
1.16091e-06
-1.0355e-06
2.45925e-06
-1.10334e-06
1.42912e-06
-1.3935e-06
2.42299e-06
-1.5342e-06
1.52009e-06
-1.92576e-06
2.16378e-06
-2.16174e-06
1.36015e-06
-2.59706e-06
1.63077e-06
-2.88458e-06
9.09393e-07
-3.30289e-06
9.24458e-07
-3.63396e-06
3.07858e-07
-4.07593e-06
1.84346e-07
-4.39506e-06
-4.05909e-07
-4.83481e-06
-7.28409e-07
-5.34667e-06
-1.26982e-06
-5.92952e-06
-2.06575e-06
-5.53899e-06
-4.00409e-06
6.40331e-06
-2.03686e-05
6.75071e-06
-4.25552e-06
6.03995e-06
-2.33373e-06
5.26049e-06
-1.68882e-06
-1.4959e-06
4.79213e-06
-8.13596e-08
7.58529e-07
-1.45547e-07
1.33445e-06
-1.94404e-07
1.87903e-07
-2.36893e-07
1.60074e-06
-4.38647e-07
9.88174e-07
-5.26339e-07
1.99866e-06
-6.00297e-07
8.47139e-07
-8.86528e-07
2.57795e-06
-1.02461e-06
1.29898e-06
-1.4225e-06
2.85715e-06
-1.62741e-06
1.63403e-06
-1.98125e-06
2.77683e-06
-2.228e-06
1.76684e-06
-2.5137e-06
2.44948e-06
-2.79828e-06
1.64473e-06
-3.03155e-06
1.86404e-06
-3.31981e-06
1.19766e-06
-3.5819e-06
1.18655e-06
-3.9575e-06
6.83457e-07
-4.42075e-06
6.47593e-07
-5.17941e-06
3.52745e-07
-6.29703e-06
3.89217e-07
-7.76159e-06
1.94736e-07
-9.34433e-06
-4.83012e-07
-7.46774e-06
-5.88067e-06
6.96216e-06
-3.47985e-05
9.72254e-06
-7.0159e-06
8.70007e-06
-1.31126e-06
7.55913e-06
-5.47888e-07
-5.09342e-07
6.57257e-06
-8.51934e-08
8.43723e-07
-1.37461e-07
1.38672e-06
-1.83111e-07
2.33554e-07
-2.06577e-07
1.62421e-06
-4.49354e-07
1.23095e-06
-4.6561e-07
2.01492e-06
-5.2651e-07
9.08039e-07
-6.41382e-07
2.69282e-06
-6.59782e-07
1.31738e-06
-8.17967e-07
3.01534e-06
-8.59459e-07
1.67552e-06
-1.16439e-06
3.08176e-06
-1.29244e-06
1.89489e-06
-1.78096e-06
2.93799e-06
-2.08359e-06
1.94737e-06
-2.70534e-06
2.48579e-06
-3.14333e-06
1.63565e-06
-3.78695e-06
1.83017e-06
-4.30366e-06
1.20017e-06
-5.04293e-06
1.38686e-06
-5.76158e-06
1.0714e-06
-7.00767e-06
1.6353e-06
-8.08211e-06
1.26918e-06
-9.04047e-06
4.7534e-07
-3.69697e-07
-1.45514e-05
3.11326e-08
-3.51994e-05
7.22386e-06
-1.42086e-05
8.0213e-06
-2.10871e-06
7.83555e-06
-3.62135e-07
7.09935e-08
7.25521e-06
-8.89437e-08
9.32666e-07
-1.30716e-07
1.42849e-06
-1.67291e-07
2.70129e-07
-1.77597e-07
1.63451e-06
-4.61772e-07
1.51512e-06
-4.35144e-07
1.98829e-06
-5.43497e-07
1.01639e-06
-8.58084e-07
3.00741e-06
-1.01365e-06
1.47295e-06
-1.47151e-06
3.47319e-06
-1.66814e-06
1.87215e-06
-2.04732e-06
3.46094e-06
-2.31328e-06
2.16085e-06
-2.6164e-06
3.24112e-06
-3.02864e-06
2.3596e-06
-3.26404e-06
2.72119e-06
-3.67897e-06
2.05058e-06
-3.84685e-06
1.99805e-06
-4.12071e-06
1.47402e-06
-4.26114e-06
1.52729e-06
-4.36002e-06
1.17028e-06
-4.47124e-06
1.74653e-06
-4.21121e-06
1.00915e-06
-3.0799e-06
-6.55972e-07
1.0377e-05
-2.80083e-05
-4.16711e-06
-2.06553e-05
6.15739e-07
-1.89915e-05
4.63721e-06
-6.13018e-06
5.29474e-06
-1.01966e-06
1.69196e-07
5.19653e-06
-9.30402e-08
1.02571e-06
-1.24925e-07
1.46038e-06
-1.4572e-07
2.90924e-07
-1.46742e-07
1.63553e-06
-4.71487e-07
1.83987e-06
-3.37683e-07
1.85449e-06
-4.27554e-07
1.10626e-06
-4.26378e-07
3.00623e-06
-4.10575e-07
1.45714e-06
-4.848e-07
3.54742e-06
-5.17561e-07
1.90491e-06
-7.95192e-07
3.73857e-06
-8.78003e-07
2.24366e-06
-1.43233e-06
3.79544e-06
-1.75179e-06
2.67907e-06
-2.56547e-06
3.53487e-06
-3.08334e-06
2.56845e-06
-3.85129e-06
2.766e-06
-4.2818e-06
1.90453e-06
-4.47991e-06
1.7254e-06
-4.1607e-06
8.51073e-07
-2.93588e-06
5.21706e-07
-1.18907e-06
-7.37659e-07
5.46763e-07
-2.39181e-06
9.50735e-06
-3.69689e-05
6.7903e-06
-1.79382e-05
4.78679e-06
-1.6988e-05
6.58596e-06
-7.92935e-06
6.48512e-06
-9.18826e-07
6.39958e-07
6.01436e-06
-9.79388e-08
1.12365e-06
-1.20097e-07
1.48253e-06
-1.16795e-07
2.87622e-07
-1.19483e-07
1.63822e-06
-4.92561e-07
2.21295e-06
-3.49033e-07
1.71096e-06
-5.12533e-07
1.26976e-06
-8.56759e-07
3.35046e-06
-1.04871e-06
1.64909e-06
-1.57746e-06
4.07617e-06
-1.73261e-06
2.06007e-06
-2.10164e-06
4.1076e-06
-2.35808e-06
2.50009e-06
-2.59861e-06
4.03598e-06
-3.20029e-06
3.28075e-06
-3.40822e-06
3.74279e-06
-4.12656e-06
3.28679e-06
-4.16178e-06
2.80122e-06
-4.55929e-06
2.30203e-06
-4.28535e-06
1.45147e-06
-4.03033e-06
5.96057e-07
-1.91647e-06
-1.59216e-06
6.94111e-06
-9.59523e-06
1.9228e-05
-1.46787e-05
1.1362e-05
-2.91029e-05
1.16684e-05
-1.82447e-05
5.67917e-06
-1.09987e-05
4.67123e-06
-6.92141e-06
3.97724e-06
-2.24834e-07
9.96642e-07
3.62055e-06
-1.04154e-07
1.2278e-06
-1.16131e-07
1.49451e-06
-7.67146e-08
2.48206e-07
-8.81939e-08
1.6497e-06
-5.08725e-07
2.63348e-06
-2.14221e-07
1.41646e-06
-3.09747e-07
1.36529e-06
-1.15043e-07
3.15575e-06
-8.18014e-08
1.61585e-06
1.8635e-08
3.97573e-06
-9.08344e-08
2.16954e-06
-2.3333e-07
4.2501e-06
-2.73795e-07
2.54056e-06
-7.85572e-07
4.54775e-06
-1.08674e-06
3.58191e-06
-2.16248e-06
4.81854e-06
-2.89658e-06
4.02089e-06
-4.41105e-06
4.3157e-06
-5.54312e-06
3.43411e-06
-6.98282e-06
2.89116e-06
-7.33215e-06
9.45386e-07
-6.80389e-06
-2.12042e-06
6.39157e-06
-2.27907e-05
1.96853e-05
-2.79725e-05
3.11619e-06
-1.25338e-05
-5.75233e-06
-9.37614e-06
-3.65496e-06
-1.30961e-05
8.85489e-07
-1.14619e-05
-1.1803e-07
7.78685e-07
1.04725e-06
-1.68638e-07
-1.12328e-07
1.34013e-06
-1.13314e-07
1.4955e-06
-2.3854e-08
1.58745e-07
-7.0204e-08
1.69605e-06
-5.63342e-07
3.12662e-06
-2.86399e-07
1.13951e-06
-5.15724e-07
1.59461e-06
-9.02587e-07
3.54262e-06
-1.16198e-06
1.87525e-06
-1.78271e-06
4.59646e-06
-1.84333e-06
2.23016e-06
-2.1117e-06
4.51847e-06
-2.23986e-06
2.66872e-06
-2.33627e-06
4.64416e-06
-3.09832e-06
4.34396e-06
-3.37281e-06
5.09303e-06
-4.4947e-06
5.14277e-06
-4.54911e-06
4.37011e-06
-5.69399e-06
4.57899e-06
-6.2675e-06
3.46467e-06
-1.20965e-05
6.77443e-06
-1.25694e-05
-1.64756e-06
-1.18233e-05
-2.35368e-05
-1.601e-05
-2.37858e-05
-1.67786e-05
-1.17652e-05
-1.73131e-05
-8.84161e-06
-6.10169e-06
-2.43075e-05
-1.612e-06
-1.59516e-05
-1.24664e-06
4.13322e-07
1.63821e-06
-1.83759e-06
-1.23282e-07
1.46341e-06
-1.09141e-07
1.48136e-06
2.36365e-08
2.59679e-08
-1.79303e-08
1.73762e-06
-5.52776e-07
3.66146e-06
-9.22014e-08
6.78938e-07
-1.09873e-07
1.61229e-06
2.62802e-07
3.16994e-06
4.13357e-07
1.72469e-06
5.88293e-07
4.42152e-06
4.59255e-07
2.3592e-06
4.6799e-07
4.50973e-06
5.45437e-07
2.59127e-06
2.6081e-07
4.92879e-06
2.26131e-08
4.58216e-06
-9.24778e-07
6.04042e-06
-1.83876e-06
6.05676e-06
-4.21091e-06
6.74226e-06
-6.86135e-06
7.22943e-06
-1.07656e-05
7.36894e-06
-1.16017e-05
7.61047e-06
-7.16697e-06
-6.08226e-06
-8.73187e-06
-2.19719e-05
-5.82339e-06
-2.66943e-05
3.73214e-06
-2.13207e-05
6.05587e-06
-1.11653e-05
4.88173e-06
-2.31333e-05
-2.86251e-06
-8.20732e-06
6.61587e-07
-3.11078e-06
7.36362e-07
1.56343e-06
-1.37743e-07
1.60115e-06
-1.18524e-07
1.46214e-06
5.42814e-08
-1.46838e-07
-3.81234e-08
1.83002e-06
-7.34073e-07
4.35741e-06
-2.08308e-07
1.53172e-07
-4.85112e-07
1.88909e-06
-1.01075e-06
3.69558e-06
-1.39591e-06
2.10985e-06
-2.1719e-06
5.19751e-06
-2.06146e-06
2.24876e-06
-2.11228e-06
4.56055e-06
-1.76439e-06
2.24338e-06
-1.56673e-06
4.73113e-06
-2.18343e-06
5.19886e-06
-2.60629e-06
6.46328e-06
-3.76015e-06
7.21062e-06
-4.53979e-06
7.52191e-06
-6.24542e-06
8.93505e-06
-5.73484e-06
6.85837e-06
-3.50663e-06
5.38226e-06
-2.19657e-06
-7.39231e-06
2.60536e-07
-2.4429e-05
-9.59453e-07
-2.54743e-05
-6.44048e-07
-2.16361e-05
1.59566e-06
-1.34051e-05
-5.38813e-06
-1.61495e-05
-1.15793e-05
-2.01613e-06
-7.69127e-06
-6.99883e-06
-1.91557e-06
-5.03934e-06
-1.56681e-07
1.75783e-06
-8.66669e-08
1.39212e-06
1.43629e-07
-3.77133e-07
1.27812e-07
1.84584e-06
-6.3818e-07
5.12341e-06
2.75243e-08
-5.12533e-07
9.1731e-08
1.82488e-06
7.1401e-07
3.0733e-06
1.05199e-06
1.77187e-06
1.32796e-06
4.92155e-06
1.01634e-06
2.56037e-06
1.26316e-06
4.31374e-06
1.43973e-06
2.0668e-06
1.4451e-06
4.72576e-06
1.08834e-06
5.55561e-06
6.07781e-07
6.94385e-06
1.73576e-08
7.80104e-06
-2.63582e-07
7.80285e-06
2.48292e-07
8.42318e-06
-6.87544e-07
7.79421e-06
3.88007e-06
8.14641e-07
3.22602e-06
-6.73826e-06
-3.51252e-07
-2.08517e-05
-1.10879e-05
-1.47377e-05
-1.59521e-05
-1.67719e-05
-1.37802e-05
-1.5577e-05
-1.34533e-05
-1.64764e-05
-1.07384e-05
-4.73111e-06
-1.03032e-05
-7.43402e-06
-1.90608e-06
-1.03127e-05
-1.81008e-07
1.93884e-06
-1.56715e-07
1.36783e-06
1.19296e-07
-6.53145e-07
-1.15741e-08
1.97671e-06
-9.62815e-07
6.07465e-06
-1.24428e-07
-1.35092e-06
-4.10464e-07
2.11092e-06
-1.20455e-06
3.86739e-06
-1.81554e-06
2.38285e-06
-2.85011e-06
5.95612e-06
-2.43104e-06
2.14131e-06
-2.19184e-06
4.07454e-06
-5.8338e-07
4.58343e-07
1.08879e-07
4.0335e-06
1.03969e-06
4.6248e-06
6.07337e-07
7.3762e-06
1.18182e-06
7.22656e-06
-2.5189e-06
1.15036e-05
-7.01467e-06
1.29189e-05
-5.42617e-06
6.20571e-06
-6.10961e-06
1.49808e-06
-8.1353e-06
-4.71258e-06
-1.56687e-05
-1.33183e-05
-1.62197e-05
-1.41868e-05
-1.2413e-05
-2.05785e-05
-1.43341e-05
-1.36559e-05
-1.78649e-05
-1.29456e-05
-1.40052e-05
-8.59077e-06
-1.26491e-05
-8.79017e-06
-2.26804e-06
-1.22871e-05
-2.11353e-07
2.15019e-06
-3.38e-08
1.19028e-06
3.92212e-07
-1.07916e-06
2.89763e-07
2.07916e-06
-8.99817e-07
7.26423e-06
2.31558e-07
-2.48229e-06
2.77382e-07
2.06509e-06
1.20249e-06
2.94228e-06
1.82909e-06
1.75625e-06
2.25287e-06
5.53234e-06
1.46777e-06
2.92641e-06
2.13345e-06
3.40886e-06
2.364e-06
2.27787e-07
2.91946e-06
3.47805e-06
1.28619e-06
6.25806e-06
1.10117e-06
7.56123e-06
-2.33383e-06
1.06616e-05
-3.08855e-06
1.22583e-05
1.11014e-06
8.72026e-06
-3.75733e-06
1.10732e-05
1.49832e-06
-3.75757e-06
2.41704e-07
-3.45596e-06
-1.083e-05
-2.24658e-06
-8.95056e-06
-1.60662e-05
-1.52082e-05
-1.43208e-05
-2.5307e-05
-3.55708e-06
-3.11696e-05
-7.08307e-06
-1.99928e-05
-1.97676e-05
-1.87939e-05
-9.98905e-06
-6.8844e-06
-1.41775e-05
-2.46942e-07
2.39714e-06
-2.39976e-07
1.18331e-06
1.48028e-07
-1.46716e-06
-2.25222e-08
2.24971e-06
-1.24946e-06
8.49116e-06
2.18722e-08
-3.75362e-06
-3.10807e-07
2.39777e-06
-1.54096e-06
4.17244e-06
-2.52542e-06
2.74072e-06
-3.96072e-06
6.96764e-06
-3.07067e-06
2.03635e-06
-2.39127e-06
2.72946e-06
1.2985e-06
-3.46198e-06
3.50989e-06
1.26665e-06
4.81918e-06
4.94878e-06
5.19304e-06
7.18736e-06
9.22913e-06
6.62547e-06
1.16952e-05
9.79217e-06
-2.45898e-06
2.28745e-05
-2.51337e-06
1.11276e-05
1.43967e-05
-2.06676e-05
2.62457e-05
-1.5305e-05
2.1596e-05
2.40308e-06
2.15279e-06
3.37705e-06
-1.61251e-05
3.95704e-06
-2.08424e-05
1.16025e-06
-2.06381e-05
-7.28739e-06
-1.64118e-05
-2.39939e-05
-1.32526e-05
-1.31483e-05
-1.07993e-05
-9.33769e-06
-3.10109e-07
2.70725e-06
1.02378e-07
7.70824e-07
8.96585e-07
-2.26137e-06
5.26598e-07
2.61969e-06
-1.44953e-06
1.04673e-05
3.78072e-07
-5.58122e-06
5.014e-07
2.27444e-06
1.52828e-06
3.14556e-06
2.67404e-06
1.59495e-06
3.44621e-06
6.19547e-06
1.63375e-06
3.84881e-06
2.90775e-06
1.45546e-06
3.51264e-06
-4.06687e-06
4.73943e-06
3.98583e-08
3.67654e-06
6.01167e-06
5.15033e-06
5.71357e-06
-8.28672e-07
1.26045e-05
-6.07782e-06
1.50413e-05
-4.32383e-06
2.11205e-05
1.27291e-05
-5.92534e-06
1.62208e-05
-2.41593e-05
1.22552e-05
-1.13394e-05
7.87772e-06
6.78057e-06
5.08405e-06
6.17072e-06
1.40951e-06
7.63158e-06
2.82129e-06
-2.51526e-07
-1.5572e-06
-2.90891e-06
-1.11249e-05
-1.44262e-05
-1.42635e-05
-1.00097e-05
-5.60188e-06
-1.94609e-05
-3.30057e-07
3.0373e-06
-3.75672e-07
8.16438e-07
6.99353e-08
-2.70697e-06
-1.60308e-07
2.84994e-06
-1.59427e-06
1.19013e-05
4.39683e-07
-7.61518e-06
-1.84884e-07
2.89901e-06
-2.04408e-06
5.00476e-06
-3.67951e-06
3.23038e-06
-5.54482e-06
8.06078e-06
-4.1223e-06
2.42629e-06
-3.14567e-06
4.78835e-07
4.80012e-06
-1.20127e-05
8.06624e-06
-3.22626e-06
9.66137e-06
4.41654e-06
3.07459e-06
1.23004e-05
6.72345e-07
1.50067e-05
1.87849e-05
-3.07129e-06
1.40702e-05
2.58353e-05
2.64094e-05
-1.82646e-05
1.86942e-05
-1.64441e-05
-1.34413e-06
8.69891e-06
-9.69442e-07
6.40589e-06
8.06146e-06
-2.86018e-06
1.10627e-05
4.63034e-06
1.84082e-05
-7.59702e-06
1.45196e-05
9.79646e-07
4.89698e-06
-4.8035e-06
-6.41617e-06
1.30345e-06
8.30253e-06
-2.03206e-05
-4.98636e-07
3.53594e-06
3.15904e-07
1.89745e-09
1.87141e-06
-4.26248e-06
1.04694e-06
3.6744e-06
-2.44515e-06
1.53934e-05
4.57192e-07
-1.05175e-05
9.14826e-07
2.44138e-06
1.24078e-06
4.6788e-06
3.2713e-06
1.19986e-06
5.38401e-06
5.94807e-06
7.90449e-07
7.01985e-06
3.18891e-06
-1.91962e-06
4.84051e-06
-1.36643e-05
7.43872e-06
-5.82446e-06
6.63136e-06
5.2239e-06
5.71716e-06
1.32146e-05
2.00356e-05
6.88272e-07
2.97773e-05
-1.2813e-05
1.87985e-05
3.68141e-05
1.5137e-05
-1.46031e-05
2.00092e-05
-2.13163e-05
1.94575e-05
9.25062e-06
1.77041e-05
8.15928e-06
2.12281e-05
-6.38415e-06
3.34529e-05
-7.59449e-06
3.05014e-05
-4.64551e-06
2.44189e-05
7.06217e-06
2.48959e-05
-5.28054e-06
2.11404e-05
5.05896e-06
1.70537e-05
1.23892e-05
-4.14724e-07
3.95066e-06
-5.66011e-07
1.53184e-07
-3.63819e-07
-4.46467e-06
-6.46859e-07
3.95744e-06
-2.11434e-06
1.68608e-05
1.2361e-06
-1.3868e-05
6.45162e-09
3.67102e-06
-3.10039e-06
7.78564e-06
-5.38202e-06
3.48149e-06
-7.31292e-06
7.87898e-06
-6.86006e-06
6.56699e-06
-5.97013e-06
-2.80955e-06
1.33575e-05
-3.29919e-05
6.38762e-06
1.14536e-06
1.534e-05
-3.7285e-06
2.12282e-05
7.32635e-06
9.9216e-07
2.09243e-05
-5.99464e-06
-5.82616e-06
5.01353e-06
2.58059e-05
3.54503e-05
-4.50399e-05
3.76073e-05
-2.34733e-05
3.46855e-05
1.21724e-05
3.01448e-05
1.27e-05
2.34096e-05
3.51065e-07
4.29227e-05
-2.71076e-05
2.65253e-05
1.17518e-05
1.87988e-05
1.47887e-05
1.74073e-05
-3.88905e-06
1.33271e-05
9.13914e-06
1.40473e-05
1.63336e-05
-8.38797e-07
4.78946e-06
5.61454e-07
-1.24707e-06
2.65328e-06
-6.5565e-06
1.96389e-06
4.64683e-06
-3.04571e-06
2.18704e-05
6.92527e-07
-1.76062e-05
1.90712e-07
4.17284e-06
-1.12555e-06
9.10191e-06
8.16625e-07
1.53931e-06
1.30869e-05
-4.39131e-06
8.58162e-06
1.10723e-05
2.11965e-06
3.65242e-06
-8.27003e-06
-2.26022e-05
1.23298e-05
-1.94545e-05
1.24247e-05
-3.82333e-06
-4.39596e-06
2.4147e-05
-6.77277e-06
2.33012e-05
-8.01473e-06
-4.5842e-06
3.36725e-05
-1.58813e-05
3.53572e-05
-4.67246e-05
3.04301e-05
-1.85462e-05
-7.78632e-07
4.33811e-05
-5.78061e-06
1.7702e-05
-6.80894e-06
1.37939e-06
3.21381e-06
-3.71303e-05
1.40629e-05
9.02768e-07
3.53479e-05
-6.49633e-06
3.12274e-05
2.31515e-07
2.94945e-05
1.0872e-05
-9.00167e-07
4.4442e-05
-7.00532e-07
5.48999e-06
-2.02167e-06
7.40667e-08
1.12784e-05
-1.98566e-05
3.3692e-06
1.2556e-05
-1.95621e-06
2.71958e-05
5.37997e-06
-2.49424e-05
1.21505e-05
-2.59765e-06
2.54242e-06
1.87099e-05
-7.14266e-06
1.12244e-05
-2.13986e-05
9.86461e-06
-1.92599e-05
8.93364e-06
-1.27506e-05
-2.85691e-06
-2.34682e-05
-1.18845e-05
9.21935e-06
-5.21421e-05
2.20378e-05
-1.66418e-05
1.30666e-05
3.31182e-05
1.88543e-05
1.75135e-05
1.90686e-05
-4.79858e-06
2.52754e-05
-2.20881e-05
-9.4763e-07
-2.05016e-05
1.40467e-05
-3.35405e-05
3.66985e-05
2.07293e-05
4.57021e-05
8.69844e-06
3.81943e-05
8.88721e-06
5.02814e-06
-3.96419e-06
2.43028e-06
3.50062e-06
1.00171e-06
-5.06776e-06
7.74119e-06
-6.50797e-06
1.11452e-05
7.46798e-06
-7.09141e-06
1.73364e-05
-3.02996e-07
5.79299e-06
-1.41338e-05
1.39048e-05
-6.10127e-05
2.70224e-05
-2.83078e-05
-2.01488e-05
6.38961e-05
-6.50081e-05
-4.39484e-05
8.29021e-05
-6.68023e-05
2.02563e-05
7.80503e-05
-0.000126143
6.8488e-05
2.07867e-05
2.47549e-05
5.35977e-05
4.97705e-05
-1.6082e-05
4.21026e-05
4.81102e-06
-1.17702e-05
4.19883e-05
-2.74581e-05
-3.64543e-05
-4.91386e-08
-4.40508e-05
-7.8479e-06
4.09169e-05
-9.85279e-06
1.95184e-05
-1.07549e-05
-3.89645e-06
-1.23669e-05
-2.04761e-05
-1.40945e-05
-1.87741e-05
-2.99744e-05
-1.76606e-05
-1.68601e-05
7.61495e-06
-1.5366e-05
7.2043e-06
-1.83361e-05
1.18574e-05
-1.79768e-05
-4.32346e-06
-2.40157e-05
9.53952e-06
-2.96081e-05
5.24593e-07
-2.7723e-05
-8.39306e-06
-1.38169e-05
-6.43808e-06
-2.37561e-05
2.84779e-06
4.54525e-07
-7.43956e-07
1.24946e-06
-7.94932e-07
2.32558e-06
-1.07612e-06
3.37798e-06
-1.05241e-06
4.05747e-06
-6.79489e-07
4.34868e-06
-2.91211e-07
4.64501e-06
-2.96326e-07
4.94021e-06
-2.95197e-07
4.81677e-06
1.23439e-07
4.15206e-06
6.64709e-07
3.34511e-06
8.06949e-07
2.70231e-06
6.42797e-07
2.29114e-06
4.1117e-07
2.00126e-06
2.8988e-07
1.82811e-06
1.73152e-07
1.64196e-06
1.86146e-07
1.54244e-06
9.95233e-08
1.35796e-06
1.84484e-07
1.27549e-06
8.24706e-08
1.07547e-06
2.00016e-07
9.91857e-07
8.36129e-08
8.00497e-07
1.9136e-07
7.15761e-07
8.47356e-08
5.6328e-07
1.52482e-07
4.88291e-07
7.49884e-08
3.7739e-07
1.10902e-07
3.23269e-07
5.41206e-08
2.17546e-07
1.05723e-07
1.29133e-07
8.84132e-08
1.29133e-07
9.71642e-07
-1.05718e-06
1.49862e-06
-1.32191e-06
2.04032e-06
-1.61781e-06
2.65543e-06
-1.66752e-06
3.43595e-06
-1.46001e-06
4.07359e-06
-9.28855e-07
4.21974e-06
-4.42475e-07
3.89608e-06
2.84659e-08
3.35924e-06
6.60284e-07
2.89645e-06
1.12749e-06
2.59973e-06
1.10367e-06
2.36475e-06
8.77776e-07
2.1689e-06
6.07019e-07
1.96813e-06
4.90651e-07
1.82326e-06
3.18017e-07
1.64492e-06
3.64495e-07
1.53847e-06
2.05969e-07
1.35849e-06
3.64464e-07
1.27228e-06
1.68677e-07
1.08035e-06
3.91946e-07
1.00123e-06
1.62741e-07
8.09711e-07
3.82874e-07
7.25201e-07
1.69246e-07
5.71422e-07
3.0626e-07
4.95076e-07
1.51334e-07
3.82947e-07
2.23031e-07
3.28361e-07
1.08706e-07
2.20957e-07
2.13127e-07
1.3126e-07
1.7811e-07
2.60393e-07
3.51881e-07
-8.91145e-07
3.43794e-07
-1.31382e-06
1.68411e-07
-1.44243e-06
3.83228e-08
-1.53743e-06
2.38196e-07
-1.65988e-06
5.68079e-07
-1.25874e-06
7.39269e-07
-6.13665e-07
8.14135e-07
-4.64004e-08
1.0208e-06
4.53619e-07
1.39727e-06
7.51026e-07
1.7143e-06
7.8664e-07
1.86513e-06
7.26942e-07
1.90478e-06
5.67376e-07
1.84212e-06
5.5331e-07
1.79077e-06
3.69369e-07
1.653e-06
5.02263e-07
1.58616e-06
2.72806e-07
1.39743e-06
5.53194e-07
1.31778e-06
2.48332e-07
1.10132e-06
6.08402e-07
1.00758e-06
2.56481e-07
8.10877e-07
5.79579e-07
7.2031e-07
2.59813e-07
5.67968e-07
4.58602e-07
4.91977e-07
2.27325e-07
3.81086e-07
3.33923e-07
3.28433e-07
1.61359e-07
2.21265e-07
3.20294e-07
1.31795e-07
2.6758e-07
3.92189e-07
4.37176e-07
-1.23387e-06
7.55081e-07
-1.63173e-06
8.66912e-07
-1.55426e-06
9.31046e-07
-1.60157e-06
9.08018e-07
-1.63685e-06
7.95675e-07
-1.14639e-06
7.97616e-07
-6.15606e-07
9.39888e-07
-1.88672e-07
1.17162e-06
2.21886e-07
1.46063e-06
4.6202e-07
1.68951e-06
5.57762e-07
1.7892e-06
6.27245e-07
1.82588e-06
5.30698e-07
1.75667e-06
6.22524e-07
1.69839e-06
4.27642e-07
1.5565e-06
6.44154e-07
1.47431e-06
3.54994e-07
1.30684e-06
7.20673e-07
1.2297e-06
3.25466e-07
1.0495e-06
7.88608e-07
9.7974e-07
3.26236e-07
7.93521e-07
7.65799e-07
7.11174e-07
3.4216e-07
5.61965e-07
6.07811e-07
4.86835e-07
3.02455e-07
3.77931e-07
4.42827e-07
3.28334e-07
2.10956e-07
2.21628e-07
4.27001e-07
1.32522e-07
3.56686e-07
5.24711e-07
8.56656e-07
-1.82078e-06
1.28541e-06
-2.06049e-06
1.68807e-06
-1.95692e-06
1.91035e-06
-1.82384e-06
1.99713e-06
-1.72363e-06
1.81823e-06
-9.67492e-07
1.59034e-06
-3.87726e-07
1.42794e-06
-2.6267e-08
1.43613e-06
2.13693e-07
1.51191e-06
3.86243e-07
1.63048e-06
4.39186e-07
1.70329e-06
5.54443e-07
1.76873e-06
4.65256e-07
1.75204e-06
6.39209e-07
1.75631e-06
4.23378e-07
1.64721e-06
7.53254e-07
1.60919e-06
3.93012e-07
1.41587e-06
9.13996e-07
1.33874e-06
4.02592e-07
1.10525e-06
1.0221e-06
9.99634e-07
4.31847e-07
7.98855e-07
9.66578e-07
7.00791e-07
4.40224e-07
5.54554e-07
7.54048e-07
4.80072e-07
3.76937e-07
3.73915e-07
5.48984e-07
3.28238e-07
2.56632e-07
2.22197e-07
5.33043e-07
1.33511e-07
4.45371e-07
6.58222e-07
1.0293e-06
-2.08485e-06
1.04636e-06
-2.07755e-06
1.36139e-06
-2.27194e-06
1.61054e-06
-2.07299e-06
1.79159e-06
-1.90469e-06
1.86433e-06
-1.04023e-06
1.75064e-06
-2.74032e-07
1.5942e-06
1.30173e-07
1.57621e-06
2.31687e-07
1.58214e-06
3.8031e-07
1.65564e-06
3.65685e-07
1.65566e-06
5.54425e-07
1.69231e-06
4.28608e-07
1.61436e-06
7.17157e-07
1.59172e-06
4.46021e-07
1.45034e-06
8.9463e-07
1.39198e-06
4.5137e-07
1.22679e-06
1.07918e-06
1.16443e-06
4.64956e-07
9.95094e-07
1.19144e-06
9.3815e-07
4.88791e-07
7.63033e-07
1.14169e-06
6.84153e-07
5.19104e-07
5.44021e-07
8.9418e-07
4.71253e-07
4.49705e-07
3.68623e-07
6.51615e-07
3.28175e-07
2.9708e-07
2.23035e-07
6.38183e-07
1.34776e-07
5.3363e-07
7.92998e-07
1.32334e-06
-2.45703e-06
1.54506e-06
-2.29928e-06
1.61546e-06
-2.34234e-06
1.74981e-06
-2.20734e-06
1.69975e-06
-1.85463e-06
1.74123e-06
-1.08172e-06
1.71521e-06
-2.48006e-07
1.64986e-06
1.95518e-07
1.6202e-06
2.61354e-07
1.63169e-06
3.68819e-07
1.688e-06
3.09375e-07
1.73142e-06
5.11004e-07
1.78661e-06
3.73417e-07
1.78053e-06
7.23232e-07
1.80055e-06
4.26008e-07
1.69644e-06
9.98739e-07
1.67024e-06
4.77564e-07
1.45787e-06
1.29156e-06
1.37358e-06
5.49249e-07
1.11477e-06
1.45025e-06
9.89621e-07
6.13942e-07
7.81181e-07
1.35014e-06
6.70035e-07
6.3025e-07
5.33581e-07
1.03063e-06
4.61095e-07
5.22192e-07
3.62877e-07
7.49833e-07
3.28228e-07
3.31728e-07
2.24243e-07
7.42168e-07
1.36341e-07
6.21532e-07
9.29339e-07
1.78151e-06
-2.31621e-06
1.83128e-06
-2.34905e-06
1.64949e-06
-2.16054e-06
1.6062e-06
-2.16406e-06
1.47316e-06
-1.72159e-06
1.41083e-06
-1.01939e-06
1.45514e-06
-2.92322e-07
1.5042e-06
1.46468e-07
1.61695e-06
1.48604e-07
1.63103e-06
3.54737e-07
1.68509e-06
2.55314e-07
1.62668e-06
5.69415e-07
1.64996e-06
3.50136e-07
1.52591e-06
8.47283e-07
1.51026e-06
4.41654e-07
1.34241e-06
1.16659e-06
1.29434e-06
5.25638e-07
1.12157e-06
1.46432e-06
1.07138e-06
5.99441e-07
9.1415e-07
1.60748e-06
8.71978e-07
6.56114e-07
7.16282e-07
1.50583e-06
6.42091e-07
7.04441e-07
5.17466e-07
1.15526e-06
4.48204e-07
5.91454e-07
3.55295e-07
8.42742e-07
3.28426e-07
3.58597e-07
2.25891e-07
8.44704e-07
1.38235e-07
7.09187e-07
1.06757e-06
2.47641e-06
-1.73811e-06
1.93192e-06
-1.80456e-06
1.57334e-06
-1.80196e-06
1.24978e-06
-1.84051e-06
1.00979e-06
-1.48159e-06
8.84599e-07
-8.94197e-07
9.98993e-07
-4.06716e-07
1.24772e-06
-1.02262e-07
1.47309e-06
-7.67626e-08
1.62781e-06
2.00016e-07
1.7567e-06
1.26424e-07
1.8258e-06
5.00316e-07
1.8996e-06
2.76334e-07
1.89354e-06
8.53346e-07
1.93012e-06
4.05072e-07
1.80604e-06
1.29067e-06
1.78437e-06
5.47311e-07
1.53143e-06
1.71725e-06
1.4291e-06
7.01773e-07
1.13399e-06
1.90259e-06
9.79435e-07
8.10671e-07
7.59858e-07
1.72541e-06
6.29076e-07
8.35223e-07
5.05228e-07
1.27911e-06
4.34921e-07
6.61761e-07
3.48194e-07
9.29468e-07
3.28992e-07
3.778e-07
2.2818e-07
9.45516e-07
1.40498e-07
7.96869e-07
1.20807e-06
4.5203e-06
-1.46628e-06
4.08945e-06
-1.3737e-06
3.67501e-06
-1.38752e-06
3.0665e-06
-1.232e-06
2.61873e-06
-1.03382e-06
2.32123e-06
-5.967e-07
2.20347e-06
-2.88956e-07
2.04824e-06
5.29683e-08
1.9598e-06
1.16765e-08
1.86736e-06
2.92461e-07
1.79187e-06
2.01907e-07
1.68131e-06
6.10879e-07
1.63696e-06
3.20681e-07
1.47124e-06
1.01907e-06
1.42808e-06
4.48229e-07
1.22862e-06
1.49014e-06
1.16668e-06
6.09249e-07
9.8671e-07
1.89722e-06
9.39213e-07
7.4927e-07
8.02284e-07
2.03952e-06
7.75517e-07
8.37438e-07
6.50536e-07
1.85039e-06
5.81242e-07
9.04517e-07
4.81589e-07
1.37876e-06
4.17038e-07
7.26312e-07
3.37936e-07
1.00857e-06
3.2979e-07
3.85946e-07
2.31035e-07
1.04427e-06
1.43172e-07
8.84732e-07
1.35124e-06
5.68764e-06
-5.81351e-07
4.9046e-06
-5.9066e-07
4.16883e-06
-6.51755e-07
3.39948e-06
-4.62657e-07
2.75869e-06
-3.93021e-07
2.37034e-06
-2.08351e-07
2.17771e-06
-9.63272e-08
2.09794e-06
1.32738e-07
2.06906e-06
4.05575e-08
2.0201e-06
3.41415e-07
2.06451e-06
1.57496e-07
2.07028e-06
6.05114e-07
2.14062e-06
2.50342e-07
2.10372e-06
1.05597e-06
2.16807e-06
3.83884e-07
1.98682e-06
1.67138e-06
1.96646e-06
6.2961e-07
1.64366e-06
2.22002e-06
1.50852e-06
8.8441e-07
1.16548e-06
2.38256e-06
9.69528e-07
1.03339e-06
7.35973e-07
2.08394e-06
5.78755e-07
1.06173e-06
4.69791e-07
1.48772e-06
4.01923e-07
7.94179e-07
3.30019e-07
1.08047e-06
3.31547e-07
3.84419e-07
2.35103e-07
1.14071e-06
1.46316e-07
9.73519e-07
1.49756e-06
6.50084e-06
1.73026e-07
5.77401e-06
1.3617e-07
5.13497e-06
-1.27124e-08
4.55902e-06
1.1329e-07
4.02131e-06
1.44688e-07
3.48392e-06
3.29038e-07
3.1625e-06
2.25099e-07
2.64584e-06
6.49395e-07
2.31999e-06
3.66407e-07
2.10754e-06
5.53867e-07
1.89536e-06
3.69676e-07
1.68987e-06
8.10597e-07
1.61769e-06
3.22524e-07
1.39941e-06
1.27425e-06
1.31966e-06
4.63633e-07
1.08326e-06
1.90778e-06
9.87169e-07
7.25704e-07
8.05398e-07
2.40179e-06
7.52265e-07
9.37543e-07
6.52044e-07
2.48278e-06
6.432e-07
1.04223e-06
5.63525e-07
2.16362e-06
4.98104e-07
1.12716e-06
4.35321e-07
1.55051e-06
3.76792e-07
8.52709e-07
3.16285e-07
1.14098e-06
3.33161e-07
3.67543e-07
2.39566e-07
1.23431e-06
1.4998e-07
1.0631e-06
1.64754e-06
4.85698e-06
5.12584e-07
4.37629e-06
6.16853e-07
3.90519e-06
4.58389e-07
3.41796e-06
6.00525e-07
3.05572e-06
5.06927e-07
2.67705e-06
7.07706e-07
2.55453e-06
3.47617e-07
2.26194e-06
9.41985e-07
2.1223e-06
5.06049e-07
2.22641e-06
4.49752e-07
2.22028e-06
3.75812e-07
2.29849e-06
7.32389e-07
2.43884e-06
1.8217e-07
2.4004e-06
1.31269e-06
2.52504e-06
3.38991e-07
2.2568e-06
2.17603e-06
2.2277e-06
7.54801e-07
1.80564e-06
2.82386e-06
1.61108e-06
1.1321e-06
1.21113e-06
2.88273e-06
9.59905e-07
1.29346e-06
7.09003e-07
2.41452e-06
5.18851e-07
1.31731e-06
4.27473e-07
1.64188e-06
3.62859e-07
9.17323e-07
3.08621e-07
1.19522e-06
3.37751e-07
3.38413e-07
2.46535e-07
1.32553e-06
1.54261e-07
1.15538e-06
1.8018e-06
5.3903e-06
1.13664e-06
4.65205e-06
1.3551e-06
3.81855e-06
1.29189e-06
3.21421e-06
1.20486e-06
3.10364e-06
6.17494e-07
2.8973e-06
9.14051e-07
2.36178e-06
8.83136e-07
2.14976e-06
1.154e-06
2.06721e-06
5.88605e-07
1.62323e-06
8.93726e-07
1.76468e-06
2.34369e-07
1.46921e-06
1.02785e-06
1.54325e-06
1.08132e-07
1.28938e-06
1.56656e-06
1.15834e-06
4.7003e-07
8.86547e-07
2.44782e-06
7.24125e-07
9.17223e-07
5.51025e-07
2.99696e-06
4.90936e-07
1.19219e-06
4.54402e-07
2.91927e-06
4.71402e-07
1.27646e-06
4.54842e-07
2.43108e-06
3.90113e-07
1.38204e-06
3.76859e-07
1.65514e-06
3.26173e-07
9.6801e-07
2.8963e-07
1.23176e-06
3.39535e-07
2.88508e-07
2.52982e-07
1.41208e-06
1.59171e-07
1.24919e-06
1.96097e-06
3.14893e-06
1.60826e-06
2.68245e-06
1.82159e-06
1.99502e-06
1.97931e-06
1.62391e-06
1.57598e-06
1.76833e-06
4.7307e-07
1.78798e-06
8.94402e-07
1.63593e-06
1.03519e-06
1.58454e-06
1.20539e-06
1.97402e-06
1.99121e-07
2.09954e-06
7.68206e-07
2.47872e-06
-1.44807e-07
2.52181e-06
9.84763e-07
2.84191e-06
-2.11968e-07
2.83619e-06
1.57228e-06
3.04747e-06
2.58752e-07
2.64751e-06
2.84777e-06
2.58263e-06
9.82107e-07
2.03443e-06
3.54516e-06
1.73362e-06
1.493e-06
1.2709e-06
3.38199e-06
9.51526e-07
1.59583e-06
6.75552e-07
2.70705e-06
4.4609e-07
1.6115e-06
3.79823e-07
1.72141e-06
3.19836e-07
1.028e-06
2.84413e-07
1.26718e-06
3.50291e-07
2.2263e-07
2.64536e-07
1.49783e-06
1.64943e-07
1.34878e-06
2.12591e-06
3.59206e-07
1.08042e-06
6.39385e-07
1.54141e-06
1.13752e-06
1.48118e-06
1.24119e-06
1.47231e-06
8.51557e-07
8.62698e-07
5.08998e-07
1.23696e-06
3.63343e-07
1.18084e-06
2.67557e-07
1.30118e-06
7.82591e-07
-3.15913e-07
6.60013e-07
8.90784e-07
1.27544e-06
-7.60231e-07
1.21886e-06
1.04134e-06
1.56354e-06
-5.5664e-07
1.24182e-06
1.894e-06
9.20852e-07
5.79716e-07
5.66195e-07
3.20243e-06
3.23364e-07
1.22494e-06
1.85588e-07
3.68293e-06
1.34215e-07
1.54437e-06
2.05475e-07
3.31073e-06
2.59636e-07
1.54167e-06
3.31513e-07
2.63518e-06
2.5708e-07
1.68593e-06
3.01666e-07
1.67682e-06
2.61613e-07
1.06805e-06
2.56411e-07
1.27239e-06
3.49672e-07
1.29369e-07
2.73301e-07
1.57421e-06
1.71336e-07
1.45075e-06
2.29725e-06
-1.57557e-06
8.18389e-07
-1.37883e-06
1.34467e-06
-7.60347e-07
8.62705e-07
-3.37783e-07
1.04975e-06
-8.30421e-08
6.07957e-07
-4.55802e-07
1.60972e-06
-7.91325e-07
1.51637e-06
-3.40571e-07
8.50424e-07
5.23627e-07
-1.18011e-06
1.30686e-06
1.07554e-07
2.65762e-06
-2.111e-06
2.77676e-06
9.22202e-07
3.23525e-06
-1.01513e-06
3.59341e-06
1.53583e-06
3.82101e-06
3.52116e-07
3.21254e-06
3.8109e-06
3.04372e-06
1.39376e-06
2.36316e-06
4.36349e-06
1.87477e-06
2.03276e-06
1.34091e-06
3.84459e-06
9.45702e-07
1.93687e-06
6.26754e-07
2.95412e-06
3.5069e-07
1.962e-06
3.30295e-07
1.69721e-06
2.77285e-07
1.12106e-06
2.59194e-07
1.29048e-06
3.74245e-07
1.43178e-08
2.9211e-07
1.65634e-06
1.79157e-07
1.5637e-06
2.47641e-06
6.15484e-07
1.76633e-06
1.02678e-08
1.94989e-06
-7.78635e-07
1.65161e-06
-1.43927e-06
1.71038e-06
-1.67391e-06
8.42601e-07
-1.5464e-06
1.48221e-06
-8.94872e-07
8.64834e-07
-1.23374e-06
1.18929e-06
-1.37168e-06
-1.04217e-06
-2.12601e-06
8.61881e-07
5.7182e-07
-4.80883e-06
1.83427e-06
-3.40247e-07
1.84871e-06
-1.02957e-06
1.10641e-06
2.27814e-06
4.36235e-07
1.02229e-06
-3.27116e-08
4.27985e-06
-2.31076e-07
1.59212e-06
-3.38184e-07
4.4706e-06
-3.15607e-07
2.01018e-06
-8.26769e-08
3.61166e-06
-1.30413e-09
1.8555e-06
2.13185e-07
2.73964e-06
9.67787e-08
2.0784e-06
2.04904e-07
1.58909e-06
1.78626e-07
1.14734e-06
2.11704e-07
1.2574e-06
3.61916e-07
-1.35894e-07
3.03076e-07
1.71518e-06
1.87129e-07
1.67965e-06
2.66354e-06
-5.40767e-06
2.13467e-06
-4.58163e-06
1.12385e-06
-4.39582e-06
1.4658e-06
-3.72724e-06
1.0418e-06
-2.72902e-06
-1.55612e-07
-2.19108e-06
9.44264e-07
-5.47079e-07
-7.79166e-07
-1.01449e-06
1.65671e-06
-2.21492e-07
-1.83517e-06
4.65313e-07
1.75077e-07
3.25275e-06
-7.59627e-06
5.10547e-06
-2.19297e-06
4.21531e-06
-1.39401e-07
5.03966e-06
1.45379e-06
5.28824e-06
7.737e-07
4.07825e-06
5.48984e-06
3.63582e-06
2.03455e-06
2.84227e-06
5.26416e-06
2.04896e-06
2.8035e-06
1.40527e-06
4.25534e-06
9.40643e-07
2.32013e-06
5.50294e-07
3.12998e-06
2.16983e-07
2.41171e-06
2.8035e-07
1.52572e-06
2.39735e-07
1.18795e-06
2.3958e-07
1.25755e-06
4.17575e-07
-3.13889e-07
3.3289e-07
1.79987e-06
1.97854e-07
1.81468e-06
2.86139e-06
-1.08124e-05
2.63444e-06
-6.63978e-06
-3.04879e-06
-5.94339e-06
7.69407e-07
-4.77785e-06
-1.23745e-07
-3.41721e-06
-1.51625e-06
-1.49433e-06
-9.78615e-07
-1.64428e-06
-6.29217e-07
-1.18882e-06
1.20125e-06
4.05773e-07
-3.42976e-06
-2.35008e-06
2.93093e-06
3.56407e-07
-1.03028e-05
2.71353e-06
-4.5501e-06
3.08546e-06
-5.11323e-07
6.06415e-07
3.93283e-06
-5.02152e-07
1.88227e-06
-9.47608e-07
5.9353e-06
-8.8881e-07
1.97575e-06
-1.00627e-06
5.38162e-06
-8.42979e-07
2.6402e-06
-4.0728e-07
3.81965e-06
-2.1621e-07
2.12906e-06
1.25915e-07
2.78786e-06
-7.71432e-08
2.61477e-06
8.18404e-08
1.36674e-06
7.2137e-08
1.19766e-06
1.46928e-07
1.18276e-06
3.72343e-07
-5.39303e-07
3.46688e-07
1.82552e-06
2.07245e-07
1.95412e-06
3.06864e-06
-9.84986e-06
1.97192e-07
-6.95581e-06
-5.94284e-06
-8.42326e-06
2.23686e-06
-6.35554e-06
-2.19146e-06
-3.97712e-06
-3.89468e-06
8.17781e-08
-5.03751e-06
-3.36552e-08
-5.13784e-07
3.22676e-07
8.44918e-07
5.06481e-06
-8.17189e-06
4.37531e-06
3.62043e-06
9.39995e-06
-1.53274e-05
1.10554e-05
-6.20549e-06
8.56612e-06
1.97791e-06
6.72176e-06
5.77719e-06
7.36471e-06
1.23931e-06
5.21674e-06
8.08326e-06
4.22873e-06
2.96377e-06
3.5115e-06
6.09884e-06
2.34152e-06
3.81018e-06
1.40015e-06
4.76101e-06
9.30737e-07
2.59848e-06
4.25083e-07
3.29351e-06
1.5345e-08
3.02451e-06
2.30622e-07
1.15146e-06
2.10592e-07
1.21769e-06
2.34059e-07
1.1593e-06
4.91119e-07
-7.96364e-07
3.92566e-07
1.92407e-06
2.2222e-07
2.12447e-06
3.29086e-06
-1.19651e-05
-2.01521e-06
-1.27247e-05
-5.18323e-06
-1.16269e-05
1.139e-06
-1.65508e-06
-1.21632e-05
-2.78163e-06
-2.76813e-06
-8.90827e-08
-7.73005e-06
-6.46529e-07
4.36625e-08
1.37234e-06
-1.17396e-06
1.01416e-06
-7.81371e-06
2.13764e-06
2.49695e-06
8.8135e-06
-2.20033e-05
-1.40086e-07
2.74809e-06
-5.52758e-06
7.36541e-06
-2.6206e-06
2.87021e-06
-7.93173e-07
-5.88118e-07
-1.68449e-06
8.97457e-06
-1.51931e-06
2.79859e-06
-1.69632e-06
6.27586e-06
-1.45798e-06
3.57184e-06
-6.65541e-07
3.96858e-06
-4.02936e-07
2.33587e-06
1.00722e-07
2.78985e-06
-2.61615e-07
3.38685e-06
-1.06935e-07
9.9678e-07
-4.80498e-08
1.1588e-06
5.46909e-08
1.05655e-06
3.75207e-07
-1.11688e-06
4.08824e-07
1.89046e-06
2.32353e-07
2.30094e-06
3.52321e-06
-1.00618e-05
-1.29108e-06
-8.19015e-06
-7.05491e-06
-6.0424e-06
-1.00874e-06
-1.5736e-06
-1.6632e-05
-1.4327e-06
-2.90903e-06
-8.70838e-06
-4.54377e-07
-1.1954e-05
3.2893e-06
-9.92796e-06
-3.20001e-06
5.32017e-06
-2.30618e-05
5.31019e-06
2.50694e-06
2.42915e-06
-1.91222e-05
7.41947e-06
-2.24222e-06
5.44283e-06
9.34205e-06
4.39918e-06
3.91386e-06
8.69804e-06
-4.88698e-06
6.21177e-06
1.14608e-05
4.47622e-06
4.53414e-06
4.00682e-06
6.74526e-06
2.94151e-06
4.63715e-06
1.2006e-06
5.70948e-06
8.5124e-07
2.68524e-06
2.30561e-07
3.41053e-06
-2.3067e-07
3.84808e-06
1.82974e-07
5.83137e-07
2.00334e-07
1.14144e-06
2.57752e-07
9.99137e-07
6.01368e-07
-1.4605e-06
4.7965e-07
2.01218e-06
2.53689e-07
2.5269e-06
3.7769e-06
-1.43476e-05
-6.40444e-06
-1.08013e-05
-1.06012e-05
-1.09491e-06
-1.07151e-05
-1.56601e-05
-2.06685e-06
-9.69766e-06
-8.87148e-06
-5.46028e-06
-4.69175e-06
-3.94013e-06
1.76914e-06
-9.87708e-06
2.73694e-06
-1.69804e-05
-1.59585e-05
3.54562e-06
-1.80191e-05
-7.27337e-06
-8.30325e-06
1.49282e-07
-9.66487e-06
-2.45042e-06
1.19418e-05
-2.67079e-06
4.13423e-06
3.92911e-06
-1.14869e-05
-5.9889e-07
1.59888e-05
-2.86743e-06
6.80268e-06
-2.13311e-06
6.01094e-06
-2.22067e-06
4.72471e-06
-7.11923e-07
4.20073e-06
-4.96598e-07
2.46991e-06
1.77858e-07
2.73608e-06
-4.9102e-07
4.51696e-06
-3.94759e-07
4.86876e-07
-1.7972e-07
9.26403e-07
-8.69373e-08
9.06354e-07
3.62647e-07
-1.91008e-06
4.96168e-07
1.87865e-06
2.63238e-07
2.75983e-06
4.04014e-06
-1.92665e-05
-7.45853e-06
-1.99636e-05
-9.90414e-06
-1.50122e-05
-1.56664e-05
-2.21176e-05
5.03852e-06
-2.72579e-05
-3.7312e-06
-1.79224e-05
-1.40272e-05
-1.40468e-05
-2.10646e-06
2.31991e-05
-3.4509e-05
1.48981e-05
-7.65753e-06
-2.31819e-05
2.00609e-05
-2.20219e-05
-9.46323e-06
-2.55453e-05
-6.14149e-06
-1.76233e-05
4.01971e-06
7.14177e-06
-2.06308e-05
-5.93516e-07
-3.7516e-06
4.60425e-06
1.07911e-05
3.39506e-06
8.01187e-06
3.06983e-06
6.33616e-06
3.52122e-06
4.27333e-06
6.31235e-07
7.09072e-06
4.66067e-07
2.63508e-06
-4.64824e-08
3.24863e-06
-6.09848e-07
5.08032e-06
1.13122e-07
-2.36093e-07
2.40576e-07
7.98949e-07
3.1854e-07
8.2839e-07
7.49439e-07
-2.34098e-06
6.11126e-07
2.01697e-06
2.94384e-07
3.07657e-06
4.33452e-06
6.20174e-06
-1.27105e-06
8.72797e-07
-4.57519e-06
-1.80175e-06
-1.29919e-05
3.40839e-06
-1.71619e-07
2.66292e-06
-2.98573e-06
-1.112e-05
-2.44212e-07
-1.73382e-05
4.11169e-06
-2.45991e-05
-2.72481e-05
8.95385e-06
-4.12104e-05
2.01187e-05
8.8961e-06
-1.24111e-05
2.30665e-05
-9.95167e-06
-8.60092e-06
-1.82604e-05
1.23284e-05
-3.48644e-05
-4.02676e-06
-2.31978e-06
-3.62962e-05
-6.91276e-06
1.53841e-05
-1.07374e-05
1.18366e-05
5.21681e-07
-4.92297e-06
-2.57309e-06
7.36809e-06
-2.68246e-07
4.78588e-06
-3.71731e-07
2.73856e-06
4.23685e-07
2.45321e-06
-7.79907e-07
6.28392e-06
-7.67075e-07
-2.48926e-07
-3.5384e-07
3.85714e-07
-2.75372e-07
7.49923e-07
3.45012e-07
-2.96136e-06
6.04221e-07
1.75776e-06
2.97273e-07
3.38352e-06
4.63179e-06
1.28818e-05
2.18079e-06
4.55588e-06
3.75068e-06
-1.94296e-06
-6.49306e-06
1.40259e-06
-3.51717e-06
2.19207e-06
-3.77521e-06
-1.45413e-05
1.64891e-05
-1.9949e-05
9.51945e-06
-3.8015e-05
-9.18213e-06
-6.40523e-05
-1.51731e-05
-2.05801e-05
-3.45761e-05
1.02538e-05
-7.76736e-06
6.34664e-07
1.01821e-06
1.13619e-05
1.60117e-06
-7.27611e-06
1.46113e-05
-5.99561e-06
-3.75767e-05
9.68391e-06
-2.95468e-07
3.27548e-06
1.8245e-05
3.41225e-07
-1.98872e-06
2.57701e-06
5.13231e-06
-3.83554e-07
7.74644e-06
-4.28716e-07
2.78373e-06
-4.56458e-07
2.48095e-06
-1.17269e-06
7.00015e-06
1.7675e-09
-1.42339e-06
3.5143e-07
3.60508e-08
4.51772e-07
6.49581e-07
9.09588e-07
-3.41918e-06
8.60291e-07
1.80706e-06
3.56175e-07
3.88764e-06
4.98797e-06
4.50831e-05
1.53967e-06
3.92546e-05
9.57922e-06
2.52511e-05
7.51037e-06
2.11622e-05
5.71772e-07
1.51115e-05
2.2755e-06
2.6644e-05
4.95659e-06
1.77174e-05
1.8446e-05
1.90257e-05
-1.04903e-05
3.06388e-05
-2.67863e-05
-9.61559e-06
5.67827e-06
-7.96527e-06
-9.41769e-06
-1.24197e-05
5.47264e-06
-4.34129e-06
-6.47725e-06
6.22405e-06
4.04594e-06
1.27528e-07
-3.14802e-05
-3.27504e-06
3.1071e-06
-2.11826e-06
1.70882e-05
-2.02111e-06
-2.08587e-06
1.95144e-06
1.15976e-06
-1.6291e-06
1.1327e-05
-5.06603e-07
1.66123e-06
6.56626e-07
1.31772e-06
-1.72485e-06
9.38162e-06
-1.25426e-06
-1.89397e-06
-5.97535e-07
-6.20678e-07
-5.49294e-07
6.0134e-07
4.31915e-07
-4.40039e-06
7.25027e-07
1.51394e-06
3.00742e-07
4.31192e-06
5.28871e-06
1.29256e-05
5.95053e-06
9.05451e-06
1.34503e-05
1.54463e-05
1.11858e-06
1.14995e-06
1.48681e-05
-7.19172e-07
4.14461e-06
-1.09978e-05
1.52353e-05
-1.50755e-05
2.25237e-05
-2.41481e-05
-1.41775e-06
-4.66825e-05
-4.25187e-06
-6.65021e-06
-3.4354e-05
-3.36887e-05
1.76208e-05
3.90697e-05
-6.72857e-05
1.31905e-05
1.94019e-05
-7.92449e-06
2.5161e-05
-2.8459e-05
-1.09458e-05
-2.62788e-05
9.26975e-07
6.93111e-06
-1.61217e-05
1.59193e-05
-1.1074e-05
2.71887e-06
1.43602e-05
-1.24721e-06
1.52931e-05
2.65654e-06
-2.24252e-06
2.5885e-06
1.38576e-06
2.59918e-06
9.37094e-06
-9.5823e-07
1.66344e-06
2.75161e-08
-1.60642e-06
3.9835e-07
2.30505e-07
8.53832e-07
-4.85587e-06
1.17921e-06
1.18857e-06
5.65678e-07
4.92545e-06
5.85439e-06
-2.38365e-05
6.03089e-06
-7.0902e-06
-3.29602e-06
-2.17195e-05
1.57479e-05
-1.50954e-05
8.24402e-06
-1.90564e-05
8.10565e-06
-3.91528e-05
3.53317e-05
-7.63519e-07
-1.58656e-05
-1.25226e-05
1.03413e-05
-2.69077e-05
1.01332e-05
-0.000109592
4.833e-05
-0.000128157
3.61859e-05
-0.000124129
-7.13135e-05
7.10948e-06
-0.000111837
3.8927e-05
-6.65658e-06
4.73793e-05
-1.93981e-05
4.80029e-05
3.03431e-07
1.8082e-05
1.37992e-05
-1.01259e-05
1.71338e-05
1.83138e-05
-1.40795e-05
3.77995e-05
-4.19265e-06
8.33475e-06
2.72223e-05
-6.30863e-06
1.60291e-05
3.25441e-06
-1.92095e-07
3.52486e-06
1.39299e-06
1.32069e-06
5.97739e-07
1.75044e-05
-1.59532e-05
-1.14307e-05
2.40793e-05
2.04884e-06
-1.2291e-05
-9.08044e-07
7.88234e-06
4.94635e-06
-2.36921e-06
7.28892e-06
-2.72046e-06
1.42561e-05
-1.64878e-06
2.59507e-05
-6.35177e-06
-1.54458e-05
-5.90143e-06
-6.54585e-05
-7.6888e-06
8.46895e-05
-3.83637e-06
1.64038e-05
-4.89757e-07
-0.000129489
-2.00092e-06
2.22979e-05
2.80577e-06
4.8791e-05
4.1384e-06
-1.74146e-05
-5.05875e-06
1.40082e-05
-1.83811e-06
3.87677e-05
3.21543e-06
-4.15078e-05
-1.61557e-06
-3.92198e-05
1.06643e-07
3.91947e-05
2.81815e-06
1.68069e-05
8.64762e-07
-1.94306e-06
-2.20046e-06
-1.74108e-05
-2.69374e-06
-1.82808e-05
-5.27844e-06
-1.50759e-05
-5.60432e-06
7.94082e-06
-3.64775e-06
5.24773e-06
-3.76007e-06
1.19697e-05
-2.13638e-06
-5.94714e-06
-2.37872e-07
7.641e-06
-1.21087e-06
1.4976e-06
-2.45585e-06
-7.14808e-06
-2.64891e-06
-6.24502e-06
2.50401e-06
-2.30513e-06
-2.99258e-06
9.04037e-06
-3.23289e-06
1.44964e-05
-1.16191e-06
2.38797e-05
-7.23481e-06
-9.37293e-06
-1.11294e-05
-6.15638e-05
-7.70067e-06
8.12607e-05
-7.91279e-07
9.49444e-06
3.77143e-07
-0.000130658
-1.83877e-06
2.45138e-05
-1.49892e-07
4.71022e-05
4.74113e-06
-2.23056e-05
3.35216e-06
1.53971e-05
2.6479e-06
3.94719e-05
1.0968e-06
-3.99567e-05
-1.08059e-06
-3.70424e-05
-1.71268e-06
3.98268e-05
9.52764e-07
1.41415e-05
-3.26939e-07
-6.63358e-07
-4.15477e-06
-1.3583e-05
-3.04341e-06
-1.93921e-05
-5.01265e-06
-1.31066e-05
-5.42951e-06
8.35767e-06
-3.77313e-06
3.59136e-06
-3.93043e-06
1.2127e-05
-2.27164e-06
-7.60593e-06
-5.56256e-07
5.92562e-06
-1.2465e-06
2.18784e-06
-2.70186e-06
-5.69272e-06
-2.6431e-06
-6.30378e-06
1.17601e-06
-1.31511e-06
-3.4248e-06
1.10276e-05
-3.68213e-06
1.47537e-05
-4.37483e-06
2.45724e-05
-9.87935e-06
-3.86841e-06
-8.35116e-06
-6.3092e-05
4.42762e-06
6.8482e-05
8.99605e-06
4.926e-06
-1.68362e-06
-0.000119978
-4.18271e-06
2.70128e-05
-1.48107e-06
4.44005e-05
4.36642e-06
-2.81531e-05
1.92048e-06
1.78431e-05
2.84411e-06
3.85483e-05
3.75987e-06
-4.08725e-05
-1.16205e-06
-3.21205e-05
-2.00121e-06
4.0666e-05
-2.62266e-07
1.24025e-05
-1.52418e-07
-7.73206e-07
-1.30281e-06
-1.24326e-05
-2.05416e-06
-1.86408e-05
-5.12842e-06
-1.00323e-05
-6.3714e-06
9.60065e-06
-4.72467e-06
1.94463e-06
-3.67209e-06
1.10744e-05
-2.1781e-06
-9.09992e-06
-7.55774e-07
4.50329e-06
-1.46558e-06
2.89764e-06
-4.09864e-06
-3.05967e-06
-5.12829e-06
-5.27412e-06
1.44506e-06
-5.39734e-06
-3.99966e-06
1.333e-05
-4.93654e-06
1.56906e-05
-4.96608e-07
2.01325e-05
4.49949e-06
-8.8645e-06
1.90952e-06
-6.05021e-05
5.9339e-06
6.44576e-05
9.97527e-06
8.84629e-07
-2.9297e-07
-0.00010971
-5.82937e-06
3.25492e-05
-5.94039e-07
3.91652e-05
-2.31475e-06
-2.64324e-05
-3.77941e-06
1.93077e-05
4.31086e-06
3.0458e-05
3.86144e-06
-4.0423e-05
-7.64796e-07
-2.74942e-05
-1.17781e-06
4.1079e-05
1.65046e-06
9.57427e-06
-2.11838e-06
2.99563e-06
-4.00524e-06
-1.05458e-05
-1.1053e-06
-2.15407e-05
-3.73191e-06
-7.40573e-06
-4.85879e-06
1.07275e-05
-3.54217e-06
6.28008e-07
-3.04857e-06
1.05808e-05
-1.9085e-06
-1.024e-05
-1.45214e-06
4.04693e-06
-1.41383e-06
2.85934e-06
-1.11934e-06
-3.35415e-06
-2.48301e-06
-3.91046e-06
-4.2216e-07
-6.15788e-07
-5.08056e-06
1.54149e-05
-6.96869e-06
1.75787e-05
-4.20017e-06
1.7364e-05
-5.51337e-06
-7.5513e-06
-1.29166e-05
-5.30988e-05
-5.19333e-06
5.67343e-05
5.36172e-06
-9.67042e-06
-5.62449e-07
-0.000103786
-6.42932e-06
3.84161e-05
-2.85699e-06
3.55928e-05
-6.1485e-06
-2.31409e-05
-2.30896e-06
1.54682e-05
8.70712e-06
1.94419e-05
1.1061e-05
-4.27769e-05
4.53875e-06
-2.0972e-05
-4.25248e-08
4.56602e-05
-3.28883e-07
9.86063e-06
-4.29249e-06
6.95924e-06
-5.45308e-06
-9.38517e-06
-3.26157e-06
-2.37322e-05
-4.80699e-06
-5.86031e-06
-4.6541e-06
1.05746e-05
-4.01008e-06
-1.60155e-08
-3.0602e-06
9.63091e-06
-2.12056e-06
-1.11796e-05
-2.56931e-07
2.1833e-06
-2.08622e-07
2.81103e-06
-3.63982e-06
7.70454e-08
-3.91202e-06
-3.63825e-06
-8.12772e-09
-4.32606e-06
-5.79347e-06
1.70134e-05
-8.79497e-06
2.05802e-05
-4.95762e-06
1.35266e-05
-6.32968e-06
-6.17924e-06
-1.60262e-05
-4.34023e-05
-6.12216e-06
4.68303e-05
4.35511e-06
-2.01477e-05
-6.23444e-07
-9.88071e-05
-3.48564e-06
4.12783e-05
-4.62956e-06
3.67368e-05
1.00654e-06
-2.8777e-05
7.18108e-06
9.29365e-06
8.69566e-06
1.79274e-05
3.64666e-06
-3.77279e-05
-6.22582e-07
-1.67027e-05
9.76887e-07
4.40608e-05
5.16366e-06
5.67385e-06
7.44602e-06
4.67689e-06
5.50789e-06
-7.44705e-06
4.9398e-07
-1.87183e-05
-3.51203e-06
-1.8543e-06
-4.64696e-06
1.17096e-05
-3.51856e-06
-1.14441e-06
-3.52575e-06
9.6381e-06
-4.9938e-06
-9.71158e-06
-1.63689e-06
-1.1736e-06
5.10998e-07
6.63137e-07
-9.68719e-07
1.55676e-06
-3.77474e-06
-8.32229e-07
9.03872e-07
-4.68674e-06
-5.24709e-06
1.83479e-05
-9.4953e-06
2.48284e-05
-5.19376e-06
9.22507e-06
-9.74391e-07
-1.03986e-05
-6.04525e-06
-3.83314e-05
-2.8119e-06
4.35969e-05
8.71664e-06
-3.16762e-05
9.86665e-06
-9.99571e-05
5.67655e-06
4.54684e-05
3.39827e-06
3.9015e-05
5.28946e-06
-3.06682e-05
8.25311e-06
6.33e-06
1.0761e-05
1.54195e-05
7.61674e-06
-3.45837e-05
1.37598e-06
-1.0462e-05
6.21378e-06
3.9223e-05
1.58564e-06
1.0302e-05
-4.22132e-07
6.68466e-06
3.36714e-06
-1.12363e-05
-1.73626e-06
-1.36149e-05
-5.85406e-06
2.26349e-06
-4.86134e-06
1.07168e-05
-5.18893e-06
-8.16818e-07
-4.58958e-06
9.03875e-06
-5.08609e-06
-9.21507e-06
-3.50367e-06
-2.75602e-06
-1.897e-06
-9.43537e-07
-4.24917e-06
3.90894e-06
-5.68888e-06
6.07479e-07
-1.71677e-07
-4.61333e-06
-4.60126e-06
1.93363e-05
-8.31379e-06
2.8541e-05
-7.62697e-06
8.53825e-06
-2.92691e-06
-1.50987e-05
-4.8324e-06
-3.6426e-05
-1.10058e-05
4.97703e-05
-2.03934e-05
-2.22887e-05
-1.96479e-05
-0.000100703
-2.45544e-05
5.03749e-05
-2.20963e-05
3.6557e-05
-8.72815e-07
-5.18916e-05
8.33881e-06
-2.88163e-06
1.11449e-05
1.26134e-05
3.34482e-06
-2.67836e-05
6.12271e-06
-1.32398e-05
9.48197e-06
3.58637e-05
-3.22751e-06
2.30115e-05
-3.22774e-06
6.6849e-06
4.783e-06
-1.92471e-05
1.06755e-06
-9.89946e-06
-5.14946e-06
8.4805e-06
-5.58678e-06
1.11542e-05
-3.87685e-06
-2.52674e-06
-1.98997e-06
7.15186e-06
-4.59987e-06
-6.60517e-06
-4.56224e-06
-2.79365e-06
-1.83762e-06
-3.66816e-06
2.74354e-06
-6.72226e-07
3.35757e-06
-6.54592e-09
3.65805e-07
2.82009e-06
-3.32047e-06
1.95796e-05
-5.17784e-06
3.03983e-05
-2.22623e-06
5.58664e-06
-4.63455e-06
-1.26903e-05
-1.18851e-05
-2.91754e-05
-1.9996e-05
5.78812e-05
-1.52464e-06
-4.076e-05
-5.98841e-07
-0.000101628
-1.24852e-05
6.22612e-05
-5.19264e-07
2.4591e-05
-4.57279e-06
-4.78381e-05
-2.39069e-06
-5.06373e-06
1.20662e-07
1.0102e-05
4.58353e-06
-3.12465e-05
9.85463e-06
-1.85109e-05
9.77433e-06
3.5944e-05
6.98311e-06
2.58027e-05
1.1738e-05
1.93004e-06
5.98973e-06
-1.34988e-05
-5.31456e-06
1.40483e-06
-7.26399e-06
1.04299e-05
-6.63494e-06
1.05251e-05
-8.55456e-06
-6.0712e-07
-2.73995e-06
1.33726e-06
3.42881e-06
-1.27739e-05
1.17837e-06
-5.43205e-07
-4.03206e-07
-2.08658e-06
-1.52723e-06
4.51797e-07
-3.11791e-06
1.58414e-06
2.6658e-06
-5.41791e-06
-2.57615e-06
1.9147e-05
-2.73084e-06
3.0553e-05
-5.88785e-06
8.74365e-06
-5.2758e-06
-1.33024e-05
-1.08568e-05
-2.35944e-05
-1.40715e-05
6.10958e-05
-1.86134e-05
-3.6218e-05
-1.56247e-05
-0.000104617
-1.24758e-05
5.91123e-05
-1.25356e-05
2.46508e-05
-5.35408e-06
-5.50196e-05
-2.52851e-06
-7.8893e-06
-7.65452e-06
1.5228e-05
-6.96865e-06
-3.19323e-05
6.3307e-07
-2.61127e-05
5.72502e-06
3.08521e-05
1.48065e-06
3.00471e-05
2.09715e-06
1.31354e-06
-3.94607e-06
-7.4556e-06
-1.11519e-05
8.61065e-06
-8.8246e-06
8.10263e-06
-4.63561e-06
6.33612e-06
-1.26618e-06
-3.97656e-06
-1.09268e-06
1.16376e-06
-2.26507e-06
-1.16015e-05
4.8709e-07
-3.29536e-06
-6.39459e-06
4.7951e-06
-8.88575e-06
2.94296e-06
-9.2331e-06
1.93148e-06
4.43302e-06
-1.10003e-05
-2.64451e-06
1.81693e-05
-1.49162e-06
2.94001e-05
1.28115e-06
5.97088e-06
1.46304e-06
-1.34843e-05
-1.23383e-05
-9.79304e-06
-1.13329e-05
6.00904e-05
1.34983e-05
-6.10492e-05
1.84281e-05
-0.000109547
-2.12782e-06
7.96683e-05
5.36826e-06
1.71547e-05
6.47401e-06
-5.61254e-05
-6.33657e-06
4.92128e-06
-1.75772e-05
2.64687e-05
-1.50692e-05
-3.44404e-05
-1.38715e-06
-3.97947e-05
1.83855e-06
2.76264e-05
-1.68776e-06
3.35734e-05
1.90672e-06
-2.28094e-06
5.28586e-06
-1.08347e-05
-1.30261e-06
1.51991e-05
-1.43934e-06
8.23936e-06
4.19938e-06
6.97405e-07
4.18774e-06
-3.96492e-06
2.3011e-06
3.0504e-06
-4.17414e-06
-5.1263e-06
-8.18638e-06
7.1688e-07
-1.18437e-05
8.45244e-06
-1.08836e-05
1.98286e-06
-1.25409e-05
3.5888e-06
3.2438e-06
-1.13517e-05
-2.96887e-06
1.71033e-05
-1.21814e-06
2.76494e-05
-3.31255e-06
8.0653e-06
-2.64965e-06
-1.41472e-05
-1.52704e-05
2.82767e-06
-1.69905e-05
6.18106e-05
-1.92055e-05
-5.88341e-05
-1.73777e-05
-0.000111375
-1.12807e-05
7.35713e-05
-1.22974e-05
1.81714e-05
-7.30927e-06
-6.11135e-05
-2.1486e-05
1.9098e-05
-1.90495e-05
2.40322e-05
-7.16791e-06
-4.6322e-05
-4.03098e-06
-4.29316e-05
-1.41003e-06
2.50054e-05
-1.5021e-06
3.36654e-05
2.11781e-05
-2.49612e-05
1.48288e-05
-4.48537e-06
-9.51269e-06
3.95406e-05
-6.60297e-06
5.32965e-06
-3.37812e-07
-5.56775e-06
-4.16281e-07
-3.88645e-06
-7.68126e-07
3.40224e-06
-4.47494e-06
-1.41949e-06
-1.20136e-05
8.25554e-06
-1.29645e-05
9.40332e-06
-1.34028e-05
2.42115e-06
-1.50868e-05
5.2728e-06
-1.949e-06
-9.89398e-06
-2.72632e-06
1.63179e-05
-1.24805e-06
2.61711e-05
-1.11627e-06
7.93352e-06
-9.55757e-07
-1.43077e-05
-1.1445e-05
1.33169e-05
-1.43494e-05
6.4715e-05
1.10754e-05
-8.4259e-05
1.39668e-05
-0.000114266
-6.6879e-06
9.4226e-05
-4.4864e-06
1.59699e-05
-1.86491e-05
-4.69508e-05
-1.94211e-05
1.987e-05
3.54723e-06
1.06388e-06
3.01875e-06
-4.57935e-05
5.88046e-06
-4.57933e-05
9.80657e-06
2.10793e-05
6.16061e-06
3.73114e-05
-1.63918e-05
-2.4088e-06
-3.68916e-06
-1.7188e-05
1.18993e-05
2.39521e-05
1.92114e-06
1.53078e-05
4.98467e-06
-8.63129e-06
1.31042e-06
-2.12198e-07
-2.19272e-06
6.90538e-06
-7.04826e-06
3.43605e-06
-1.34717e-05
1.4679e-05
-1.55148e-05
1.14464e-05
-1.77068e-05
4.61311e-06
-2.00432e-05
7.6092e-06
-4.34101e-06
-1.76512e-05
-2.46311e-06
1.59645e-05
-1.49268e-06
2.52007e-05
-1.9967e-06
8.43753e-06
-1.84309e-06
-1.44613e-05
-6.18007e-06
1.76539e-05
-1.08639e-05
6.93988e-05
-3.82726e-05
-5.68503e-05
-4.59212e-05
-0.000106617
-1.27574e-05
6.10621e-05
2.05621e-06
1.15627e-06
-8.74409e-06
-3.61505e-05
-1.63556e-05
2.74815e-05
-1.63205e-05
1.02872e-06
-1.24857e-05
-4.96282e-05
-6.03157e-07
-5.76759e-05
4.30921e-06
1.61669e-05
2.4015e-05
1.76057e-05
2.0196e-05
1.41018e-06
1.15797e-05
-8.57172e-06
2.63914e-06
3.28927e-05
2.82732e-06
1.51196e-05
3.6471e-06
-9.45106e-06
-5.33378e-06
8.76868e-06
-6.70483e-06
8.27643e-06
-1.02501e-05
6.98137e-06
-1.25068e-05
1.69357e-05
-1.27234e-05
1.1663e-05
-1.40816e-05
5.97138e-06
-1.30862e-05
6.6138e-06
-6.34844e-06
-1.10788e-05
-2.33709e-06
1.59047e-05
-1.68619e-06
2.45498e-05
-1.998e-06
8.74934e-06
-2.55992e-06
-1.38994e-05
-1.46993e-05
2.97932e-05
-1.64732e-05
7.11728e-05
-2.28431e-05
-5.04804e-05
-4.20715e-05
-8.7389e-05
-2.27914e-05
4.17821e-05
-2.60785e-05
4.44342e-06
-3.15045e-05
-3.07246e-05
-1.12162e-05
7.19325e-06
-3.26982e-05
2.25107e-05
-3.86275e-05
-4.36989e-05
-2.47094e-05
-7.1594e-05
-1.06306e-05
2.08814e-06
-1.25047e-07
7.10011e-06
9.3288e-06
-8.04367e-06
1.20552e-05
-1.12981e-05
5.37375e-06
3.95742e-05
-3.22536e-06
2.37187e-05
-4.59673e-06
-8.07969e-06
-2.11911e-06
6.29106e-06
-5.8966e-06
1.20539e-05
-8.14504e-06
9.22981e-06
-1.27997e-05
2.15903e-05
-1.28119e-05
1.16752e-05
-1.3345e-05
6.50447e-06
-1.05746e-05
3.84342e-06
-1.01159e-05
-6.80718e-06
-2.43885e-06
1.60927e-05
-1.97417e-06
2.40851e-05
-2.43699e-06
9.21216e-06
-2.60662e-06
-1.37298e-05
-1.30446e-05
4.02311e-05
-1.9149e-05
7.72772e-05
-4.26736e-05
-2.69557e-05
-5.83521e-05
-7.17106e-05
-2.69571e-05
1.03871e-05
8.98427e-06
-3.1498e-05
1.18967e-05
-3.3637e-05
2.1435e-06
1.69465e-05
1.94167e-05
5.23742e-06
6.42587e-05
-8.85408e-05
2.68209e-05
-3.41562e-05
-1.30063e-05
4.19153e-05
-1.51653e-05
9.25905e-06
-1.6984e-06
-2.15105e-05
-6.96791e-08
-1.29268e-05
7.47636e-06
3.20281e-05
9.42948e-06
2.17656e-05
-4.79749e-06
6.14728e-06
-5.42877e-06
6.92233e-06
-6.49037e-06
1.31155e-05
-1.09224e-05
1.36619e-05
-1.34965e-05
2.41644e-05
-1.46552e-05
1.28339e-05
-1.2738e-05
4.58728e-06
-9.75331e-06
8.5869e-07
-1.06414e-05
-9.22777e-06
-2.42921e-06
1.64179e-05
-2.68078e-06
2.43367e-05
-6.68367e-06
1.3215e-05
-7.6316e-06
-1.27818e-05
-1.46457e-05
4.72452e-05
-1.54242e-05
7.80557e-05
-3.55421e-05
-6.8378e-06
-4.8229e-05
-5.90236e-05
-3.56365e-05
-2.20548e-06
-9.72816e-06
-5.74063e-05
6.38253e-07
-4.40034e-05
-4.04106e-06
2.16258e-05
8.69959e-06
-7.50323e-06
-1.11291e-06
-7.87283e-05
-2.27833e-05
-1.24859e-05
1.5777e-06
1.75544e-05
5.33177e-06
5.50498e-06
-1.29672e-05
-3.21154e-06
-1.44352e-05
-1.14589e-05
-1.03559e-06
1.86285e-05
8.37924e-06
1.23507e-05
-3.10385e-06
1.76304e-05
-5.07192e-06
8.89041e-06
-6.98678e-06
1.50304e-05
-8.35014e-06
1.50252e-05
-5.45874e-06
2.1273e-05
-1.06187e-05
1.79939e-05
-1.19975e-05
5.96603e-06
-6.35199e-06
-4.7868e-06
-6.30939e-06
-1.06841e-05
-2.24359e-06
1.6689e-05
-2.58974e-06
2.46829e-05
-5.24344e-06
1.58687e-05
-9.08258e-06
-8.94269e-06
-7.84036e-06
4.6003e-05
-1.20185e-05
8.22339e-05
-2.3594e-05
4.73765e-06
-2.1472e-05
-6.11456e-05
-2.77736e-05
4.09615e-06
-6.01956e-05
-2.49844e-05
-4.19156e-05
-6.22834e-05
7.31944e-06
-2.76092e-05
5.00538e-06
-5.18917e-06
-3.79582e-05
-3.57647e-05
-4.27896e-05
-7.65448e-06
-1.48986e-05
-1.03366e-05
-1.01124e-05
7.18807e-07
-1.22982e-05
-1.02573e-06
-4.51218e-06
-1.92449e-05
5.06743e-07
1.36096e-05
-1.23478e-06
1.40923e-05
1.13673e-05
5.02832e-06
6.85548e-06
1.34022e-05
-3.60446e-06
2.54903e-05
-6.07337e-06
1.74941e-05
-1.14088e-06
1.63405e-05
1.59549e-06
1.52576e-05
6.36443e-07
6.92508e-06
3.0986e-06
-7.24895e-06
9.14357e-07
-4.12515e-06
-2.05614e-06
1.68342e-05
-2.21495e-06
2.48417e-05
-5.04397e-06
1.86978e-05
-1.02642e-05
-3.72247e-06
-1.32522e-05
4.8991e-05
-1.74296e-05
8.64112e-05
-2.25515e-05
9.8596e-06
-4.15983e-05
-4.20988e-05
-4.50664e-05
7.5642e-06
6.49378e-06
-7.65445e-05
-4.76022e-06
-5.10294e-05
-2.07221e-05
-1.16474e-05
-9.82373e-06
-1.60875e-05
-1.74395e-05
-2.81489e-05
-2.15851e-05
-3.50887e-06
-4.27691e-06
-2.76448e-05
-3.95977e-06
4.01667e-07
-1.09612e-05
5.97569e-06
-8.97338e-06
-2.12327e-05
1.80163e-06
2.8346e-06
7.82858e-06
8.06531e-06
1.21618e-05
6.9509e-07
1.17751e-05
1.37889e-05
4.47937e-06
3.2786e-05
-1.48598e-06
2.34595e-05
1.45776e-06
1.33968e-05
3.64158e-06
1.30737e-05
2.54554e-06
8.02112e-06
-7.87084e-06
3.16743e-06
5.79996e-07
-7.53648e-06
-1.97897e-06
1.69153e-05
-1.68381e-06
2.45465e-05
-4.9533e-06
2.19672e-05
-1.12436e-05
2.56787e-06
-1.56801e-05
5.34275e-05
-1.82022e-05
8.89333e-05
-2.87627e-05
2.04201e-05
-3.89898e-05
-3.18716e-05
-2.24284e-05
-8.99726e-06
-3.26692e-05
-6.63037e-05
-3.33399e-05
-5.03587e-05
2.60438e-05
-7.10311e-05
1.82329e-05
-8.27665e-06
1.29382e-05
-2.28542e-05
5.30423e-06
4.12511e-06
-1.65749e-05
-5.76572e-06
-1.03832e-05
-5.79e-06
-2.52832e-06
-1.87921e-06
4.22895e-06
-2.799e-05
3.81722e-06
3.24633e-06
-2.83157e-06
1.47141e-05
-7.84864e-06
5.71216e-06
-4.48842e-06
1.04287e-05
-1.96441e-06
3.0262e-05
6.86841e-07
2.08082e-05
8.69286e-06
5.39074e-06
1.30016e-05
8.76496e-06
9.75598e-06
1.12668e-05
5.58608e-06
7.33734e-06
4.64147e-06
1.5246e-06
-1.93256e-06
1.69507e-05
-1.36824e-06
2.39822e-05
-4.88235e-06
2.54814e-05
-1.44839e-05
1.21694e-05
-2.39023e-05
6.28459e-05
-5.15258e-05
0.000116557
-5.88297e-05
2.7724e-05
-2.7199e-05
-6.35023e-05
-2.5474e-05
-1.07223e-05
-7.52116e-06
-8.42565e-05
1.33107e-05
-7.11906e-05
4.80461e-05
-0.000105766
4.65106e-05
-6.74111e-06
1.90991e-05
4.55727e-06
1.03708e-05
1.28534e-05
-2.90609e-06
7.51119e-06
-1.09385e-05
2.24241e-06
-4.28451e-06
-8.5332e-06
1.45396e-05
-4.68142e-05
2.67521e-05
-8.96609e-06
3.74918e-05
3.9744e-06
2.51772e-05
1.80268e-05
-1.44723e-06
3.70531e-05
-8.35777e-06
3.71726e-05
-2.44399e-06
1.48945e-05
2.77514e-06
1.71612e-07
1.87904e-06
9.66106e-06
4.70395e-07
1.26754e-05
2.0188e-06
5.78893e-06
5.69582e-06
9.64446e-07
-1.96934e-06
1.70235e-05
-1.19594e-06
2.32088e-05
-4.27982e-06
2.85652e-05
-1.34963e-05
2.13858e-05
-2.94409e-05
7.87906e-05
-4.1775e-05
0.000128891
-2.84048e-05
1.43538e-05
-2.6839e-05
-6.50682e-05
-1.96503e-05
-1.7911e-05
-1.43134e-05
-8.95934e-05
-1.65284e-06
-8.38512e-05
2.79895e-05
-0.000135409
1.6002e-05
5.24643e-06
-4.06044e-06
2.46197e-05
8.63012e-06
1.6283e-07
6.87528e-06
9.26603e-06
-1.16888e-05
2.08065e-05
1.28099e-05
-3.30319e-05
2.20901e-05
-5.60943e-05
2.29447e-05
-9.8207e-06
2.33123e-05
3.60675e-06
1.79128e-05
2.34263e-05
-3.11179e-07
5.52771e-05
1.27633e-05
2.40981e-05
1.87059e-05
8.95184e-06
4.00302e-06
1.48745e-05
-3.25438e-06
1.69185e-05
-5.5724e-06
1.49934e-05
7.26549e-06
-7.04895e-06
3.9739e-06
8.9874e-06
-1.94292e-06
1.70938e-05
-1.13009e-06
2.2396e-05
-3.91875e-06
3.13539e-05
-9.29327e-06
2.67603e-05
-2.04224e-05
8.99197e-05
-2.15333e-05
0.000130002
-1.18915e-05
4.71205e-06
-5.50046e-06
-7.14593e-05
-9.79614e-07
-2.24318e-05
1.80471e-05
-0.00010862
1.00223e-05
-7.58264e-05
-2.2275e-05
-0.000103111
-1.6727e-05
-3.01578e-07
8.45696e-06
-5.64279e-07
1.27748e-05
-4.15497e-06
-6.00305e-06
2.80438e-05
-2.02905e-05
3.50939e-05
-1.10679e-05
-4.22544e-05
-1.35579e-05
-5.36044e-05
-7.86421e-06
-1.55144e-05
-1.29075e-05
8.65006e-06
-6.2317e-06
1.67505e-05
1.35262e-05
3.55191e-05
1.2907e-05
2.47173e-05
2.73994e-06
1.91189e-05
-2.18137e-06
1.97958e-05
-5.17433e-06
1.99114e-05
-7.55175e-06
1.73709e-05
5.16212e-06
-1.97628e-05
8.13646e-07
8.32237e-06
-1.95426e-06
1.72205e-05
-1.19182e-06
2.16335e-05
-3.68931e-06
3.38514e-05
-6.93118e-06
3.00022e-05
-9.12459e-06
9.21131e-05
-2.40693e-06
0.000123284
-5.2768e-06
7.58193e-06
-1.03559e-05
-6.63802e-05
-5.7048e-05
2.42603e-05
-3.5858e-05
-0.00012981
1.05274e-05
-0.000122212
-5.00555e-05
-4.25286e-05
-2.52734e-05
-2.50837e-05
3.63968e-05
-6.22344e-05
1.77735e-05
1.44682e-05
-5.51535e-06
5.13327e-05
-1.1002e-05
4.05805e-05
5.95673e-07
-5.38521e-05
5.18811e-06
-5.81968e-05
-3.58322e-06
-6.74304e-06
-1.14582e-05
1.65251e-05
-1.53035e-05
2.05958e-05
-9.04676e-06
2.92624e-05
-1.13886e-05
2.70591e-05
-1.43716e-05
2.21019e-05
-1.13111e-05
1.67353e-05
-5.24168e-06
1.3842e-05
-2.21357e-06
1.43428e-05
-1.19979e-05
-9.97844e-06
6.45612e-06
-1.76404e-05
-1.85085e-06
1.73304e-05
-1.16001e-06
2.09427e-05
-3.47317e-06
3.61645e-05
-5.80938e-06
3.23384e-05
-2.64218e-06
8.89459e-05
7.87899e-06
0.000112763
5.2841e-06
1.01768e-05
-5.8034e-06
-5.52927e-05
1.6814e-05
1.64288e-06
-7.12011e-06
-0.000105876
3.08284e-06
-0.000132415
5.5737e-05
-9.51828e-05
3.44517e-05
-3.79837e-06
-7.65667e-09
-2.7775e-05
-3.06977e-05
4.51583e-05
-1.71837e-05
3.78187e-05
-3.33032e-05
5.67001e-05
-6.00244e-05
-2.71309e-05
-4.49334e-05
-7.32878e-05
-1.54277e-05
-3.62487e-05
-1.3494e-05
1.45913e-05
-1.47155e-05
2.18174e-05
-1.00762e-05
2.4623e-05
-6.72531e-06
2.37083e-05
-1.00024e-05
2.53791e-05
-1.46294e-05
2.13623e-05
-1.20735e-05
1.12861e-05
-1.29682e-05
1.52375e-05
-3.92437e-05
1.62971e-05
1.73511e-05
-5.01387e-05
-1.77784e-06
1.74909e-05
-1.19636e-06
2.03612e-05
-3.18392e-06
3.81521e-05
-5.03491e-06
3.41894e-05
-9.28109e-07
8.48391e-05
1.19571e-05
9.98777e-05
4.10514e-06
1.80288e-05
7.07929e-06
-5.82669e-05
3.67332e-06
5.04885e-06
-7.37379e-05
-2.84648e-05
-2.14126e-05
-0.00018474
6.03425e-06
-0.00012263
-3.31029e-05
3.53387e-05
3.93281e-06
-6.48107e-05
2.43334e-06
4.66578e-05
-4.22702e-06
4.4479e-05
2.40202e-05
2.84528e-05
6.66055e-06
-9.77119e-06
-3.45061e-07
-6.62822e-05
4.04532e-08
-3.66342e-05
-1.39966e-05
2.86284e-05
-1.36013e-05
2.14221e-05
-7.87253e-06
1.88942e-05
-3.79834e-06
1.96341e-05
-6.45635e-08
2.16453e-05
-3.87383e-06
2.51715e-05
-4.83818e-06
1.22504e-05
-2.01305e-06
1.24123e-05
2.98127e-06
1.13028e-05
1.15557e-05
8.7767e-06
-1.54904e-06
1.76071e-05
-1.06464e-06
1.98768e-05
-2.83617e-06
3.99236e-05
-4.3676e-06
3.57208e-05
-8.9472e-07
8.13662e-05
1.11417e-05
8.78413e-05
1.06917e-05
1.84788e-05
-2.40969e-06
-4.51655e-05
1.84922e-05
-1.58531e-05
7.04708e-05
-8.04434e-05
1.26539e-05
-0.000126923
-2.79742e-07
-0.000109696
3.19544e-05
3.10462e-06
-7.06446e-06
-2.57919e-05
-4.37551e-06
4.39688e-05
5.47952e-06
3.4624e-05
1.42076e-05
1.97247e-05
5.67791e-05
-5.23427e-05
4.41182e-05
-5.36214e-05
-3.86816e-05
4.61656e-05
-2.59685e-05
1.59153e-05
-9.5079e-06
4.96146e-06
-6.65973e-06
1.60461e-05
-9.28707e-06
2.22614e-05
-5.5836e-07
1.29166e-05
4.84523e-06
1.9768e-05
3.65115e-07
1.67306e-05
2.14629e-06
1.06311e-05
5.19066e-06
8.25839e-06
6.27589e-06
1.04704e-05
-1.34051e-06
1.77591e-05
-9.84252e-07
1.95206e-05
-2.32616e-06
4.12655e-05
-3.53123e-06
3.69259e-05
-1.25346e-06
7.90884e-05
9.82505e-06
7.67628e-05
2.36877e-06
2.59351e-05
2.56266e-06
-4.53594e-05
-6.69906e-06
-6.59134e-06
-2.99421e-05
-5.72003e-05
1.23194e-05
-0.000169185
5.12868e-06
-0.000102505
-3.04793e-05
3.87126e-05
-1.3182e-05
-4.30892e-05
2.1453e-05
9.33387e-06
1.82805e-05
3.77964e-05
-5.23945e-07
3.85292e-05
-2.97591e-06
-4.98907e-05
-3.64911e-05
-2.01062e-05
-1.36849e-05
2.33594e-05
-5.56238e-06
7.7928e-06
-3.02005e-06
2.41913e-06
-2.52307e-06
1.55491e-05
-4.96902e-06
2.47074e-05
6.82538e-07
7.26501e-06
6.764e-06
1.36865e-05
5.44658e-06
1.8048e-05
7.64715e-06
8.43057e-06
7.46172e-06
8.44381e-06
3.47667e-06
1.02609e-05
-9.2898e-07
1.78272e-05
-6.93301e-07
1.92849e-05
-1.75189e-06
4.23241e-05
-2.94541e-06
3.81194e-05
-1.81178e-06
7.79548e-05
7.9064e-06
6.70446e-05
1.10351e-05
2.28064e-05
2.18232e-06
-3.65066e-05
5.74926e-06
-1.01583e-05
-6.9365e-05
1.7914e-05
-0.000158971
-7.95789e-05
-0.000118013
-0.000143463
4.68075e-05
-0.000126108
6.82381e-05
-6.45198e-05
7.51492e-05
2.42275e-06
3.74244e-05
7.55212e-05
2.63222e-05
4.96314e-05
3.05907e-05
-5.41592e-05
-5.7079e-06
1.61925e-05
1.70049e-06
1.5951e-05
4.55957e-06
4.93372e-06
-5.49167e-06
1.24704e-05
-4.12389e-06
1.41813e-05
3.24342e-07
2.02591e-05
-2.988e-06
1.05774e-05
-3.57877e-07
1.10564e-05
1.78586e-06
1.59042e-05
6.43697e-06
3.77946e-06
1.1239e-05
3.64177e-06
6.50617e-06
8.20952e-06
-4.35479e-07
-3.46238e-07
-7.28999e-07
-1.43578e-06
-1.5332e-06
3.83791e-06
-1.57176e-06
4.05326e-06
7.75462e-06
3.36407e-05
1.16919e-05
4.2626e-05
5.23105e-05
-5.09466e-05
-2.96901e-05
-1.43746e-05
-2.86528e-05
-1.43091e-05
6.84827e-06
-5.10531e-07
1.98167e-07
-4.72069e-06
-6.64822e-06
-4.42096e-06
-4.61283e-06
-2.30416e-06
-1.19816e-06
-4.19245e-07
3.64099e-06
1.57275e-06
-7.59968e-07
4.48573e-06
6.2178e-07
-4.67777e-06
-1.12859e-06
1.74982e-05
-4.57372e-06
1.16891e-05
-4.07879e-06
7.61072e-06
-2.7903e-06
3.40432e-05
-2.57843e-06
-1.60775e-05
-1.36144e-05
2.13773e-05
-1.18945e-06
-2.2917e-06
9.3399e-06
3.78007e-05
1.34157e-05
3.21101e-05
1.01383e-06
-5.89116e-05
-7.3817e-06
-0.000103441
-5.1908e-06
-8.84749e-06
-2.67985e-06
-2.1909e-05
-2.58651e-06
2.10097e-07
-1.62377e-06
1.28364e-05
-1.20691e-06
1.6717e-05
5.64685e-06
-2.09333e-05
7.12886e-06
-5.67465e-06
3.25356e-06
3.10976e-05
1.8506e-06
1.74321e-05
5.4856e-06
-3.82709e-06
7.31619e-06
-4.37595e-07
6.91201e-06
1.00192e-06
1.47637e-05
-2.38049e-05
1.55802e-05
2.32628e-05
6.53416e-06
-3.24496e-06
1.16491e-06
1.32516e-05
5.49335e-06
-4.85502e-07
3.65613e-06
-5.04125e-07
-4.65914e-06
-1.30664e-06
1.83008e-05
-3.59698e-06
1.39795e-05
-3.76001e-06
7.77375e-06
-4.44887e-06
3.47321e-05
-3.05977e-06
-1.74666e-05
-4.77258e-06
2.30901e-05
-9.54621e-07
-6.10967e-06
1.32057e-05
2.36404e-05
1.12862e-05
3.40296e-05
-1.1352e-05
-3.62735e-05
-3.66475e-06
-0.000111128
-1.24343e-06
-1.12688e-05
-2.75819e-06
-2.03943e-05
-4.26519e-06
1.7171e-06
-4.83677e-06
1.3408e-05
-3.7056e-06
1.55858e-05
6.33576e-06
-3.09747e-05
8.08516e-06
-7.42405e-06
3.03465e-06
3.61481e-05
-1.58443e-06
2.20512e-05
-4.32106e-06
-1.09046e-06
1.54373e-06
-6.30238e-06
6.74621e-06
-4.20057e-06
1.41044e-05
-3.11631e-05
1.21222e-05
2.5245e-05
3.10803e-06
5.7692e-06
8.33463e-07
1.55262e-05
5.54624e-06
-3.26274e-06
1.52152e-06
-1.14383e-06
-6.77805e-06
3.98352e-07
1.67586e-05
-7.59859e-07
1.51377e-05
-2.73338e-06
9.74727e-06
-1.8048e-06
3.38035e-05
-1.96048e-06
-1.73109e-05
-1.06306e-05
3.17602e-05
-5.60008e-06
-1.11402e-05
8.04982e-07
1.72354e-05
5.04092e-06
2.97936e-05
-1.13496e-06
-3.00976e-05
-9.62883e-06
-0.000102634
-2.68389e-06
-1.82137e-05
2.67924e-07
-2.33461e-05
-3.32832e-06
5.31334e-06
-4.55978e-06
1.46394e-05
-3.79513e-06
1.48211e-05
4.13435e-06
-3.89041e-05
8.80905e-06
-1.20988e-05
4.68268e-06
4.02745e-05
6.08366e-07
2.61255e-05
-2.89555e-06
2.41345e-06
-4.93016e-06
-4.26777e-06
-2.73195e-06
-6.39878e-06
7.15684e-06
-4.10519e-05
9.73278e-06
2.26691e-05
2.28016e-06
1.32218e-05
8.46008e-07
1.69603e-05
5.48624e-06
1.88021e-06
-9.74471e-07
1.26383e-06
-6.16167e-06
1.35512e-06
1.66673e-05
8.05851e-08
1.64122e-05
-4.26805e-06
1.40959e-05
-5.36735e-06
3.49028e-05
-8.42114e-06
-1.42571e-05
-7.31517e-06
3.06543e-05
-2.07437e-07
-1.8248e-05
4.43603e-07
1.65843e-05
1.77122e-06
2.8466e-05
6.63012e-07
-2.89894e-05
-3.77353e-07
-0.000101594
-3.67694e-06
-1.49142e-05
-4.20547e-06
-2.28175e-05
-1.57981e-06
2.68768e-06
-1.40211e-07
1.31998e-05
6.47311e-07
1.40336e-05
-1.66096e-06
-3.65959e-05
3.23941e-06
-1.69991e-05
5.12798e-06
3.83859e-05
1.07606e-05
2.04928e-05
6.74334e-06
6.43076e-06
1.76751e-07
2.29882e-06
5.68259e-06
-1.19046e-05
8.75488e-06
-4.41242e-05
6.6954e-06
2.47286e-05
1.56118e-06
1.8356e-05
1.01629e-06
1.75052e-05
5.31416e-06
-5.10254e-06
-1.97987e-07
-4.34784e-06
-6.91637e-06
-6.38956e-07
1.29584e-05
-2.9418e-06
1.87151e-05
-5.22509e-06
1.63792e-05
-3.03495e-06
3.27127e-05
-3.31143e-06
-1.39807e-05
-5.35021e-06
3.2693e-05
-1.68829e-06
-2.19099e-05
-5.85938e-07
1.5482e-05
-6.84398e-06
3.47241e-05
-1.0209e-05
-2.56243e-05
-1.3014e-05
-9.87891e-05
-6.99215e-06
-2.0936e-05
-3.8383e-06
-2.59714e-05
-3.88736e-06
2.73674e-06
-3.94273e-06
1.32552e-05
-8.11513e-06
1.8206e-05
-8.98363e-06
-3.57274e-05
1.65925e-06
-2.7642e-05
-9.74517e-07
4.10196e-05
-6.69878e-06
2.62171e-05
3.74731e-06
-4.01533e-06
6.32222e-06
-2.7608e-07
7.87464e-07
-6.36986e-06
6.08889e-06
-4.94257e-05
4.98559e-06
2.58319e-05
1.21692e-06
2.21247e-05
1.09145e-06
1.76307e-05
5.14417e-06
-2.44287e-06
-2.44186e-06
-3.5968e-06
-5.76243e-06
-1.80822e-07
9.54241e-06
1.83159e-06
1.67027e-05
-5.93494e-06
2.41457e-05
-4.18367e-06
3.09614e-05
-4.83393e-06
-1.33304e-05
-2.76438e-06
3.06235e-05
-6.2556e-07
-2.40487e-05
1.36334e-06
1.34931e-05
8.69542e-06
2.7392e-05
8.15953e-06
-2.50884e-05
-4.26332e-06
-8.63663e-05
-2.14098e-05
-3.7895e-06
-2.21995e-05
-2.51817e-05
-3.43857e-06
-1.60242e-05
-6.9008e-06
1.67174e-05
1.37675e-06
9.92847e-06
5.84232e-06
-4.01929e-05
-2.61142e-06
-1.91883e-05
-2.14267e-07
3.86225e-05
4.5641e-06
2.14387e-05
6.83246e-06
-6.2837e-06
2.47244e-06
4.08394e-06
1.83178e-06
-5.72921e-06
4.41416e-06
-5.2008e-05
3.99404e-06
2.6252e-05
9.39845e-07
2.51789e-05
1.20897e-06
1.73616e-05
4.93296e-06
-4.67271e-06
-2.38248e-06
-1.06083e-05
1.73176e-07
-8.54316e-06
7.47725e-06
-4.17451e-06
1.2334e-05
-6.19887e-06
2.61701e-05
-7.64741e-06
3.24099e-05
-7.87258e-06
-1.31052e-05
-2.91043e-06
2.56613e-05
-3.66335e-06
-2.32958e-05
4.57842e-06
5.2513e-06
6.19032e-06
2.57801e-05
-9.42062e-06
-9.47748e-06
-1.1296e-05
-8.44909e-05
-4.02723e-06
-1.10583e-05
2.93336e-06
-3.21423e-05
8.54681e-07
-1.39455e-05
-5.63641e-06
2.32085e-05
6.76703e-06
-2.47497e-06
1.0123e-05
-4.35489e-05
-4.00232e-06
-5.06294e-06
-4.89426e-07
3.51096e-05
4.58601e-06
1.63633e-05
7.77246e-06
-9.47015e-06
5.07967e-06
6.77673e-06
1.4988e-06
-2.14833e-06
4.92426e-06
-5.54335e-05
3.29067e-06
2.78856e-05
7.95532e-07
2.7674e-05
1.52711e-06
1.663e-05
4.67928e-06
-1.61524e-06
2.05285e-06
-5.57962e-06
4.13756e-06
-4.82509e-06
6.72272e-06
-7.59172e-06
1.51006e-05
-6.6439e-06
2.52223e-05
-9.84143e-07
2.67502e-05
-2.71023e-06
-1.13792e-05
-2.84792e-06
2.5799e-05
2.63424e-06
-2.87779e-05
1.74159e-07
7.71138e-06
-6.59032e-06
3.25446e-05
-3.2035e-06
-1.28643e-05
-1.06367e-05
-7.70577e-05
-1.29075e-05
-8.7875e-06
-2.6299e-06
-4.24199e-05
7.39345e-06
-2.39689e-05
-3.96731e-07
3.09987e-05
-5.99356e-06
3.12186e-06
-6.37527e-06
-4.31672e-05
-4.44188e-06
-6.99633e-06
-1.3588e-06
3.20265e-05
8.23336e-06
6.77113e-06
1.25071e-05
-1.37439e-05
1.35161e-05
5.76782e-06
1.00562e-05
1.31155e-06
3.04207e-06
-4.84194e-05
3.1574e-06
2.77702e-05
6.63628e-07
3.01678e-05
1.84806e-06
1.54455e-05
4.32668e-06
-8.48899e-06
5.12393e-06
-1.13452e-05
6.99379e-06
-1.34583e-05
8.83579e-06
-1.79507e-05
1.9593e-05
-5.89541e-06
1.3167e-05
4.42743e-07
2.0412e-05
-6.5343e-06
-4.40212e-06
-3.30685e-06
2.25716e-05
-3.58452e-06
-2.85003e-05
-3.2046e-06
7.33146e-06
-6.55857e-06
3.58986e-05
-1.21508e-05
-7.27208e-06
-2.34374e-05
-6.5771e-05
-1.37609e-05
-1.8464e-05
-5.87252e-06
-5.03083e-05
-1.52871e-06
-2.83127e-05
1.05894e-06
2.8411e-05
2.81517e-07
3.89929e-06
1.64645e-07
-4.30503e-05
-1.73802e-06
-5.09367e-06
-8.93294e-07
3.11818e-05
6.30705e-06
-4.29213e-07
4.95962e-06
-1.23965e-05
1.90557e-05
-8.32825e-06
3.15076e-05
-1.11403e-05
1.42997e-05
-3.12116e-05
4.41303e-06
3.7657e-05
8.96574e-07
3.36843e-05
1.94017e-06
1.4402e-05
3.94388e-06
-1.30819e-05
7.20547e-06
-1.88768e-05
1.27887e-05
-2.17836e-05
1.17427e-05
-1.68745e-05
1.46839e-05
1.0422e-07
-3.81169e-06
-9.41218e-07
2.14575e-05
-6.44755e-06
1.10421e-06
-9.54244e-07
1.70783e-05
-1.57292e-05
-1.37253e-05
-1.85852e-05
1.01875e-05
-1.27555e-05
3.00689e-05
-9.31856e-06
-1.0709e-05
-2.29445e-05
-5.21451e-05
-2.60269e-05
-1.53816e-05
-8.78109e-06
-6.75541e-05
1.14359e-05
-4.85296e-05
3.35748e-06
3.64894e-05
-9.86356e-07
8.24312e-06
9.31033e-07
-4.49677e-05
2.37228e-06
-6.53491e-06
1.16183e-06
3.23922e-05
1.13809e-05
-1.06483e-05
2.08987e-05
-2.19143e-05
2.09939e-05
-8.42343e-06
1.89385e-05
-9.08498e-06
1.02702e-05
-2.25433e-05
5.58522e-06
4.2342e-05
1.28291e-06
3.79866e-05
1.93619e-06
1.37487e-05
3.63618e-06
-1.36972e-05
9.55098e-06
-1.41189e-05
1.32103e-05
-1.40882e-05
1.1712e-05
-9.22432e-06
9.82e-06
1.06837e-07
-1.31428e-05
-2.24522e-07
2.17888e-05
-1.30422e-06
2.18391e-06
3.81099e-06
1.19631e-05
2.275e-06
-1.21893e-05
2.8496e-06
9.61286e-06
-1.87355e-06
3.4792e-05
-4.17302e-06
-8.40955e-06
-4.50445e-06
-5.18137e-05
-4.7749e-06
-1.51112e-05
-5.85067e-06
-6.64783e-05
6.50251e-06
-6.08828e-05
6.12678e-06
3.68652e-05
-1.3879e-05
2.82489e-05
-1.79332e-05
-4.09135e-05
2.65259e-06
-2.71207e-05
-8.51714e-08
3.513e-05
-3.00255e-06
-7.73087e-06
2.14455e-06
-2.70614e-05
1.64489e-05
-2.27278e-05
1.68057e-05
-9.44173e-06
9.29492e-06
-1.50325e-05
6.13057e-06
4.55063e-05
1.61966e-06
4.24975e-05
2.19014e-06
1.31782e-05
3.34686e-06
-8.93991e-06
8.59691e-06
-1.04146e-05
1.46851e-05
-1.02656e-05
1.15629e-05
-5.96326e-06
5.51765e-06
-7.38817e-06
-1.17179e-05
-3.29098e-06
1.76916e-05
6.28541e-06
-7.39248e-06
1.8508e-06
1.63977e-05
-4.1467e-06
-6.19182e-06
5.79608e-06
-3.29919e-07
3.25812e-06
3.733e-05
-1.23686e-06
-3.91457e-06
-1.00585e-05
-4.29921e-05
-1.27829e-05
-1.23868e-05
-1.78348e-05
-6.14263e-05
-8.06809e-07
-7.79108e-05
2.00547e-06
3.40529e-05
3.95571e-05
-9.30275e-06
5.46743e-05
-5.60307e-05
1.46887e-05
1.2865e-05
1.53103e-06
4.82877e-05
9.29857e-06
-1.54984e-05
2.21729e-05
-3.99358e-05
2.28859e-05
-2.34408e-05
1.73222e-05
-3.87801e-06
6.57259e-06
-4.28295e-06
5.20599e-06
4.68729e-05
1.91726e-06
4.57862e-05
2.29084e-06
1.28046e-05
3.1382e-06
-1.26779e-05
3.62368e-06
-1.02353e-05
1.22424e-05
-7.49123e-06
8.81886e-06
-5.90856e-06
3.93497e-06
-7.50499e-06
-1.01215e-05
-2.18798e-08
1.02085e-05
3.19041e-06
-1.06048e-05
6.18129e-06
1.34068e-05
-6.27745e-06
6.26692e-06
-5.12566e-06
-1.48171e-06
1.8203e-05
1.40013e-05
1.42605e-05
2.79734e-08
1.42996e-06
-3.01616e-05
-2.70757e-06
-8.24925e-06
-1.34254e-05
-5.07085e-05
-7.3807e-06
-8.39555e-05
8.16573e-06
1.85065e-05
-1.28379e-06
1.46774e-07
-1.22098e-05
-4.51047e-05
-4.11662e-06
4.77178e-06
8.55606e-06
3.5615e-05
1.6105e-05
-2.30474e-05
1.75749e-05
-4.14057e-05
2.13804e-05
-2.72463e-05
1.06096e-05
6.89284e-06
1.96068e-06
4.36595e-06
1.59951e-06
4.72341e-05
2.0492e-06
4.53365e-05
2.17061e-06
1.26832e-05
3.07432e-06
-1.14412e-05
3.98606e-06
-1.38237e-05
1.46249e-05
-7.27617e-06
2.27136e-06
-7.00977e-06
3.66858e-06
-1.35639e-05
-3.56741e-06
-5.38774e-06
2.03241e-06
4.12651e-07
-1.64052e-05
-1.37658e-06
1.5196e-05
4.63349e-07
4.42698e-06
1.47655e-06
-2.49491e-06
1.02171e-05
5.26069e-06
1.14103e-05
-1.16516e-06
-3.63483e-07
-1.83878e-05
3.4639e-06
-1.20766e-05
6.03071e-06
-5.32753e-05
-2.69666e-06
-7.52282e-05
7.98532e-06
7.8245e-06
3.12932e-05
-2.31611e-05
3.70316e-05
-5.08431e-05
3.48989e-05
6.90444e-06
2.74713e-05
4.30426e-05
9.57303e-06
-5.14909e-06
2.16771e-05
-5.35097e-05
2.7019e-05
-3.25883e-05
2.13971e-05
1.25148e-05
1.48575e-06
2.42773e-05
1.26645e-06
4.74534e-05
2.00935e-06
4.45936e-05
1.97819e-06
1.27144e-05
3.10861e-06
-3.25696e-06
4.35844e-07
-5.25821e-06
1.66262e-05
-4.74e-06
1.75314e-06
-6.94048e-06
5.86906e-06
-1.89379e-05
8.43e-06
-1.17315e-05
-5.17398e-06
-7.52894e-06
-2.06077e-05
-1.72382e-06
9.39093e-06
1.2697e-06
1.43347e-06
-1.35555e-06
1.30342e-07
2.74925e-06
1.15589e-06
6.99451e-06
-5.41042e-06
3.20242e-06
-1.45957e-05
1.35966e-05
-2.24708e-05
1.49904e-05
-5.46691e-05
5.60943e-06
-6.58472e-05
9.41257e-06
4.02136e-06
1.83783e-05
-3.21268e-05
1.90235e-05
-5.14883e-05
1.78825e-05
8.04545e-06
1.91045e-05
4.18205e-05
1.63428e-05
-2.38744e-06
2.21389e-05
-5.93058e-05
1.74698e-05
-2.79192e-05
1.40819e-05
1.59026e-05
1.57774e-06
3.67815e-05
1.36764e-06
4.76635e-05
1.7947e-06
4.41666e-05
1.73477e-06
1.27743e-05
3.18831e-06
-5.02669e-06
-3.76524e-06
-5.18715e-06
1.67866e-05
-6.76384e-06
3.32983e-06
-5.84651e-06
4.95173e-06
-2.43653e-06
5.02002e-06
-5.71087e-06
-1.89964e-06
-9.81874e-06
-1.64999e-05
7.80516e-06
-8.23298e-06
5.38164e-06
3.85698e-06
5.51628e-08
5.45682e-06
7.32856e-06
-6.1175e-06
1.1493e-05
-9.5749e-06
7.68235e-06
-1.07851e-05
1.78002e-05
-3.25886e-05
1.72869e-05
-5.41558e-05
1.41619e-06
-4.99765e-05
9.15033e-06
-3.71278e-06
1.47897e-05
-3.77661e-05
2.62882e-05
-6.29869e-05
1.78454e-05
1.64883e-05
8.02262e-06
5.16433e-05
1.80725e-05
-1.24373e-05
2.60139e-05
-6.72473e-05
1.88721e-05
-2.07774e-05
9.55109e-06
2.52237e-05
1.51391e-06
4.48187e-05
1.52347e-06
4.7654e-05
1.55896e-06
4.41311e-05
1.62017e-06
1.27131e-05
3.30265e-06
-6.20328e-06
-8.24601e-06
-7.52984e-06
1.81132e-05
-7.05605e-06
2.85604e-06
-5.12672e-06
3.02241e-06
-3.22132e-06
3.11461e-06
-1.90914e-07
-4.93004e-06
-8.59663e-06
-8.09414e-06
-3.19389e-06
-1.36357e-05
-3.57971e-06
4.2428e-06
7.50993e-06
-5.63282e-06
8.44864e-06
-7.05621e-06
8.18882e-06
-9.31508e-06
1.24191e-05
-1.50153e-05
-1.82924e-05
-1.87714e-06
-4.07945e-05
-3.16537e-05
-2.35151e-06
-8.84195e-05
3.58098e-06
-9.64527e-06
1.13657e-05
-4.55509e-05
2.87308e-05
-8.0352e-05
3.41039e-05
1.11151e-05
2.51629e-05
6.05844e-05
2.88505e-05
-1.61249e-05
2.80144e-05
-6.64111e-05
5.94489e-06
1.29211e-06
3.06888e-06
2.80997e-05
1.67347e-06
4.62141e-05
2.03457e-06
4.72928e-05
2.19305e-06
4.39726e-05
1.98456e-06
1.29216e-05
3.82876e-06
-1.99214e-06
-1.0379e-05
5.27236e-06
1.08487e-05
3.66411e-06
4.46428e-06
7.04458e-06
-3.5807e-07
3.4898e-06
6.6694e-06
2.01473e-06
-3.45497e-06
1.23539e-05
-1.84333e-05
2.9201e-05
-3.04829e-05
2.96046e-05
3.83918e-06
3.8352e-05
-1.43802e-05
1.11974e-05
2.00984e-05
-1.71968e-06
3.60203e-06
-8.57278e-06
-8.16218e-06
-8.76315e-06
-1.68678e-06
-2.80841e-05
-1.23327e-05
2.05502e-06
-0.000118559
2.47136e-05
-3.23038e-05
1.94282e-05
-4.02655e-05
2.26422e-05
-8.3566e-05
1.9909e-05
1.38484e-05
2.45671e-05
5.59262e-05
2.61457e-05
-1.77035e-05
2.67573e-05
-6.70228e-05
1.23575e-05
1.5692e-05
1.81346e-06
3.86437e-05
2.22031e-06
4.58072e-05
2.39093e-06
4.71222e-05
2.54551e-06
4.3818e-05
2.05576e-06
1.34113e-05
4.42466e-06
-1.15982e-05
-6.3173e-06
-2.88152e-06
2.13202e-06
6.90658e-07
8.92106e-07
2.18055e-06
-1.84797e-06
4.18654e-06
4.66341e-06
-2.26836e-06
2.99993e-06
-3.85766e-05
1.7875e-05
-3.42557e-05
-3.48037e-05
-1.55415e-05
-1.4875e-05
-1.04756e-05
-1.94461e-05
1.41467e-05
-4.52386e-06
1.72503e-05
4.98401e-07
1.67925e-05
-7.70436e-06
3.99304e-05
-2.48247e-05
2.64732e-05
1.1244e-06
2.02644e-05
-0.00011235
3.16704e-05
-4.37098e-05
1.81603e-05
-2.67553e-05
5.92766e-06
-7.13334e-05
1.42609e-05
5.51519e-06
1.72487e-05
5.29384e-05
-8.62328e-07
4.07514e-07
3.47767e-06
-7.13628e-05
9.7988e-06
9.37083e-06
3.57549e-06
4.4867e-05
3.83475e-06
4.5548e-05
4.2717e-06
4.66853e-05
3.34545e-06
4.47443e-05
2.06513e-06
1.46916e-05
5.0053e-06
-6.56789e-07
-4.13591e-06
-5.92037e-06
7.39561e-06
-4.17619e-06
-8.52083e-07
-7.40194e-07
-5.28396e-06
7.03822e-06
-3.115e-06
-3.7906e-06
1.38287e-05
-2.90337e-05
4.31181e-05
-5.42761e-05
-9.56132e-06
-3.00626e-05
-3.90886e-05
-4.40472e-06
-4.5104e-05
7.71732e-07
-9.70032e-06
8.64206e-06
-7.37193e-06
1.0671e-06
-1.29399e-07
-1.63987e-06
-2.21177e-05
8.05778e-06
-8.57325e-06
1.66506e-05
-0.000120943
2.60167e-05
-5.30759e-05
2.05376e-05
-2.12762e-05
-2.09759e-06
-4.86982e-05
1.92802e-05
-1.58626e-05
4.54743e-05
2.67443e-05
2.81805e-05
1.77013e-05
6.28993e-05
-0.000106082
3.3709e-05
3.85612e-05
7.2957e-06
7.12803e-05
2.91722e-07
5.2552e-05
-1.12603e-06
4.8103e-05
3.44986e-06
4.01684e-05
2.07333e-06
1.60682e-05
5.53862e-06
-4.34207e-06
1.17061e-06
-3.74768e-06
6.80122e-06
-7.5642e-06
2.96444e-06
2.68078e-06
-1.55289e-05
4.54976e-06
-4.98398e-06
9.8183e-07
1.73967e-05
1.9644e-05
2.44559e-05
1.76579e-05
-7.57521e-06
-5.00637e-05
2.8633e-05
-3.71636e-05
-5.80041e-05
1.35931e-06
-4.82232e-05
-1.12154e-06
-4.89108e-06
-2.14384e-05
2.01875e-05
-1.57043e-05
-2.78518e-05
1.89778e-05
-4.32553e-05
9.74103e-06
-0.000111706
2.56334e-07
-4.35912e-05
-2.29055e-06
-1.87293e-05
1.0764e-06
-5.20652e-05
3.40576e-05
-4.88438e-05
3.25359e-05
2.8266e-05
2.39568e-05
2.62804e-05
4.53901e-05
-0.000127515
3.29502e-05
5.10011e-05
9.4363e-06
9.47942e-05
2.63474e-06
5.93535e-05
5.0209e-07
5.02357e-05
3.37919e-06
3.72913e-05
2.09132e-06
1.7356e-05
6.04708e-06
-9.48195e-07
1.11062e-05
2.50502e-06
3.348e-06
-2.85399e-06
8.32345e-06
-1.48858e-05
-3.49716e-06
-3.13817e-05
1.1512e-05
-3.63579e-05
2.23728e-05
-4.15244e-05
2.96224e-05
-2.72301e-05
-2.18695e-05
4.24179e-07
9.78767e-07
-3.30889e-05
-2.4491e-05
-3.84004e-05
-4.29117e-05
-1.35571e-06
-4.19358e-05
5.50576e-06
1.3326e-05
8.11743e-06
-3.04635e-05
3.05502e-05
-6.56881e-05
-4.1584e-06
-7.69973e-05
-8.2526e-06
-3.9497e-05
9.73093e-06
-3.67128e-05
4.31924e-06
-4.66535e-05
2.23435e-05
-6.6868e-05
4.04395e-05
1.017e-05
4.93497e-05
1.73702e-05
6.42529e-05
-0.000142418
3.81245e-05
7.71295e-05
1.20632e-05
0.000120855
4.73634e-06
6.66804e-05
1.94201e-06
5.303e-05
3.31058e-06
3.59227e-05
2.11789e-06
1.85487e-05
6.53352e-06
5.81722e-06
1.36114e-05
-7.83173e-09
9.17306e-06
-4.67159e-07
8.78278e-06
-1.85613e-06
-2.10819e-06
-1.46277e-05
2.42835e-05
-3.20081e-05
3.97533e-05
-3.75487e-05
3.51629e-05
-2.82867e-05
-3.11315e-05
3.50033e-06
-3.08083e-05
-1.77213e-05
-3.26934e-06
-3.50363e-05
-2.55968e-05
-6.785e-07
-7.62936e-05
2.0367e-05
-7.71951e-06
2.70952e-05
-3.71917e-05
-4.24591e-06
-3.4347e-05
-1.93992e-05
-6.18439e-05
1.0407e-05
-6.93033e-05
1.42205e-05
-4.05264e-05
-7.86607e-07
-3.16464e-05
4.89327e-06
-7.25479e-05
4.29602e-05
-2.7897e-05
5.33321e-05
6.99829e-06
3.59136e-05
-0.000125
2.04711e-05
9.2572e-05
1.02445e-05
0.000131082
7.42461e-06
6.95003e-05
2.85107e-06
5.76035e-05
3.30477e-06
3.5469e-05
2.12941e-06
1.97241e-05
7.01616e-06
-1.6933e-05
1.2904e-05
-2.83116e-05
2.05516e-05
-3.79445e-05
1.84156e-05
-2.72635e-05
-1.27892e-05
-3.98519e-05
3.6872e-05
-4.13417e-05
4.1243e-05
-2.88563e-05
2.26776e-05
-5.13387e-05
-8.64907e-06
-6.37724e-05
-1.83747e-05
-1.78324e-05
-4.92093e-05
-1.30309e-05
-3.03982e-05
-2.62463e-05
-6.30782e-05
-1.10042e-05
-2.29616e-05
-4.01709e-06
-4.41788e-05
-2.37241e-05
-1.464e-05
-1.09513e-05
-7.46167e-05
2.23211e-05
-0.000102576
5.67973e-06
-2.3885e-05
1.4113e-05
-4.00796e-05
2.15673e-05
-8.00023e-05
3.88332e-05
-4.51629e-05
4.70375e-05
-1.20605e-06
2.08736e-05
-9.88356e-05
3.22905e-06
0.000110217
1.27159e-05
0.000121595
7.18239e-06
7.50338e-05
4.0676e-06
6.07183e-05
3.32674e-06
3.62099e-05
2.12216e-06
2.09287e-05
7.4876e-06
-5.85386e-05
2.13039e-05
-5.37526e-05
1.57656e-05
-4.15088e-05
6.17186e-06
-5.27579e-05
-1.54007e-06
-4.09027e-05
2.50167e-05
-2.26527e-05
2.2993e-05
-2.2987e-05
2.30119e-05
-3.60449e-05
4.40884e-06
-5.61339e-05
1.71425e-06
-8.2597e-05
-2.27462e-05
-5.77639e-05
-5.52313e-05
-5.67142e-05
-6.41279e-05
-6.82605e-05
-1.14152e-05
-5.24992e-05
-5.99401e-05
-4.04271e-05
-2.67122e-05
-3.41499e-05
-8.08939e-05
2.52142e-06
-0.000139247
4.32996e-05
-6.46632e-05
6.06467e-05
-5.74266e-05
4.94802e-05
-6.88357e-05
2.78296e-05
-2.35123e-05
1.58112e-05
1.08123e-05
6.54271e-06
-8.95671e-05
6.26179e-06
0.000110498
1.39322e-05
0.000113925
7.7459e-06
8.122e-05
4.71433e-06
6.37499e-05
3.32435e-06
3.75999e-05
2.07119e-06
2.21818e-05
7.95298e-06
1.59567e-05
1.41239e-05
1.9809e-05
1.19133e-05
1.53231e-05
1.06578e-05
4.68139e-06
9.10162e-06
1.07026e-05
1.89955e-05
1.43998e-05
1.92959e-05
2.46044e-05
1.28073e-05
1.63906e-05
1.26226e-05
8.64868e-06
9.45616e-06
-2.02591e-07
-1.38949e-05
-6.88493e-06
-4.8549e-05
-4.57343e-06
-6.64394e-05
3.6513e-05
-5.25017e-05
3.98167e-05
-6.32438e-05
5.11542e-05
-3.80496e-05
8.06159e-06
-3.78013e-05
-3.03965e-05
-0.000100789
2.7727e-05
-0.000122787
4.08647e-05
-7.05644e-05
3.35098e-05
-6.14808e-05
2.32649e-05
-1.32674e-05
1.60569e-05
1.80204e-05
5.68614e-06
-7.91964e-05
1.15988e-05
0.000104585
1.46211e-05
0.000110902
9.68255e-06
8.61586e-05
5.54454e-06
6.78879e-05
3.23132e-06
3.99131e-05
1.96951e-06
2.34436e-05
8.39755e-06
1.67082e-05
7.88612e-06
1.83064e-05
1.0315e-05
1.82175e-05
1.07468e-05
1.5487e-05
1.18321e-05
1.65914e-05
1.78911e-05
1.88782e-05
1.70091e-05
1.6844e-05
1.48415e-05
1.4945e-05
1.45216e-05
1.01975e-05
1.42037e-05
1.09474e-05
-1.46447e-05
-1.98896e-05
-1.77121e-05
-5.18165e-05
-3.45125e-05
-3.03754e-05
-7.39428e-05
-5.35459e-05
-4.00733e-05
-5.72156e-05
-3.438e-05
-3.08062e-05
-6.42107e-05
-6.05586e-05
-7.10364e-05
-4.18877e-05
-0.000141458
-2.0837e-06
-0.000110368
-3.93743e-06
-5.96271e-05
6.64127e-06
-2.38461e-05
7.75752e-06
1.69041e-05
5.0976e-06
-7.65364e-05
1.46095e-05
9.5073e-05
1.40382e-05
0.000111474
9.06981e-06
9.1127e-05
5.49203e-06
7.14657e-05
3.02829e-06
4.23768e-05
1.79239e-06
2.46795e-05
8.81569e-06
1.607e-05
2.07708e-06
1.73504e-05
9.03463e-06
1.99799e-05
8.11728e-06
2.07913e-05
1.10207e-05
2.47816e-05
1.39008e-05
2.595e-05
1.58407e-05
2.37866e-05
1.70049e-05
2.13855e-05
1.69227e-05
1.86192e-05
1.69699e-05
-6.04693e-06
1.00214e-05
-2.10839e-05
-2.67517e-06
-1.08244e-05
-4.4772e-05
-1.73267e-05
-6.74405e-05
9.29219e-06
-6.66922e-05
1.22095e-07
-2.52099e-05
2.44167e-05
-8.85053e-05
8.49264e-05
-0.000131546
4.66317e-05
-0.000103163
4.97124e-05
-0.000113449
1.89102e-05
-2.88249e-05
5.8039e-06
-1.07398e-05
4.67855e-06
1.80295e-05
3.25287e-06
-7.51108e-05
1.22762e-05
8.60496e-05
9.72173e-06
0.000114028
6.71099e-06
9.41377e-05
4.7402e-06
7.34365e-05
2.65086e-06
4.44662e-05
1.52321e-06
2.58072e-05
9.18775e-06
7.55366e-06
2.73294e-06
7.91309e-06
8.67519e-06
1.33261e-05
2.70431e-06
1.47643e-05
9.58248e-06
1.51865e-05
1.34786e-05
1.57047e-05
1.53225e-05
1.64939e-05
1.62157e-05
1.46739e-05
1.87427e-05
1.0368e-05
2.12759e-05
2.44181e-06
1.79476e-05
-9.62058e-08
-1.3715e-07
-3.3056e-05
-1.18122e-05
-4.89859e-05
-5.15106e-05
-3.46922e-05
-8.09859e-05
4.09723e-05
-0.000100874
4.47408e-05
-9.22738e-05
-2.28838e-05
-6.39215e-05
-1.95422e-05
-0.000106504
-1.481e-05
-0.000118181
1.39728e-05
-5.76076e-05
1.63255e-05
-1.30924e-05
1.02896e-05
2.40653e-05
-4.84855e-06
-5.99726e-05
8.68324e-08
8.11143e-05
5.20101e-06
0.000108914
6.01974e-06
9.3319e-05
4.35819e-06
7.5098e-05
2.26677e-06
4.65576e-05
1.15478e-06
2.69192e-05
9.51418e-06
-2.81608e-06
5.88224e-07
7.22762e-06
9.29694e-06
1.01951e-05
1.09704e-05
1.15046e-05
1.34323e-05
1.92575e-05
5.05475e-05
4.95103e-05
4.29117e-05
1.73425e-05
-2.46634e-05
-3.49348e-05
-1.32121e-05
-2.61655e-05
-3.40025e-05
-1.94075e-05
-3.00807e-05
3.28622e-06
-8.31194e-07
-6.88328e-06
-4.00473e-06
2.81151e-06
3.85924e-06
2.46837e-06
1.145e-06
5.13789e-07
)
;

boundaryField
{
    leftWall
    {
        type            calculated;
        value           uniform 0;
    }
    rightWall
    {
        type            calculated;
        value           uniform 0;
    }
    lowerWall
    {
        type            calculated;
        value           uniform 0;
    }
    atmosphere
    {
        type            calculated;
        value           nonuniform List<scalar> 
120
(
8.73273e-07
1.24113e-06
1.43757e-06
1.6973e-06
2.99564e-06
4.19497e-06
3.91256e-06
3.6129e-06
3.07712e-06
3.00873e-06
3.62224e-06
4.03487e-06
3.51174e-06
2.81644e-06
2.3969e-06
2.25092e-06
2.10396e-06
1.9725e-06
1.91094e-06
1.89793e-06
1.89707e-06
1.89658e-06
1.87262e-06
1.82758e-06
1.74094e-06
1.61735e-06
1.43285e-06
1.18851e-06
8.60846e-07
3.72025e-07
1.78907e-05
1.91956e-05
4.27069e-05
3.88262e-05
7.80522e-05
6.16735e-05
2.82161e-05
-4.21316e-05
-1.38596e-05
-7.97209e-06
-5.76301e-05
-0.000174397
-0.000135793
3.87374e-05
-1.88338e-05
6.02057e-05
6.39096e-05
-6.8503e-05
-4.96492e-06
2.33098e-05
4.22502e-06
1.73892e-05
1.61088e-05
1.80319e-05
1.07692e-05
8.74772e-06
1.47982e-05
3.00054e-06
-4.18461e-07
8.57441e-06
7.12177e-06
5.27089e-06
-3.93509e-06
7.51317e-06
1.25805e-05
1.45471e-05
1.56815e-05
1.6815e-05
1.54507e-05
-1.33425e-05
9.0007e-07
-5.21356e-06
-2.59415e-05
-3.898e-05
-9.06029e-05
-0.000113997
-5.09681e-05
-9.86676e-05
-0.000132776
-4.69344e-05
-4.64594e-05
2.81827e-05
-5.39205e-05
7.82357e-05
0.000102098
9.22712e-05
7.64889e-05
4.7881e-05
2.75504e-05
9.67566e-06
6.17905e-07
7.80577e-07
9.06002e-07
1.18838e-06
1.26144e-06
1.42017e-06
1.7808e-06
2.20066e-06
2.32296e-06
2.24389e-06
2.47946e-06
2.4995e-06
2.23449e-06
1.94389e-06
1.65507e-06
1.50583e-06
1.45845e-06
1.45986e-06
1.48449e-06
1.54002e-06
1.58286e-06
1.63145e-06
1.64677e-06
1.65073e-06
1.60582e-06
1.52493e-06
1.37426e-06
1.15115e-06
8.28351e-07
3.52315e-07
)
;
    }
    defaultFaces
    {
        type            empty;
        value           nonuniform 0();
    }
}


// ************************************************************************* //
